0.505162 -0.0250000004 0.0464355138 0.0389710541 synchronous_release_0
0.219166 -0.0250000004 -0.000510259599 -0.0349962803 synchronous_release_0
0.317052 -0.0250000004 0.060105076 -0.0358800759 synchronous_release_0
0.509213 -0.0250000004 0.0124832477 -0.0326981426 synchronous_release_1
0.5134 -0.0250000004 -0.000603873539 0.00079708014 synchronous_release_0
0.303495 -0.0250000004 -0.00969457377 0.03363057 synchronous_release_0
0.507499 -0.0250000004 0.0339722149 -0.00841953785 synchronous_release_1
0.515416 -0.0250000004 -0.000720315205 0.000693646888 synchronous_release_1
0.31561 -0.0250000004 0.0240028164 -0.0254728248 synchronous_release_0
0.105633 -0.0250000004 0.029058266 -0.0195094125 synchronous_release_0
0.209226 -0.0250000004 0.034186006 0.00750446482 synchronous_release_0
0.309436 -0.0250000004 0.0346852092 -0.00468361662 synchronous_release_0
0.504663 -0.0250000004 0.0693704183 -0.00936723323 synchronous_release_0
0.403506 -0.0250000004 0.0144974777 -0.0318562889 synchronous_release_0
0.505814 -0.0250000004 -0.0144974777 0.0318562889 synchronous_release_0
0.526325 -0.0250000004 0.00584213897 0.0603396173 synchronous_release_0
0.408975 -0.0250000004 0.0337816326 0.00915430507 synchronous_release_1
0.307597 -0.0250000004 0.0347382185 0.00427272429 synchronous_release_0
0.307232 -0.0250000004 0.0168027443 -0.0307028954 synchronous_release_0
0.303298 -0.0250000004 0.0584240357 0.0161750441 synchronous_release_0
0.519841 -0.0250000004 -0.000712945384 0.000701219566 synchronous_release_0
0.103995 -0.0250000004 0.0131345741 -0.0324419938 synchronous_release_0
0.503085 -0.0250000004 0.0699050343 0.00364502062 synchronous_release_1
0.103686 -0.0250000004 0.0160828377 0.0310860472 synchronous_release_0
0.508807 -0.0250000004 0.0158200775 -0.0312205885 synchronous_release_0
0.103624 -0.0250000004 0.0337528041 -0.00926003339 synchronous_release_0
0.332207 -0.0250000004 0.0100072658 -0.0335388526 synchronous_release_1
0.32148 -0.0250000004 -0.000887864507 0.000460105006 synchronous_release_0
0.209486 -0.0250000004 0.0311711197 0.0159173268 synchronous_release_0
0.215385 -0.0250000004 -0.0244192664 -0.0250738794 synchronous_release_0
0.308534 -0.0250000004 0.0339242497 -0.00861076534 synchronous_release_0
0.404577 -0.0250000004 0.000262720714 0.034999014 synchronous_release_0
0.10537 -0.0250000004 -0.00973484126 0.0336189361 synchronous_release_0
0.508164 -0.0250000004 0.0242474321 0.0252400879 synchronous_release_0
0.404683 -0.0250000004 0.0339822734 -0.00837884822 synchronous_release_1
0.318801 -0.0250000004 0.0222150967 -0.0270460622 synchronous_release_0
0.510648 -0.0250000004 0.0340995924 -0.0078878261 synchronous_release_0
0.205476 -0.0250000004 0.0212984914 0.0277736253 synchronous_release_0
0.411243 -0.0250000004 0.0245299875 0.0249655706 synchronous_release_1
0.505439 -0.0250000004 0.0699401926 -0.00289300289 synchronous_release_0
0.203902 -0.0250000004 0.0269578174 0.0223220985 synchronous_release_0
0.505478 -0.0250000004 0.0612978388 0.0338019964 synchronous_release_0
0.410548 -0.0250000004 0.0313835164 -0.0154943505 synchronous_release_0
0.404266 -0.0250000004 0.0345744492 0.00544127406 synchronous_release_0
0.204291 -0.0250000004 0.0643191176 0.0276233798 synchronous_release_0
0.409942 -0.0250000004 0.000394619711 -0.000918844537 synchronous_release_0
0.503382 -0.0250000004 0.0643191176 0.0276233798 synchronous_release_0
0.514338 -0.0250000004 0.0041185051 0.0347568398 synchronous_release_1
0.40421 -0.0250000004 0.0273250932 0.0218709689 synchronous_release_0
0.513105 -0.0250000004 -0.0326033613 0.0127287405 synchronous_release_0
0.514529 -0.0250000004 0.0169155472 -0.030640892 synchronous_release_0
0.220486 -0.0250000004 -0.0181358798 0.0299347601 synchronous_release_0
0.406016 -0.0250000004 0.00137878646 0.0349728316 synchronous_release_0
0.304086 -0.0250000004 0.023386015 -0.0260402439 synchronous_release_1
0.303736 -0.0250000004 0.0201882682 -0.0285907997 synchronous_release_0
0.516509 -0.0250000004 -0.0301285497 -0.0178120884 synchronous_release_0
0.504986 -0.0250000004 0.0344696812 -0.00606968544 synchronous_release_0
0.305 -0.0250000004 0.0191124413 -0.02932089 synchronous_release_0
0.403535 -0.0250000004 0.0336289176 0.00970030405 synchronous_release_0
0.408865 -0.0250000004 0.0504303371 -0.0485466899 synchronous_release_0
0.324736 -0.0250000004 -0.00871526486 -0.0338975539 synchronous_release_0
0.403467 -0.0250000004 0.0249985103 -0.0244964177 synchronous_release_0
0.111444 -0.0250000004 0.0167684361 0.0307216463 synchronous_release_0
0.420335 -0.0250000004 0.0348503299 0.00323334258 synchronous_release_0
0.404686 -0.0250000004 -0.00264892671 -0.0348996159 synchronous_release_1
0.404124 -0.0250000004 -0.011456642 0.0330718211 synchronous_release_0
0.504753 -0.0250000004 0.0603677666 -0.0055437131 synchronous_release_0
0.507235 -0.0250000004 0.0285835512 -0.0201985297 synchronous_release_0
0.40401 -0.0250000004 0.0338615499 0.00885411996 synchronous_release_2
0.430372 -0.0250000004 0.0597498643 0.010244692 synchronous_release_0
0.50618 -0.0250000004 -0.0269175443 -0.0223706461 synchronous_release_0
0.103911 -0.0250000004 -0.0325707688 -0.0128119094 synchronous_release_0
0.11024 -0.0250000004 0.0218389475 0.0273506924 synchronous_release_0
0.418172 -0.0250000004 0.0346058681 -0.00523773709 synchronous_release_0
0.506425 -0.0250000004 0.0127669207 -0.0325884295 synchronous_release_0
0.414658 -0.0250000004 0.0349787578 0.00121922151 synchronous_release_0
0.504292 -0.0250000004 0.0535240135 -0.0284636606 synchronous_release_0
0.108488 -0.0250000004 -0.000883268814 0.000468866935 synchronous_release_0
0.318977 -0.0250000004 0.0305533245 0.0170732059 synchronous_release_0
0.211135 -0.0250000004 0.000163223832 -0.000986589064 synchronous_release_0
0.513088 -0.0250000004 0.0600565958 0.00825865036 synchronous_release_0
0.50441 -0.0250000004 0.0228760969 0.0561398628 synchronous_release_2
0.30365 -0.0250000004 0.010379485 -0.0334255335 synchronous_release_0
0.305694 -0.0250000004 0.0152274424 0.0315138858 synchronous_release_0
0.509604 -0.0250000004 -0.0304548847 -0.0630277716 synchronous_release_0
0.203563 -0.0250000004 0.028066712 -0.0209107551 synchronous_release_0
0.512144 -0.0250000004 -0.00841664907 -0.0339729307 synchronous_release_1
0.406973 -0.0250000004 0.0285833111 0.0201988694 synchronous_release_0
0.508015 -0.0250000004 -0.000485909401 -0.000874009184 synchronous_release_1
0.40371 -0.0250000004 0.0698914662 0.00389653117 synchronous_release_0
0.407927 -0.0250000004 -5.5664731e-05 0.000998449517 synchronous_release_1
0.415361 -0.0250000004 0.0349457331 0.00194826559 synchronous_release_1
0.311847 -0.0250000004 -0.0024765188 -0.0349122737 synchronous_release_0
0.313651 -0.0250000004 0.0289966565 -0.019600865 synchronous_release_0
0.403977 -0.0250000004 0.0348862049 0.00282005394 synchronous_release_0
0.506123 -0.0250000004 0.0300017282 0.0632447334 synchronous_release_0
0.50399 -0.0250000004 -0.00903117971 0.05994529 synchronous_release_0
0.104881 -0.0250000004 0.0482263663 -0.0367316974 synchronous_release_0
0.40354 -0.0250000004 0.034422117 0.00633386615 synchronous_release_0
0.406325 -0.0250000004 0.000990832407 -0.000135096786 synchronous_release_1
0.505364 -0.0250000004 0.0421115947 -0.0436074947 synchronous_release_0
0.204059 -0.0250000004 0.0191358532 0.0293056159 synchronous_release_0
0.305373 -0.0250000004 0.0141367718 -0.03201799 synchronous_release_0
0.506153 -0.0250000004 0.0141418188 0.0320157611 synchronous_release_0
0.525632 -0.0250000004 0.0695947437 0.00752141237 synchronous_release_0
0.304201 -0.0250000004 0.0250960235 -0.024396508 synchronous_release_0
0.514993 -0.0250000004 -0.0162767863 -0.0309849355 synchronous_release_0
0.507342 -0.0250000004 0.0231143096 0.0262817178 synchronous_release_0
0.514335 -0.0250000004 0.0190547134 -0.0293584382 synchronous_release_0
0.411534 -0.0250000004 0.0540072235 -0.0275357915 synchronous_release_1
0.105813 -0.0250000004 0.000979281087 -0.000202505684 synchronous_release_0
0.311893 -0.0250000004 0.0313617544 -0.0155383513 synchronous_release_0
0.307883 -0.0250000004 0.000130420423 -0.00099145878 synchronous_release_0
0.503847 -0.0250000004 0.0242366937 -0.0252503996 synchronous_release_0
0.512722 -0.0250000004 0.0339858343 0.00836439266 synchronous_release_0
0.406172 -0.0250000004 0.0335085989 -0.0101081056 synchronous_release_0
0.406116 -0.0250000004 0.0491010222 0.0498907769 synchronous_release_1
0.140006 -0.0250000004 0.0698300343 -0.00487507048 synchronous_release_0
0.516942 -0.0250000004 0.0153465411 -0.0314560594 synchronous_release_0
0.303784 -0.0250000004 0.0320289971 -0.0141118157 synchronous_release_0
0.323023 -0.0250000004 0.0282356895 0.0206820173 synchronous_release_0
0.112287 -0.0250000004 0.0281765606 -0.0207625006 synchronous_release_0
0.413521 -0.0250000004 0.0301732713 -0.0177362257 synchronous_release_0
0.51251 -0.0250000004 0.0304466576 0.0172627066 synchronous_release_0
0.322289 -0.0250000004 0.023113645 -0.0262823023 synchronous_release_0
0.403838 -0.0250000004 0.011204319 0.0331581549 synchronous_release_0
0.321359 -0.0250000004 -0.023113645 0.0262823023 synchronous_release_1
0.311188 -0.0250000004 -0.0170281127 -0.030578479 synchronous_release_0
0.104702 -0.0250000004 0.000999678449 2.53574142e-05 synchronous_release_0
0.204973 -0.0250000004 -0.0307448974 0.0167257671 synchronous_release_0
0.504552 -0.0250000004 -0.0142813512 0.0319537636 synchronous_release_0
0.413517 -0.0250000004 0.0319989755 -0.0141797589 synchronous_release_0
0.41646 -0.0250000004 0.0639979511 -0.0283595179 synchronous_release_0
0.312285 -0.0250000004 0.000792410981 -0.000609987571 synchronous_release_0
0.51538 -0.0250000004 0.0133438989 -0.0323564578 synchronous_release_0
0.522546 -0.0250000004 -0.021349565 -0.0277343843 synchronous_release_0
0.304171 -0.0250000004 -0.0177571775 0.0579627695 synchronous_release_0
0.405777 -0.0250000004 0.0338511591 -0.00889376347 synchronous_release_1
0.317284 -0.0250000004 0.0610827699 0.0341891097 synchronous_release_1
0.403423 -0.0250000004 0.0300750112 -0.0179023378 synchronous_release_1
0.40367 -0.0250000004 0.0164432466 0.0308969196 synchronous_release_0
0.406723 -0.0250000004 -0.0250314992 -0.0552125352 synchronous_release_0
0.303255 -0.0250000004 0.0318769721 -0.0144519428 synchronous_release_1
0.137494 -0.0250000004 -0.000996341079 -8.54660955e-05 synchronous_release_0
0.403236 -0.0250000004 0.0316956407 -0.0148454155 synchronous_release_0
0.509124 -0.0250000004 -0.00299131334 0.0348719378 synchronous_release_1
0.303926 -0.0250000004 0.0309232507 -0.0163936746 synchronous_release_0
0.50903 -0.0250000004 0.0176966138 0.0301965207 synchronous_release_0
0.105327 -0.0250000004 0.0349577036 0.00172016243 synchronous_release_0
0.504568 -0.0250000004 -0.0209022703 -0.0280730315 synchronous_release_1
0.417155 -0.0250000004 0.0347401265 -0.00425718345 synchronous_release_0
0.406229 -0.0250000004 0.0283607567 -0.0205101799 synchronous_release_0
0.516188 -0.0250000004 -0.00848038629 -0.0339570766 synchronous_release_0
0.504632 -0.0250000004 0.0189948826 0.0293971841 synchronous_release_1
0.323516 -0.0250000004 -0.00397298343 -0.060491449 synchronous_release_1
0.417141 -0.0250000004 0.0335834563 0.00985654415 synchronous_release_1
0.505102 -0.0250000004 0.054711614 0.0261082227 synchronous_release_1
0.404169 -0.0250000004 0.0348391945 0.00335119791 synchronous_release_0
0.40656 -0.0250000004 0.0334574849 -0.0102760256 synchronous_release_0
0.4196 -0.0250000004 0.0256280417 0.0238370191 synchronous_release_1
0.303753 -0.0250000004 0.0107704344 -0.0333016177 synchronous_release_0
0.543622 -0.0250000004 0.0167545623 -0.0307292148 synchronous_release_1
0.304744 -0.0250000004 0.0330155181 0.0116178983 synchronous_release_0
0.203859 -0.0250000004 0.00644636397 0.0344012266 synchronous_release_1
0.504069 -0.0250000004 0.0322412649 0.0136198691 synchronous_release_0
0.112199 -0.0250000004 0.0228313733 -0.0265278796 synchronous_release_0
0.403305 -0.0250000004 0.034999909 -7.98181703e-05 synchronous_release_0
0.407334 -0.0250000004 0.0249966179 -0.0244983488 synchronous_release_0
0.504524 -0.0250000004 0.00168755011 0.0349592931 synchronous_release_0
0.518114 -0.0250000004 -0.00168755011 -0.0349592931 synchronous_release_0
0.51924 -0.0250000004 0.0567183219 0.0214016812 synchronous_release_0
0.408173 -0.0250000004 -0.0348743668 0.00296286062 synchronous_release_0
0.503638 -0.0250000004 0.0400061919 0.0574413145 synchronous_release_0
0.405077 -0.0250000004 0.0585647413 -0.0156579398 synchronous_release_0
0.318317 -0.0250000004 -0.0254206599 -0.0240580559 synchronous_release_0
0.409396 -0.0250000004 0.067090435 -0.0199718186 synchronous_release_0
0.205737 -0.0250000004 0.0254206599 0.0240580559 synchronous_release_1
0.203591 -0.0250000004 0.0699991834 0.000338124559 synchronous_release_0
0.303479 -0.0250000004 4.83035084e-06 -0.000999988334 synchronous_release_0
0.406304 -0.0250000004 -0.0213286929 -0.0277504389 synchronous_release_0
0.403664 -0.0250000004 0.0213286929 0.0277504389 synchronous_release_1
0.503235 -0.0250000004 -0.000924183124 -0.000381949674 synchronous_release_1
0.31902 -0.0250000004 0.00748793697 0.03418963 synchronous_release_0
0.410368 -0.0250000004 0.026765069 -0.0225528508 synchronous_release_0
0.403983 -0.0250000004 0.0050134488 0.0346390723 synchronous_release_0
0.505699 -0.0250000004 0.0339947841 0.00832794407 synchronous_release_0
0.321929 -0.0250000004 0.0282097886 0.0207173316 synchronous_release_1
0.312186 -0.0250000004 -0.000630163998 0.000776462063 synchronous_release_0
0.204263 -0.0250000004 0.0430556083 -0.0426756909 synchronous_release_0
0.306596 -0.0250000004 0.033847215 -0.00890876189 synchronous_release_0
0.113615 -0.0250000004 -0.0309255238 -0.0163893861 synchronous_release_0
0.503901 -0.0250000004 0.0296563866 -0.0185875962 synchronous_release_1
0.211247 -0.0250000004 0.0158794494 -0.0311904326 synchronous_release_0
0.519162 -0.0250000004 0.0349514317 -0.00184320973 synchronous_release_2
0.310211 -0.0250000004 0.000755378759 -0.000655288433 synchronous_release_0
0.407294 -0.0250000004 0.0114286543 -0.0330815033 synchronous_release_0
0.409853 -0.0250000004 -0.00690782411 0.0343115428 synchronous_release_0
0.410974 -0.0250000004 0.0266469112 0.0226923362 synchronous_release_0
0.509727 -0.0250000004 0.0393042793 -0.0461538041 synchronous_release_0
0.411662 -0.0250000004 0.0231649375 0.0262371049 synchronous_release_0
0.319257 -0.0250000004 0.0158150056 0.031223158 synchronous_release_0
0.507523 -0.0250000004 0.0349475508 0.00191538237 synchronous_release_0
0.104267 -0.0250000004 0.0675465243 0.0183702763 synchronous_release_0
0.110981 -0.0250000004 0.0330989909 0.0113779085 synchronous_release_0
0.111126 -0.0250000004 -0.00669593768 -0.0343535212 synchronous_release_0
0.204258 -0.0250000004 0.0595020441 -0.0115977043 synchronous_release_0
0.503454 -0.0250000004 0.0345051802 -0.00586451553 synchronous_release_0
0.513673 -0.0250000004 0.0101576389 0.0597647252 synchronous_release_0
0.520168 -0.0250000004 -0.0243475413 0.0656292407 synchronous_release_0
0.508116 -0.0250000004 0.0319402046 -0.0143116502 synchronous_release_0
0.10377 -0.0250000004 -0.00210234207 -0.0349368023 synchronous_release_1
0.205341 -0.0250000004 0.0136997842 0.0322073891 synchronous_release_0
0.507936 -0.0250000004 0.0347423093 0.00423933338 synchronous_release_1
0.311768 -0.0250000004 -0.0295137489 0.0188132567 synchronous_release_0
0.406168 -0.0250000004 0.0277197536 0.0539130342 synchronous_release_0
0.429303 -0.0250000004 0.00831771482 -0.0339972884 synchronous_release_0
0.407959 -0.0250000004 0.041055692 0.0446030286 synchronous_release_0
0.307945 -0.0250000004 0.0219847373 -0.0272336433 synchronous_release_1
0.405127 -0.0250000004 0.0153114091 -0.0586562934 synchronous_release_0
0.413033 -0.0250000004 0.0148647756 0.0316865657 synchronous_release_0
0.344518 -0.0250000004 0.0440721391 0.0416250713 synchronous_release_0
0.410252 -0.0250000004 0.0681043852 0.0161800099 synchronous_release_1
0.405654 -0.0250000004 0.0288879098 0.0197607861 synchronous_release_0
0.305021 -0.0250000004 0.0489990308 0.0356944671 synchronous_release_1
0.217866 -0.0250000004 -0.0333128238 -0.010735724 synchronous_release_0
0.503421 -0.0250000004 0.0259538216 -0.0234818897 synchronous_release_0
0.206908 -0.0250000004 -0.00735900219 -0.0342176137 synchronous_release_1
0.508673 -0.0250000004 0.033580406 0.00986693138 synchronous_release_0
0.503753 -0.0250000004 0.020621423 -0.0282799737 synchronous_release_1
0.507947 -0.0250000004 0.0283609282 0.0639973261 synchronous_release_1
0.229365 -0.0250000004 0.0332224463 0.0110122234 synchronous_release_0
0.523356 -0.0250000004 0.0294517449 -0.018910175 synchronous_release_0
0.312346 -0.0250000004 0.0346495898 -0.00494023539 synchronous_release_0
0.505678 -0.0250000004 0.000786780209 -0.000617233264 synchronous_release_0
0.519051 -0.0250000004 -0.0216031643 -0.0275373073 synchronous_release_1
0.40674 -0.0250000004 -0.0202722055 -0.0285313456 synchronous_release_0
0.405835 -0.0250000004 0.0124282123 -0.0327191005 synchronous_release_0
0.504982 -0.0250000004 -0.0124282123 0.0327191005 synchronous_release_0
0.207046 -0.0250000004 0.0221214661 0.0271226978 synchronous_release_1
0.403587 -0.0250000004 0.0237580371 0.0257012777 synchronous_release_0
0.410183 -0.0250000004 0.0339928246 -0.00833593898 synchronous_release_1
0.516903 -0.0250000004 -0.0198243984 -0.0288442928 synchronous_release_1
0.409608 -0.0250000004 0.0276868859 -0.0214111268 synchronous_release_0
0.518703 -0.0250000004 -0.0276868859 0.0214111268 synchronous_release_1
0.42536 -0.0250000004 0.0349955927 -0.000555419097 synchronous_release_0
0.40358 -0.0250000004 0.0598519378 0.00963044841 synchronous_release_0
0.3062 -0.0250000004 0.0605602478 -0.00273063918 synchronous_release_0
0.205182 -0.0250000004 0.00436965472 -0.034726159 synchronous_release_0
0.425937 -0.0250000004 -0.0601474717 -0.00756846399 synchronous_release_0
0.509378 -0.0250000004 0.055777817 0.042294623 synchronous_release_1
0.51194 -0.0250000004 0.0278889085 0.0211473115 synchronous_release_1
0.203822 -0.0250000004 0.012001483 -0.0328780231 synchronous_release_0
0.319938 -0.0250000004 -0.0245259618 0.0249695254 synchronous_release_0
0.20649 -0.0250000004 -0.0194240302 -0.0291154091 synchronous_release_0
0.408113 -0.0250000004 0.00392136138 0.0604948173 synchronous_release_1
0.4103 -0.0250000004 0.0304556365 0.0172468608 synchronous_release_0
0.407075 -0.0250000004 0.017050544 -0.030565977 synchronous_release_0
0.503491 -0.0250000004 0.0309473118 -0.0163482077 synchronous_release_0
0.203603 -0.0250000004 0.0261866273 0.0232219843 synchronous_release_0
0.409448 -0.0250000004 0.0261866273 0.0232219843 synchronous_release_0
0.505988 -0.0250000004 0.0323065624 0.0134642499 synchronous_release_0
0.405443 -0.0250000004 -0.0338470677 0.00890932145 synchronous_release_0
0.107968 -0.0250000004 0.0343386589 0.00677174313 synchronous_release_0
0.304699 -0.0250000004 0.0573724899 -0.0195805362 synchronous_release_0
0.512841 -0.0250000004 0.0113048279 0.0331240225 synchronous_release_0
0.203553 -0.0250000004 0.0209470469 -0.0280396367 synchronous_release_1
0.403886 -0.0250000004 0.0347565611 0.00412085646 synchronous_release_1
0.224724 -0.0250000004 0.0344955405 -0.0059209533 synchronous_release_0
0.403402 -0.0250000004 0.0358917598 -0.0488546986 synchronous_release_0
0.419521 -0.0250000004 -0.00384274319 0.0347884079 synchronous_release_0
0.50364 -0.0250000004 0.0147033497 0.0317617932 synchronous_release_1
0.415077 -0.0250000004 0.000887358629 -0.000461079888 synchronous_release_0
0.306334 -0.0250000004 -0.0136518391 0.032227741 synchronous_release_0
0.420685 -0.0250000004 -0.0210841228 -0.02793671 synchronous_release_0
0.405455 -0.0250000004 0.0220560841 -0.0271758929 synchronous_release_0
0.304147 -0.0250000004 0.00766050841 0.0341513779 synchronous_release_0
0.318964 -0.0250000004 0.06681243 0.0208829881 synchronous_release_0
0.213117 -0.0250000004 0.0336223917 -0.00972289967 synchronous_release_0
0.405513 -0.0250000004 0.0261225801 -0.0547047604 synchronous_release_0
0.108552 -0.0250000004 0.0318603016 -0.0144886569 synchronous_release_0
0.414524 -0.0250000004 -0.0318603016 0.0144886569 synchronous_release_0
0.512712 -0.0250000004 0.0284776958 0.0203475021 synchronous_release_1
0.203983 -0.0250000004 0.000835515145 -0.000549467417 synchronous_release_0
0.412016 -0.0250000004 0.0349408867 -0.00203333093 synchronous_release_1
0.419031 -0.0250000004 0.0324285105 -0.0131678284 synchronous_release_0
0.503704 -0.0250000004 0.00962116262 -0.0693356563 synchronous_release_0
0.407775 -0.0250000004 0.0302681144 -0.0175738798 synchronous_release_0
0.521712 -0.0250000004 -8.53691487e-05 -0.0349998959 synchronous_release_1
0.309809 -0.0250000004 0.025005679 -0.0244891 synchronous_release_0
0.403855 -0.0250000004 0.02789296 0.0211419673 synchronous_release_0
0.105042 -0.0250000004 0.0046261801 0.0346929165 synchronous_release_0
0.308911 -0.0250000004 0.0286856382 -0.0200532831 synchronous_release_1
0.421271 -0.0250000004 0.0342007448 -0.00743700602 synchronous_release_0
0.106512 -0.0250000004 0.034499519 -0.00589772738 synchronous_release_0
0.225965 -0.0250000004 -0.0169069745 -0.0306456231 synchronous_release_1
0.206967 -0.0250000004 0.000589597438 0.000807697258 synchronous_release_0
0.403563 -0.0250000004 0.0320059246 0.0141640669 synchronous_release_0
0.303781 -0.0250000004 0.0198876339 -0.0288007294 synchronous_release_0
0.514773 -0.0250000004 0.0446404325 0.0539187517 synchronous_release_1
0.205735 -0.0250000004 0.0326554418 -0.0125945275 synchronous_release_0
0.208097 -0.0250000004 0.0269291745 0.0543122413 synchronous_release_0
0.504379 -0.0250000004 -0.0313571872 0.0155475662 synchronous_release_0
0.203605 -0.0250000004 0.0130186561 0.0324886841 synchronous_release_0
0.1061 -0.0250000004 0.0289351856 0.0196914965 synchronous_release_0
0.107549 -0.0250000004 0.0203543211 0.0284728224 synchronous_release_0
0.303335 -0.0250000004 0.0298433163 0.0182859638 synchronous_release_0
0.412435 -0.0250000004 0.000353398698 0.0009354728 synchronous_release_0
0.503578 -0.0250000004 0.0270826028 0.0221705351 synchronous_release_1
0.512452 -0.0250000004 0.0672926478 0.0192795112 synchronous_release_1
0.205691 -0.0250000004 0.0338935761 0.00873072151 synchronous_release_0
0.527897 -0.0250000004 0.0151220532 -0.0587053959 synchronous_release_1
0.205971 -0.0250000004 0.0009683963 0.00024941653 synchronous_release_0
0.103648 -0.0250000004 -0.0080964893 0.0340506514 synchronous_release_0
0.103647 -0.0250000004 0.0257520567 -0.0237029866 synchronous_release_0
0.307791 -0.0250000004 -0.00765136021 -0.0341534286 synchronous_release_0
0.303741 -0.0250000004 0.0283314586 0.0205506315 synchronous_release_0
0.406774 -0.0250000004 0.0232121094 -0.0261953809 synchronous_release_1
0.404316 -0.0250000004 -0.0231377256 -0.0660654649 synchronous_release_0
0.512765 -0.0250000004 0.0274213157 -0.0217502057 synchronous_release_0
0.204085 -0.0250000004 0.0330826833 0.011425238 synchronous_release_0
0.510882 -0.0250000004 -0.000581295682 -0.000813692405 synchronous_release_0
0.108809 -0.0250000004 0.000752214823 0.000658917946 synchronous_release_1
0.404655 -0.0250000004 0.0141327987 0.0320197439 synchronous_release_0
0.305329 -0.0250000004 0.0304862057 -0.0171927678 synchronous_release_0
0.510324 -0.0250000004 0.0668459924 -0.0207753051 synchronous_release_0
0.506761 -0.0250000004 -0.0496535302 -0.0347782538 synchronous_release_1
0.104143 -0.0250000004 0.0286138678 -0.0201555593 synchronous_release_0
0.204138 -0.0250000004 -0.00314829248 -0.034858116 synchronous_release_0
0.312042 -0.0250000004 0.0206933059 -0.0282274174 synchronous_release_0
0.416758 -0.0250000004 0.0334921998 -0.0101623103 synchronous_release_0
0.511782 -0.0250000004 0.0176016377 0.0580101918 synchronous_release_0
0.321193 -0.0250000004 0.0558836064 -0.0421547452 synchronous_release_0
0.503789 -0.0250000004 0.0322244417 0.0136596251 synchronous_release_0
0.503584 -0.0250000004 0.0247439543 0.0247535195 synchronous_release_0
0.40372 -0.0250000004 0.033576581 0.00987993957 synchronous_release_0
0.30976 -0.0250000004 0.0209974344 -0.028001924 synchronous_release_0
0.504877 -0.0250000004 0.0347490947 0.00418334965 synchronous_release_0
0.507857 -0.0250000004 -0.0116696822 -0.0594879695 synchronous_release_0
0.403788 -0.0250000004 0.0601020705 0.00792092955 synchronous_release_0
0.514884 -0.0250000004 0.00457315081 -0.0346999466 synchronous_release_0
0.314052 -0.0250000004 -0.00646549854 -0.0343976355 synchronous_release_0
0.518538 -0.0250000004 -0.0265369307 0.0228208525 synchronous_release_0
0.303689 -0.0250000004 0.0349598534 0.00167590285 synchronous_release_0
0.507844 -0.0250000004 0.0136111457 0.0322449486 synchronous_release_0
0.408433 -0.0250000004 -0.0289641513 0.0196488661 synchronous_release_0
0.110754 -0.0250000004 0.00336934332 0.0348374443 synchronous_release_0
0.311711 -0.0250000004 -0.0318547834 -0.0145007852 synchronous_release_0
0.405456 -0.0250000004 0.0603402235 -0.00583587381 synchronous_release_1
0.207522 -0.0250000004 0.0346370712 -0.00502725546 synchronous_release_0
0.509271 -0.0250000004 0.0272600837 -0.0219519438 synchronous_release_0
0.312576 -0.0250000004 0.0349915533 0.000768892741 synchronous_release_0
0.510197 -0.0250000004 -0.000658496321 -0.0349938049 synchronous_release_1
0.509595 -0.0250000004 0.00559839789 -0.0345493551 synchronous_release_0
0.513623 -0.0250000004 -0.00559839789 0.0345493551 synchronous_release_1
0.423587 -0.0250000004 0.0265789925 0.0227718501 synchronous_release_1
0.409451 -0.0250000004 0.0029022766 0.0348794609 synchronous_release_0
0.429624 -0.0250000004 0.0316576375 0.0149262852 synchronous_release_0
0.322187 -0.0250000004 0.0564140701 0.0221912751 synchronous_release_0
0.405329 -0.0250000004 -0.000963289105 -0.000268466199 synchronous_release_0
0.513477 -0.0250000004 -0.00939631695 0.0337151187 synchronous_release_0
0.303458 -0.0250000004 0.0244999908 0.0249950085 synchronous_release_1
0.510432 -0.0250000004 0.0307371274 0.0628906114 synchronous_release_0
0.307629 -0.0250000004 0.0260142167 0.0234149638 synchronous_release_0
0.317952 -0.0250000004 0.0277727687 -0.0212996084 synchronous_release_0
0.408659 -0.0250000004 -0.0348056943 0.00368288485 synchronous_release_0
0.115322 -0.0250000004 0.0274061497 0.0217693123 synchronous_release_0
0.304012 -0.0250000004 0.059962002 0.00891954656 synchronous_release_1
0.204752 -0.0250000004 0.0180325225 0.0578776998 synchronous_release_0
0.50775 -0.0250000004 0.0591398196 0.0133222273 synchronous_release_1
0.404781 -0.0250000004 -0.0279449645 0.021073181 synchronous_release_0
0.504038 -0.0250000004 -0.0349013684 0.00262573507 synchronous_release_0
0.516174 -0.0250000004 0.0197246375 0.0289126041 synchronous_release_0
0.50994 -0.0250000004 0.0268178443 0.0543672993 synchronous_release_0
0.403796 -0.0250000004 0.0349862557 -0.000980772449 synchronous_release_0
0.503421 -0.0250000004 0.0183425017 0.0298086 synchronous_release_1
0.324645 -0.0250000004 0.0199612638 -0.0287497469 synchronous_release_0
0.404503 -0.0250000004 0.040814166 0.0448241436 synchronous_release_0
0.406444 -0.0250000004 0.031995103 0.0141884947 synchronous_release_0
0.409116 -0.0250000004 0.0343699332 -0.00661117946 synchronous_release_0
0.504622 -0.0250000004 0.0114508987 0.0595304705 synchronous_release_0
0.30742 -0.0250000004 0.0449671202 -0.0406565874 synchronous_release_1
0.117963 -0.0250000004 -0.00646147002 0.0343983925 synchronous_release_0
0.30545 -0.0250000004 -0.0346452226 0.00497076974 synchronous_release_0
0.207569 -0.0250000004 0.0168526906 0.0306755085 synchronous_release_0
0.404852 -0.0250000004 -0.0181394243 0.0299326124 synchronous_release_0
0.503959 -0.0250000004 0.0536813552 0.0281657967 synchronous_release_1
0.40349 -0.0250000004 0.0231846728 -0.0262196672 synchronous_release_0
0.414299 -0.0250000004 0.0111145615 0.0331883492 synchronous_release_0
0.307224 -0.0250000004 0.0115283693 -0.0330468864 synchronous_release_1
0.303731 -0.0250000004 0.0307318577 -0.016749714 synchronous_release_0
0.511515 -0.0250000004 0.0157795296 -0.0312411019 synchronous_release_0
0.554817 -0.0250000004 0.0191658231 0.0292860244 synchronous_release_0
0.208155 -0.0250000004 0.000632351721 -0.000774681419 synchronous_release_0
0.508142 -0.0250000004 0.0598379174 0.00971718277 synchronous_release_0
0.504084 -0.0250000004 0.0573104391 -0.0197614163 synchronous_release_0
0.309449 -0.0250000004 0.0314982247 0.0152598113 synchronous_release_0
0.503867 -0.0250000004 0.0295653875 -0.0529234151 synchronous_release_0
0.50689 -0.0250000004 -0.0260205037 0.023407977 synchronous_release_0
0.311592 -0.0250000004 0.0181339615 0.0299359222 synchronous_release_0
0.320687 -0.0250000004 0.0168582884 -0.0306724325 synchronous_release_1
0.408609 -0.0250000004 0.0325926918 0.0127560355 synchronous_release_0
0.506931 -0.0250000004 0.0273433967 -0.0218480813 synchronous_release_0
0.433814 -0.0250000004 0.0315822624 0.0150851152 synchronous_release_0
0.528003 -0.0250000004 -0.0315822624 -0.0150851152 synchronous_release_0
0.312219 -0.0250000004 -0.000391813595 -0.000920044622 synchronous_release_0
0.21285 -0.0250000004 0.0322015618 -0.0137134758 synchronous_release_1
0.50582 -0.0250000004 0.0298157122 0.0183309385 synchronous_release_0
0.40416 -0.0250000004 0.0312673227 -0.0157275088 synchronous_release_1
0.305182 -0.0250000004 0.0234773633 0.0259579162 synchronous_release_0
0.384536 -0.0250000004 -0.0342188965 0.00735303492 synchronous_release_1
0.507992 -0.0250000004 0.0204725909 0.0669393234 synchronous_release_0
0.406722 -0.0250000004 0.000684635047 -0.000728886035 synchronous_release_0
0.508229 -0.0250000004 0.0255110112 0.0239622266 synchronous_release_0
0.211318 -0.0250000004 -0.00799639139 0.0340742971 synchronous_release_1
0.314511 -0.0250000004 -0.021085336 0.0568366836 synchronous_release_0
0.5044 -0.0250000004 0.0597646799 -0.0101579052 synchronous_release_0
0.303589 -0.0250000004 0.0317266117 -0.0147791106 synchronous_release_0
0.407537 -0.0250000004 -0.0009961602 -8.75491601e-05 synchronous_release_0
0.518999 -0.0250000004 0.0255981705 0.0549521034 synchronous_release_1
0.404231 -0.0250000004 0.0278824807 0.0211557857 synchronous_release_0
0.510965 -0.0250000004 0.0349310294 0.00219617451 synchronous_release_0
0.207108 -0.0250000004 0.0293795519 -0.0190221432 synchronous_release_0
0.206645 -0.0250000004 0.00107657516 0.0349834387 synchronous_release_0
0.305529 -0.0250000004 0.033466497 -0.0102466374 synchronous_release_1
0.508755 -0.0250000004 0.00785940023 -0.0341061553 synchronous_release_1
0.2136 -0.0250000004 -0.0341892746 0.00748955963 synchronous_release_0
0.308518 -0.0250000004 0.0341892746 -0.00748955963 synchronous_release_0
0.105462 -0.0250000004 0.0248451024 -0.0246519956 synchronous_release_0
0.320839 -0.0250000004 0.0172241945 -0.0304684611 synchronous_release_1
0.305863 -0.0250000004 0.0172156726 0.0304732771 synchronous_release_1
0.306746 -0.0250000004 0.0119716086 -0.0328889128 synchronous_release_0
0.304206 -0.0250000004 0.0239172323 -0.0255531994 synchronous_release_0
0.50871 -0.0250000004 0.0594248098 0.0369958373 synchronous_release_0
0.416605 -0.0250000004 0.0349785416 -0.00122540891 synchronous_release_0
0.509158 -0.0250000004 0.0157682149 -0.0312468142 synchronous_release_0
0.405192 -0.0250000004 -0.00326683059 0.0348472067 synchronous_release_0
0.209817 -0.0250000004 0.0327216484 -0.0124215027 synchronous_release_1
0.407826 -0.0250000004 0.000354900077 0.000934904239 synchronous_release_1
0.504904 -0.0250000004 -0.0273547137 0.0218339103 synchronous_release_0
0.310531 -0.0250000004 0.0254742271 -0.0240013282 synchronous_release_0
0.305293 -0.0250000004 0.0349557162 -0.00176008635 synchronous_release_0
0.505811 -0.0250000004 0.0380042752 0.0587849901 synchronous_release_0
0.303655 -0.0250000004 0.0254839413 0.0239910136 synchronous_release_0
0.505998 -0.0250000004 0.0330548749 0.0115054441 synchronous_release_0
0.212714 -0.0250000004 0.0186209849 0.0296354335 synchronous_release_0
0.104934 -0.0250000004 0.0266388789 0.0227017649 synchronous_release_0
0.50398 -0.0250000004 0.0596186235 0.0109827014 synchronous_release_0
0.103827 -0.0250000004 0.0316386067 -0.0149665816 synchronous_release_0
0.125479 -0.0250000004 0.0321164579 -0.0139116186 synchronous_release_0
0.231892 -0.0250000004 0.0235551477 -0.0258873524 synchronous_release_0
0.529201 -0.0250000004 0.0219186474 -0.027286863 synchronous_release_2
0.304006 -0.0250000004 -0.000601089263 -0.000799181893 synchronous_release_1
0.311739 -0.0250000004 0.0301251306 -0.0178178703 synchronous_release_0
0.527973 -0.0250000004 -0.0308614567 -0.0521782569 synchronous_release_0
0.406778 -0.0250000004 0.0273745507 0.0218090342 synchronous_release_1
0.50322 -0.0250000004 0.0317150649 -0.0148038731 synchronous_release_1
0.220645 -0.0250000004 0.0153062312 0.0314756936 synchronous_release_0
0.103802 -0.0250000004 0.0326733012 -0.0125481229 synchronous_release_0
0.537708 -0.0250000004 -0.0272036438 -0.0220218474 synchronous_release_0
0.306777 -0.0250000004 0.0137413951 0.0321896576 synchronous_release_0
0.220585 -0.0250000004 0.0379569282 -0.0472680823 synchronous_release_1
0.209316 -0.0250000004 0.0347238689 0.0043878156 synchronous_release_0
0.311645 -0.0250000004 0.0314201427 0.0154199426 synchronous_release_0
0.406102 -0.0250000004 0.0274644137 0.0216957595 synchronous_release_0
0.509021 -0.0250000004 0.0325212857 -0.0129370002 synchronous_release_1
0.304858 -0.0250000004 0.0131614266 0.0324311093 synchronous_release_0
0.227179 -0.0250000004 0.00665392817 -0.0343616827 synchronous_release_1
0.509214 -0.0250000004 0.0522961287 0.0465307955 synchronous_release_1
0.306962 -0.0250000004 0.000983371471 0.000181605478 synchronous_release_0
0.403628 -0.0250000004 -0.0136351058 0.0322348242 synchronous_release_0
0.313205 -0.0250000004 0.0331290603 0.0112900558 synchronous_release_0
0.50332 -0.0250000004 0.0263420053 -0.0230455799 synchronous_release_0
0.403952 -0.0250000004 0.0324288718 -0.0131669386 synchronous_release_0
0.504286 -0.0250000004 -0.00404470133 -0.0347655058 synchronous_release_1
0.235344 -0.0250000004 0.0562597269 0.0225797062 synchronous_release_0
0.503576 -0.0250000004 0.0297879883 0.0183759558 synchronous_release_0
0.504512 -0.0250000004 0.0271466579 -0.0220920566 synchronous_release_0
0.203179 -0.0250000004 0.0602674802 -0.00654452698 synchronous_release_0
0.403775 -0.0250000004 0.0312013734 0.0158579411 synchronous_release_0
0.418598 -0.0250000004 -0.00186730689 -0.0349501526 synchronous_release_0
0.411248 -0.0250000004 -0.0108140987 -0.0332874642 synchronous_release_0
0.505933 -0.0250000004 -0.0271829516 -0.022047384 synchronous_release_0
0.209157 -0.0250000004 -0.0153999101 -0.0314299661 synchronous_release_0
0.311401 -0.0250000004 0.0260186776 0.0234100068 synchronous_release_1
0.404036 -0.0250000004 0.0345772318 -0.00542356373 synchronous_release_0
0.509828 -0.0250000004 0.0336687965 -0.00956096976 synchronous_release_0
0.504269 -0.0250000004 0.0151627746 -0.0586948913 synchronous_release_0
0.406784 -0.0250000004 0.0163050815 0.0309700551 synchronous_release_1
0.10589 -0.0250000004 0.00902402417 0.0338166673 synchronous_release_0
0.31755 -0.0250000004 -0.00184867464 0.0349511431 synchronous_release_0
0.50379 -0.0250000004 0.0311929151 -0.0158745723 synchronous_release_0
0.303761 -0.0250000004 0.0286054545 0.0201674979 synchronous_release_1
0.417275 -0.0250000004 0.0225667357 -0.0267533632 synchronous_release_0
0.516616 -0.0250000004 0.0570191956 -0.0205866784 synchronous_release_0
0.50754 -0.0250000004 0.059664735 -0.010729371 synchronous_release_1
0.50423 -0.0250000004 -0.000957705828 0.000287749104 synchronous_release_1
0.310128 -0.0250000004 0.0563738374 -0.0222932829 synchronous_release_0
0.333785 -0.0250000004 -0.0128710329 -0.0325474502 synchronous_release_0
0.519252 -0.0250000004 0.000783439043 0.000621468636 synchronous_release_0
0.507871 -0.0250000004 0.0591209851 -0.0134055631 synchronous_release_0
0.113196 -0.0250000004 0.0349386708 0.00207105782 synchronous_release_0
0.409868 -0.0250000004 -0.0192629241 0.0292222476 synchronous_release_0
0.309906 -0.0250000004 0.000967169794 0.000254131047 synchronous_release_0
0.116638 -0.0250000004 -0.000596932166 0.000802291711 synchronous_release_0
0.411833 -0.0250000004 0.0322594692 0.0135766949 synchronous_release_0
0.305029 -0.0250000004 0.0138997452 0.0321215984 synchronous_release_0
0.540244 -0.0250000004 -0.0334462472 0.0103125431 synchronous_release_0
0.309619 -0.0250000004 -0.0113616284 -0.0331045828 synchronous_release_0
0.405766 -0.0250000004 -0.000659741455 -0.000751492657 synchronous_release_0
0.507915 -0.0250000004 0.0344185291 -0.00635333397 synchronous_release_0
0.211485 -0.0250000004 0.0462275121 0.0392175615 synchronous_release_0
0.210887 -0.0250000004 -0.000941528971 0.000336932035 synchronous_release_1
0.306157 -0.0250000004 0.0154579796 0.0314014469 synchronous_release_0
0.108206 -0.0250000004 0.0297128016 -0.0184972814 synchronous_release_1
0.211825 -0.0250000004 0.0258561373 -0.0235894078 synchronous_release_0
0.506677 -0.0250000004 -0.000990198604 0.000139666476 synchronous_release_1
0.321337 -0.0250000004 -0.00122568567 0.0349785319 synchronous_release_0
0.111678 -0.0250000004 0.000530021168 -0.000847984411 synchronous_release_1
0.304192 -0.0250000004 0.0593681916 0.0122644946 synchronous_release_0
0.416725 -0.0250000004 0.0333535221 -0.010608608 synchronous_release_0
0.508759 -0.0250000004 -0.031390115 -0.0154809779 synchronous_release_0
0.303647 -0.0250000004 0.0346708884 -0.00478847557 synchronous_release_0
0.403846 -0.0250000004 0.0561532741 0.0228431568 synchronous_release_0
0.505886 -0.0250000004 0.0250686588 -0.0244246259 synchronous_release_0
0.413697 -0.0250000004 0.0346891528 0.00465431817 synchronous_release_0
0.408907 -0.0250000004 0.0327119273 0.0124470806 synchronous_release_0
0.53294 -0.0250000004 0.0450559039 -0.0405581746 synchronous_release_1
0.535378 -0.0250000004 -0.023416273 -0.0260130382 synchronous_release_1
0.312821 -0.0250000004 0.0335420388 0.00999658117 synchronous_release_0
0.503475 -0.0250000004 0.0232659766 0.0261475492 synchronous_release_0
0.404016 -0.0250000004 0.0324879681 0.0130204427 synchronous_release_0
0.506864 -0.0250000004 -0.000428843448 -0.000903378822 synchronous_release_0
0.214665 -0.0250000004 0.0271613353 -0.0220740088 synchronous_release_0
0.403929 -0.0250000004 0.03269732 0.012485402 synchronous_release_0
0.404865 -0.0250000004 -0.00613045942 -0.0344589243 synchronous_release_0
0.506728 -0.0250000004 0.0297205522 -0.0184848255 synchronous_release_0
0.40641 -0.0250000004 0.0605891568 -0.00198848505 synchronous_release_1
0.412233 -0.0250000004 0.0237462875 -0.0257121339 synchronous_release_0
0.5037 -0.0250000004 0.0349974902 0.000419143506 synchronous_release_0
0.214863 -0.0250000004 0.033899794 0.00870654734 synchronous_release_0
0.517756 -0.0250000004 0.0216918987 -0.0274674631 synchronous_release_0
0.533792 -0.0250000004 0.0563253689 -0.0224154593 synchronous_release_0
0.506689 -0.0250000004 -0.00858691266 0.0339302952 synchronous_release_0
0.203662 -0.0250000004 0.0188036407 -0.0295198763 synchronous_release_0
0.105934 -0.0250000004 0.0337594286 -0.00923585312 synchronous_release_0
0.308308 -0.0250000004 0.0286758189 -0.020067322 synchronous_release_1
0.21278 -0.0250000004 -0.0101900922 0.0334837576 synchronous_release_0
0.511391 -0.0250000004 0.0681856615 -0.0158340002 synchronous_release_2
0.406067 -0.0250000004 0.034507448 0.00585115669 synchronous_release_0
0.406433 -0.0250000004 0.0121864736 0.0328099049 synchronous_release_0
0.306118 -0.0250000004 -0.0243352304 -0.025155448 synchronous_release_0
0.504933 -0.0250000004 0.0599971905 -0.00867969626 synchronous_release_0
0.103532 -0.0250000004 0.0229296664 -0.026442965 synchronous_release_0
0.418524 -0.0250000004 0.0347155239 0.00445335851 synchronous_release_1
0.510507 -0.0250000004 -0.0238146448 0.0256488342 synchronous_release_0
0.521916 -0.0250000004 -0.0135094252 0.0590973386 synchronous_release_0
0.104954 -0.0250000004 0.030141397 0.0177903398 synchronous_release_0
0.133236 -0.0250000004 -0.0304775847 0.0172080456 synchronous_release_0
0.503885 -0.0250000004 0.0463542911 -0.0390676298 synchronous_release_1
0.509689 -0.0250000004 -0.0177520208 -0.0301639811 synchronous_release_1
0.305436 -0.0250000004 0.0128391339 0.0325600467 synchronous_release_0
0.207345 -0.0250000004 0.0245525988 0.0554271585 synchronous_release_0
0.413574 -0.0250000004 0.0640017697 -0.028350899 synchronous_release_0
0.503939 -0.0250000004 -0.0471251422 0.0381342494 synchronous_release_0
0.104629 -0.0250000004 0.0285618763 0.0202291676 synchronous_release_0
0.210039 -0.0250000004 0.012245666 -0.0327878585 synchronous_release_0
0.40587 -0.0250000004 0.0468757159 0.0384404378 synchronous_release_1
0.209297 -0.0250000004 0.0590678269 0.0136378818 synchronous_release_0
0.317997 -0.0250000004 0.033168543 -0.0111735292 synchronous_release_0
0.504664 -0.0250000004 -0.00690771135 0.0343115655 synchronous_release_0
0.303403 -0.0250000004 0.0348968251 0.00268544198 synchronous_release_1
0.403986 -0.0250000004 0.0272328448 -0.0219857264 synchronous_release_1
0.506045 -0.0250000004 0.0598894648 -0.00939425414 synchronous_release_1
0.405091 -0.0250000004 0.0307061061 -0.0167968761 synchronous_release_0
0.50738 -0.0250000004 -0.000806531687 0.034990706 synchronous_release_0
0.404013 -0.0250000004 0.015256502 -0.0314998277 synchronous_release_0
0.504886 -0.0250000004 0.0196514 0.0289624322 synchronous_release_0
0.310642 -0.0250000004 -0.00485638647 0.0604269436 synchronous_release_0
0.30631 -0.0250000004 0.0110668488 -0.0332042897 synchronous_release_0
0.117987 -0.0250000004 -0.000347229996 -0.000937780001 synchronous_release_0
0.303447 -0.0250000004 0.0334154612 -0.0104118658 synchronous_release_0
0.504237 -0.0250000004 0.0599941327 0.00870080706 synchronous_release_0
0.304366 -0.0250000004 -0.00061912051 0.000785295991 synchronous_release_1
0.516288 -0.0250000004 -0.000994586528 -0.000103911681 synchronous_release_0
0.503345 -0.0250000004 0.0331343069 -0.0507653199 synchronous_release_0
0.22418 -0.0250000004 0.0340893946 0.00793178245 synchronous_release_0
0.503325 -0.0250000004 0.0602494464 -0.0356371184 synchronous_release_0
0.212532 -0.0250000004 0.0327713055 -0.0122898957 synchronous_release_0
0.404676 -0.0250000004 -0.00574229082 0.0345257309 synchronous_release_0
0.304526 -0.0250000004 -0.000701009484 -0.00071315195 synchronous_release_0
0.404535 -0.0250000004 0.0586886981 -0.0151867282 synchronous_release_1
0.311855 -0.0250000004 0.0176400311 -0.0302296097 synchronous_release_1
0.416681 -0.0250000004 0.033154609 0.0112148073 synchronous_release_0
0.503904 -0.0250000004 -0.043419111 -0.042305801 synchronous_release_0
0.314361 -0.0250000004 0.0312070938 -0.0158466809 synchronous_release_0
0.516207 -0.0250000004 0.00187991868 -0.0349494765 synchronous_release_1
0.514936 -0.0250000004 0.0275467034 0.0215911818 synchronous_release_1
0.40749 -0.0250000004 0.0315282061 -0.0151977702 synchronous_release_0
0.325007 -0.0250000004 -0.00593853022 -0.0344925189 synchronous_release_0
0.411432 -0.0250000004 -0.0112769587 -0.0331335208 synchronous_release_0
0.403648 -0.0250000004 0.00342727139 -0.0605248198 synchronous_release_0
0.324104 -0.0250000004 0.0211844441 -0.027860713 synchronous_release_0
0.303703 -0.0250000004 0.00262071404 -0.0349017458 synchronous_release_0
0.305243 -0.0250000004 -0.00503946383 0.0346352971 synchronous_release_0
0.405674 -0.0250000004 0.0272025043 -0.022023255 synchronous_release_0
0.40455 -0.0250000004 0.0266630106 -0.0226734176 synchronous_release_0
0.43 -0.0250000004 -0.000983644381 0.000180121437 synchronous_release_0
0.504606 -0.0250000004 0.0596302715 -0.0109192818 synchronous_release_0
0.105897 -0.0250000004 0.0329574083 -0.0117817333 synchronous_release_0
0.209335 -0.0250000004 0.00166630173 0.0349603123 synchronous_release_0
0.503889 -0.0250000004 0.027777066 -0.0538835281 synchronous_release_0
0.503689 -0.0250000004 0.0276084741 0.0215121398 synchronous_release_1
0.413297 -0.0250000004 0.0577238656 -0.0185190536 synchronous_release_0
0.312474 -0.0250000004 0.0343415533 -0.00675704922 synchronous_release_0
0.205631 -0.0250000004 0.0349710033 0.00142440341 synchronous_release_0
0.126867 -0.0250000004 0.031369032 0.0155236539 synchronous_release_0
0.504322 -0.0250000004 0.00224063741 0.0349282056 synchronous_release_0
0.503625 -0.0250000004 0.0325123015 0.0619915337 synchronous_release_0
0.410905 -0.0250000004 0.0340961244 -0.0079028032 synchronous_release_1
0.506909 -0.0250000004 0.0203346873 0.0284868477 synchronous_release_0
0.30839 -0.0250000004 0.0348376774 -0.00336693193 synchronous_release_1
0.20371 -0.0250000004 0.025452789 0.0240240615 synchronous_release_0
0.504823 -0.0250000004 0.0193541091 -0.0291619351 synchronous_release_0
0.524059 -0.0250000004 0.031722841 -0.0147872025 synchronous_release_1
0.209684 -0.0250000004 0.0343615514 0.00665460651 synchronous_release_0
0.506219 -0.0250000004 0.0347051162 -0.00453375196 synchronous_release_1
0.504034 -0.0250000004 0.00875578237 0.0338871108 synchronous_release_0
0.409803 -0.0250000004 0.0249692076 -0.0245262853 synchronous_release_1
0.309017 -0.0250000004 0.0276845421 0.0214141571 synchronous_release_0
0.116232 -0.0250000004 0.0222558778 -0.0270125138 synchronous_release_0
0.403675 -0.0250000004 0.0161737258 -0.0310388562 synchronous_release_0
0.104436 -0.0250000004 -0.000898406931 0.000439163962 synchronous_release_0
0.405757 -0.0250000004 0.0349168822 0.00241067113 synchronous_release_0
0.310264 -0.0250000004 0.019217914 0.029251868 synchronous_release_0
0.408155 -0.0250000004 -0.019217914 -0.029251868 synchronous_release_0
0.403362 -0.0250000004 0.0212627981 0.0278009607 synchronous_release_1
0.409592 -0.0250000004 0.0182662583 -0.0298553816 synchronous_release_0
0.510819 -0.0250000004 0.0605080413 -0.00371172935 synchronous_release_0
0.32053 -0.0250000004 0.0281013498 -0.0208641831 synchronous_release_0
0.405188 -0.0250000004 0.0321195875 0.0139043913 synchronous_release_0
0.203795 -0.0250000004 0.0224058933 -0.026888212 synchronous_release_0
0.503297 -0.0250000004 0.0604790465 0.00415751553 synchronous_release_0
0.585906 -0.0250000004 0.0580787038 0.0390751093 synchronous_release_1
