0.043101 -0.0250000004 1.50661565e-05 0.000999886499 synchronous_release_0
0.052618 -0.0250000004 -0.0170413451 0.0305711066 synchronous_release_0
0.002566 -0.0250000004 0.0272086948 -0.0220156064 synchronous_release_0
0.051928 -0.0250000004 -0.000629017325 -0.000777391281 synchronous_release_1
0.008001 -0.0250000004 -0.00081186479 0.000583845496 synchronous_release_0
0.043575 -0.0250000004 0.0343672527 -0.00662509945 synchronous_release_0
0.042992 -0.0250000004 0.0063671269 -0.0344159802 synchronous_release_0
0.051673 -0.0250000004 -0.000649202393 0.000760615706 synchronous_release_2
0.042297 -0.0250000004 0.0219734623 -0.0272427413 synchronous_release_0
0.008515 -0.0250000004 0.0271573512 -0.0220789102 synchronous_release_0
0.046654 -0.0250000004 0.0349849333 -0.0010268595 synchronous_release_1
0.044759 -0.0250000004 0.0332036946 0.0110686342 synchronous_release_0
0.044111 -0.0250000004 -0.00775092717 -0.0341309702 synchronous_release_0
0.005066 -0.0250000004 0.0334337508 0.0103529853 synchronous_release_1
0.003242 -0.0250000004 0.0348619421 -0.00310563936 synchronous_release_0
0.048502 -0.0250000004 -0.0147414084 0.0317441471 synchronous_release_0
0.046194 -0.0250000004 -0.0319054032 -0.014389067 synchronous_release_0
0.042602 -0.0250000004 0.0179960062 -0.0300190566 synchronous_release_1
0.053535 -0.0250000004 0.0349952687 0.000575470267 synchronous_release_1
0.042728 -0.0250000004 -0.0207528223 0.0281836897 synchronous_release_0
0.043385 -0.0250000004 0.0325580639 0.0128441611 synchronous_release_0
0.002822 -0.0250000004 0.0328378909 -0.0121108596 synchronous_release_0
0.043765 -0.0250000004 0.0225681748 0.0267521492 synchronous_release_0
0.004006 -0.0250000004 0.000269919507 -0.00096288289 synchronous_release_0
0.042644 -0.0250000004 0.00866895033 0.0339094279 synchronous_release_1
0.04662 -0.0250000004 -0.000604185967 -0.000796843346 synchronous_release_1
0.043945 -0.0250000004 0.0346615983 0.00485526533 synchronous_release_0
0.008862 -0.0250000004 0.0348453642 0.00328642566 synchronous_release_0
0.044191 -0.0250000004 0.0222254915 -0.0270375207 synchronous_release_0
0.004127 -0.0250000004 -0.000998190641 -6.01285702e-05 synchronous_release_1
0.011857 -0.0250000004 0.0349938641 -0.0006553432 synchronous_release_0
0.003761 -0.0250000004 0.0349938704 -0.000655009592 synchronous_release_0
0.043814 -0.0250000004 0.0180641901 0.0299780759 synchronous_release_0
0.045824 -0.0250000004 -0.0299104518 0.0181759422 synchronous_release_0
0.050634 -0.0250000004 0.0312809012 0.0157004847 synchronous_release_0
0.008486 -0.0250000004 -0.0106558457 0.0333384606 synchronous_release_0
0.023869 -0.0250000004 0.0235440309 0.0258974633 synchronous_release_0
0.043102 -0.0250000004 0.0598072965 0.00990390236 synchronous_release_0
0.04434 -0.0250000004 0.0327626586 -0.0123129282 synchronous_release_1
0.042627 -0.0250000004 0.0141646663 -0.0320056593 synchronous_release_0
0.013276 -0.0250000004 0.0333990978 -0.0104642374 synchronous_release_0
0.045546 -0.0250000004 0.00416183514 -0.0347516781 synchronous_release_0
0.010737 -0.0250000004 0.0321767536 -0.0137715841 synchronous_release_1
0.042791 -0.0250000004 -0.028362392 -0.0205079184 synchronous_release_0
0.002764 -0.0250000004 0.0233029059 -0.026114643 synchronous_release_0
0.043457 -0.0250000004 -0.00665468618 0.0343615359 synchronous_release_0
0.053978 -0.0250000004 0.00098175817 0.000190133891 synchronous_release_0
0.012922 -0.0250000004 0.033766793 -0.00920889194 synchronous_release_0
0.042554 -0.0250000004 0.0349441408 -0.00197661878 synchronous_release_0
0.045326 -0.0250000004 0.0284858449 0.0203360921 synchronous_release_0
0.044564 -0.0250000004 -0.024693084 0.0248042658 synchronous_release_0
0.042929 -0.0250000004 -0.00756048347 -0.0341736608 synchronous_release_1
0.010163 -0.0250000004 0.00969726049 0.0336297954 synchronous_release_0
0.00274 -0.0250000004 0.0339728874 0.00841682378 synchronous_release_1
0.046893 -0.0250000004 0.0107333884 -0.0333135764 synchronous_release_0
0.046045 -0.0250000004 0.0326753167 0.0125428735 synchronous_release_0
0.04253 -0.0250000004 0.00424565056 0.0347415378 synchronous_release_1
0.043479 -0.0250000004 0.0107193466 0.0333180973 synchronous_release_0
0.042805 -0.0250000004 0.0348621335 -0.0031034898 synchronous_release_0
0.047551 -0.0250000004 -0.0147433657 0.0317432381 synchronous_release_0
0.062985 -0.0250000004 -0.0201187678 -0.0286397483 synchronous_release_0
0.002847 -0.0250000004 -0.00850785072 -0.0339502058 synchronous_release_0
0.042796 -0.0250000004 -0.0194391334 -0.0291053275 synchronous_release_1
0.071893 -0.0250000004 -0.00354353255 -0.0348201576 synchronous_release_1
0.042915 -0.0250000004 0.0319269073 0.0143412896 synchronous_release_2
0.00481 -0.0250000004 -0.0156081211 0.0313270898 synchronous_release_0
0.048551 -0.0250000004 0.0156081211 -0.0313270898 synchronous_release_0
0.044684 -0.0250000004 -0.000415640545 -0.034997532 synchronous_release_0
0.00896 -0.0250000004 0.0235773817 -0.0258671041 synchronous_release_0
0.007806 -0.0250000004 0.0338271346 0.00898470715 synchronous_release_0
0.042917 -0.0250000004 -0.024694552 0.0248028044 synchronous_release_0
0.003136 -0.0250000004 -0.000708651553 -0.000705558627 synchronous_release_1
0.051816 -0.0250000004 0.0347049919 0.0045347036 synchronous_release_0
0.042496 -0.0250000004 0.0212796645 -0.0277880528 synchronous_release_1
0.012507 -0.0250000004 -0.0107536497 -0.0333070416 synchronous_release_0
0.003097 -0.0250000004 -0.0216556189 0.0274960755 synchronous_release_0
0.047078 -0.0250000004 0.000143036525 -0.00098971741 synchronous_release_0
0.005218 -0.0250000004 0.000958952929 -0.000283565301 synchronous_release_0
0.043833 -0.0250000004 -0.0241043232 0.0253767927 synchronous_release_0
0.051509 -0.0250000004 0.0490300747 -0.0356518131 synchronous_release_0
0.045028 -0.0250000004 0.00133677979 0.0349744624 synchronous_release_0
0.047486 -0.0250000004 -0.0339235333 -0.00861358741 synchronous_release_0
0.046786 -0.0250000004 0.0290389602 0.0195381368 synchronous_release_1
0.002794 -0.0250000004 -0.0127005324 0.03261436 synchronous_release_0
0.048614 -0.0250000004 -0.0163415326 -0.030950837 synchronous_release_1
0.003402 -0.0250000004 0.0323853324 -0.0132736674 synchronous_release_0
0.052893 -0.0250000004 -0.000611705338 0.000791085696 synchronous_release_0
0.004384 -0.0250000004 0.0322496481 0.0136000074 synchronous_release_0
0.046605 -0.0250000004 0.0279027759 -0.0211290108 synchronous_release_1
0.005823 -0.0250000004 0.0299772483 -0.0180655635 synchronous_release_0
0.044136 -0.0250000004 -0.000656612773 -0.0349938403 synchronous_release_0
0.002585 -0.0250000004 0.000282734673 -0.034998858 synchronous_release_0
0.05073 -0.0250000004 -0.00675862384 0.0343412435 synchronous_release_0
0.04332 -0.0250000004 0.00040654116 0.000913632467 synchronous_release_0
0.063262 -0.0250000004 0.0127851317 -0.0325812892 synchronous_release_1
0.052908 -0.0250000004 0.0272059693 0.0220189744 synchronous_release_0
0.043504 -0.0250000004 -0.0326719758 0.0125515734 synchronous_release_1
0.04729 -0.0250000004 0.000629113553 -0.00077731341 synchronous_release_1
0.003283 -0.0250000004 0.00342484252 0.034832032 synchronous_release_0
0.043547 -0.0250000004 1.9739226e-05 0.0349999944 synchronous_release_0
0.055692 -0.0250000004 0.0303207539 0.0174829025 synchronous_release_1
0.042531 -0.0250000004 -0.000966937159 0.000255014765 synchronous_release_0
0.048375 -0.0250000004 -0.00892551677 -0.0338428006 synchronous_release_0
0.00313 -0.0250000004 -0.0346117169 -0.00519894719 synchronous_release_0
0.067405 -0.0250000004 0.0128034381 0.0325740997 synchronous_release_0
0.010672 -0.0250000004 -0.0121596694 0.0328198483 synchronous_release_0
0.02734 -0.0250000004 0.0121596694 -0.0328198483 synchronous_release_0
0.042464 -0.0250000004 0.0311565883 0.015945752 synchronous_release_0
0.042869 -0.0250000004 0.0336874865 -0.00949490669 synchronous_release_1
0.042404 -0.0250000004 0.0342949036 -0.00698996315 synchronous_release_1
0.007374 -0.0250000004 0.0258020303 -0.0236485778 synchronous_release_1
0.005596 -0.0250000004 -0.0349962986 -0.000509000632 synchronous_release_0
0.043527 -0.0250000004 -0.0170573418 -0.030562184 synchronous_release_0
0.047353 -0.0250000004 0.0349962986 0.000509000632 synchronous_release_0
0.005602 -0.0250000004 0.0291008716 -0.0194458034 synchronous_release_0
0.045297 -0.0250000004 0.0313909956 0.0154791924 synchronous_release_0
0.061939 -0.0250000004 0.00229012397 0.0349249958 synchronous_release_0
0.042893 -0.0250000004 0.0342321519 -0.00729107503 synchronous_release_0
0.043156 -0.0250000004 0.0312855654 -0.0156911885 synchronous_release_0
0.004104 -0.0250000004 0.0346865381 -0.0046737647 synchronous_release_0
0.024657 -0.0250000004 0.0187997705 0.0295223412 synchronous_release_0
0.002831 -0.0250000004 0.00771964278 -0.0341380596 synchronous_release_0
0.0041 -0.0250000004 0.0257046055 0.0237544366 synchronous_release_0
0.002329 -0.0250000004 -0.034989382 0.000862061053 synchronous_release_0
0.047049 -0.0250000004 0.0159180663 0.0311707421 synchronous_release_1
0.006149 -0.0250000004 -0.0076636133 0.0341506813 synchronous_release_0
0.042887 -0.0250000004 0.0076636133 -0.0341506813 synchronous_release_0
0.042658 -0.0250000004 0.0257435509 0.0237122244 synchronous_release_1
0.00233 -0.0250000004 0.00280332774 0.034887553 synchronous_release_0
0.045247 -0.0250000004 0.031615171 0.0150160235 synchronous_release_0
0.002438 -0.0250000004 0.0324505639 0.0131133865 synchronous_release_0
0.047756 -0.0250000004 -0.0324505639 -0.0131133865 synchronous_release_0
0.043288 -0.0250000004 0.0270082118 0.0222610983 synchronous_release_1
0.00263 -0.0250000004 0.0313230971 -0.0156161324 synchronous_release_0
0.042624 -0.0250000004 0.00213758118 -0.034934664 synchronous_release_0
0.044018 -0.0250000004 0.0291855159 0.0193185316 synchronous_release_1
0.045941 -0.0250000004 0.0304611591 -0.0172371048 synchronous_release_1
0.0481 -0.0250000004 0.0346444934 0.00497584928 synchronous_release_1
0.042734 -0.0250000004 0.0335207236 -0.0100678245 synchronous_release_1
0.006413 -0.0250000004 -0.00059108063 0.000806612477 synchronous_release_0
0.003451 -0.0250000004 0.0206166015 0.0282834888 synchronous_release_0
0.006446 -0.0250000004 0.0348025206 -0.00371275626 synchronous_release_0
0.008137 -0.0250000004 -0.0141859191 0.0319962451 synchronous_release_0
0.007526 -0.0250000004 0.0113341503 0.0331140006 synchronous_release_0
0.019739 -0.0250000004 -0.0113341503 -0.0331140006 synchronous_release_0
0.011155 -0.0250000004 0.0262109763 0.0231944976 synchronous_release_0
0.046843 -0.0250000004 0.0331925123 -0.0111021226 synchronous_release_1
0.051022 -0.0250000004 0.0197114781 -0.0289215773 synchronous_release_0
0.053414 -0.0250000004 -0.034873161 -0.00297701853 synchronous_release_0
0.04305 -0.0250000004 0.0129106331 0.0325317622 synchronous_release_1
0.043434 -0.0250000004 0.0315565346 -0.0151388614 synchronous_release_1
0.042955 -0.0250000004 0.0311372226 0.0159835343 synchronous_release_0
0.008011 -0.0250000004 -0.029353085 0.0190629589 synchronous_release_0
0.042504 -0.0250000004 0.0311855492 0.0158890378 synchronous_release_0
0.045668 -0.0250000004 0.00183246422 0.0349519967 synchronous_release_1
0.005937 -0.0250000004 0.0277748827 0.0212968516 synchronous_release_0
0.043653 -0.0250000004 0.0335493431 -0.00997203985 synchronous_release_1
0.003883 -0.0250000004 0.000420379355 0.000907348443 synchronous_release_0
0.043474 -0.0250000004 -0.0219910722 -0.0272285282 synchronous_release_0
0.002356 -0.0250000004 -0.012585061 0.0326590912 synchronous_release_1
0.046378 -0.0250000004 0.0153163498 0.031470771 synchronous_release_0
0.057289 -0.0250000004 -0.000899164886 0.000437609994 synchronous_release_0
0.025301 -0.0250000004 0.0234287237 0.0260018251 synchronous_release_0
0.048108 -0.0250000004 -0.000951165212 -0.000308682263 synchronous_release_1
0.054439 -0.0250000004 0.0126248445 0.0592926075 synchronous_release_1
0.008221 -0.0250000004 -0.000145247443 -0.000989395361 synchronous_release_0
0.004423 -0.0250000004 -0.0129118397 0.0325312833 synchronous_release_1
0.048044 -0.0250000004 -0.0235776205 0.0258668864 synchronous_release_0
0.052337 -0.0250000004 0.0235776205 -0.0258668864 synchronous_release_0
0.002288 -0.0250000004 0.0134454122 0.0323144068 synchronous_release_0
0.002719 -0.0250000004 0.00589164885 -0.0345005576 synchronous_release_0
0.056128 -0.0250000004 0.0269325349 0.0223525964 synchronous_release_0
0.045662 -0.0250000004 0.0312092044 -0.0158425238 synchronous_release_0
0.002801 -0.0250000004 0.0306471753 0.0169041607 synchronous_release_0
0.046876 -0.0250000004 0.000220202568 0.000975454166 synchronous_release_0
0.058412 -0.0250000004 0.0341408958 -0.00770708988 synchronous_release_0
0.043017 -0.0250000004 0.0445368081 -0.0411275179 synchronous_release_1
0.0425 -0.0250000004 0.0347533745 -0.00414764551 synchronous_release_0
0.048019 -0.0250000004 -0.0137847209 0.0321711279 synchronous_release_0
0.046089 -0.0250000004 0.000987162828 0.000159717095 synchronous_release_0
0.042709 -0.0250000004 -0.013781736 -0.0321724067 synchronous_release_0
0.012995 -0.0250000004 0.0245717514 0.0249244666 synchronous_release_1
0.014551 -0.0250000004 0.0345212859 -0.00576895302 synchronous_release_0
0.042982 -0.0250000004 -0.0009303947 -0.000366559275 synchronous_release_0
0.044485 -0.0250000004 0.0349524126 0.00182451527 synchronous_release_0
0.007091 -0.0250000004 -0.0310438362 -0.0161641651 synchronous_release_0
0.003832 -0.0250000004 -0.00351363969 0.0348231868 synchronous_release_0
0.043305 -0.0250000004 0.0319145842 -0.0143686921 synchronous_release_1
0.04522 -0.0250000004 -0.011348797 -0.0331089838 synchronous_release_0
0.064713 -0.0250000004 -0.034020564 -0.00822199656 synchronous_release_0
0.047098 -0.0250000004 -0.000707479172 -0.000706734194 synchronous_release_0
0.045498 -0.0250000004 0.025599057 0.0238681436 synchronous_release_0
0.04754 -0.0250000004 -0.025599057 -0.0238681436 synchronous_release_0
0.055584 -0.0250000004 -0.0198116487 -0.0288530514 synchronous_release_0
0.042334 -0.0250000004 0.0348932999 -0.00273086531 synchronous_release_1
0.048111 -0.0250000004 0.024408521 -0.0250843398 synchronous_release_2
0.048736 -0.0250000004 0.0349885633 -0.000894671674 synchronous_release_0
0.04263 -0.0250000004 0.0167194733 -0.0307483205 synchronous_release_1
0.042696 -0.0250000004 0.0347018456 -0.00455871848 synchronous_release_1
0.007482 -0.0250000004 0.0282948456 0.0206010124 synchronous_release_0
0.043365 -0.0250000004 0.0319884229 -0.0142035489 synchronous_release_0
0.051896 -0.0250000004 -0.00369357722 0.0348045613 synchronous_release_0
0.005533 -0.0250000004 -0.0169276652 -0.0306341991 synchronous_release_1
0.043217 -0.0250000004 0.0318329223 0.0145487134 synchronous_release_0
0.008048 -0.0250000004 0.0285160165 -0.0202937627 synchronous_release_1
0.052805 -0.0250000004 -0.0318329223 -0.0145487134 synchronous_release_1
0.052743 -0.0250000004 -0.000955792198 -0.000294042981 synchronous_release_0
0.053913 -0.0250000004 -0.0102915043 0.0334527269 synchronous_release_0
0.043004 -0.0250000004 -0.0238251592 -0.0256390677 synchronous_release_1
0.052482 -0.0250000004 0.0102915043 -0.0334527269 synchronous_release_1
0.06108 -0.0250000004 0.0579418227 0.0178254084 synchronous_release_1
0.042454 -0.0250000004 -0.0346189383 0.00515064199 synchronous_release_0
0.043702 -0.0250000004 0.0173987968 0.030369094 synchronous_release_0
0.002299 -0.0250000004 -0.00742664182 -0.0342029968 synchronous_release_0
0.042255 -0.0250000004 0.0232573108 -0.0261552575 synchronous_release_0
0.042319 -0.0250000004 -0.0177468045 -0.0301670504 synchronous_release_0
0.004781 -0.0250000004 0.0304067575 -0.0173328907 synchronous_release_0
0.014523 -0.0250000004 0.000192655071 -0.0349994698 synchronous_release_0
0.044039 -0.0250000004 -0.000192655071 0.0349994698 synchronous_release_0
0.042495 -0.0250000004 0.0105844029 -0.0333612112 synchronous_release_1
0.007919 -0.0250000004 0.0348250327 0.00349529653 synchronous_release_0
0.005258 -0.0250000004 0.0346852779 -0.00468310754 synchronous_release_0
0.056314 -0.0250000004 -0.0213983291 -0.027696778 synchronous_release_0
0.061617 -0.0250000004 -0.0298914471 0.0182071796 synchronous_release_0
0.005093 -0.0250000004 0.0298914471 -0.0182071796 synchronous_release_1
0.045568 -0.0250000004 0.0307136036 0.0167831627 synchronous_release_1
0.042501 -0.0250000004 0.00603466563 -0.0344758294 synchronous_release_0
0.042964 -0.0250000004 0.0337463403 -0.00928356157 synchronous_release_0
0.002337 -0.0250000004 0.0334316107 -0.0103598943 synchronous_release_0
0.042517 -0.0250000004 -0.000975216321 -0.000221253535 synchronous_release_0
0.002707 -0.0250000004 0.0278144298 -0.0212451758 synchronous_release_0
0.002997 -0.0250000004 0.0210404346 0.0279696284 synchronous_release_0
0.04257 -0.0250000004 0.0123990951 -0.0327301457 synchronous_release_0
0.051275 -0.0250000004 0.0345446852 -0.00562714152 synchronous_release_1
0.042488 -0.0250000004 0.0349974472 -0.000422720711 synchronous_release_0
0.042698 -0.0250000004 0.0333247322 0.0106987019 synchronous_release_0
0.010628 -0.0250000004 0.0269477154 0.0223342928 synchronous_release_0
0.048023 -0.0250000004 -0.000985844358 -0.000167663063 synchronous_release_1
0.043818 -0.0250000004 0.0268295035 -0.0224761594 synchronous_release_0
0.002557 -0.0250000004 0.033880722 -0.00878047125 synchronous_release_0
0.006504 -0.0250000004 0.0245444722 0.0249513303 synchronous_release_1
0.052692 -0.0250000004 -0.0245444722 -0.0249513303 synchronous_release_1
0.044995 -0.0250000004 0.0349654858 0.00155396284 synchronous_release_0
0.061295 -0.0250000004 0.00084297193 0.000537957549 synchronous_release_0
0.044899 -0.0250000004 0.00053888785 0.00084237752 synchronous_release_0
0.057654 -0.0250000004 0.0310757765 0.0161026742 synchronous_release_0
0.059113 -0.0250000004 0.00159256328 0.034963749 synchronous_release_0
0.00985 -0.0250000004 0.0224176536 0.0268784079 synchronous_release_0
0.04261 -0.0250000004 0.0344862108 -0.00597505354 synchronous_release_0
0.051715 -0.0250000004 -0.0120685572 0.0328534614 synchronous_release_0
0.005742 -0.0250000004 0.0311541145 -0.0159505845 synchronous_release_0
0.050206 -0.0250000004 -0.00176344586 0.0349555469 synchronous_release_0
0.042758 -0.0250000004 0.0224262926 -0.0268712002 synchronous_release_0
0.042646 -0.0250000004 0.0221103205 0.0271317844 synchronous_release_0
0.043027 -0.0250000004 0.0349645559 0.00157474826 synchronous_release_0
0.042289 -0.0250000004 0.0340744385 -0.00799578912 synchronous_release_0
0.043019 -0.0250000004 0.0205467677 0.0283342608 synchronous_release_0
0.053693 -0.0250000004 0.0142648058 -0.0319611532 synchronous_release_0
0.058561 -0.0250000004 -0.0205467677 -0.0283342608 synchronous_release_0
0.008225 -0.0250000004 0.0255276642 0.023944485 synchronous_release_0
0.044875 -0.0250000004 -0.000944475262 0.000328582532 synchronous_release_0
0.023057 -0.0250000004 -0.0259550958 -0.0234804813 synchronous_release_0
0.044109 -0.0250000004 0.00735714542 -0.034218013 synchronous_release_0
0.007454 -0.0250000004 -0.000187941122 0.000982180296 synchronous_release_0
0.003955 -0.0250000004 -0.0193730164 -0.029149378 synchronous_release_0
0.050211 -0.0250000004 0.0308901047 0.0164560455 synchronous_release_0
0.054624 -0.0250000004 0.00119369891 0.0349796381 synchronous_release_0
0.043221 -0.0250000004 0.0324660162 -0.0130750828 synchronous_release_0
0.044633 -0.0250000004 -0.00609746801 -0.0344647774 synchronous_release_0
0.006358 -0.0250000004 0.0314842922 0.0152885364 synchronous_release_0
0.044499 -0.0250000004 0.028982407 -0.0196219286 synchronous_release_0
0.046071 -0.0250000004 -0.00344224019 -0.034830317 synchronous_release_0
0.004583 -0.0250000004 0.0314311698 0.0153974531 synchronous_release_0
0.044926 -0.0250000004 0.00238099939 0.0349189181 synchronous_release_0
0.050924 -0.0250000004 -0.0107232845 0.0333168301 synchronous_release_0
0.044914 -0.0250000004 0.0342148635 -0.00737177832 synchronous_release_1
0.045204 -0.0250000004 0.0347389707 -0.00426660479 synchronous_release_1
0.008158 -0.0250000004 0.0162265925 -0.0310112511 synchronous_release_0
0.002604 -0.0250000004 0.0161351209 -0.0310589419 synchronous_release_0
0.042508 -0.0250000004 0.0188302723 0.0295028955 synchronous_release_1
0.002886 -0.0250000004 -0.00316525295 -0.0348565801 synchronous_release_0
0.04666 -0.0250000004 0.00316525295 0.0348565801 synchronous_release_0
0.004242 -0.0250000004 -0.00278645577 -0.0348889046 synchronous_release_0
0.043712 -0.0250000004 0.0316079056 0.0150313108 synchronous_release_0
0.042953 -0.0250000004 0.0334572629 0.0102767484 synchronous_release_0
0.054338 -0.0250000004 0.00782870623 0.0341132138 synchronous_release_2
0.046659 -0.0250000004 0.0326567495 0.0125911363 synchronous_release_0
0.005135 -0.0250000004 0.0196186181 0.0289846481 synchronous_release_0
0.044345 -0.0250000004 0.034352206 -0.00670268152 synchronous_release_0
0.042529 -0.0250000004 -0.000489785524 0.0349965728 synchronous_release_0
0.046245 -0.0250000004 -0.00343740172 -0.0348307948 synchronous_release_0
0.052129 -0.0250000004 0.0284456523 -0.0203922746 synchronous_release_1
0.010169 -0.0250000004 0.0349980126 0.000372975983 synchronous_release_0
0.046167 -0.0250000004 0.017822013 -0.03012268 synchronous_release_0
0.008439 -0.0250000004 0.00416981904 -0.034750721 synchronous_release_0
0.042561 -0.0250000004 0.00125162076 0.0349776135 synchronous_release_0
0.046069 -0.0250000004 -0.0309173122 -0.0164048714 synchronous_release_0
0.043076 -0.0250000004 0.0214508666 -0.0276561082 synchronous_release_0
0.044054 -0.0250000004 0.015718176 0.0312720153 synchronous_release_0
0.049123 -0.0250000004 -0.000893486153 0.000449090742 synchronous_release_0
0.042686 -0.0250000004 0.0295873881 -0.0186972315 synchronous_release_0
0.021809 -0.0250000004 -0.0346275094 -0.00509270001 synchronous_release_0
0.029846 -0.0250000004 -0.0129033471 -0.0325346528 synchronous_release_0
0.055459 -0.0250000004 0.0129033471 0.0325346528 synchronous_release_0
0.046259 -0.0250000004 0.0254153409 -0.0240636748 synchronous_release_0
0.050426 -0.0250000004 0.0335474242 0.00997849351 synchronous_release_1
0.043273 -0.0250000004 0.0293736518 0.0190312526 synchronous_release_0
0.020569 -0.0250000004 0.00179472234 -0.034953955 synchronous_release_1
0.003083 -0.0250000004 0.0227828323 0.0265695794 synchronous_release_0
0.042662 -0.0250000004 0.0213494329 0.0277344861 synchronous_release_0
0.04962 -0.0250000004 0.0133440531 -0.0323563942 synchronous_release_0
0.045302 -0.0250000004 -0.000972776846 -0.000231743842 synchronous_release_0
0.042371 -0.0250000004 0.0157693656 0.0312462335 synchronous_release_0
0.007462 -0.0250000004 0.0163272343 0.0309583821 synchronous_release_0
0.007893 -0.0250000004 -0.0163272343 -0.0309583821 synchronous_release_0
0.002778 -0.0250000004 0.0252059558 -0.0242829115 synchronous_release_0
0.045276 -0.0250000004 0.000276786922 -0.000960931319 synchronous_release_1
0.003779 -0.0250000004 0.0267654314 0.0225524208 synchronous_release_0
0.011732 -0.0250000004 0.0349952496 0.000576631938 synchronous_release_0
0.04227 -0.0250000004 -0.0179970027 0.0300184592 synchronous_release_0
0.052063 -0.0250000004 0.0335420305 0.00999660909 synchronous_release_0
0.049045 -0.0250000004 0.0076086534 -0.0341629682 synchronous_release_1
0.008251 -0.0250000004 0.0337849956 -0.00914188572 synchronous_release_0
0.044321 -0.0250000004 0.0248096031 0.0246877216 synchronous_release_1
0.04381 -0.0250000004 0.0263283836 0.0230611409 synchronous_release_0
0.049017 -0.0250000004 -0.000174743659 -0.000984613962 synchronous_release_1
0.053635 -0.0250000004 0.0343637522 -0.006643232 synchronous_release_0
0.043594 -0.0250000004 0.0348449625 0.00329068253 synchronous_release_0
0.044116 -0.0250000004 -0.0290139503 0.0195752571 synchronous_release_0
0.00306 -0.0250000004 0.00761957306 0.0341605343 synchronous_release_0
0.052141 -0.0250000004 -0.00761957306 -0.0341605343 synchronous_release_1
0.002999 -0.0250000004 0.0319288601 0.0143369416 synchronous_release_1
0.048221 -0.0250000004 0.0349991046 0.000250351527 synchronous_release_0
0.020243 -0.0250000004 -0.025711754 0.0237466989 synchronous_release_0
0.026215 -0.0250000004 0.0077093675 0.0341403816 synchronous_release_0
0.05359 -0.0250000004 0.025711754 -0.0237466989 synchronous_release_0
0.003381 -0.0250000004 0.0349976737 -0.000403526335 synchronous_release_0
0.005995 -0.0250000004 -0.0349976737 0.000403526335 synchronous_release_0
0.048585 -0.0250000004 0.0178483009 0.0301071114 synchronous_release_0
0.045679 -0.0250000004 -0.0032251296 -0.0348510909 synchronous_release_0
0.002387 -0.0250000004 0.0348884421 0.00279224037 synchronous_release_0
0.043714 -0.0250000004 0.0198623722 -0.028818157 synchronous_release_0
0.042693 -0.0250000004 -0.00529254937 0.0345975277 synchronous_release_0
0.002912 -0.0250000004 -0.00203391202 0.0349408529 synchronous_release_0
0.047385 -0.0250000004 0.0310395978 -0.0161723025 synchronous_release_0
0.002264 -0.0250000004 0.0269803561 -0.0222948511 synchronous_release_0
0.046835 -0.0250000004 0.0327980855 0.0122182482 synchronous_release_0
0.049886 -0.0250000004 0.0325663943 -0.0128230246 synchronous_release_0
0.04329 -0.0250000004 -0.0320126401 -0.0141488824 synchronous_release_1
0.048782 -0.0250000004 -0.00328464435 0.0348455322 synchronous_release_0
0.049499 -0.0250000004 0.0290087791 -0.0195829195 synchronous_release_0
0.05268 -0.0250000004 0.000559511986 0.000828822259 synchronous_release_0
0.004247 -0.0250000004 0.0337335146 -0.00933005871 synchronous_release_0
0.012811 -0.0250000004 0.00897146849 -0.0338306481 synchronous_release_0
0.042606 -0.0250000004 0.033783935 -0.00914580444 synchronous_release_0
0.046194 -0.0250000004 -0.0310270492 0.0161963643 synchronous_release_1
0.042597 -0.0250000004 0.0146491696 -0.0317868185 synchronous_release_1
0.042876 -0.0250000004 0.0344623578 0.00611112903 synchronous_release_0
0.043461 -0.0250000004 0.00775068743 -0.0341310247 synchronous_release_0
0.048315 -0.0250000004 0.0256829907 0.0237778045 synchronous_release_0
0.053667 -0.0250000004 0.0334336781 -0.0103532201 synchronous_release_1
0.04788 -0.0250000004 0.0349388904 0.00206735083 synchronous_release_1
0.042646 -0.0250000004 0.000696244926 0.000717804293 synchronous_release_0
0.043105 -0.0250000004 0.0281413914 -0.0208101439 synchronous_release_0
0.041997 -0.0250000004 0.0342359335 -0.00727329754 synchronous_release_0
0.045368 -0.0250000004 -0.0147760936 0.0317280169 synchronous_release_0
0.062724 -0.0250000004 0.0147760936 -0.0317280169 synchronous_release_0
0.009156 -0.0250000004 0.0348653155 -0.00306753606 synchronous_release_1
0.004755 -0.0250000004 0.0306846161 -0.0168361021 synchronous_release_0
0.006547 -0.0250000004 0.000481031488 0.000876703318 synchronous_release_0
0.043887 -0.0250000004 0.0299228002 0.018155606 synchronous_release_0
0.003186 -0.0250000004 0.00828566063 0.0340051147 synchronous_release_0
0.045236 -0.0250000004 0.000690804285 0.000723041797 synchronous_release_0
0.046226 -0.0250000004 0.0349907102 -0.000806349991 synchronous_release_0
0.009214 -0.0250000004 0.0308374798 -0.0165544508 synchronous_release_0
0.010544 -0.0250000004 0.0232799651 0.0261350957 synchronous_release_0
0.042649 -0.0250000004 0.000395175806 0.00091860551 synchronous_release_2
0.042973 -0.0250000004 0.0314719807 0.015313864 synchronous_release_0
0.014132 -0.0250000004 0.0289981856 -0.0195986028 synchronous_release_1
0.043118 -0.0250000004 -0.0224671447 -0.0268370529 synchronous_release_0
0.05273 -0.0250000004 0.000766772941 -0.000641918419 synchronous_release_0
0.042424 -0.0250000004 0.0348530669 -0.00320370562 synchronous_release_0
0.005438 -0.0250000004 0.0202010239 0.0285817885 synchronous_release_1
0.00755 -0.0250000004 0.0218002855 -0.0273815184 synchronous_release_0
0.003124 -0.0250000004 0.0297393297 -0.0184546001 synchronous_release_0
0.007672 -0.0250000004 0.00111248766 0.0349823151 synchronous_release_0
0.0623 -0.0250000004 -0.0297393297 0.0184546001 synchronous_release_0
0.012779 -0.0250000004 0.00570975881 -0.0345311259 synchronous_release_0
0.003337 -0.0250000004 0.0105606327 -0.0333687434 synchronous_release_1
0.00923 -0.0250000004 0.0166432739 -0.0307896319 synchronous_release_0
0.014918 -0.0250000004 0.0349862404 -0.000981317947 synchronous_release_0
0.043827 -0.0250000004 -0.0166432739 0.0307896319 synchronous_release_0
0.058388 -0.0250000004 0.0183429665 0.029808314 synchronous_release_0
0.00721 -0.0250000004 0.0220562144 -0.0271757871 synchronous_release_0
0.044975 -0.0250000004 -0.047069844 -0.038202484 synchronous_release_0
0.060412 -0.0250000004 0.0345630292 0.00551334844 synchronous_release_0
0.043718 -0.0250000004 0.0125068148 0.0326891356 synchronous_release_1
0.042713 -0.0250000004 0.0302866028 -0.017541998 synchronous_release_0
0.042755 -0.0250000004 -0.0303351173 -0.0174579684 synchronous_release_0
0.042664 -0.0250000004 0.0151830842 0.0315352811 synchronous_release_0
0.042744 -0.0250000004 0.031467499 -0.0153230711 synchronous_release_0
0.007415 -0.0250000004 0.006133415 -0.0344583984 synchronous_release_0
0.002579 -0.0250000004 0.00283222811 -0.0348852187 synchronous_release_0
0.045652 -0.0250000004 0.0177776527 -0.0301488817 synchronous_release_0
0.042363 -0.0250000004 -0.0138936115 0.0321242519 synchronous_release_0
0.047449 -0.0250000004 0.0208736124 0.0280943465 synchronous_release_2
0.059665 -0.0250000004 0.0255041014 0.023969581 synchronous_release_0
0.047627 -0.0250000004 0.00993672063 0.033559821 synchronous_release_0
0.042835 -0.0250000004 0.0195902156 -0.0290038524 synchronous_release_0
0.003452 -0.0250000004 0.0307033571 -0.0168019006 synchronous_release_0
0.044382 -0.0250000004 0.0344775752 -0.00602468353 synchronous_release_1
0.002472 -0.0250000004 0.00725920796 0.0342389238 synchronous_release_1
0.002545 -0.0250000004 0.0146797151 -0.0317727236 synchronous_release_1
0.043957 -0.0250000004 0.0201761283 0.028599368 synchronous_release_1
0.042375 -0.0250000004 0.0159074228 -0.0311761752 synchronous_release_0
0.054123 -0.0250000004 0.0190456483 0.0293643199 synchronous_release_1
0.050329 -0.0250000004 0.0132612071 0.0323904367 synchronous_release_0
0.052914 -0.0250000004 0.0349659248 -0.00154405506 synchronous_release_0
0.042803 -0.0250000004 0.0303296836 -0.0174674067 synchronous_release_0
0.011128 -0.0250000004 -0.0157774641 -0.0312421451 synchronous_release_0
0.043255 -0.0250000004 0.0349452233 0.00195738783 synchronous_release_0
0.042441 -0.0250000004 0.0191677592 -0.0292847572 synchronous_release_1
0.045563 -0.0250000004 0.000892632716 -0.000450784688 synchronous_release_1
0.049215 -0.0250000004 0.0349028887 0.00260544847 synchronous_release_0
0.050501 -0.0250000004 0.0601559518 0.007500764 synchronous_release_0
0.051684 -0.0250000004 -0.00433056812 0.034731055 synchronous_release_0
0.043027 -0.0250000004 0.034971497 -0.00141223236 synchronous_release_0
0.044761 -0.0250000004 -0.0080112847 0.0340707986 synchronous_release_0
0.046547 -0.0250000004 0.0307826814 0.0166561257 synchronous_release_0
0.043457 -0.0250000004 0.0273562077 0.0218320384 synchronous_release_2
0.002407 -0.0250000004 0.0317283711 0.014775333 synchronous_release_0
0.04283 -0.0250000004 0.0304070128 -0.0173324427 synchronous_release_0
0.060365 -0.0250000004 0.000193170719 -0.0349994669 synchronous_release_0
0.042396 -0.0250000004 0.0317902596 -0.0146417006 synchronous_release_0
0.002898 -0.0250000004 0.0346563275 -0.00489274618 synchronous_release_0
0.043136 -0.0250000004 -0.00957865947 -0.0336637681 synchronous_release_0
0.049561 -0.0250000004 0.0250523217 0.0244413825 synchronous_release_1
0.047493 -0.0250000004 0.0345341298 0.00569156193 synchronous_release_1
0.048586 -0.0250000004 0.034134323 0.0077361483 synchronous_release_0
0.06191 -0.0250000004 0.0103674606 0.033429265 synchronous_release_0
0.043142 -0.0250000004 0.0292364149 -0.0192414148 synchronous_release_0
0.061868 -0.0250000004 0.033858771 0.00886474069 synchronous_release_0
0.052566 -0.0250000004 0.0267202962 -0.0226058792 synchronous_release_0
0.042894 -0.0250000004 0.00621711757 0.0344433949 synchronous_release_1
0.050737 -0.0250000004 0.0329374137 0.0118375157 synchronous_release_1
0.046173 -0.0250000004 -0.000924983754 0.00038000665 synchronous_release_0
0.047071 -0.0250000004 0.0064822305 -0.0343944863 synchronous_release_0
0.045004 -0.0250000004 -0.0143918453 -0.03190415 synchronous_release_0
0.009753 -0.0250000004 0.0322435631 -0.0136144276 synchronous_release_0
0.043569 -0.0250000004 0.0279122217 0.021116531 synchronous_release_0
0.024288 -0.0250000004 -0.017546808 0.0302838163 synchronous_release_0
0.042964 -0.0250000004 0.0174531502 0.0303378896 synchronous_release_0
0.043501 -0.0250000004 0.015532877 0.0313644661 synchronous_release_0
0.046693 -0.0250000004 -0.0349069894 0.00254991973 synchronous_release_0
0.05842 -0.0250000004 0.0349069894 -0.00254991973 synchronous_release_0
0.00294 -0.0250000004 0.0171776495 -0.0304947267 synchronous_release_0
0.045655 -0.0250000004 0.000441638235 0.0349972135 synchronous_release_0
0.002919 -0.0250000004 0.0331716514 -0.0111642978 synchronous_release_0
0.042684 -0.0250000004 -0.00691726022 0.0343096417 synchronous_release_0
0.003113 -0.0250000004 0.0112856201 -0.0331305717 synchronous_release_0
0.002717 -0.0250000004 0.0349909494 -0.000795903312 synchronous_release_0
0.044755 -0.0250000004 -0.0349909494 0.000795903312 synchronous_release_0
0.043804 -0.0250000004 0.0122239235 -0.0327959707 synchronous_release_1
0.046037 -0.0250000004 0.0103124556 -0.0334462742 synchronous_release_1
0.006147 -0.0250000004 0.0349760054 0.00129578121 synchronous_release_0
0.061338 -0.0250000004 0.0186101821 -0.0296422186 synchronous_release_0
0.043309 -0.0250000004 0.0535861875 -0.0283464374 synchronous_release_1
0.042382 -0.0250000004 0.0172505614 0.0304535405 synchronous_release_0
0.058215 -0.0250000004 -0.017748259 0.0301661947 synchronous_release_0
0.0437 -0.0250000004 0.0342910008 -0.00700908417 synchronous_release_1
0.002698 -0.0250000004 -0.000448754764 -0.000893654945 synchronous_release_0
0.044253 -0.0250000004 0.0312779231 -0.0157064168 synchronous_release_1
0.049799 -0.0250000004 -0.00190090995 0.034948341 synchronous_release_0
0.043072 -0.0250000004 0.0154312226 -0.0314146044 synchronous_release_0
0.070795 -0.0250000004 0.0194902342 0.029071133 synchronous_release_0
0.042725 -0.0250000004 0.034920439 -0.00235858853 synchronous_release_1
0.012195 -0.0250000004 0.0259591689 0.0234759781 synchronous_release_0
0.042774 -0.0250000004 0.0333103779 -0.0107433107 synchronous_release_0
0.04218 -0.0250000004 0.000907683563 -0.000419655275 synchronous_release_0
0.04272 -0.0250000004 -0.0348566632 -0.00316433782 synchronous_release_0
0.042809 -0.0250000004 0.0341230883 0.00778555347 synchronous_release_0
0.04564 -0.0250000004 0.0231187409 -0.0262778199 synchronous_release_0
0.047274 -0.0250000004 -0.0111978892 -0.0331603269 synchronous_release_0
0.003569 -0.0250000004 0.0229699725 -0.0264079602 synchronous_release_1
0.050212 -0.0250000004 -0.00239811041 -0.0349177472 synchronous_release_0
0.009651 -0.0250000004 0.0301878193 -0.0177114529 synchronous_release_0
0.045197 -0.0250000004 -0.000244658493 -0.0349991449 synchronous_release_0
0.04285 -0.0250000004 0.0333296761 -0.0106832904 synchronous_release_0
0.044805 -0.0250000004 0.00741283717 -0.0342059914 synchronous_release_0
0.047639 -0.0250000004 0.0047222913 -0.0346799649 synchronous_release_0
0.042904 -0.0250000004 0.0310588613 -0.0161352762 synchronous_release_1
0.018503 -0.0250000004 -0.00594754256 -0.034490966 synchronous_release_0
0.049968 -0.0250000004 0.0328438241 0.0120947601 synchronous_release_0
0.042385 -0.0250000004 0.0339266621 0.00860125565 synchronous_release_0
0.062831 -0.0250000004 -0.00951442515 -0.0336819791 synchronous_release_0
0.005129 -0.0250000004 -0.000995623005 -9.34603188e-05 synchronous_release_0
0.043061 -0.0250000004 0.0281771556 0.0207616931 synchronous_release_0
0.047612 -0.0250000004 0.0173005052 0.0304251955 synchronous_release_0
0.010786 -0.0250000004 0.00572967199 -0.0345278273 synchronous_release_0
0.042664 -0.0250000004 -0.00572967199 0.0345278273 synchronous_release_0
0.049477 -0.0250000004 -0.000924870428 0.0349877781 synchronous_release_0
0.048423 -0.0250000004 0.0298378694 0.0182948503 synchronous_release_1
0.042997 -0.0250000004 0.0333998574 -0.0104618126 synchronous_release_1
0.005227 -0.0250000004 0.0337889787 -0.00912715274 synchronous_release_0
0.042302 -0.0250000004 0.000341016052 0.0349983386 synchronous_release_0
0.048283 -0.0250000004 -0.000341016052 -0.0349983386 synchronous_release_1
0.057626 -0.0250000004 0.000403822776 0.0349976703 synchronous_release_0
0.002747 -0.0250000004 0.0156683463 0.0312970114 synchronous_release_0
0.044719 -0.0250000004 0.0304596495 0.0172397724 synchronous_release_0
0.057226 -0.0250000004 0.0337887011 -0.00912818031 synchronous_release_0
0.043026 -0.0250000004 0.00898911453 -0.0338259637 synchronous_release_1
0.052337 -0.0250000004 -0.0247995866 -0.0246977834 synchronous_release_1
0.046297 -0.0250000004 0.0210927069 0.0279302294 synchronous_release_0
0.044961 -0.0250000004 0.0165363337 0.0308471987 synchronous_release_0
0.003657 -0.0250000004 0.0346855999 0.00468072243 synchronous_release_0
0.04224 -0.0250000004 0.0348727316 0.00298204458 synchronous_release_0
0.04275 -0.0250000004 0.0258817445 0.0235613094 synchronous_release_0
0.045097 -0.0250000004 -0.0258817445 -0.0235613094 synchronous_release_0
0.0492 -0.0250000004 0.0240845835 -0.0253955279 synchronous_release_0
0.056226 -0.0250000004 -0.000233145636 0.00097244183 synchronous_release_0
0.045232 -0.0250000004 0.0113810838 0.0330978992 synchronous_release_0
0.04546 -0.0250000004 0.0229730796 -0.0264052573 synchronous_release_0
0.002807 -0.0250000004 0.0305795583 -0.0170261743 synchronous_release_0
0.046657 -0.0250000004 0.0300348787 0.0179695872 synchronous_release_1
0.003296 -0.0250000004 0.0349647781 -0.00156980654 synchronous_release_0
0.042867 -0.0250000004 0.0318818838 -0.014441104 synchronous_release_0
0.042817 -0.0250000004 0.0348788602 -0.00290948612 synchronous_release_0
0.043743 -0.0250000004 0.034724533 -0.00438255752 synchronous_release_0
0.019449 -0.0250000004 0.0211576726 0.0278810489 synchronous_release_2
0.005264 -0.0250000004 0.0332446719 0.0109449437 synchronous_release_0
0.04245 -0.0250000004 0.0593456071 -0.0123733148 synchronous_release_0
0.042799 -0.0250000004 0.0333864013 -0.0105046757 synchronous_release_0
0.0082 -0.0250000004 0.0346503334 -0.00493501737 synchronous_release_0
0.045008 -0.0250000004 -0.0215990171 -0.0275405603 synchronous_release_0
0.044815 -0.0250000004 0.000750951698 -0.000660357137 synchronous_release_0
0.043569 -0.0250000004 0.0272361503 0.0219816313 synchronous_release_1
0.002717 -0.0250000004 0.0343539704 0.00669363262 synchronous_release_0
0.042775 -0.0250000004 0.0229738411 -0.0264045948 synchronous_release_0
0.042777 -0.0250000004 0.023338634 0.0260827177 synchronous_release_0
0.048567 -0.0250000004 0.0342576131 -0.00717049107 synchronous_release_0
0.010815 -0.0250000004 -0.000328602359 0.000944468364 synchronous_release_0
0.070577 -0.0250000004 0.0065679667 0.0343782171 synchronous_release_0
0.042654 -0.0250000004 -0.000295976941 0.000955195085 synchronous_release_0
0.003785 -0.0250000004 -0.000459049483 -0.0008884107 synchronous_release_0
0.00859 -0.0250000004 0.0211430731 0.0278921218 synchronous_release_0
0.042166 -0.0250000004 0.0207740413 0.028168053 synchronous_release_0
0.044849 -0.0250000004 -0.0104382755 0.0334072208 synchronous_release_0
0.066691 -0.0250000004 0.0192410683 0.0292366429 synchronous_release_0
0.042875 -0.0250000004 0.0349402097 -0.0020449325 synchronous_release_1
0.048629 -0.0250000004 0.0254680164 0.0240079183 synchronous_release_0
0.046738 -0.0250000004 -0.00190191931 0.0349482861 synchronous_release_0
0.042745 -0.0250000004 0.0293151439 0.0191212535 synchronous_release_1
0.046354 -0.0250000004 0.00446267801 -0.0347143271 synchronous_release_0
0.006787 -0.0250000004 0.00099569023 -9.27413909e-05 synchronous_release_0
0.047864 -0.0250000004 0.00324594868 0.0348491581 synchronous_release_0
0.042012 -0.0250000004 0.0347911261 -0.00381805526 synchronous_release_0
0.004322 -0.0250000004 0.0346721852 -0.00477907674 synchronous_release_0
0.052785 -0.0250000004 0.0214748945 0.0276374548 synchronous_release_0
0.010371 -0.0250000004 0.0225035976 -0.0268064935 synchronous_release_0
0.04563 -0.0250000004 0.0344669032 0.00608544047 synchronous_release_1
0.002544 -0.0250000004 0.0262711106 -0.0231263648 synchronous_release_0
0.04274 -0.0250000004 0.0331635747 0.0111882668 synchronous_release_0
0.049529 -0.0250000004 0.000980418045 -0.000196927545 synchronous_release_1
0.04506 -0.0250000004 0.0257192572 0.0237385722 synchronous_release_0
0.046048 -0.0250000004 -0.0222904981 -0.0269839526 synchronous_release_0
0.043129 -0.0250000004 0.0334324086 0.0103573189 synchronous_release_0
0.046624 -0.0250000004 0.0256859056 -0.0237746557 synchronous_release_0
0.003061 -0.0250000004 0.0223159386 -0.0269629168 synchronous_release_0
0.045751 -0.0250000004 -0.019682223 0.0289414944 synchronous_release_0
0.048836 -0.0250000004 0.0349051809 0.00257455795 synchronous_release_0
0.053426 -0.0250000004 0.000826899839 0.000562349229 synchronous_release_0
0.013194 -0.0250000004 -0.000223695854 -0.000974658999 synchronous_release_0
0.04231 -0.0250000004 0.034113065 -0.00782935488 synchronous_release_0
0.044131 -0.0250000004 -0.00971526979 -0.0336245971 synchronous_release_1
0.044844 -0.0250000004 -0.00762915876 0.0341583948 synchronous_release_1
0.044292 -0.0250000004 0.0282473313 -0.0206661142 synchronous_release_0
0.052279 -0.0250000004 -0.000849668703 0.000527316883 synchronous_release_0
0.004925 -0.0250000004 0.0349996327 0.000160354736 synchronous_release_0
0.045931 -0.0250000004 -0.0340164041 0.00823919017 synchronous_release_1
0.005844 -0.0250000004 0.00762825705 -0.0341585962 synchronous_release_0
0.057972 -0.0250000004 0.00154597884 0.0349658398 synchronous_release_0
0.04426 -0.0250000004 0.0310542949 0.0161440629 synchronous_release_1
0.043628 -0.0250000004 0.0135140125 0.0322857781 synchronous_release_1
0.01059 -0.0250000004 0.0306265478 -0.0169415043 synchronous_release_0
0.044544 -0.0250000004 -0.0306265478 0.0169415043 synchronous_release_0
0.04518 -0.0250000004 -0.029985047 -0.0180526163 synchronous_release_0
0.004809 -0.0250000004 0.0349333562 0.00215884772 synchronous_release_0
0.046904 -0.0250000004 0.0155970611 0.0313325978 synchronous_release_0
0.053931 -0.0250000004 0.0193362951 -0.0291737501 synchronous_release_0
0.008082 -0.0250000004 0.0281893277 -0.0207451634 synchronous_release_0
0.042709 -0.0250000004 0.00387117462 0.0347852556 synchronous_release_0
0.048943 -0.0250000004 0.0349785886 0.00122406543 synchronous_release_0
0.042883 -0.0250000004 0.0133323356 -0.0323612241 synchronous_release_0
0.048267 -0.0250000004 -0.0213594744 -0.0277267534 synchronous_release_0
0.043362 -0.0250000004 0.0161210762 0.0310662341 synchronous_release_0
0.049189 -0.0250000004 0.0344256106 0.00631485029 synchronous_release_1
0.003061 -0.0250000004 0.0317249649 -0.0147826454 synchronous_release_0
0.050713 -0.0250000004 -0.00572150197 0.0345291821 synchronous_release_0
0.052434 -0.0250000004 0.0270423979 0.0222195571 synchronous_release_0
0.004406 -0.0250000004 0.0301280559 0.0178129235 synchronous_release_0
0.050706 -0.0250000004 0.000508940673 -0.000860801598 synchronous_release_0
0.060494 -0.0250000004 0.0304904723 -0.0171852 synchronous_release_1
0.009802 -0.0250000004 0.0042034359 0.0347466707 synchronous_release_0
0.046397 -0.0250000004 0.0279897816 -0.0210136176 synchronous_release_1
0.044574 -0.0250000004 0.025908304 -0.0235321012 synchronous_release_0
0.044381 -0.0250000004 0.0286943291 -0.0200408452 synchronous_release_0
0.05724 -0.0250000004 0.0317030456 0.0148295953 synchronous_release_0
0.00247 -0.0250000004 0.00136630849 -0.0349733213 synchronous_release_0
0.055816 -0.0250000004 0.000465811508 0.000884883969 synchronous_release_0
0.042779 -0.0250000004 0.0309709389 -0.0163034028 synchronous_release_1
0.009742 -0.0250000004 0.0349172577 0.00240522644 synchronous_release_2
0.051605 -0.0250000004 0.0232031925 -0.0262032796 synchronous_release_0
0.044123 -0.0250000004 -0.034294302 -0.00699291434 synchronous_release_1
0.042721 -0.0250000004 0.0116310076 -0.0330109022 synchronous_release_0
0.042196 -0.0250000004 -0.0149872252 0.0316288331 synchronous_release_0
0.044663 -0.0250000004 -0.000822678123 0.000568507437 synchronous_release_0
0.003689 -0.0250000004 0.0314320631 0.0153956295 synchronous_release_0
0.019391 -0.0250000004 0.0195316502 0.0290433235 synchronous_release_0
0.010106 -0.0250000004 0.00145416959 0.0349697782 synchronous_release_0
0.056622 -0.0250000004 0.00643666443 -0.0344030428 synchronous_release_1
0.043135 -0.0250000004 0.0305439101 -0.0170900427 synchronous_release_1
0.045473 -0.0250000004 -0.0240938189 0.025386766 synchronous_release_1
0.042318 -0.0250000004 0.044375863 -0.0413011233 synchronous_release_0
0.043279 -0.0250000004 0.0159127611 0.0311734508 synchronous_release_0
0.003064 -0.0250000004 0.0217059933 0.0274563263 synchronous_release_0
0.045008 -0.0250000004 0.0129248795 -0.0325261048 synchronous_release_1
0.042368 -0.0250000004 0.0322628816 0.0135685839 synchronous_release_0
0.043368 -0.0250000004 -0.0297232093 0.0184805527 synchronous_release_0
0.050215 -0.0250000004 0.0297232093 -0.0184805527 synchronous_release_0
0.002459 -0.0250000004 0.033116214 0.0113276816 synchronous_release_1
0.002968 -0.0250000004 0.0300760805 -0.0179005413 synchronous_release_0
0.050329 -0.0250000004 0.0305403638 0.0170963791 synchronous_release_1
0.004038 -0.0250000004 0.0264069604 0.0229711219 synchronous_release_0
0.04213 -0.0250000004 0.0330970553 -0.0113835376 synchronous_release_0
0.004603 -0.0250000004 0.0341013599 -0.00788018107 synchronous_release_0
0.044327 -0.0250000004 0.0102262429 -0.0334727345 synchronous_release_1
0.053327 -0.0250000004 0.0152301748 -0.0315125653 synchronous_release_0
0.044042 -0.0250000004 0.00926571871 -0.0337512438 synchronous_release_0
0.044916 -0.0250000004 0.0245965752 0.0248999697 synchronous_release_0
0.042459 -0.0250000004 0.000649675841 0.000760211353 synchronous_release_1
0.012417 -0.0250000004 0.0082435734 0.0340153421 synchronous_release_0
0.042526 -0.0250000004 0.0335799371 0.00986852706 synchronous_release_0
0.045589 -0.0250000004 0.0253363637 -0.024146815 synchronous_release_0
0.052487 -0.0250000004 -0.0082435734 -0.0340153421 synchronous_release_0
0.042643 -0.0250000004 0.0188144852 -0.0295129657 synchronous_release_0
0.044439 -0.0250000004 0.0329706505 -0.0117446245 synchronous_release_0
0.060756 -0.0250000004 0.0349998002 -0.000118251974 synchronous_release_0
0.004557 -0.0250000004 0.00204578971 0.0349401595 synchronous_release_0
0.042202 -0.0250000004 0.0567552592 -0.0213035337 synchronous_release_0
0.051685 -0.0250000004 0.0122996009 0.0327676642 synchronous_release_0
0.047458 -0.0250000004 -0.0148235005 -0.0317058959 synchronous_release_1
0.002432 -0.0250000004 -0.0316449868 -0.0149530869 synchronous_release_0
0.009575 -0.0250000004 0.00287274027 0.034881906 synchronous_release_0
0.002455 -0.0250000004 -0.0348818719 0.00287315428 synchronous_release_0
0.003081 -0.0250000004 0.0118342059 -0.0329386031 synchronous_release_0
0.042921 -0.0250000004 -0.00090854775 0.000417781027 synchronous_release_0
0.043971 -0.0250000004 0.0292446719 0.0635983425 synchronous_release_0
0.025 -0.0250000004 0.0349788799 -0.00121571467 synchronous_release_0
0.052969 -0.0250000004 0.00306550035 -0.0348654945 synchronous_release_0
0.002427 -0.0250000004 0.0286616538 0.0200875484 synchronous_release_1
0.049785 -0.0250000004 0.0344280529 0.00630152144 synchronous_release_0
0.042928 -0.0250000004 0.034577437 -0.00542225535 synchronous_release_1
0.046855 -0.0250000004 0.0136546676 0.0322265427 synchronous_release_0
0.042625 -0.0250000004 -0.00547539631 -0.0345690618 synchronous_release_0
0.045018 -0.0250000004 0.00534842092 0.0345889346 synchronous_release_1
0.0513 -0.0250000004 0.000788384068 0.000615183355 synchronous_release_0
0.003312 -0.0250000004 0.000154296523 -0.000988024586 synchronous_release_0
0.044286 -0.0250000004 0.0219672951 -0.0272477145 synchronous_release_0
0.003734 -0.0250000004 0.0255075964 -0.0239658617 synchronous_release_0
0.04279 -0.0250000004 -0.00691974617 -0.0343091404 synchronous_release_0
0.043123 -0.0250000004 0.0166457217 0.0307883086 synchronous_release_0
0.043541 -0.0250000004 -0.000258959 0.000965888315 synchronous_release_0
0.045317 -0.0250000004 0.0129368443 0.0325213477 synchronous_release_0
0.003638 -0.0250000004 -0.000559558677 -0.000828790738 synchronous_release_0
0.046842 -0.0250000004 -0.000127992039 0.034999766 synchronous_release_1
0.003117 -0.0250000004 0.0181904658 0.0299016213 synchronous_release_0
0.042504 -0.0250000004 0.0659036779 -0.023594602 synchronous_release_0
0.045331 -0.0250000004 0.0596445208 0.0108411781 synchronous_release_0
0.04759 -0.0250000004 0.0264415101 -0.0229313441 synchronous_release_0
0.002671 -0.0250000004 0.0333329054 -0.0106732101 synchronous_release_0
0.005139 -0.0250000004 0.0347638515 0.00405889496 synchronous_release_1
0.002445 -0.0250000004 0.033089759 -0.0114047293 synchronous_release_1
0.050284 -0.0250000004 0.0151200034 0.0315655745 synchronous_release_1
0.003627 -0.0250000004 0.0123959961 0.0327313196 synchronous_release_0
0.008228 -0.0250000004 0.0345441523 0.00563041222 synchronous_release_0
0.064038 -0.0250000004 0.0221481562 -0.0271009073 synchronous_release_1
0.042659 -0.0250000004 0.0338955821 -0.00872293019 synchronous_release_0
0.055927 -0.0250000004 0.0245020702 0.0249929701 synchronous_release_0
0.006344 -0.0250000004 -0.0278397002 0.0212120506 synchronous_release_0
0.042804 -0.0250000004 0.0322900248 0.0135038623 synchronous_release_0
0.048682 -0.0250000004 -0.00445032458 -0.0347159129 synchronous_release_0
0.002543 -0.0250000004 0.00406997884 -0.0347625556 synchronous_release_0
0.044417 -0.0250000004 -0.00336017195 -0.0348383301 synchronous_release_0
0.049158 -0.0250000004 0.0284907929 -0.0203291593 synchronous_release_0
0.044341 -0.0250000004 0.0349986203 0.000310772379 synchronous_release_0
0.058005 -0.0250000004 0.0177684469 -0.0301543081 synchronous_release_1
0.002556 -0.0250000004 0.0106126646 -0.0333522316 synchronous_release_0
0.06079 -0.0250000004 0.0341902121 -0.00748527866 synchronous_release_0
0.043968 -0.0250000004 -0.0106126646 0.0333522316 synchronous_release_1
0.004 -0.0250000004 0.0215464242 0.0275817259 synchronous_release_0
0.043989 -0.0250000004 0.023890677 -0.0255780287 synchronous_release_0
0.043842 -0.0250000004 0.00685752228 0.0343216315 synchronous_release_0
0.049307 -0.0250000004 -0.000564998616 0.000825091852 synchronous_release_0
0.043531 -0.0250000004 0.0577564296 0.0395499031 synchronous_release_1
0.050809 -0.0250000004 0.0315647178 -0.0151217919 synchronous_release_1
0.050257 -0.0250000004 -0.00886024317 -0.0338599482 synchronous_release_0
0.044211 -0.0250000004 0.0235410849 -0.0259001413 synchronous_release_0
0.042823 -0.0250000004 0.0349645435 0.0015750229 synchronous_release_1
0.045375 -0.0250000004 0.0253004664 0.0241844248 synchronous_release_0
0.004085 -0.0250000004 -0.00886346142 0.0338591059 synchronous_release_0
0.051889 -0.0250000004 0.0337545766 -0.00925357019 synchronous_release_0
0.007921 -0.0250000004 0.0275683163 0.0215635789 synchronous_release_0
0.042376 -0.0250000004 0.0324587653 -0.0130930728 synchronous_release_0
0.057026 -0.0250000004 -0.000616102255 0.00078766618 synchronous_release_0
0.002426 -0.0250000004 0.00133263942 -0.0349746204 synchronous_release_0
0.04296 -0.0250000004 0.0570869823 -0.0405102019 synchronous_release_0
0.003424 -0.0250000004 -0.00110873805 -0.0349824342 synchronous_release_0
0.047925 -0.0250000004 0.0297413076 -0.0184514124 synchronous_release_1
0.003114 -0.0250000004 0.0276587241 -0.0214474935 synchronous_release_1
0.002991 -0.0250000004 0.0328425705 0.0120981636 synchronous_release_0
0.050398 -0.0250000004 -0.0276170552 0.0215011223 synchronous_release_0
0.004743 -0.0250000004 0.0349917454 0.000760103347 synchronous_release_0
0.045508 -0.0250000004 0.0168376039 0.0306837921 synchronous_release_0
0.007954 -0.0250000004 0.0305311138 0.0171128926 synchronous_release_0
0.047126 -0.0250000004 0.0300857566 -0.0178842739 synchronous_release_0
0.042875 -0.0250000004 0.0342786733 -0.00706912704 synchronous_release_0
0.043538 -0.0250000004 0.0132793056 -0.0323830209 synchronous_release_0
0.004074 -0.0250000004 0.031368062 0.0155256139 synchronous_release_0
0.044435 -0.0250000004 0.029129607 -0.0194027316 synchronous_release_2
0.044613 -0.0250000004 0.0349999992 7.55866085e-06 synchronous_release_0
0.003345 -0.0250000004 0.0328480162 0.0120833699 synchronous_release_0
0.042379 -0.0250000004 -0.00595950281 -0.0344889015 synchronous_release_0
0.042552 -0.0250000004 0.0139310957 0.0321080141 synchronous_release_0
0.049153 -0.0250000004 0.0219230579 -0.0272833196 synchronous_release_0
0.043368 -0.0250000004 0.0345895769 0.00534426529 synchronous_release_1
0.011554 -0.0250000004 -0.0347550823 0.00413331074 synchronous_release_0
0.002884 -0.0250000004 0.0330005598 0.0116603195 synchronous_release_0
0.015613 -0.0250000004 -0.000333151986 0.000942873138 synchronous_release_0
0.046647 -0.0250000004 0.00288977684 -0.0348804987 synchronous_release_0
0.005005 -0.0250000004 0.0267100377 -0.0226179992 synchronous_release_0
0.046175 -0.0250000004 -0.0260419212 0.0233841472 synchronous_release_0
0.002996 -0.0250000004 0.0344844732 0.00598507378 synchronous_release_0
0.058304 -0.0250000004 -0.0120590107 -0.0328569667 synchronous_release_0
0.043985 -0.0250000004 0.0224254625 -0.0268718929 synchronous_release_1
0.009248 -0.0250000004 0.0301094391 -0.0178443738 synchronous_release_0
0.042595 -0.0250000004 0.0305084006 0.0171533522 synchronous_release_0
0.043108 -0.0250000004 0.0311162008 -0.0160244203 synchronous_release_0
0.042884 -0.0250000004 0.00997717467 0.0335478164 synchronous_release_0
0.051361 -0.0250000004 0.0293653413 0.0190440734 synchronous_release_1
0.005367 -0.0250000004 -0.0313750704 0.0155114461 synchronous_release_0
0.026857 -0.0250000004 0.0313750704 -0.0155114461 synchronous_release_0
0.002105 -0.0250000004 0.00446413904 -0.0347141392 synchronous_release_0
0.042841 -0.0250000004 -0.032295396 0.0134910118 synchronous_release_1
0.008392 -0.0250000004 0.0347099995 -0.0044962134 synchronous_release_0
0.048072 -0.0250000004 0.0134611647 -0.032307848 synchronous_release_0
0.054873 -0.0250000004 -0.00425503476 -0.0347403897 synchronous_release_0
0.007895 -0.0250000004 0.000903317821 0.000428971927 synchronous_release_0
0.048099 -0.0250000004 0.034887375 -0.00280554136 synchronous_release_0
0.042869 -0.0250000004 0.032792015 0.0122345312 synchronous_release_1
0.01268 -0.0250000004 0.0321442119 0.0138473694 synchronous_release_0
0.042307 -0.0250000004 -0.0321442119 -0.0138473694 synchronous_release_0
0.043774 -0.0250000004 -0.0348012288 0.00372484541 synchronous_release_0
0.042955 -0.0250000004 0.0341025517 -0.00787502155 synchronous_release_0
0.004768 -0.0250000004 -0.0313708481 0.0155199835 synchronous_release_0
0.047993 -0.0250000004 0.029126124 0.0194079597 synchronous_release_0
0.05835 -0.0250000004 0.0349821693 -0.00111706373 synchronous_release_0
0.002366 -0.0250000004 0.00969568615 0.0336302493 synchronous_release_0
0.044173 -0.0250000004 0.0158389677 0.0312110093 synchronous_release_0
0.053014 -0.0250000004 0.0335080101 0.0101100573 synchronous_release_0
0.042643 -0.0250000004 0.0318578513 -0.014494044 synchronous_release_0
0.044237 -0.0250000004 0.000199246952 -0.0349994329 synchronous_release_0
0.00282 -0.0250000004 0.027411883 -0.0217620925 synchronous_release_0
0.043442 -0.0250000004 0.00514058339 0.0346204333 synchronous_release_0
0.049422 -0.0250000004 0.0325524664 0.0128583409 synchronous_release_0
0.053721 -0.0250000004 -0.027411883 0.0217620925 synchronous_release_0
0.053795 -0.0250000004 0.00721695929 -0.0342478539 synchronous_release_1
0.002745 -0.0250000004 0.0346726726 0.00477553941 synchronous_release_0
0.004498 -0.0250000004 0.0349768732 -0.00127214028 synchronous_release_0
0.043693 -0.0250000004 0.0349956625 -0.000551003226 synchronous_release_1
0.052593 -0.0250000004 0.0349954864 0.000562074879 synchronous_release_0
0.043098 -0.0250000004 0.0152878503 -0.0314846253 synchronous_release_1
0.002341 -0.0250000004 0.0349452676 -0.00195659646 synchronous_release_0
0.049573 -0.0250000004 0.0191670961 0.0292851913 synchronous_release_0
0.043388 -0.0250000004 -0.0249491397 0.0245466989 synchronous_release_0
0.003642 -0.0250000004 0.0249491397 -0.0245466989 synchronous_release_1
0.051189 -0.0250000004 0.000172517313 0.0349995748 synchronous_release_0
