0.000050 0.103
0.000100 0.098
0.000150 0.065
0.000200 0.080
0.000250 0.069
0.000300 0.067
0.000350 0.113
0.000400 0.100
0.000450 0.095
0.000500 0.087
0.000550 0.057
0.000600 0.120
0.000650 0.109
0.000700 0.073
0.000750 0.089
0.000800 0.110
0.000850 0.122
0.000900 0.117
0.000950 0.075
0.001000 0.081
0.001050 0.098
0.001100 0.088
0.001150 0.105
0.001200 0.101
0.001250 0.098
0.001300 0.087
0.001350 0.099
0.001400 0.104
0.001450 0.096
0.001500 0.098
0.001550 0.070
0.001600 0.123
0.001650 0.086
0.001700 0.078
0.001750 0.100
0.001800 0.103
0.001850 0.096
0.001900 0.118
0.001950 0.109
0.002000 0.097
0.002050 0.087
0.002100 0.139
0.002150 0.204
0.002200 0.181
0.002250 0.309
0.002300 0.369
0.002350 0.423
0.002400 0.536
0.002450 0.569
0.002500 0.731
0.002550 0.918
0.002600 1.314
0.002650 1.765
0.002700 2.366
0.002750 2.941
0.002800 3.779
0.002850 4.576
0.002900 5.692
0.002950 6.637
0.003000 8.387
0.003050 9.473
0.003100 10.451
0.003150 11.628
0.003200 12.178
0.003250 12.534
0.003300 12.728
0.003350 12.210
0.003400 12.088
0.003450 10.940
0.003500 10.325
0.003550 8.863
0.003600 7.871
0.003650 6.241
0.003700 5.746
0.003750 5.073
0.003800 4.256
0.003850 3.948
0.003900 3.635
0.003950 3.109
0.004000 2.939
0.004050 2.626
0.004100 2.451
0.004150 2.159
0.004200 2.246
0.004250 2.098
0.004300 1.957
0.004350 1.851
0.004400 1.760
0.004450 1.814
0.004500 1.624
0.004550 1.584
0.004600 1.469
0.004650 1.526
0.004700 1.369
0.004750 1.336
0.004800 1.421
0.004850 1.273
0.004900 1.196
0.004950 1.146
0.005000 1.141
0.005050 1.260
0.005100 1.109
0.005150 1.199
0.005200 1.240
0.005250 1.222
0.005300 1.101
0.005350 1.253
0.005400 1.087
0.005450 1.238
0.005500 1.144
0.005550 1.169
0.005600 1.157
0.005650 1.038
0.005700 1.106
0.005750 1.017
0.005800 1.078
0.005850 0.989
0.005900 1.057
0.005950 0.950
0.006000 0.955
0.006050 0.989
0.006100 1.023
0.006150 0.979
0.006200 0.955
0.006250 0.957
0.006300 0.973
0.006350 1.037
0.006400 0.991
0.006450 0.875
0.006500 1.017
0.006550 0.956
0.006600 0.823
0.006650 1.081
0.006700 0.931
0.006750 0.852
0.006800 0.925
0.006850 0.813
0.006900 0.986
0.006950 0.879
0.007000 0.952
0.007050 0.758
0.007100 0.856
0.007150 0.998
0.007200 1.064
0.007250 0.874
0.007300 0.860
0.007350 0.915
0.007400 0.852
0.007450 0.857
0.007500 0.893
0.007550 0.842
0.007600 0.817
0.007650 0.833
0.007700 0.932
0.007750 0.779
0.007800 0.807
0.007850 0.879
0.007900 0.800
0.007950 0.775
0.008000 0.712
0.008050 0.818
0.008100 0.937
0.008150 0.803
0.008200 0.810
0.008250 0.845
0.008300 0.866
0.008350 0.787
0.008400 0.878
0.008450 0.874
0.008500 0.763
0.008550 0.724
0.008600 0.681
0.008650 0.872
0.008700 0.832
0.008750 0.801
0.008800 0.908
0.008850 0.697
0.008900 0.796
0.008950 0.859
0.009000 0.880
0.009050 0.832
0.009100 0.755
0.009150 0.710
0.009200 0.861
0.009250 0.827
0.009300 0.791
0.009350 0.758
0.009400 0.759
0.009450 0.701
0.009500 0.688
0.009550 0.733
0.009600 0.805
0.009650 0.666
0.009700 0.740
0.009750 0.735
0.009800 0.761
0.009850 0.769
0.009900 0.770
0.009950 0.755
0.010000 0.787
0.010050 0.690
0.010100 0.799
0.010150 0.749
0.010200 0.713
0.010250 0.666
0.010300 0.682
0.010350 0.720
0.010400 0.655
0.010450 0.688
0.010500 0.672
0.010550 0.657
0.010600 0.730
0.010650 0.666
0.010700 0.689
0.010750 0.627
0.010800 0.737
0.010850 0.662
0.010900 0.796
0.010950 0.690
0.011000 0.696
0.011050 0.737
0.011100 0.637
0.011150 0.668
0.011200 0.753
0.011250 0.577
0.011300 0.679
0.011350 0.726
0.011400 0.634
0.011450 0.652
0.011500 0.746
0.011550 0.630
0.011600 0.643
0.011650 0.683
0.011700 0.625
0.011750 0.662
0.011800 0.701
0.011850 0.611
0.011900 0.626
0.011950 0.699
0.012000 0.643
0.012050 0.683
0.012100 0.668
0.012150 0.588
0.012200 0.598
0.012250 0.697
0.012300 0.594
0.012350 0.708
0.012400 0.702
0.012450 0.614
0.012500 0.591
0.012550 0.551
0.012600 0.607
0.012650 0.530
0.012700 0.620
0.012750 0.624
0.012800 0.617
0.012850 0.578
0.012900 0.572
0.012950 0.598
0.013000 0.674
0.013050 0.589
0.013100 0.648
0.013150 0.619
0.013200 0.608
0.013250 0.621
0.013300 0.617
0.013350 0.590
0.013400 0.640
0.013450 0.739
0.013500 0.653
0.013550 0.635
0.013600 0.514
0.013650 0.571
0.013700 0.641
0.013750 0.569
0.013800 0.556
0.013850 0.650
0.013900 0.640
0.013950 0.617
0.014000 0.622
0.014050 0.640
0.014100 0.621
0.014150 0.606
0.014200 0.626
0.014250 0.619
0.014300 0.606
0.014350 0.558
0.014400 0.630
0.014450 0.568
0.014500 0.587
0.014550 0.554
0.014600 0.505
0.014650 0.508
0.014700 0.585
0.014750 0.536
0.014800 0.499
0.014850 0.691
0.014900 0.603
0.014950 0.571
0.015000 0.587
0.015050 0.578
0.015100 0.546
0.015150 0.610
0.015200 0.597
0.015250 0.642
0.015300 0.610
0.015350 0.568
0.015400 0.575
0.015450 0.590
0.015500 0.575
0.015550 0.600
0.015600 0.532
0.015650 0.575
0.015700 0.654
0.015750 0.566
0.015800 0.583
0.015850 0.542
0.015900 0.450
0.015950 0.538
0.016000 0.553
0.016050 0.597
0.016100 0.574
0.016150 0.609
0.016200 0.468
0.016250 0.492
0.016300 0.573
0.016350 0.693
0.016400 0.550
0.016450 0.494
0.016500 0.638
0.016550 0.540
0.016600 0.626
0.016650 0.594
0.016700 0.532
0.016750 0.537
0.016800 0.541
0.016850 0.599
0.016900 0.625
0.016950 0.689
0.017000 0.520
0.017050 0.512
0.017100 0.514
0.017150 0.429
0.017200 0.508
0.017250 0.513
0.017300 0.574
0.017350 0.453
0.017400 0.565
0.017450 0.524
0.017500 0.498
0.017550 0.536
0.017600 0.489
0.017650 0.490
0.017700 0.450
0.017750 0.486
0.017800 0.542
0.017850 0.550
0.017900 0.606
0.017950 0.532
0.018000 0.477
0.018050 0.483
0.018100 0.463
0.018150 0.505
0.018200 0.485
0.018250 0.456
0.018300 0.560
0.018350 0.548
0.018400 0.499
0.018450 0.487
0.018500 0.477
0.018550 0.541
0.018600 0.489
0.018650 0.611
0.018700 0.512
0.018750 0.551
0.018800 0.496
0.018850 0.540
0.018900 0.428
0.018950 0.508
0.019000 0.469
0.019050 0.440
0.019100 0.480
0.019150 0.495
0.019200 0.434
0.019250 0.456
0.019300 0.577
0.019350 0.512
0.019400 0.667
0.019450 0.549
0.019500 0.426
0.019550 0.524
0.019600 0.486
0.019650 0.449
0.019700 0.536
0.019750 0.454
0.019800 0.476
0.019850 0.466
0.019900 0.470
0.019950 0.456
0.020000 0.545
0.020050 0.440
0.020100 0.471
0.020150 0.517
0.020200 0.441
0.020250 0.513
0.020300 0.504
0.020350 0.424
0.020400 0.441
0.020450 0.530
0.020500 0.588
0.020550 0.485
0.020600 0.459
0.020650 0.570
0.020700 0.483
0.020750 0.509
0.020800 0.500
0.020850 0.501
0.020900 0.500
0.020950 0.484
0.021000 0.473
0.021050 0.469
0.021100 0.509
0.021150 0.493
0.021200 0.451
0.021250 0.508
0.021300 0.435
0.021350 0.488
0.021400 0.413
0.021450 0.500
0.021500 0.518
0.021550 0.482
0.021600 0.484
0.021650 0.447
0.021700 0.524
0.021750 0.448
0.021800 0.446
0.021850 0.463
0.021900 0.491
0.021950 0.551
0.022000 0.531
0.022050 0.562
0.022100 0.550
0.022150 0.633
0.022200 0.665
0.022250 0.725
0.022300 0.813
0.022350 1.084
0.022400 1.012
0.022450 1.357
0.022500 1.638
0.022550 1.894
0.022600 2.409
0.022650 3.039
0.022700 3.893
0.022750 4.920
0.022800 5.785
0.022850 7.027
0.022900 8.752
0.022950 10.452
0.023000 11.583
0.023050 13.367
0.023100 15.055
0.023150 16.461
0.023200 17.145
0.023250 17.742
0.023300 18.011
0.023350 17.832
0.023400 17.141
0.023450 16.088
0.023500 14.785
0.023550 13.074
0.023600 11.867
0.023650 10.651
0.023700 9.315
0.023750 8.172
0.023800 7.636
0.023850 6.756
0.023900 5.879
0.023950 5.441
0.024000 5.181
0.024050 5.149
0.024100 4.557
0.024150 4.248
0.024200 3.856
0.024250 3.562
0.024300 3.495
0.024350 3.372
0.024400 3.448
0.024450 3.024
0.024500 3.076
0.024550 2.800
0.024600 2.741
0.024650 2.693
0.024700 2.529
0.024750 2.293
0.024800 2.279
0.024850 2.295
0.024900 2.314
0.024950 2.291
0.025000 2.252
0.025050 2.092
0.025100 2.067
0.025150 2.196
0.025200 1.909
0.025250 2.007
0.025300 1.967
0.025350 2.134
0.025400 2.058
0.025450 1.961
0.025500 1.983
0.025550 1.937
0.025600 1.847
0.025650 1.867
0.025700 1.618
0.025750 1.783
0.025800 1.640
0.025850 1.809
0.025900 1.793
0.025950 1.686
0.026000 1.697
0.026050 1.552
0.026100 1.633
0.026150 1.747
0.026200 1.706
0.026250 1.676
0.026300 1.584
0.026350 1.584
0.026400 1.610
0.026450 1.421
0.026500 1.420
0.026550 1.643
0.026600 1.485
0.026650 1.504
0.026700 1.532
0.026750 1.474
0.026800 1.561
0.026850 1.609
0.026900 1.520
0.026950 1.520
0.027000 1.407
0.027050 1.388
0.027100 1.556
0.027150 1.541
0.027200 1.601
0.027250 1.502
0.027300 1.446
0.027350 1.402
0.027400 1.318
0.027450 1.435
0.027500 1.520
0.027550 1.397
0.027600 1.340
0.027650 1.406
0.027700 1.482
0.027750 1.300
0.027800 1.430
0.027850 1.470
0.027900 1.450
0.027950 1.442
0.028000 1.365
0.028050 1.337
0.028100 1.252
0.028150 1.327
0.028200 1.487
0.028250 1.308
0.028300 1.304
0.028350 1.340
0.028400 1.401
0.028450 1.317
0.028500 1.372
0.028550 1.206
0.028600 1.309
0.028650 1.284
0.028700 1.289
0.028750 1.250
0.028800 1.414
0.028850 1.205
0.028900 1.287
0.028950 1.242
0.029000 1.123
0.029050 1.365
0.029100 1.262
0.029150 1.167
0.029200 1.276
0.029250 1.290
0.029300 1.197
0.029350 1.090
0.029400 1.368
0.029450 1.245
0.029500 1.215
0.029550 1.216
0.029600 1.279
0.029650 1.276
0.029700 1.117
0.029750 1.296
0.029800 1.289
0.029850 1.242
0.029900 1.167
0.029950 1.241
0.030000 1.231
0.030050 1.449
0.030100 1.193
0.030150 1.177
0.030200 1.167
0.030250 1.134
0.030300 1.203
0.030350 1.204
0.030400 1.136
0.030450 1.248
0.030500 1.092
0.030550 1.247
0.030600 1.204
0.030650 1.201
0.030700 1.102
0.030750 1.112
0.030800 1.233
0.030850 1.112
0.030900 1.088
0.030950 1.218
0.031000 1.012
0.031050 1.172
0.031100 1.228
0.031150 1.102
0.031200 0.997
0.031250 1.138
0.031300 1.172
0.031350 1.149
0.031400 1.148
0.031450 1.104
0.031500 1.157
0.031550 0.996
0.031600 0.982
0.031650 0.960
0.031700 1.078
0.031750 0.969
0.031800 1.107
0.031850 1.095
0.031900 0.961
0.031950 1.026
0.032000 0.929
0.032050 1.053
0.032100 1.155
0.032150 1.025
0.032200 1.136
0.032250 1.106
0.032300 1.083
0.032350 1.086
0.032400 1.040
0.032450 0.951
0.032500 1.063
0.032550 1.017
0.032600 1.063
0.032650 1.045
0.032700 1.086
0.032750 0.964
0.032800 1.219
0.032850 1.068
0.032900 1.032
0.032950 1.055
0.033000 0.975
0.033050 1.020
0.033100 1.032
0.033150 1.016
0.033200 1.137
0.033250 0.965
0.033300 0.997
0.033350 1.029
0.033400 1.104
0.033450 0.905
0.033500 0.989
0.033550 1.013
0.033600 1.008
0.033650 0.942
0.033700 0.990
0.033750 0.989
0.033800 0.967
0.033850 1.051
0.033900 0.970
0.033950 0.974
0.034000 1.005
0.034050 0.945
0.034100 0.914
0.034150 0.986
0.034200 1.115
0.034250 0.975
0.034300 0.821
0.034350 0.962
0.034400 1.005
0.034450 0.973
0.034500 0.941
0.034550 0.851
0.034600 0.838
0.034650 1.026
0.034700 0.953
0.034750 0.875
0.034800 0.874
0.034850 0.833
0.034900 0.960
0.034950 0.876
0.035000 0.964
0.035050 0.885
0.035100 0.802
0.035150 0.981
0.035200 1.009
0.035250 0.945
0.035300 0.890
0.035350 0.931
0.035400 1.046
0.035450 0.954
0.035500 0.942
0.035550 0.832
0.035600 0.850
0.035650 0.865
0.035700 0.841
0.035750 0.868
0.035800 0.924
0.035850 0.939
0.035900 0.955
0.035950 0.846
0.036000 1.068
0.036050 0.904
0.036100 0.841
0.036150 0.932
0.036200 0.869
0.036250 0.872
0.036300 0.955
0.036350 0.855
0.036400 0.853
0.036450 0.840
0.036500 0.965
0.036550 0.740
0.036600 0.831
0.036650 0.802
0.036700 0.862
0.036750 0.877
0.036800 0.878
0.036850 0.826
0.036900 0.838
0.036950 0.822
0.037000 0.993
0.037050 0.845
0.037100 0.985
0.037150 0.842
0.037200 0.722
0.037250 0.771
0.037300 0.892
0.037350 0.905
0.037400 0.935
0.037450 0.807
0.037500 0.829
0.037550 0.966
0.037600 0.818
0.037650 0.848
0.037700 0.811
0.037750 0.919
0.037800 0.792
0.037850 0.928
0.037900 0.786
0.037950 0.767
0.038000 0.859
0.038050 0.723
0.038100 0.752
0.038150 0.818
0.038200 0.834
0.038250 0.854
0.038300 0.840
0.038350 0.813
0.038400 0.866
0.038450 0.929
0.038500 0.872
0.038550 0.705
0.038600 0.945
0.038650 0.846
0.038700 0.857
0.038750 0.912
0.038800 0.793
0.038850 0.839
0.038900 0.776
0.038950 0.776
0.039000 0.803
0.039050 0.811
0.039100 0.797
0.039150 0.862
0.039200 0.781
0.039250 0.851
0.039300 0.775
0.039350 0.866
0.039400 0.753
0.039450 0.814
0.039500 0.755
0.039550 0.826
0.039600 0.771
0.039650 0.832
0.039700 0.727
0.039750 0.786
0.039800 0.771
0.039850 0.717
0.039900 0.758
0.039950 0.870
0.040000 0.874
0.040050 0.855
0.040100 0.717
0.040150 0.777
0.040200 0.869
0.040250 0.710
0.040300 0.693
0.040350 0.739
0.040400 0.710
0.040450 0.665
0.040500 0.746
0.040550 0.790
0.040600 0.768
0.040650 0.690
0.040700 0.707
0.040750 0.733
0.040800 0.792
0.040850 0.701
0.040900 0.784
0.040950 0.764
0.041000 0.728
0.041050 0.730
0.041100 0.741
0.041150 0.765
0.041200 0.772
0.041250 0.813
0.041300 0.659
0.041350 0.742
0.041400 0.784
0.041450 0.719
0.041500 0.729
0.041550 0.785
0.041600 0.929
0.041650 0.790
0.041700 0.720
0.041750 0.707
0.041800 0.717
0.041850 0.832
0.041900 0.836
0.041950 0.772
0.042000 0.778
0.042050 0.730
0.042100 0.863
0.042150 0.747
0.042200 0.734
0.042250 0.736
0.042300 0.643
0.042350 0.773
0.042400 0.691
0.042450 0.835
0.042500 0.723
0.042550 0.725
0.042600 0.747
0.042650 0.795
0.042700 0.712
0.042750 0.690
0.042800 0.703
0.042850 0.750
0.042900 0.739
0.042950 0.689
0.043000 0.736
0.043050 0.649
0.043100 0.701
0.043150 0.712
0.043200 0.620
0.043250 0.726
0.043300 0.762
0.043350 0.712
0.043400 0.726
0.043450 0.706
0.043500 0.733
0.043550 0.698
0.043600 0.642
0.043650 0.598
0.043700 0.763
0.043750 0.712
0.043800 0.703
0.043850 0.586
0.043900 0.696
0.043950 0.682
0.044000 0.701
0.044050 0.752
0.044100 0.692
0.044150 0.787
0.044200 0.634
0.044250 0.661
0.044300 0.771
0.044350 0.726
0.044400 0.708
0.044450 0.693
0.044500 0.710
0.044550 0.648
0.044600 0.788
0.044650 0.717
0.044700 0.754
0.044750 0.618
0.044800 0.663
0.044850 0.732
0.044900 0.699
0.044950 0.574
0.045000 0.706
0.045050 0.713
0.045100 0.762
0.045150 0.793
0.045200 0.656
0.045250 0.622
0.045300 0.598
0.045350 0.605
0.045400 0.738
0.045450 0.731
0.045500 0.589
0.045550 0.820
0.045600 0.675
0.045650 0.683
0.045700 0.679
0.045750 0.630
0.045800 0.687
0.045850 0.678
0.045900 0.704
0.045950 0.686
0.046000 0.606
0.046050 0.625
0.046100 0.672
0.046150 0.697
0.046200 0.617
0.046250 0.735
0.046300 0.745
0.046350 0.718
0.046400 0.650
0.046450 0.636
0.046500 0.698
0.046550 0.685
0.046600 0.717
0.046650 0.732
0.046700 0.690
0.046750 0.609
0.046800 0.675
0.046850 0.591
0.046900 0.700
0.046950 0.743
0.047000 0.575
0.047050 0.551
0.047100 0.598
0.047150 0.622
0.047200 0.562
0.047250 0.619
0.047300 0.727
0.047350 0.707
0.047400 0.660
0.047450 0.502
0.047500 0.651
0.047550 0.658
0.047600 0.798
0.047650 0.670
0.047700 0.663
0.047750 0.643
0.047800 0.662
0.047850 0.529
0.047900 0.779
0.047950 0.625
0.048000 0.723
0.048050 0.656
0.048100 0.612
0.048150 0.598
0.048200 0.617
0.048250 0.738
0.048300 0.573
0.048350 0.688
0.048400 0.657
0.048450 0.723
0.048500 0.645
0.048550 0.646
0.048600 0.668
0.048650 0.600
0.048700 0.675
0.048750 0.653
0.048800 0.556
0.048850 0.652
0.048900 0.665
0.048950 0.535
0.049000 0.515
0.049050 0.597
0.049100 0.659
0.049150 0.544
0.049200 0.584
0.049250 0.619
0.049300 0.688
0.049350 0.651
0.049400 0.573
0.049450 0.639
0.049500 0.532
0.049550 0.528
0.049600 0.620
0.049650 0.649
0.049700 0.659
0.049750 0.648
0.049800 0.667
0.049850 0.600
0.049900 0.726
0.049950 0.576
0.050000 0.551
