0.332653 -0.0250000004 0.0167293798 -0.0307429318 asynchronous_release_0
0.375185 -0.0250000004 -0.00153009023 -0.0606024655 asynchronous_release_0
0.490018 -0.0250000004 0.000515146974 0.000857101858 asynchronous_release_0
0.312206 -0.0250000004 -0.000988605444 0.000150529987 asynchronous_release_0
0.523533 -0.0250000004 0.0171054642 -0.0305352762 asynchronous_release_0
0.558074 -0.0250000004 -0.034997057 0.00045387154 asynchronous_release_0
0.242781 -0.0250000004 -0.0336284783 -0.009701827 asynchronous_release_0
0.482693 -0.0250000004 0.0192301097 0.029243852 asynchronous_release_0
0.348094 -0.0250000004 -0.0603960849 0.00522617697 asynchronous_release_0
0.567846 -0.0250000004 0.00301733468 0.0348696959 asynchronous_release_0
0.512888 -0.0250000004 -0.00301733468 -0.0348696959 asynchronous_release_1
0.454173 -0.0250000004 -0.0265406872 -0.0228164836 asynchronous_release_0
0.56389 -0.0250000004 0.0265406872 0.0228164836 asynchronous_release_0
0.565775 -0.0250000004 0.0183978031 0.0297744998 asynchronous_release_0
0.574845 -0.0250000004 0.0367956063 0.0595489996 asynchronous_release_1
0.147598 -0.0250000004 0.0343261253 -0.00683499257 asynchronous_release_0
0.460257 -0.0250000004 -0.0574084651 -0.0194748077 asynchronous_release_0
0.536126 -0.0250000004 -0.0340620541 0.008048383 asynchronous_release_0
0.511528 -0.0250000004 0.0447635662 -0.0538165694 asynchronous_release_0
0.586295 -0.0250000004 -0.00889490824 -0.0338508583 asynchronous_release_0
0.285039 -0.0250000004 0.00096602336 -0.00025845477 asynchronous_release_0
0.385109 -0.0250000004 -0.00904591696 -0.0338108176 asynchronous_release_0
0.470611 -0.0250000004 0.0183189093 -0.0577876939 asynchronous_release_0
0.492889 -0.0250000004 -0.0148962312 -0.0316717902 asynchronous_release_0
0.168394 -0.0250000004 -0.0241232155 -0.0253588342 asynchronous_release_0
0.262067 -0.0250000004 -0.000959163845 -0.000282851053 asynchronous_release_0
0.512284 -0.0250000004 0.0241232155 0.0253588342 asynchronous_release_0
0.207525 -0.0250000004 0.0307864295 0.0166491969 asynchronous_release_0
0.529213 -0.0250000004 -0.0298118423 0.0183372316 asynchronous_release_0
0.148278 -0.0250000004 0.0306354232 0.0169254497 asynchronous_release_0
0.437221 -0.0250000004 -0.016536775 0.0308469621 asynchronous_release_0
0.324371 -0.0250000004 0.0134047688 -0.0323312878 asynchronous_release_0
0.349185 -0.0250000004 0.0115348537 -0.0330446236 asynchronous_release_0
0.373422 -0.0250000004 -0.0228500567 -0.0265117881 asynchronous_release_0
0.471072 -0.0250000004 0.0157559524 -0.0312529993 asynchronous_release_0
0.300898 -0.0250000004 0.0169581562 0.0306173307 asynchronous_release_0
0.492556 -0.0250000004 -0.0343021386 -0.0069543719 asynchronous_release_0
0.519128 -0.0250000004 0.0111284066 0.0331837094 asynchronous_release_0
0.548022 -0.0250000004 -0.00516066393 0.0346174457 asynchronous_release_0
0.339189 -0.0250000004 0.0343945775 -0.00648174677 asynchronous_release_0
0.50005 -0.0250000004 -0.0228106461 -0.0265457045 asynchronous_release_0
0.449849 -0.0250000004 -0.0569310092 -0.0407291074 asynchronous_release_0
0.381565 -0.0250000004 0.0318689731 -0.0144695733 asynchronous_release_1
0.258292 -0.0250000004 -0.01839364 0.0577639508 asynchronous_release_0
0.334963 -0.0250000004 0.0333500325 0.010619573 asynchronous_release_0
0.582926 -0.0250000004 -0.0258718363 0.0235721889 asynchronous_release_0
0.504083 -0.0250000004 0.0236779608 -0.0257750688 asynchronous_release_4
0.362167 -0.0250000004 -0.0341609624 0.00761765384 asynchronous_release_0
0.454742 -0.0250000004 0.0104833994 -0.0333930882 asynchronous_release_0
0.474968 -0.0250000004 0.0341609624 -0.00761765384 asynchronous_release_0
0.183316 -0.0250000004 -0.0280209058 0.0209720967 asynchronous_release_0
0.520954 -0.0250000004 -0.0321728214 -0.0137807679 asynchronous_release_0
0.3098 -0.0250000004 -0.0345110503 -0.00582987221 asynchronous_release_0
0.429318 -0.0250000004 0.01376534 -0.0321794253 asynchronous_release_0
0.152319 -0.0250000004 0.0102187384 -0.0334750263 asynchronous_release_0
0.34589 -0.0250000004 0.0320948826 -0.013961322 asynchronous_release_0
0.417054 -0.0250000004 0.0320948826 -0.013961322 asynchronous_release_0
0.333938 -0.0250000004 0.0158055955 0.0312279226 asynchronous_release_0
0.540259 -0.0250000004 0.0175494496 0.0302822856 asynchronous_release_0
0.163984 -0.0250000004 0.0349611063 -0.00164956041 asynchronous_release_0
0.542038 -0.0250000004 0.0189091144 0.029452426 asynchronous_release_0
0.312775 -0.0250000004 -0.0189091144 -0.029452426 asynchronous_release_1
0.428761 -0.0250000004 0.000858549116 -0.000512731329 asynchronous_release_0
0.023217 -0.0250000004 -0.0311586258 -0.0159417702 asynchronous_release_0
0.414103 -0.0250000004 0.00177333491 0.0349550466 asynchronous_release_0
0.358953 -0.0250000004 -0.0348915888 -0.00275264056 asynchronous_release_0
0.027569 -0.0250000004 -0.0315693567 -0.015112105 asynchronous_release_0
0.563079 -0.0250000004 0.0565756195 -0.021776117 asynchronous_release_0
0.419987 -0.0250000004 0.000980441121 -0.000196812621 asynchronous_release_0
0.568235 -0.0250000004 -0.0347222889 0.00440030182 asynchronous_release_0
0.586326 -0.0250000004 0.0211719176 0.0278702333 asynchronous_release_0
0.29363 -0.0250000004 -0.0137571025 0.0321829478 asynchronous_release_0
0.519432 -0.0250000004 0.0347498016 -0.00417747367 asynchronous_release_0
0.514252 -0.0250000004 -0.0273250932 -0.0218709689 asynchronous_release_0
0.493998 -0.0250000004 0.0261703608 0.0232403144 asynchronous_release_0
0.155026 -0.0250000004 0.0327871833 0.0122474737 asynchronous_release_0
0.197732 -0.0250000004 -0.0057869683 -0.0345182705 asynchronous_release_0
0.114314 -0.0250000004 0.000970649179 -0.000240499837 asynchronous_release_0
0.193387 -0.0250000004 -0.0317233081 0.0147862005 asynchronous_release_0
0.449 -0.0250000004 0.034895958 -0.00269668543 asynchronous_release_0
0.270706 -0.0250000004 -0.0015641634 0.034965031 asynchronous_release_0
0.519866 -0.0250000004 -0.000999000886 -4.4690383e-05 asynchronous_release_0
0.593551 -0.0250000004 -0.0326268502 0.0510929413 asynchronous_release_0
0.189527 -0.0250000004 -0.0338967006 0.00871858312 asynchronous_release_0
0.373578 -0.0250000004 0.0153378975 -0.031460275 asynchronous_release_0
0.368259 -0.0250000004 -0.0277700101 0.0213032049 asynchronous_release_0
0.190992 -0.0250000004 0.0265881601 0.0227611454 asynchronous_release_0
0.573926 -0.0250000004 0.0660116205 -0.0232908987 asynchronous_release_0
0.431588 -0.0250000004 0.0295306189 0.0187867652 asynchronous_release_0
0.510205 -0.0250000004 -0.0343615041 -0.00665485054 asynchronous_release_0
0.124758 -0.0250000004 0.0330478214 -0.0115256886 asynchronous_release_0
0.293181 -0.0250000004 -0.00605808525 0.0344717218 asynchronous_release_0
0.306256 -0.0250000004 0.0324323624 0.0131583383 asynchronous_release_0
0.331067 -0.0250000004 0.0227909105 -0.0561744995 asynchronous_release_1
0.510231 -0.0250000004 0.000425120778 0.000905136633 asynchronous_release_4
0.362058 -0.0250000004 0.0288402156 -0.0198303294 asynchronous_release_0
0.422633 -0.0250000004 -0.034980412 -0.00117080116 asynchronous_release_0
0.515084 -0.0250000004 0.0185041496 -0.0297085249 asynchronous_release_0
0.524761 -0.0250000004 -0.0185041496 0.0297085249 asynchronous_release_0
0.587542 -0.0250000004 0.0319866143 0.0142076213 asynchronous_release_0
0.354465 -0.0250000004 -0.000427910208 -0.000903821251 asynchronous_release_0
0.43056 -0.0250000004 0.0116737682 -0.0594871678 asynchronous_release_0
0.563461 -0.0250000004 -0.000777611082 -0.000628745581 asynchronous_release_0
0.509422 -0.0250000004 0.0167349879 -0.0307398793 asynchronous_release_0
0.452655 -0.0250000004 0.0148304948 -0.0317026249 asynchronous_release_0
0.435845 -0.0250000004 -0.00436302649 -0.0604645681 asynchronous_release_0
0.401601 -0.0250000004 0.0337574208 -0.009243189 asynchronous_release_0
0.520014 -0.0250000004 -0.0288395926 -0.0198312354 asynchronous_release_0
0.344867 -0.0250000004 -0.00068060605 0.000732649578 asynchronous_release_0
0.427176 -0.0250000004 0.0334511421 -0.0102966543 asynchronous_release_0
0.325461 -0.0250000004 -0.00179730836 -0.0349538221 asynchronous_release_0
0.499344 -0.0250000004 0.000221535337 0.0349992989 asynchronous_release_0
0.212973 -0.0250000004 -0.0304210496 -0.0173077942 asynchronous_release_1
0.459899 -0.0250000004 0.0248640041 0.0246329312 asynchronous_release_0
0.260534 -0.0250000004 0.0606140553 -0.000967622929 asynchronous_release_0
0.549179 -0.0250000004 -0.0431635744 0.0425664874 asynchronous_release_0
0.413805 -0.0250000004 -0.00183214734 -0.0349520133 asynchronous_release_0
0.499448 -0.0250000004 -0.00479336038 -0.0346702134 asynchronous_release_0
0.374963 -0.0250000004 0.0177805944 0.0301471469 asynchronous_release_0
0.318098 -0.0250000004 -0.011133544 0.033181986 asynchronous_release_0
0.208837 -0.0250000004 -0.0049530376 -0.0698245474 asynchronous_release_0
0.518112 -0.0250000004 0.0259787798 -0.0234542747 asynchronous_release_0
0.507981 -0.0250000004 0.000400957639 -0.000916096595 asynchronous_release_0
0.565419 -0.0250000004 0.034645918 -0.00496592046 asynchronous_release_0
0.454431 -0.0250000004 -0.0312020709 0.0158565687 asynchronous_release_0
0.19697 -0.0250000004 -0.0133271465 -0.0323633615 asynchronous_release_0
0.245522 -0.0250000004 0.0346910664 0.0046400333 asynchronous_release_0
0.434947 -0.0250000004 -0.000924667471 0.000380775615 asynchronous_release_0
0.440496 -0.0250000004 -0.026654293 -0.0647267229 asynchronous_release_0
0.299299 -0.0250000004 -0.0176839589 0.0302039335 asynchronous_release_0
0.333138 -0.0250000004 0.000862969527 0.000505255969 asynchronous_release_0
0.340853 -0.0250000004 0.0224612328 -0.0268420011 asynchronous_release_0
0.373306 -0.0250000004 0.0143986186 0.0319010937 asynchronous_release_0
0.057985 -0.0250000004 0.00775555655 -0.0341299186 asynchronous_release_0
0.472728 -0.0250000004 -0.00775555655 0.0341299186 asynchronous_release_0
0.412147 -0.0250000004 0.0250451275 0.0244487544 asynchronous_release_0
0.151742 -0.0250000004 -0.0349587827 0.00169809044 asynchronous_release_0
0.397508 -0.0250000004 -0.000577523299 0.000816374203 asynchronous_release_0
0.535915 -0.0250000004 -0.0198460242 -0.0288294176 asynchronous_release_0
0.487728 -0.0250000004 0.000483529457 0.000875328089 asynchronous_release_0
0.280931 -0.0250000004 0.0321622884 0.0138053325 asynchronous_release_0
0.515176 -0.0250000004 -0.0604592363 -0.00443629861 asynchronous_release_0
0.569115 -0.0250000004 -0.0322708335 0.0135496607 asynchronous_release_0
0.481919 -0.0250000004 0.0230679566 -0.0263224121 asynchronous_release_0
0.404991 -0.0250000004 0.0376773832 -0.0474912076 asynchronous_release_0
0.337141 -0.0250000004 0.0289030337 0.0197386586 asynchronous_release_0
0.311245 -0.0250000004 0.0641896313 0.0279229518 asynchronous_release_1
0.589727 -0.0250000004 0.000398899312 -0.000916994732 asynchronous_release_1
0.526332 -0.0250000004 0.034995796 0.000542461341 asynchronous_release_0
0.129049 -0.0250000004 -0.00376604377 0.0347967946 asynchronous_release_0
0.537251 -0.0250000004 0.0177571775 -0.0579627695 asynchronous_release_0
0.391887 -0.0250000004 -0.0275160551 0.0216302268 asynchronous_release_0
0.564299 -0.0250000004 -0.0324903535 -0.0130144893 asynchronous_release_1
0.159334 -0.0250000004 0.0313244588 -0.0156134007 asynchronous_release_0
0.341819 -0.0250000004 -0.0096666625 -0.0336386034 asynchronous_release_0
0.405188 -0.0250000004 0.000961102953 -0.000276190357 asynchronous_release_0
0.381706 -0.0250000004 0.0321697232 -0.0137879988 asynchronous_release_0
0.470887 -0.0250000004 -0.0321697232 0.0137879988 asynchronous_release_0
0.14944 -0.0250000004 0.0343828239 -0.00654380792 asynchronous_release_0
0.11334 -0.0250000004 -0.0348283658 -0.00346192625 asynchronous_release_1
0.463025 -0.0250000004 0.0173442806 0.030400262 asynchronous_release_0
0.568977 -0.0250000004 0.034938727 0.0020701102 asynchronous_release_1
0.512405 -0.0250000004 0.0696805578 0.00667981016 asynchronous_release_0
0.437229 -0.0250000004 -0.0231270388 -0.0262705173 asynchronous_release_0
0.382316 -0.0250000004 -0.0182306782 0.0298771212 asynchronous_release_0
0.22503 -0.0250000004 0.00621656935 0.0344434938 asynchronous_release_0
0.206129 -0.0250000004 0.0282232628 -0.0206989719 asynchronous_release_0
0.233612 -0.0250000004 -0.0320374669 -0.0140925766 asynchronous_release_0
0.162469 -0.0250000004 0.0202871748 -0.0571264434 asynchronous_release_0
0.260714 -0.0250000004 0.0266345711 -0.0227068188 asynchronous_release_0
0.59914 -0.0250000004 -0.0329819675 -0.0117128058 asynchronous_release_0
0.353454 -0.0250000004 0.000777709986 -0.00062862324 asynchronous_release_0
0.508932 -0.0250000004 -0.00384695034 0.0347879429 asynchronous_release_0
0.525803 -0.0250000004 0.000993941226 0.000109912867 asynchronous_release_0
0.455729 -0.0250000004 -0.00077108977 0.000636726446 asynchronous_release_0
0.183886 -0.0250000004 0.0290376636 0.0195400638 asynchronous_release_0
0.500661 -0.0250000004 0.00991373369 0.0335666186 asynchronous_release_0
0.554146 -0.0250000004 -0.0340264113 -0.00819776408 asynchronous_release_0
0.206514 -0.0250000004 0.0112200405 -0.0331528384 asynchronous_release_0
0.305435 -0.0250000004 0.0574224005 0.0194336802 asynchronous_release_0
0.392285 -0.0250000004 -0.000751235979 0.000660033714 asynchronous_release_0
0.30422 -0.0250000004 0.0172726213 -0.0304410341 asynchronous_release_0
0.378526 -0.0250000004 -0.0343328593 0.00680108632 asynchronous_release_0
0.590561 -0.0250000004 0.0145478272 -0.0318333273 asynchronous_release_0
0.245539 -0.0250000004 -0.0223611271 0.0269254525 asynchronous_release_0
0.163809 -0.0250000004 0.0348974412 -0.00267742393 asynchronous_release_0
0.331942 -0.0250000004 -0.000901736644 -0.000432285813 asynchronous_release_0
0.509128 -0.0250000004 -0.0458074652 -0.0397073813 asynchronous_release_0
0.509997 -0.0250000004 -0.0339586354 0.00847414176 asynchronous_release_0
0.557271 -0.0250000004 -0.00964049569 0.0336461119 asynchronous_release_0
0.47693 -0.0250000004 -0.0307904323 0.016641793 asynchronous_release_0
0.583004 -0.0250000004 -0.0298074317 -0.0183444001 asynchronous_release_0
0.415789 -0.0250000004 -0.0345372942 0.00567232864 asynchronous_release_0
0.335376 -0.0250000004 0.0309647472 0.0163151595 asynchronous_release_0
0.414839 -0.0250000004 -0.000999252499 3.86580298e-05 asynchronous_release_0
0.218791 -0.0250000004 -0.00823029047 0.0340185584 asynchronous_release_0
0.529195 -0.0250000004 0.0253457906 0.0241369198 asynchronous_release_0
0.330575 -0.0250000004 0.0278352619 -0.0212178744 asynchronous_release_0
0.380887 -0.0250000004 0.00445758734 0.0347149811 asynchronous_release_0
0.405751 -0.0250000004 0.0322928492 0.0134971067 asynchronous_release_0
0.552292 -0.0250000004 0.0632589149 0.0299718148 asynchronous_release_0
0.079242 -0.0250000004 0.0304175556 -0.0173139341 asynchronous_release_0
0.435684 -0.0250000004 0.0289257381 0.0197053718 asynchronous_release_0
0.352774 -0.0250000004 -0.000343968952 -0.000938981022 asynchronous_release_0
0.482593 -0.0250000004 -0.0268581727 -0.022441893 asynchronous_release_0
0.3168 -0.0250000004 0.023738284 -0.0257195232 asynchronous_release_0
0.461476 -0.0250000004 -0.0342037736 0.0074230635 asynchronous_release_0
0.484826 -0.0250000004 0.0470608967 0.0518196102 asynchronous_release_0
0.524334 -0.0250000004 -0.0235304484 -0.0259098051 asynchronous_release_0
0.541997 -0.0250000004 0.0106733252 -0.0333328686 asynchronous_release_0
0.338406 -0.0250000004 -0.0329138763 -0.0119028043 asynchronous_release_0
0.351864 -0.0250000004 0.000878864781 0.000477070955 asynchronous_release_1
0.480734 -0.0250000004 -0.0326005391 0.0127359668 asynchronous_release_0
0.352694 -0.0250000004 0.0425659341 0.04316412 asynchronous_release_0
0.571935 -0.0250000004 -0.027838214 0.021214001 asynchronous_release_0
0.128597 -0.0250000004 0.0344804179 0.00600839236 asynchronous_release_0
0.5393 -0.0250000004 0.0182137626 0.0298874363 asynchronous_release_0
0.549359 -0.0250000004 -0.0349901604 0.000829862957 asynchronous_release_0
0.559657 -0.0250000004 0.0553662584 0.024689622 asynchronous_release_0
0.569374 -0.0250000004 -0.000913306405 -0.00040727314 asynchronous_release_0
0.597002 -0.0250000004 0.0142545599 -0.0319657242 asynchronous_release_0
0.145933 -0.0250000004 0.0158794494 -0.0311904326 asynchronous_release_0
0.265501 -0.0250000004 -0.0349514317 0.00184320973 asynchronous_release_0
0.522828 -0.0250000004 0.0190719823 0.0293472229 asynchronous_release_0
0.414656 -0.0250000004 -0.000866425458 0.000499306445 asynchronous_release_0
0.33642 -0.0250000004 0.000543233456 0.000839581689 asynchronous_release_0
0.350461 -0.0250000004 0.0017732095 0.034955053 asynchronous_release_0
0.483434 -0.0250000004 -0.0311585686 -0.015941882 asynchronous_release_0
0.232703 -0.0250000004 0.0402349494 -0.0453447775 asynchronous_release_0
0.521794 -0.0250000004 -0.000315930267 -0.000948782413 asynchronous_release_0
0.539673 -0.0250000004 -0.0332073844 0.0110575593 asynchronous_release_0
0.262924 -0.0250000004 0.0349677218 0.00150280739 asynchronous_release_0
0.568368 -0.0250000004 -0.00260293876 0.0605658708 asynchronous_release_0
0.54491 -0.0250000004 0.00901905235 0.0338179937 asynchronous_release_0
0.175057 -0.0250000004 -0.0349666961 0.00152648721 asynchronous_release_0
0.436711 -0.0250000004 0.000870492361 0.000492181927 asynchronous_release_0
0.548445 -0.0250000004 -0.0349985812 0.000315144479 asynchronous_release_0
0.522567 -0.0250000004 -0.0127588066 0.0325916071 asynchronous_release_0
0.111923 -0.0250000004 0.000914246801 0.000405157731 asynchronous_release_0
0.459401 -0.0250000004 -0.000368566942 0.0349980594 asynchronous_release_0
0.40072 -0.0250000004 -0.000215056934 0.000976601513 asynchronous_release_0
0.337768 -0.0250000004 0.03490819 0.00253343116 asynchronous_release_0
0.200942 -0.0250000004 0.0196481107 -0.0289646637 asynchronous_release_1
0.388562 -0.0250000004 -0.0355047295 -0.0491366888 asynchronous_release_0
0.214671 -0.0250000004 -0.0106372175 -0.0333444089 asynchronous_release_0
0.2083 -0.0250000004 0.0340618741 0.00804914489 asynchronous_release_0
0.321871 -0.0250000004 -0.0100601731 -0.0335230207 asynchronous_release_0
0.529678 -0.0250000004 -0.024001701 0.0254738758 asynchronous_release_0
0.226619 -0.0250000004 -0.0280714562 0.0209043858 asynchronous_release_0
0.261746 -0.0250000004 -0.000989971056 -0.000141270336 asynchronous_release_0
0.315246 -0.0250000004 -0.0275346721 -0.021606523 asynchronous_release_0
0.449748 -0.0250000004 -0.0324791338 0.013042464 asynchronous_release_0
0.58376 -0.0250000004 0.0275346721 0.021606523 asynchronous_release_0
0.513988 -0.0250000004 0.0334543844 0.0102861152 asynchronous_release_0
0.551797 -0.0250000004 0.00781915507 0.0341154044 asynchronous_release_0
0.554754 -0.0250000004 -0.0156383101 -0.0682308087 asynchronous_release_0
0.173738 -0.0250000004 0.0243869303 -0.0251053307 asynchronous_release_0
0.207062 -0.0250000004 0.0127276032 -0.0326038052 asynchronous_release_0
0.318428 -0.0250000004 -0.00451719396 0.0347072753 asynchronous_release_0
0.363659 -0.0250000004 0.0277987851 0.0212656424 asynchronous_release_0
0.511558 -0.0250000004 -0.0232815912 -0.0559729177 asynchronous_release_0
0.205011 -0.0250000004 -0.000947436338 0.000319944347 asynchronous_release_0
0.147931 -0.0250000004 -0.0337655624 -0.00921340304 asynchronous_release_0
0.424659 -0.0250000004 -0.0348407102 0.00333540334 asynchronous_release_0
0.31421 -0.0250000004 0.0291427379 -0.0193830036 asynchronous_release_0
0.416592 -0.0250000004 -0.016711538 -0.030752634 asynchronous_release_0
0.503292 -0.0250000004 0.016711538 0.030752634 asynchronous_release_0
0.341871 -0.0250000004 -0.0349883313 -0.000903700556 asynchronous_release_1
0.559176 -0.0250000004 0.000968980582 -0.000247136869 asynchronous_release_0
0.498334 -0.0250000004 0.00572804052 -0.034528098 asynchronous_release_0
0.324597 -0.0250000004 -0.00543330608 -0.0345757022 asynchronous_release_0
0.537828 -0.0250000004 -0.0326600895 -0.01258247 asynchronous_release_0
0.109927 -0.0250000004 -0.0229589959 0.0264175038 asynchronous_release_0
0.161706 -0.0250000004 0.0229589959 -0.0264175038 asynchronous_release_0
0.408998 -0.0250000004 -0.0242317009 0.025255191 asynchronous_release_1
0.325346 -0.0250000004 0.0310773401 -0.0160996562 asynchronous_release_0
0.41356 -0.0250000004 0.0605587215 0.00276428166 asynchronous_release_0
0.254331 -0.0250000004 0.0115565443 0.0330370441 asynchronous_release_0
0.150731 -0.0250000004 -0.000351949031 0.000936019166 asynchronous_release_0
0.208852 -0.0250000004 -0.0294337596 0.0189381572 asynchronous_release_0
0.223468 -0.0250000004 -0.0324809412 -0.0130379622 asynchronous_release_0
0.265982 -0.0250000004 -0.00494926414 -0.0346483013 asynchronous_release_0
0.478561 -0.0250000004 0.0275316771 -0.0216103391 asynchronous_release_0
0.36406 -0.0250000004 0.0019768471 0.0349441279 asynchronous_release_0
0.529251 -0.0250000004 -0.0292740789 0.0191840638 asynchronous_release_0
0.23808 -0.0250000004 0.0342542963 -0.00718631907 asynchronous_release_0
0.585241 -0.0250000004 -0.0109036133 0.0332582504 asynchronous_release_0
0.22981 -0.0250000004 -0.000999818095 -1.90729135e-05 asynchronous_release_0
0.573576 -0.0250000004 0.000667551972 -0.0349936333 asynchronous_release_0
0.541117 -0.0250000004 -0.0346754786 -0.00475512154 asynchronous_release_0
0.337257 -0.0250000004 -0.0095236052 -0.0336793846 asynchronous_release_0
0.160182 -0.0250000004 0.0147070267 0.0317600908 asynchronous_release_0
0.203436 -0.0250000004 0.0284276845 -0.020417315 asynchronous_release_0
0.322049 -0.0250000004 -0.0241227703 -0.0253592577 asynchronous_release_0
0.340587 -0.0250000004 0.0340231466 -0.00821130306 asynchronous_release_0
0.54675 -0.0250000004 0.000999984806 5.51254576e-06 asynchronous_release_0
0.185802 -0.0250000004 0.00985093131 0.0335851031 asynchronous_release_0
0.285682 -0.0250000004 -0.0340110182 -0.0082613948 asynchronous_release_0
0.342179 -0.0250000004 0.028083584 0.0208880901 asynchronous_release_0
0.248384 -0.0250000004 -0.0288220111 -0.0198567791 asynchronous_release_0
0.385341 -0.0250000004 0.0130448957 -0.0324781572 asynchronous_release_0
0.59671 -0.0250000004 -0.0348862383 0.00281964134 asynchronous_release_0
0.231664 -0.0250000004 -0.0219032988 0.027299185 asynchronous_release_0
0.55707 -0.0250000004 -0.0159893903 -0.0311342159 asynchronous_release_1
0.112679 -0.0250000004 -0.0214924672 -0.0276237915 asynchronous_release_0
0.397762 -0.0250000004 -0.0344926341 -0.005937861 asynchronous_release_1
0.388214 -0.0250000004 -0.0443253564 -0.0413553235 asynchronous_release_0
0.447726 -0.0250000004 0.0341009318 0.00788203355 asynchronous_release_0
0.123051 -0.0250000004 0.0297899303 0.0183728075 asynchronous_release_0
0.136047 -0.0250000004 -0.0212452198 -0.0278143962 asynchronous_release_0
0.4199 -0.0250000004 0.0164761968 -0.030879361 asynchronous_release_0
0.500616 -0.0250000004 -0.0164761968 0.030879361 asynchronous_release_0
0.119653 -0.0250000004 -0.0323436146 0.0133749988 asynchronous_release_0
0.370257 -0.0250000004 -0.0277548961 -0.0213228925 asynchronous_release_0
0.503919 -0.0250000004 0.0230332934 -0.0263527493 asynchronous_release_0
0.562692 -0.0250000004 -0.0113055037 -0.0331237919 asynchronous_release_0
0.299061 -0.0250000004 0.00689146686 0.0343148318 asynchronous_release_0
0.443889 -0.0250000004 0.0057261695 -0.0345284083 asynchronous_release_0
0.541194 -0.0250000004 0.000634948927 -0.000772554115 asynchronous_release_0
0.24274 -0.0250000004 -0.000998878443 4.7348237e-05 asynchronous_release_0
0.260341 -0.0250000004 -0.00165718829 -0.0349607455 asynchronous_release_0
0.28444 -0.0250000004 0.0311054879 0.0160452056 asynchronous_release_0
0.507937 -0.0250000004 0.00165718829 0.0349607455 asynchronous_release_0
0.292896 -0.0250000004 0.0124868834 0.0326967543 asynchronous_release_0
0.510779 -0.0250000004 -0.0249737669 -0.0653935086 asynchronous_release_0
0.332475 -0.0250000004 -0.0306127129 -0.0169664908 asynchronous_release_0
0.37365 -0.0250000004 -0.0299997685 0.0180281416 asynchronous_release_0
0.274544 -0.0250000004 -0.000988773854 -0.000149419763 asynchronous_release_0
0.436011 -0.0250000004 -0.0345165809 -0.00579703764 asynchronous_release_0
0.598613 -0.0250000004 -0.0222786723 0.0269937171 asynchronous_release_0
0.558127 -0.0250000004 -0.0321402368 -0.0138565934 asynchronous_release_0
0.463314 -0.0250000004 0.011881673 0.0329215104 asynchronous_release_0
0.448892 -0.0250000004 0.0264384447 -0.0229348783 asynchronous_release_0
0.530896 -0.0250000004 0.0114067549 0.0330890608 asynchronous_release_0
0.433853 -0.0250000004 -0.000945401736 0.000325907284 asynchronous_release_1
0.249504 -0.0250000004 0.0304468427 -0.0172623802 asynchronous_release_0
0.535301 -0.0250000004 -0.0412656297 -0.0444088708 asynchronous_release_0
0.226836 -0.0250000004 -0.00140916362 -0.0349716208 asynchronous_release_1
0.532943 -0.0250000004 0.0339853019 -0.00836655577 asynchronous_release_0
0.321503 -0.0250000004 0.0295494339 -0.0187571575 asynchronous_release_0
0.566234 -0.0250000004 -0.0310188918 -0.0162119817 asynchronous_release_0
0.339952 -0.0250000004 0.0159706155 -0.0311438508 asynchronous_release_0
0.321291 -0.0250000004 -0.0682014944 0.015765664 asynchronous_release_0
0.350582 -0.0250000004 0.0341007472 -0.007882832 asynchronous_release_0
0.462292 -0.0250000004 -0.05865219 0.01532712 asynchronous_release_0
0.31791 -0.0250000004 0.0349865634 0.000969732824 asynchronous_release_0
0.406853 -0.0250000004 0.0092034072 0.0337682883 asynchronous_release_0
0.131727 -0.0250000004 0.0248708641 0.024626005 asynchronous_release_0
0.213898 -0.0250000004 -0.0349867434 0.000963217676 asynchronous_release_0
0.308761 -0.0250000004 -0.0166592007 0.0307810174 asynchronous_release_0
0.439801 -0.0250000004 -0.0183275427 -0.0298177997 asynchronous_release_1
0.31368 -0.0250000004 -0.0118741053 0.0594475031 asynchronous_release_0
0.498033 -0.0250000004 0.0297003263 0.0185173059 asynchronous_release_0
0.236204 -0.0250000004 0.0230914805 -0.0263017781 asynchronous_release_0
0.546117 -0.0250000004 0.0138438893 -0.0321457109 asynchronous_release_0
0.364446 -0.0250000004 0.0179650962 0.0300375651 asynchronous_release_0
0.418235 -0.0250000004 -0.0520265889 0.0311164595 asynchronous_release_0
0.503107 -0.0250000004 -0.0699916851 0.00107889436 asynchronous_release_0
0.42077 -0.0250000004 0.0579229868 0.01788652 asynchronous_release_0
0.567162 -0.0250000004 -0.00022221903 -0.000974996771 asynchronous_release_1
0.519327 -0.0250000004 -0.00774825114 -0.0341315778 asynchronous_release_0
0.521767 -0.0250000004 0.033432939 0.0103556066 asynchronous_release_0
0.424557 -0.0250000004 0.000967754225 0.000251896329 asynchronous_release_0
0.548013 -0.0250000004 0.000830236318 -0.000557411569 asynchronous_release_0
0.343846 -0.0250000004 0.0346153829 -0.0051744822 asynchronous_release_0
0.229309 -0.0250000004 -0.0214251548 -0.0276760319 asynchronous_release_0
0.31488 -0.0250000004 0.0207174594 -0.0282096947 asynchronous_release_3
0.349072 -0.0250000004 -0.0339889537 0.00835170795 asynchronous_release_0
0.234454 -0.0250000004 0.0349943095 0.000631113097 asynchronous_release_0
0.389348 -0.0250000004 -0.00109311995 0.060611922 asynchronous_release_0
0.529221 -0.0250000004 -0.0152580983 0.0314990545 asynchronous_release_0
0.410091 -0.0250000004 0.0278370517 0.0212155262 asynchronous_release_0
0.368243 -0.0250000004 -0.0498546876 0.0344892755 asynchronous_release_0
0.390523 -0.0250000004 8.15094031e-05 0.000996672573 asynchronous_release_0
0.417919 -0.0250000004 0.03488354 -0.00285282911 asynchronous_release_0
0.578811 -0.0250000004 -0.0302665863 0.0175765114 asynchronous_release_0
0.204766 -0.0250000004 0.0302665863 -0.0175765114 asynchronous_release_2
0.296164 -0.0250000004 -0.0275871524 -0.0215394759 asynchronous_release_0
0.3373 -0.0250000004 -0.000990311793 -0.000138861631 asynchronous_release_0
0.242275 -0.0250000004 0.0343464494 0.00673211792 asynchronous_release_0
0.32097 -0.0250000004 0.0113430396 0.0331109567 asynchronous_release_0
0.318831 -0.0250000004 -0.0325985702 -0.0127410054 asynchronous_release_0
0.45404 -0.0250000004 0.000364028726 -0.000931387721 asynchronous_release_0
0.39377 -0.0250000004 -0.0349056721 0.00256788969 asynchronous_release_0
0.232076 -0.0250000004 -0.0316866012 -0.0148646999 asynchronous_release_0
0.289403 -0.0250000004 0.0287165084 -0.0200090516 asynchronous_release_0
0.506875 -0.0250000004 0.0250061857 0.0244885826 asynchronous_release_0
0.309879 -0.0250000004 0.0238426803 0.0256227749 asynchronous_release_0
0.308733 -0.0250000004 -0.0197326306 0.0289071495 asynchronous_release_0
0.327452 -0.0250000004 0.0295402382 0.0187716363 asynchronous_release_0
0.581075 -0.0250000004 0.000462765101 0.000886480942 asynchronous_release_0
0.345446 -0.0250000004 0.0134280896 -0.032321609 asynchronous_release_0
0.556836 -0.0250000004 0.0347053793 -0.00453173777 asynchronous_release_0
0.2401 -0.0250000004 -0.0180102432 -0.0578846365 asynchronous_release_0
0.549827 -0.0250000004 0.00770473363 -0.0341414276 asynchronous_release_0
0.347016 -0.0250000004 0.000818021055 0.000575188277 asynchronous_release_0
0.117873 -0.0250000004 0.0551070031 -0.0252629809 asynchronous_release_0
0.429539 -0.0250000004 -0.026467947 -0.0229008249 asynchronous_release_0
0.437275 -0.0250000004 0.0254368288 -0.0240409597 asynchronous_release_0
0.380497 -0.0250000004 0.0334670102 0.0102449611 asynchronous_release_0
0.11099 -0.0250000004 0.0193135421 -0.0291888179 asynchronous_release_0
0.225947 -0.0250000004 -0.0156214867 -0.0313204271 asynchronous_release_0
0.192575 -0.0250000004 -0.0116908872 0.0329897432 asynchronous_release_0
0.442691 -0.0250000004 0.0174283767 0.0303521282 asynchronous_release_0
0.33051 -0.0250000004 -0.0340087172 0.00827086176 asynchronous_release_0
0.394619 -0.0250000004 -0.0226329523 -0.0266973682 asynchronous_release_0
0.392844 -0.0250000004 0.0142410934 -0.0319717259 asynchronous_release_0
0.514472 -0.0250000004 -0.0254404845 -0.0240370911 asynchronous_release_0
0.239443 -0.0250000004 0.02707988 -0.0221738607 asynchronous_release_0
0.22054 -0.0250000004 0.0290441686 -0.0195303936 asynchronous_release_0
0.170752 -0.0250000004 0.0063929432 0.0344111941 asynchronous_release_0
0.525303 -0.0250000004 0.0202115534 -0.0571532423 asynchronous_release_0
0.522856 -0.0250000004 0.0220390756 0.0271896882 asynchronous_release_0
0.538002 -0.0250000004 0.0125274229 -0.0326812435 asynchronous_release_0
0.345708 -0.0250000004 0.010393246 0.0334212573 asynchronous_release_0
0.390983 -0.0250000004 0.0324493288 0.0131164424 asynchronous_release_0
0.496012 -0.0250000004 -0.0278459356 -0.0212038645 asynchronous_release_0
0.577379 -0.0250000004 -0.0234058182 -0.0559210844 asynchronous_release_0
0.593248 -0.0250000004 -0.0322860531 0.0135133554 asynchronous_release_0
0.554861 -0.0250000004 0.000718327722 0.000695704883 asynchronous_release_0
0.510789 -0.0250000004 -0.0348312668 -0.00343261601 asynchronous_release_0
0.517663 -0.0250000004 0.0316281989 -0.0149885634 asynchronous_release_0
0.531678 -0.0250000004 -0.0253905577 0.0240898231 asynchronous_release_0
0.385171 -0.0250000004 0.0164421681 0.0308974935 asynchronous_release_0
0.512939 -0.0250000004 -0.0543502371 0.0268524063 asynchronous_release_0
0.328157 -0.0250000004 0.0497357342 -0.0346605935 asynchronous_release_0
0.215013 -0.0250000004 0.0175991482 0.0302534292 asynchronous_release_0
0.544687 -0.0250000004 -0.0349998124 0.000114594848 asynchronous_release_0
0.570386 -0.0250000004 0.0525989606 0.0301388344 asynchronous_release_0
0.107953 -0.0250000004 0.0165804326 -0.0308235179 asynchronous_release_0
0.524364 -0.0250000004 -0.0165804326 0.0308235179 asynchronous_release_0
0.3533 -0.0250000004 -3.55049882e-05 -0.000999369499 asynchronous_release_0
0.339806 -0.0250000004 -0.00893763572 0.0338396021 asynchronous_release_0
0.58615 -0.0250000004 -0.00862993662 0.0339193779 asynchronous_release_0
0.473728 -0.0250000004 0.0319181502 -0.014360769 asynchronous_release_0
0.175826 -0.0250000004 0.0344703663 0.00606579339 asynchronous_release_0
0.583239 -0.0250000004 0.011982052 0.0328851096 asynchronous_release_0
0.230695 -0.0250000004 0.0534204991 0.045235498 asynchronous_release_0
0.437403 -0.0250000004 0.0267102495 0.022617749 asynchronous_release_0
0.559652 -0.0250000004 -0.000995503712 -9.47225378e-05 asynchronous_release_0
0.503563 -0.0250000004 -0.0184752691 0.0297264938 asynchronous_release_0
0.46109 -0.0250000004 -0.0525888977 -0.0301563897 asynchronous_release_0
0.427697 -0.0250000004 0.0193005127 -0.029197435 asynchronous_release_0
0.21472 -0.0250000004 0.0168587258 0.030672192 asynchronous_release_0
0.328062 -0.0250000004 -0.0168587258 -0.030672192 asynchronous_release_0
0.386301 -0.0250000004 0.0362670692 -0.0598723617 asynchronous_release_0
0.472233 -0.0250000004 -0.053125795 0.0292001696 asynchronous_release_1
0.116418 -0.0250000004 0.0129760336 -0.0325057311 asynchronous_release_0
0.336738 -0.0250000004 0.0245598773 -0.0249361671 asynchronous_release_0
0.351814 -0.0250000004 -0.034170788 -0.00757345661 asynchronous_release_0
0.407573 -0.0250000004 0.034170788 0.00757345661 asynchronous_release_0
0.488057 -0.0250000004 0.0348852864 -0.0028313936 asynchronous_release_0
0.521438 -0.0250000004 -0.0329852725 0.0117034951 asynchronous_release_0
0.398807 -0.0250000004 -0.0087282853 0.0338942036 asynchronous_release_0
0.463175 -0.0250000004 0.000508572985 0.000861018884 asynchronous_release_0
0.505388 -0.0250000004 -0.0347361097 -0.0042898346 asynchronous_release_0
0.214879 -0.0250000004 -0.000920779164 0.000390084261 asynchronous_release_1
0.445114 -0.0250000004 0.0349608624 -0.00165472105 asynchronous_release_0
0.165897 -0.0250000004 -0.018107613 -0.0299518673 asynchronous_release_0
0.311249 -0.0250000004 0.000998848364 -4.79785933e-05 asynchronous_release_0
0.289571 -0.0250000004 0.00860507752 -0.0339256929 asynchronous_release_0
0.594495 -0.0250000004 -0.0422881282 0.0434363237 asynchronous_release_0
0.427529 -0.0250000004 0.0274036731 0.0217724299 asynchronous_release_0
0.453977 -0.0250000004 0.0325573139 -0.0128460621 asynchronous_release_0
0.408715 -0.0250000004 -0.00500297897 -0.034640586 asynchronous_release_0
0.123699 -0.0250000004 0.00725068198 0.0342407303 asynchronous_release_0
0.557822 -0.0250000004 -0.0227538751 -0.0265943822 asynchronous_release_0
0.509062 -0.0250000004 -0.000998965998 4.54635532e-05 asynchronous_release_0
0.374459 -0.0250000004 0.0141316314 0.0320202591 asynchronous_release_0
0.522685 -0.0250000004 -0.000597144859 -0.000802133416 asynchronous_release_0
0.362717 -0.0250000004 -0.0285934291 -0.0201845439 asynchronous_release_0
0.419043 -0.0250000004 -0.00583155589 0.0345107658 asynchronous_release_0
0.58799 -0.0250000004 -0.00098602188 -0.000166615883 asynchronous_release_0
0.341335 -0.0250000004 0.000960628772 -0.000277835135 asynchronous_release_0
0.52085 -0.0250000004 -0.0194484595 -0.067244014 asynchronous_release_0
0.587144 -0.0250000004 0.0582350244 -0.01684286 asynchronous_release_0
0.123166 -0.0250000004 0.0349764285 0.00128430765 asynchronous_release_0
0.421418 -0.0250000004 0.000883789414 -0.000467884892 asynchronous_release_0
0.561853 -0.0250000004 0.000431740028 0.000901998087 asynchronous_release_0
0.352596 -0.0250000004 0.0177546013 0.0301624623 asynchronous_release_0
0.245774 -0.0250000004 -0.000986006583 -0.000166706381 asynchronous_release_0
0.325983 -0.0250000004 0.0328040979 -0.0122020966 asynchronous_release_2
0.565275 -0.0250000004 -0.033911938 0.0086591257 asynchronous_release_0
0.58762 -0.0250000004 -0.0244549919 -0.025039037 asynchronous_release_0
0.270845 -0.0250000004 0.0227355497 0.0561969285 asynchronous_release_0
0.332396 -0.0250000004 0.0324453118 -0.0131263758 asynchronous_release_0
0.569365 -0.0250000004 0.0293624336 -0.0530362847 asynchronous_release_0
0.590842 -0.0250000004 -0.0268503234 -0.0224512835 asynchronous_release_0
0.206673 -0.0250000004 -0.0122500613 -0.0327862166 asynchronous_release_0
0.38662 -0.0250000004 0.0122500613 0.0327862166 asynchronous_release_0
0.561429 -0.0250000004 -0.000603528929 0.0349947961 asynchronous_release_0
0.480863 -0.0250000004 0.0144967845 -0.0318566043 asynchronous_release_0
0.280518 -0.0250000004 0.0345415791 -0.00564617702 asynchronous_release_0
0.53202 -0.0250000004 -0.000298912251 0.000954280601 asynchronous_release_1
0.280254 -0.0250000004 -0.00323075489 0.0348505699 asynchronous_release_0
0.531758 -0.0250000004 -0.0317968563 0.0146273691 asynchronous_release_0
0.555857 -0.0250000004 0.00323075489 -0.0348505699 asynchronous_release_0
0.301265 -0.0250000004 -0.025243192 -0.0242442005 asynchronous_release_0
0.312965 -0.0250000004 0.0348108713 -0.00363362584 asynchronous_release_0
0.266421 -0.0250000004 0.0214124517 -0.0276858612 asynchronous_release_0
0.513068 -0.0250000004 -0.034682885 -0.00470079652 asynchronous_release_0
0.53693 -0.0250000004 -0.0132704333 -0.0323866577 asynchronous_release_0
0.47 -0.0250000004 -0.0253550014 0.024127244 asynchronous_release_0
0.137524 -0.0250000004 4.47267747e-05 -0.000998999257 asynchronous_release_0
0.190289 -0.0250000004 -0.034964974 -0.00156543711 asynchronous_release_0
0.237777 -0.0250000004 0.0235906874 0.0258549699 asynchronous_release_0
0.144248 -0.0250000004 -0.0325035047 -0.0129816094 asynchronous_release_0
0.220981 -0.0250000004 0.03045185 0.0172535456 asynchronous_release_0
0.287059 -0.0250000004 0.0182750452 -0.0298500037 asynchronous_release_0
0.540489 -0.0250000004 -0.0226136038 -0.026713759 asynchronous_release_0
0.511331 -0.0250000004 -0.00012717314 -0.034999769 asynchronous_release_0
0.537746 -0.0250000004 0.00012717314 0.034999769 asynchronous_release_1
0.440142 -0.0250000004 0.0343909348 0.00650104632 asynchronous_release_0
0.263542 -0.0250000004 0.0349929216 -0.000703873923 asynchronous_release_0
0.538916 -0.0250000004 -0.0168868881 0.030656696 asynchronous_release_0
0.347367 -0.0250000004 0.0349666471 0.00152760869 asynchronous_release_0
0.119418 -0.0250000004 -0.0238360682 -0.0256289261 asynchronous_release_0
0.591407 -0.0250000004 -0.00154534696 -0.0349658677 asynchronous_release_0
0.224045 -0.0250000004 -0.055894131 0.0234701113 asynchronous_release_0
0.367397 -0.0250000004 0.000621178972 0.000783668734 asynchronous_release_0
0.532831 -0.0250000004 0.00247449479 -0.0349124172 asynchronous_release_0
0.48263 -0.0250000004 -0.013994556 -0.0320804053 asynchronous_release_0
0.112734 -0.0250000004 -0.0113496056 0.0331087066 asynchronous_release_0
0.528892 -0.0250000004 0.0119076904 0.0329121089 asynchronous_release_0
0.55843 -0.0250000004 -0.0152169742 -0.0315189419 asynchronous_release_0
0.262482 -0.0250000004 0.0152169742 0.0315189419 asynchronous_release_1
0.583008 -0.0250000004 0.0209919242 -0.028006055 asynchronous_release_0
0.068252 -0.0250000004 -0.0297249868 0.0184776935 asynchronous_release_0
0.572575 -0.0250000004 0.00283309647 -0.0605555412 asynchronous_release_0
0.482644 -0.0250000004 0.000895061682 -0.000445942357 asynchronous_release_0
0.589187 -0.0250000004 0.0349370358 -0.00209845884 asynchronous_release_0
0.193404 -0.0250000004 0.000364603904 -0.000931162711 asynchronous_release_0
0.324755 -0.0250000004 0.0341326052 -0.00774372415 asynchronous_release_0
0.251556 -0.0250000004 -0.0537364253 0.0280605879 asynchronous_release_0
0.378563 -0.0250000004 0.00256703071 -0.0605674034 asynchronous_release_0
0.428136 -0.0250000004 -9.52000395e-05 0.0349998705 asynchronous_release_0
0.180066 -0.0250000004 0.000960160368 0.000279449581 asynchronous_release_0
0.215515 -0.0250000004 0.03187057 -0.0144660556 asynchronous_release_0
0.564331 -0.0250000004 0.0240446442 -0.0254333459 asynchronous_release_0
0.547049 -0.0250000004 0.0239833309 -0.0254911718 asynchronous_release_0
0.216496 -0.0250000004 0.000858967397 0.000512030284 asynchronous_release_0
0.275865 -0.0250000004 -0.0179210599 0.0300638589 asynchronous_release_0
0.129494 -0.0250000004 0.0262682532 0.0231296103 asynchronous_release_0
0.264188 -0.0250000004 -0.0119981881 -0.0328792257 asynchronous_release_0
0.517329 -0.0250000004 0.00197316387 0.0349443361 asynchronous_release_0
0.258248 -0.0250000004 -0.0348983771 -0.00266519747 asynchronous_release_0
0.25524 -0.0250000004 0.000254912163 -0.000966964213 asynchronous_release_0
0.372327 -0.0250000004 0.024648488 -0.0248485822 asynchronous_release_0
0.39114 -0.0250000004 -0.0154532286 0.0586190901 asynchronous_release_0
0.465957 -0.0250000004 0.0584922355 -0.0159266565 asynchronous_release_0
0.585452 -0.0250000004 0.000584262252 -0.000811564921 asynchronous_release_0
0.489771 -0.0250000004 -0.0452141439 0.0403816938 asynchronous_release_0
0.373346 -0.0250000004 0.000672664933 -0.00073994722 asynchronous_release_0
0.397902 -0.0250000004 -0.0333381486 0.0106568218 asynchronous_release_0
0.526499 -0.0250000004 0.00743999587 -0.0342000945 asynchronous_release_1
0.563543 -0.0250000004 -0.0317883739 0.014645794 asynchronous_release_0
0.24528 -0.0250000004 -0.0108330437 0.0332813035 asynchronous_release_0
0.412792 -0.0250000004 -0.0329708288 0.0117441241 asynchronous_release_0
0.187036 -0.0250000004 0.0318212476 0.0145742306 asynchronous_release_0
0.272527 -0.0250000004 0.0285322778 -0.0202708935 asynchronous_release_0
0.358606 -0.0250000004 -0.0285322778 0.0202708935 asynchronous_release_1
0.12248 -0.0250000004 -0.0112048637 0.0331579708 asynchronous_release_0
0.56221 -0.0250000004 -0.000312196818 -0.000950017446 asynchronous_release_0
0.57537 -0.0250000004 -0.0326191901 -0.0126881219 asynchronous_release_0
0.329325 -0.0250000004 -0.0263852477 -0.0229960585 asynchronous_release_0
0.569852 -0.0250000004 0.000324350444 0.00094593699 asynchronous_release_0
0.420293 -0.0250000004 0.0197881494 -0.0288691729 asynchronous_release_0
0.589299 -0.0250000004 0.0151073624 0.0315716265 asynchronous_release_0
0.558239 -0.0250000004 0.0263776534 -0.0230047691 asynchronous_release_0
0.254056 -0.0250000004 0.0338482836 -0.00890470091 asynchronous_release_0
0.431805 -0.0250000004 -0.0338482836 0.00890470091 asynchronous_release_0
0.461032 -0.0250000004 -0.024635839 -0.024861123 asynchronous_release_0
0.227457 -0.0250000004 0.0348251658 0.00349397054 asynchronous_release_0
0.331189 -0.0250000004 -0.0143867156 -0.0319064635 asynchronous_release_0
0.121954 -0.0250000004 -0.0343221385 0.00685498418 asynchronous_release_0
0.292288 -0.0250000004 0.0343221385 -0.00685498418 asynchronous_release_0
0.514227 -0.0250000004 0.0346467749 0.00495993819 asynchronous_release_0
0.221419 -0.0250000004 0.0333658488 0.0105697745 asynchronous_release_0
0.313808 -0.0250000004 -0.0258366176 0.0236107855 asynchronous_release_0
0.332548 -0.0250000004 0.0197696269 -0.0288818603 asynchronous_release_0
0.338634 -0.0250000004 0.0151276113 0.0315619292 asynchronous_release_0
0.535886 -0.0250000004 -0.0151276113 -0.0315619292 asynchronous_release_0
0.249843 -0.0250000004 -0.0282410197 -0.0536418196 asynchronous_release_0
0.434631 -0.0250000004 -0.0290731586 -0.0194872124 asynchronous_release_0
0.534329 -0.0250000004 -0.00441831154 0.0347200018 asynchronous_release_0
0.572456 -0.0250000004 0.000992000051 0.000126237473 asynchronous_release_0
0.250595 -0.0250000004 0.00128208411 0.0349765101 asynchronous_release_0
0.416024 -0.0250000004 0.0349450285 -0.00196086231 asynchronous_release_0
0.182299 -0.0250000004 -0.0348944047 0.00271671199 asynchronous_release_0
0.518263 -0.0250000004 0.0546943486 0.0261443729 asynchronous_release_0
0.528849 -0.0250000004 -0.0197999439 -0.0288610849 asynchronous_release_0
0.508725 -0.0250000004 -0.0475777375 0.0375680568 asynchronous_release_0
0.411687 -0.0250000004 0.0348664003 0.00305518117 asynchronous_release_0
0.356837 -0.0250000004 -0.0113101922 0.0331221912 asynchronous_release_0
0.490361 -0.0250000004 -0.0343397551 0.00676618186 asynchronous_release_0
0.284103 -0.0250000004 -0.0185023722 0.0297096318 asynchronous_release_0
0.432031 -0.0250000004 0.0181041085 0.0299539856 asynchronous_release_0
0.328894 -0.0250000004 -0.00375862342 0.0347975969 asynchronous_release_0
0.387553 -0.0250000004 0.0282562912 0.0206538618 asynchronous_release_0
0.417762 -0.0250000004 -0.0320149146 0.0141437351 asynchronous_release_0
0.472055 -0.0250000004 -0.0244976678 -0.0554514587 asynchronous_release_0
0.556298 -0.0250000004 -0.034332926 -0.00680074929 asynchronous_release_0
0.432852 -0.0250000004 0.00222276306 0.0349293476 asynchronous_release_0
0.486664 -0.0250000004 -0.0209776162 0.0280167739 asynchronous_release_0
0.337 -0.0250000004 -0.0139348383 0.03210639 asynchronous_release_0
0.208706 -0.0250000004 0.000999477849 3.23114481e-05 asynchronous_release_0
0.556033 -0.0250000004 0.033637963 -0.00966889047 asynchronous_release_0
0.20203 -0.0250000004 -0.0293804366 0.0190207767 asynchronous_release_0
0.510435 -0.0250000004 0.0211982139 0.0278502375 asynchronous_release_0
0.597576 -0.0250000004 -0.000419604587 -0.000907706996 asynchronous_release_0
0.551302 -0.0250000004 -0.0128125985 0.0325704977 asynchronous_release_0
0.503857 -0.0250000004 0.0346131777 -0.00518921306 asynchronous_release_1
0.210987 -0.0250000004 0.0251642554 0.0243261228 asynchronous_release_0
0.325029 -0.0250000004 0.0160809271 0.058450011 asynchronous_release_0
0.211208 -0.0250000004 -0.0306021476 -0.0169855399 asynchronous_release_0
0.340164 -0.0250000004 0.0110901815 0.0331965039 asynchronous_release_0
0.412298 -0.0250000004 0.0301920889 -0.0177041737 asynchronous_release_0
0.210218 -0.0250000004 -0.0346453299 -0.00497002183 asynchronous_release_0
0.576272 -0.0250000004 -0.0276299248 -0.0539591258 asynchronous_release_0
0.430185 -0.0250000004 0.00295801511 -0.0348747781 asynchronous_release_0
0.331533 -0.0250000004 0.0336532984 -0.00961537849 asynchronous_release_0
0.498956 -0.0250000004 -0.000695340632 0.000718680322 asynchronous_release_0
0.585574 -0.0250000004 -0.0233736678 -0.0260513273 asynchronous_release_0
0.177802 -0.0250000004 -0.0628430489 -0.0308342537 asynchronous_release_0
0.443905 -0.0250000004 0.0604839102 -0.00408614815 asynchronous_release_0
0.496242 -0.0250000004 -0.0290623857 0.019503275 asynchronous_release_0
0.205849 -0.0250000004 -0.000829238368 0.000558895096 asynchronous_release_0
0.560952 -0.0250000004 -0.0292483466 -0.0192232729 asynchronous_release_0
0.579726 -0.0250000004 0.000449090707 0.000893486171 asynchronous_release_0
0.228606 -0.0250000004 0.031473476 0.0153107907 asynchronous_release_0
0.225692 -0.0250000004 0.000765042855 -0.00064397937 asynchronous_release_0
0.35293 -0.0250000004 -0.0119194902 0.0329078373 asynchronous_release_0
0.396875 -0.0250000004 0.0119194902 -0.0329078373 asynchronous_release_0
0.136211 -0.0250000004 0.0333370164 -0.0106603629 asynchronous_release_0
0.316731 -0.0250000004 0.0338712057 0.00881710957 asynchronous_release_0
0.514657 -0.0250000004 0.009299762 0.0337418794 asynchronous_release_1
0.281367 -0.0250000004 -0.0281955469 0.0207367099 asynchronous_release_1
0.460322 -0.0250000004 0.0213707256 0.0567299928 asynchronous_release_2
0.542108 -0.0250000004 0.0269670328 -0.0223109646 asynchronous_release_0
0.552466 -0.0250000004 0.0328053785 0.0121986532 asynchronous_release_0
0.598501 -0.0250000004 -0.0597724113 0.0101123114 asynchronous_release_0
0.325735 -0.0250000004 0.029292841 -0.019155403 asynchronous_release_0
0.531082 -0.0250000004 0.0347130809 0.00447236098 asynchronous_release_0
0.512194 -0.0250000004 -0.0134833622 -0.0322985904 asynchronous_release_1
0.316467 -0.0250000004 0.0340008258 -0.0083032431 asynchronous_release_0
0.425032 -0.0250000004 -0.0340008258 0.0083032431 asynchronous_release_0
0.406456 -0.0250000004 0.0184307378 -0.0297541242 asynchronous_release_0
0.562565 -0.0250000004 0.0189232169 -0.0294433671 asynchronous_release_0
0.300104 -0.0250000004 0.0120020848 -0.0328778035 asynchronous_release_0
0.248254 -0.0250000004 0.0283090572 -0.020581479 asynchronous_release_0
0.354645 -0.0250000004 -0.0356481674 -0.0490327254 asynchronous_release_0
0.527533 -0.0250000004 -0.00366955508 -0.0348071022 asynchronous_release_0
0.12742 -0.0250000004 0.0307877591 0.0166467381 asynchronous_release_0
0.331412 -0.0250000004 0.0317651406 0.0516330886 asynchronous_release_0
0.206686 -0.0250000004 -0.00469990644 -0.0346830056 asynchronous_release_0
0.274779 -0.0250000004 0.0323863172 0.0132712644 asynchronous_release_0
0.537388 -0.0250000004 0.00469990644 0.0346830056 asynchronous_release_0
0.424508 -0.0250000004 -0.000990943018 0.000134283041 asynchronous_release_1
0.425188 -0.0250000004 -0.010415776 -0.0334142426 asynchronous_release_0
0.55972 -0.0250000004 0.00477173964 0.0346731957 asynchronous_release_0
0.319159 -0.0250000004 -0.000990662735 0.000136335418 asynchronous_release_1
0.372864 -0.0250000004 -0.0567318334 0.0213658391 asynchronous_release_0
0.588074 -0.0250000004 0.0123355729 0.0327541393 asynchronous_release_0
0.421578 -0.0250000004 -0.0123355729 -0.0327541393 asynchronous_release_2
0.382877 -0.0250000004 -0.0334035852 0.0104499042 asynchronous_release_0
0.556819 -0.0250000004 -0.00765191012 0.0341533054 asynchronous_release_0
0.425214 -0.0250000004 0.00818978911 -0.0340283316 asynchronous_release_0
0.522914 -0.0250000004 -0.0341355815 -0.00773059368 asynchronous_release_0
0.391547 -0.0250000004 0.0250120682 0.0552213405 asynchronous_release_0
0.527981 -0.0250000004 0.0034349938 -0.0348310324 asynchronous_release_0
0.494794 -0.0250000004 -0.00186730689 -0.0349501526 asynchronous_release_0
0.43793 -0.0250000004 0.0264886425 -0.0228768839 asynchronous_release_0
0.195667 -0.0250000004 -0.0315380527 0.0151773262 asynchronous_release_0
0.529927 -0.0250000004 0.0289129764 0.0197240917 asynchronous_release_0
0.267693 -0.0250000004 -0.0161934959 -0.0310285464 asynchronous_release_0
0.55202 -0.0250000004 0.0349384528 0.00207473261 asynchronous_release_0
0.261848 -0.0250000004 0.025887691 -0.0235547757 asynchronous_release_0
0.211459 -0.0250000004 -0.0394514342 0.0460280821 asynchronous_release_0
0.361905 -0.0250000004 0.0253524546 -0.0241299201 asynchronous_release_0
0.278565 -0.0250000004 0.0202544341 -0.05713806 asynchronous_release_0
0.547816 -0.0250000004 -0.0329886743 -0.011693903 asynchronous_release_0
0.216022 -0.0250000004 -0.000807085688 0.000590434325 asynchronous_release_0
0.40314 -0.0250000004 -0.0206652014 -0.0282479991 asynchronous_release_1
0.22694 -0.0250000004 0.0243465345 0.0251445076 asynchronous_release_0
0.482238 -0.0250000004 -0.0301009437 -0.0178587007 asynchronous_release_0
0.494393 -0.0250000004 -0.000999929493 -1.18747608e-05 asynchronous_release_0
0.452101 -0.0250000004 0.0305165603 -0.0171388316 asynchronous_release_1
0.172076 -0.0250000004 -0.0348770761 0.00293079559 asynchronous_release_0
0.195584 -0.0250000004 8.37370169e-05 0.000996487889 asynchronous_release_0
0.326191 -0.0250000004 0.00099921876 3.95204931e-05 asynchronous_release_0
0.443891 -0.0250000004 0.00138321726 -0.0349726566 asynchronous_release_0
0.212353 -0.0250000004 -0.0118857243 -0.032920048 asynchronous_release_0
0.415191 -0.0250000004 -0.0340858552 -0.00794697908 asynchronous_release_0
0.256027 -0.0250000004 -0.0329296701 -0.0118590399 asynchronous_release_0
0.2788 -0.0250000004 -0.000624486635 0.000781035494 asynchronous_release_0
0.51837 -0.0250000004 -0.0137236891 -0.0321972104 asynchronous_release_0
0.407938 -0.0250000004 -0.0340633865 0.00804274202 asynchronous_release_0
0.470504 -0.0250000004 0.0271666888 0.0541938282 asynchronous_release_0
0.288293 -0.0250000004 -0.000448134146 -0.000893966323 asynchronous_release_1
0.359374 -0.0250000004 0.0180168695 -0.0300065395 asynchronous_release_0
0.452055 -0.0250000004 0.000329486288 0.00094416036 asynchronous_release_0
0.272266 -0.0250000004 0.00725915904 -0.0342389341 asynchronous_release_0
0.286405 -0.0250000004 0.0303814932 -0.0173771364 asynchronous_release_0
0.425015 -0.0250000004 0.000503502193 -0.000863993947 asynchronous_release_0
0.556425 -0.0250000004 -0.0302397882 -0.0176225768 asynchronous_release_0
0.368567 -0.0250000004 -0.0638235168 -0.028749934 asynchronous_release_0
0.420018 -0.0250000004 -0.0319117584 -0.014374967 asynchronous_release_0
0.305928 -0.0250000004 -0.000797487573 0.000603335372 asynchronous_release_1
0.140551 -0.0250000004 0.0328473029 0.0120853088 asynchronous_release_0
0.543121 -0.0250000004 -0.000345294538 0.00093849437 asynchronous_release_0
0.579592 -0.0250000004 -0.000273234032 0.000961947589 asynchronous_release_0
0.358414 -0.0250000004 0.0348970639 -0.00268233718 asynchronous_release_0
0.339994 -0.0250000004 -0.00580857342 0.0345146415 asynchronous_release_0
0.40899 -0.0250000004 0.0269862696 0.0222876929 asynchronous_release_0
0.343938 -0.0250000004 -0.0249424095 -0.0245535376 asynchronous_release_0
0.35248 -0.0250000004 -0.00366274777 0.0348078192 asynchronous_release_0
0.446762 -0.0250000004 -0.0343502239 -0.00671283258 asynchronous_release_0
0.280317 -0.0250000004 -0.0145408726 0.0318365046 asynchronous_release_0
0.382719 -0.0250000004 -0.0321561745 -0.0138195674 asynchronous_release_0
0.554433 -0.0250000004 -0.00410999076 -0.0347578477 asynchronous_release_0
0.125439 -0.0250000004 0.00104082525 -0.0349845206 asynchronous_release_0
0.33592 -0.0250000004 0.0344185291 -0.00635333397 asynchronous_release_0
0.407153 -0.0250000004 -0.00257955591 0.0349048119 asynchronous_release_0
0.577282 -0.0250000004 -0.0069737798 -0.0342981981 asynchronous_release_0
0.223923 -0.0250000004 0.0262017339 -0.0232049378 asynchronous_release_0
0.250208 -0.0250000004 -0.0262017339 0.0232049378 asynchronous_release_0
0.3549 -0.0250000004 0.0331969326 0.0110888983 asynchronous_release_0
0.067375 -0.0250000004 -0.0319002481 -0.014400492 asynchronous_release_0
0.399271 -0.0250000004 -0.0638004963 -0.0288009839 asynchronous_release_0
0.541558 -0.0250000004 0.0319002481 0.014400492 asynchronous_release_0
0.256493 -0.0250000004 -0.000469813092 -0.000882765914 asynchronous_release_0
0.31861 -0.0250000004 0.0348770756 -0.00293080195 asynchronous_release_0
0.22808 -0.0250000004 0.0240705652 0.0254088152 asynchronous_release_0
0.236851 -0.0250000004 0.000656529646 -0.000754300221 asynchronous_release_0
0.271292 -0.0250000004 -0.0331002512 0.0113742416 asynchronous_release_0
0.517835 -0.0250000004 0.034538658 -0.00566401859 asynchronous_release_0
0.449459 -0.0250000004 0.0336104067 -0.00976424916 asynchronous_release_0
0.536146 -0.0250000004 -0.0178035402 0.0301336018 asynchronous_release_0
0.226649 -0.0250000004 0.000694837207 -0.000719167057 asynchronous_release_0
0.129537 -0.0250000004 0.0209349155 -0.0280486954 asynchronous_release_0
0.515449 -0.0250000004 0.0347583405 0.00410582097 asynchronous_release_0
0.325981 -0.0250000004 -0.0485817655 -0.0362603373 asynchronous_release_1
0.304644 -0.0250000004 0.069516681 0.00821164193 asynchronous_release_4
0.133657 -0.0250000004 0.0208963765 0.0280774189 asynchronous_release_0
0.31938 -0.0250000004 0.0140217509 0.0320685282 asynchronous_release_0
0.265814 -0.0250000004 0.00384732936 -0.034787901 asynchronous_release_0
0.205755 -0.0250000004 0.020063018 -0.0286788303 asynchronous_release_0
0.347453 -0.0250000004 -0.0196383991 -0.0289712492 asynchronous_release_0
0.564846 -0.0250000004 0.0196383991 0.0289712492 asynchronous_release_0
0.265368 -0.0250000004 0.016403462 0.03091806 asynchronous_release_0
0.36745 -0.0250000004 0.0349775564 0.00125321515 asynchronous_release_0
0.333795 -0.0250000004 0.000975524399 0.000219891214 asynchronous_release_0
0.342426 -0.0250000004 0.00769619251 -0.034143354 asynchronous_release_0
0.345595 -0.0250000004 -0.0335420388 -0.00999658117 asynchronous_release_0
0.381107 -0.0250000004 -0.0254283126 0.0240499671 asynchronous_release_0
0.516359 -0.0250000004 0.00811372614 0.0340465483 asynchronous_release_0
0.29472 -0.0250000004 -0.0124890619 -0.0326959223 asynchronous_release_0
0.318829 -0.0250000004 0.0124890619 0.0326959223 asynchronous_release_0
0.327391 -0.0250000004 0.0319441661 0.0143028058 asynchronous_release_0
0.117259 -0.0250000004 0.0102504167 -0.0334653397 asynchronous_release_0
0.540507 -0.0250000004 0.0341070426 -0.0078555486 asynchronous_release_0
0.246997 -0.0250000004 -0.0344751497 -0.0060385473 asynchronous_release_0
0.498639 -0.0250000004 0.000453606034 0.000891202315 asynchronous_release_0
0.531258 -0.0250000004 0.033161061 0.011195715 asynchronous_release_0
0.421934 -0.0250000004 0.000980462249 -0.000196707339 asynchronous_release_1
0.595306 -0.0250000004 0.0349990605 0.000256447237 asynchronous_release_0
0.525733 -0.0250000004 -0.0280846786 -0.0208866183 asynchronous_release_0
0.564857 -0.0250000004 0.0321306814 -0.013878736 asynchronous_release_0
0.322043 -0.0250000004 0.0246527253 -0.0248443783 asynchronous_release_0
0.513107 -0.0250000004 0.000736653727 0.000676270128 asynchronous_release_0
0.59058 -0.0250000004 0.0341633567 0.00760690865 asynchronous_release_0
0.446367 -0.0250000004 0.0349960231 -0.000527607022 asynchronous_release_0
0.524332 -0.0250000004 -0.0182751123 0.0298499627 asynchronous_release_0
0.391803 -0.0250000004 4.30267621e-05 0.00099907392 asynchronous_release_0
0.572697 -0.0250000004 0.00922709648 0.033761823 asynchronous_release_0
0.539595 -0.0250000004 -0.0342563599 0.00717647579 asynchronous_release_1
0.336383 -0.0250000004 0.0602165457 0.00699768739 asynchronous_release_0
0.344595 -0.0250000004 0.0361684479 -0.0486502146 asynchronous_release_0
0.204159 -0.0250000004 0.0321283312 -0.0138841757 asynchronous_release_2
0.556429 -0.0250000004 -0.00169485284 0.0349589398 asynchronous_release_0
0.571906 -0.0250000004 -0.0349114017 -0.00248878112 asynchronous_release_0
0.230951 -0.0250000004 -0.000620834344 -0.000783941782 asynchronous_release_0
0.454946 -0.0250000004 -0.0548759247 0.0434584041 asynchronous_release_0
0.403779 -0.0250000004 -0.0176098323 0.0302472116 asynchronous_release_0
0.248007 -0.0250000004 -0.000974874525 0.00022275471 asynchronous_release_0
0.469287 -0.0250000004 -0.0412439359 -0.0444290193 asynchronous_release_0
0.215676 -0.0250000004 0.000597807965 0.000801639344 asynchronous_release_0
0.31651 -0.0250000004 -0.0321487795 -0.0138367619 asynchronous_release_0
0.461519 -0.0250000004 0.028057377 -0.0209232788 asynchronous_release_0
0.486527 -0.0250000004 -0.028057377 0.0209232788 asynchronous_release_0
0.474568 -0.0250000004 -0.000971447379 0.000237255114 asynchronous_release_0
0.43773 -0.0250000004 -0.0103514793 0.0597314563 asynchronous_release_0
0.555723 -0.0250000004 0.0224187259 -0.0268775135 asynchronous_release_0
0.484156 -0.0250000004 0.00308692109 0.0348636045 asynchronous_release_0
0.250145 -0.0250000004 0.00501122497 0.0346393941 asynchronous_release_0
0.290717 -0.0250000004 0.0327670423 -0.0123012576 asynchronous_release_0
0.528394 -0.0250000004 -0.0421460479 0.0435741971 asynchronous_release_0
0.329644 -0.0250000004 -0.0101101885 0.0335079705 asynchronous_release_0
0.359933 -0.0250000004 -0.000728847581 0.000684675985 asynchronous_release_0
0.35436 -0.0250000004 0.0340081109 0.00827335431 asynchronous_release_0
0.159791 -0.0250000004 -0.0144033519 0.031898957 asynchronous_release_0
0.353949 -0.0250000004 0.00642916656 0.0344044447 asynchronous_release_0
0.511426 -0.0250000004 -0.0265805399 0.0227700439 asynchronous_release_0
0.30837 -0.0250000004 -0.000931032297 0.000364936791 asynchronous_release_0
0.513907 -0.0250000004 -0.0346068106 -0.0052315066 asynchronous_release_0
0.119567 -0.0250000004 0.0227428898 -0.0266037773 asynchronous_release_0
0.442642 -0.0250000004 -0.0319647668 0.0142567067 asynchronous_release_0
0.561145 -0.0250000004 0.03560048 -0.0490673601 asynchronous_release_0
0.533155 -0.0250000004 -0.0450315881 -0.0405851706 asynchronous_release_1
0.588464 -0.0250000004 -0.0532903072 -0.0453887999 asynchronous_release_0
0.266513 -0.0250000004 0.027459122 0.0217024565 asynchronous_release_0
0.138328 -0.0250000004 -0.00099981807 1.90742607e-05 asynchronous_release_0
0.423736 -0.0250000004 -0.0306391742 -0.0169186584 asynchronous_release_0
0.524073 -0.0250000004 0.0289125483 -0.0197247192 asynchronous_release_1
0.160457 -0.0250000004 -0.0282944909 0.0206014995 asynchronous_release_0
0.152853 -0.0250000004 -0.0273370938 -0.0218559672 asynchronous_release_0
0.440527 -0.0250000004 -0.0325963697 0.0127466341 asynchronous_release_0
0.536439 -0.0250000004 0.0273370938 0.0218559672 asynchronous_release_0
0.5958 -0.0250000004 0.00525927593 -0.0346026013 asynchronous_release_0
0.199161 -0.0250000004 -0.021494396 -0.0276222907 asynchronous_release_0
0.570299 -0.0250000004 0.0349343478 0.0021427414 asynchronous_release_0
0.506256 -0.0250000004 -0.0156115054 -0.0313254034 asynchronous_release_3
0.471118 -0.0250000004 0.0322966349 0.0134880456 asynchronous_release_0
0.560402 -0.0250000004 0.00266562706 -0.0348983443 asynchronous_release_0
0.283157 -0.0250000004 -0.0345918944 -0.00532924412 asynchronous_release_0
0.523074 -0.0250000004 0.000932059467 -0.000362305326 asynchronous_release_0
0.442947 -0.0250000004 -0.0172096066 0.0304767033 asynchronous_release_0
0.550021 -0.0250000004 0.0172096066 -0.0304767033 asynchronous_release_0
0.261675 -0.0250000004 -0.0333087809 0.010748261 asynchronous_release_0
0.208057 -0.0250000004 -0.0346771192 -0.00474314268 asynchronous_release_0
0.266391 -0.0250000004 -0.000790276995 -0.000612749762 asynchronous_release_0
0.32056 -0.0250000004 -0.0311337078 0.0159903795 asynchronous_release_0
0.39394 -0.0250000004 0.0240667428 0.0254124358 asynchronous_release_0
0.189102 -0.0250000004 -0.0111730687 -0.0331686981 asynchronous_release_0
0.569953 -0.0250000004 -0.0231384009 0.0262605104 asynchronous_release_0
0.308075 -0.0250000004 -0.00485334535 0.0346618672 asynchronous_release_0
0.583094 -0.0250000004 0.0324447302 -0.0131278132 asynchronous_release_1
0.136285 -0.0250000004 0.00646222033 -0.0343982515 asynchronous_release_0
0.218315 -0.0250000004 -0.0330208698 0.0116026788 asynchronous_release_0
0.362932 -0.0250000004 -0.0265586495 -0.0227955727 asynchronous_release_0
0.343761 -0.0250000004 0.00450309001 -0.034709108 asynchronous_release_0
0.119911 -0.0250000004 0.0281881994 0.0536695949 asynchronous_release_0
0.461318 -0.0250000004 -0.000534216149 0.00084534792 asynchronous_release_0
0.270073 -0.0250000004 0.0467473423 -0.0521026486 asynchronous_release_0
0.264047 -0.0250000004 -0.0208470066 0.0569245318 asynchronous_release_0
0.487081 -0.0250000004 -0.00547390246 -0.0345692984 asynchronous_release_0
0.525902 -0.0250000004 0.0272009394 -0.0220251878 asynchronous_release_0
0.235406 -0.0250000004 -0.0116237243 0.0330134674 asynchronous_release_0
0.573623 -0.0250000004 0.00837358465 0.0600406785 asynchronous_release_0
0.526253 -0.0250000004 0.0236708662 0.0257815844 asynchronous_release_0
0.410107 -0.0250000004 -0.0341629401 0.00760877931 asynchronous_release_1
0.30617 -0.0250000004 -0.0283025814 0.0205903833 asynchronous_release_0
0.338018 -0.0250000004 0.0319830857 0.0142155628 asynchronous_release_0
0.525613 -0.0250000004 0.0283025814 -0.0205903833 asynchronous_release_0
0.44957 -0.0250000004 -0.0297321747 -0.0184661253 asynchronous_release_0
0.472028 -0.0250000004 -0.0273290128 0.021866071 asynchronous_release_0
0.366626 -0.0250000004 0.0210707428 0.027946803 asynchronous_release_0
0.305591 -0.0250000004 0.00852603688 0.0339456432 asynchronous_release_0
0.553225 -0.0250000004 0.000695902461 0.000718136313 asynchronous_release_0
0.520207 -0.0250000004 0.0587955788 -0.0147675291 asynchronous_release_1
0.247156 -0.0250000004 0.0114050522 0.0330896477 asynchronous_release_0
0.550887 -0.0250000004 -0.00039499901 0.000918681545 asynchronous_release_0
0.403637 -0.0250000004 -0.00410415584 -0.0347585372 asynchronous_release_1
0.302961 -0.0250000004 0.0239455424 -0.0556921089 asynchronous_release_3
0.468137 -0.0250000004 0.032728124 0.0124044306 asynchronous_release_0
0.421717 -0.0250000004 0.0186424962 0.0296219063 asynchronous_release_1
0.471082 -0.0250000004 -0.000871281938 -0.000490782829 asynchronous_release_0
0.434096 -0.0250000004 0.0324272948 0.0131708221 asynchronous_release_0
0.498853 -0.0250000004 -0.0246037122 0.0655336352 asynchronous_release_0
0.514437 -0.0250000004 0.0288567103 0.0533131341 asynchronous_release_0
0.242723 -0.0250000004 0.0221172396 -0.0271261444 asynchronous_release_0
0.3815 -0.0250000004 0.03455055 0.00559101919 asynchronous_release_0
0.378583 -0.0250000004 -0.00136802826 -0.034973254 asynchronous_release_0
0.562282 -0.0250000004 0.0323397688 0.0512751338 asynchronous_release_0
0.544724 -0.0250000004 -0.0349883469 -0.000903094371 asynchronous_release_0
0.216507 -0.0250000004 0.0603485814 0.005748802 asynchronous_release_0
0.229672 -0.0250000004 0.00331907238 -0.0348422697 asynchronous_release_0
0.501363 -0.0250000004 -0.0294433677 0.0189232158 asynchronous_release_0
0.522411 -0.0250000004 0.00166630173 0.0349603123 asynchronous_release_0
0.245878 -0.0250000004 0.00156605776 -0.0349649462 asynchronous_release_0
0.380426 -0.0250000004 -0.0599662706 -0.00889080395 asynchronous_release_0
0.138707 -0.0250000004 -0.0348618087 -0.00310713653 asynchronous_release_0
0.203858 -0.0250000004 0.0348618087 0.00310713653 asynchronous_release_2
0.491336 -0.0250000004 0.0196633092 -0.0289543481 asynchronous_release_0
0.561565 -0.0250000004 -0.0196633092 0.0289543481 asynchronous_release_0
0.408673 -0.0250000004 -0.0314793962 0.0152986149 asynchronous_release_0
0.577128 -0.0250000004 -0.00668477173 -0.0343556957 asynchronous_release_0
0.307347 -0.0250000004 -0.0102040339 0.0334795115 asynchronous_release_0
0.181066 -0.0250000004 -0.000985259737 -0.000171065049 asynchronous_release_0
0.362467 -0.0250000004 0.00598727671 -0.0344840908 asynchronous_release_0
0.360819 -0.0250000004 -0.00515451446 0.0346183619 asynchronous_release_0
0.255175 -0.0250000004 0.0161959497 -0.0310272656 asynchronous_release_0
0.456727 -0.0250000004 0.0173165161 -0.0304160857 asynchronous_release_0
0.517974 -0.0250000004 -0.034999361 0.000211499997 asynchronous_release_0
0.532702 -0.0250000004 -0.00284261036 0.0348843742 asynchronous_release_0
0.415425 -0.0250000004 -0.0253081346 0.0241764001 asynchronous_release_0
0.552623 -0.0250000004 0.033591444 0.00982928746 asynchronous_release_1
0.326388 -0.0250000004 0.0277390116 -0.0213435526 asynchronous_release_0
0.333357 -0.0250000004 -0.0323535645 -0.0133509124 asynchronous_release_0
0.429694 -0.0250000004 0.0273245186 0.0218716868 asynchronous_release_0
0.553951 -0.0250000004 0.0130289538 -0.0324845558 asynchronous_release_0
0.533531 -0.0250000004 0.0347956242 0.00377684178 asynchronous_release_0
0.598463 -0.0250000004 0.0337579091 -0.00924140531 asynchronous_release_0
0.50836 -0.0250000004 0.000999781913 -2.08836547e-05 asynchronous_release_0
0.306255 -0.0250000004 -0.0288672753 -0.0197909175 asynchronous_release_0
0.422637 -0.0250000004 0.00270579961 -0.0348952525 asynchronous_release_0
0.589162 -0.0250000004 0.0261614757 0.05468617 asynchronous_release_0
0.352945 -0.0250000004 0.0322655333 0.013562277 asynchronous_release_0
0.396233 -0.0250000004 -0.0347483998 -0.00418911843 asynchronous_release_0
0.513581 -0.0250000004 0.0347483998 0.00418911843 asynchronous_release_0
0.520755 -0.0250000004 0.0257664684 -0.0236873195 asynchronous_release_0
0.592336 -0.0250000004 0.0145883979 0.0588402808 asynchronous_release_0
0.550876 -0.0250000004 -0.019652701 0.0289615494 asynchronous_release_0
0.426402 -0.0250000004 0.029873414 0.0182367524 asynchronous_release_0
0.233975 -0.0250000004 0.0290080293 0.0195840301 asynchronous_release_0
0.336174 -0.0250000004 -0.0314642823 0.0153296752 asynchronous_release_0
0.422969 -0.0250000004 -0.00245625296 0.0349137054 asynchronous_release_0
0.310198 -0.0250000004 -0.0255701369 0.0238991234 asynchronous_release_0
0.439348 -0.0250000004 0.000291280756 -0.000956637612 asynchronous_release_0
0.581147 -0.0250000004 -0.0314396946 0.0153800391 asynchronous_release_0
0.548657 -0.0250000004 0.0346032234 -0.00525518121 asynchronous_release_0
0.220601 -0.0250000004 0.000133116339 0.000991100419 asynchronous_release_0
