0.000050 0.076
0.000100 0.106
0.000150 0.096
0.000200 0.104
0.000250 0.097
0.000300 0.098
0.000350 0.091
0.000400 0.108
0.000450 0.090
0.000500 0.076
0.000550 0.106
0.000600 0.099
0.000650 0.094
0.000700 0.098
0.000750 0.086
0.000800 0.130
0.000850 0.098
0.000900 0.105
0.000950 0.109
0.001000 0.118
0.001050 0.121
0.001100 0.101
0.001150 0.086
0.001200 0.089
0.001250 0.104
0.001300 0.097
0.001350 0.096
0.001400 0.109
0.001450 0.100
0.001500 0.079
0.001550 0.091
0.001600 0.104
0.001650 0.099
0.001700 0.116
0.001750 0.121
0.001800 0.080
0.001850 0.119
0.001900 0.129
0.001950 0.107
0.002000 0.115
0.002050 0.148
0.002100 0.153
0.002150 0.183
0.002200 0.157
0.002250 0.228
0.002300 0.267
0.002350 0.279
0.002400 0.296
0.002450 0.359
0.002500 0.481
0.002550 0.614
0.002600 0.786
0.002650 1.013
0.002700 1.380
0.002750 1.570
0.002800 2.023
0.002850 2.573
0.002900 3.257
0.002950 3.645
0.003000 4.535
0.003050 5.006
0.003100 5.480
0.003150 6.090
0.003200 6.170
0.003250 6.422
0.003300 6.782
0.003350 6.541
0.003400 6.081
0.003450 5.825
0.003500 4.729
0.003550 4.413
0.003600 3.779
0.003650 3.207
0.003700 2.728
0.003750 2.343
0.003800 2.048
0.003850 1.699
0.003900 1.558
0.003950 1.381
0.004000 1.275
0.004050 1.209
0.004100 1.181
0.004150 1.119
0.004200 1.052
0.004250 1.031
0.004300 0.878
0.004350 0.901
0.004400 0.877
0.004450 0.844
0.004500 0.857
0.004550 0.729
0.004600 0.778
0.004650 0.816
0.004700 0.747
0.004750 0.822
0.004800 0.795
0.004850 0.686
0.004900 0.739
0.004950 0.707
0.005000 0.743
0.005050 0.763
0.005100 0.719
0.005150 0.618
0.005200 0.634
0.005250 0.684
0.005300 0.695
0.005350 0.662
0.005400 0.628
0.005450 0.646
0.005500 0.732
0.005550 0.678
0.005600 0.619
0.005650 0.649
0.005700 0.606
0.005750 0.660
0.005800 0.698
0.005850 0.680
0.005900 0.682
0.005950 0.637
0.006000 0.671
0.006050 0.634
0.006100 0.666
0.006150 0.592
0.006200 0.578
0.006250 0.602
0.006300 0.641
0.006350 0.633
0.006400 0.721
0.006450 0.689
0.006500 0.617
0.006550 0.605
0.006600 0.680
0.006650 0.643
0.006700 0.602
0.006750 0.649
0.006800 0.621
0.006850 0.579
0.006900 0.607
0.006950 0.604
0.007000 0.625
0.007050 0.553
0.007100 0.595
0.007150 0.638
0.007200 0.577
0.007250 0.609
0.007300 0.560
0.007350 0.680
0.007400 0.635
0.007450 0.690
0.007500 0.582
0.007550 0.550
0.007600 0.570
0.007650 0.602
0.007700 0.520
0.007750 0.571
0.007800 0.613
0.007850 0.614
0.007900 0.588
0.007950 0.574
0.008000 0.540
0.008050 0.636
0.008100 0.623
0.008150 0.547
0.008200 0.595
0.008250 0.641
0.008300 0.597
0.008350 0.632
0.008400 0.585
0.008450 0.634
0.008500 0.547
0.008550 0.629
0.008600 0.592
0.008650 0.633
0.008700 0.622
0.008750 0.644
0.008800 0.537
0.008850 0.574
0.008900 0.584
0.008950 0.582
0.009000 0.518
0.009050 0.587
0.009100 0.560
0.009150 0.541
0.009200 0.596
0.009250 0.574
0.009300 0.561
0.009350 0.605
0.009400 0.566
0.009450 0.573
0.009500 0.526
0.009550 0.569
0.009600 0.627
0.009650 0.594
0.009700 0.615
0.009750 0.639
0.009800 0.582
0.009850 0.577
0.009900 0.584
0.009950 0.551
0.010000 0.599
0.010050 0.580
0.010100 0.555
0.010150 0.683
0.010200 0.617
0.010250 0.632
0.010300 0.555
0.010350 0.554
0.010400 0.597
0.010450 0.541
0.010500 0.484
0.010550 0.542
0.010600 0.572
0.010650 0.550
0.010700 0.610
0.010750 0.574
0.010800 0.571
0.010850 0.559
0.010900 0.535
0.010950 0.586
0.011000 0.545
0.011050 0.581
0.011100 0.546
0.011150 0.619
0.011200 0.614
0.011250 0.520
0.011300 0.561
0.011350 0.551
0.011400 0.586
0.011450 0.572
0.011500 0.549
0.011550 0.549
0.011600 0.542
0.011650 0.522
0.011700 0.531
0.011750 0.510
0.011800 0.576
0.011850 0.560
0.011900 0.548
0.011950 0.567
0.012000 0.561
0.012050 0.588
0.012100 0.602
0.012150 0.643
0.012200 0.547
0.012250 0.550
0.012300 0.536
0.012350 0.527
0.012400 0.579
0.012450 0.603
0.012500 0.562
0.012550 0.513
0.012600 0.614
0.012650 0.543
0.012700 0.539
0.012750 0.598
0.012800 0.510
0.012850 0.578
0.012900 0.579
0.012950 0.521
0.013000 0.630
0.013050 0.598
0.013100 0.542
0.013150 0.554
0.013200 0.656
0.013250 0.569
0.013300 0.622
0.013350 0.608
0.013400 0.593
0.013450 0.575
0.013500 0.577
0.013550 0.568
0.013600 0.525
0.013650 0.604
0.013700 0.581
0.013750 0.517
0.013800 0.595
0.013850 0.514
0.013900 0.550
0.013950 0.578
0.014000 0.501
0.014050 0.586
0.014100 0.570
0.014150 0.574
0.014200 0.567
0.014250 0.564
0.014300 0.588
0.014350 0.526
0.014400 0.522
0.014450 0.543
0.014500 0.514
0.014550 0.590
0.014600 0.569
0.014650 0.566
0.014700 0.591
0.014750 0.583
0.014800 0.538
0.014850 0.559
0.014900 0.582
0.014950 0.591
0.015000 0.555
0.015050 0.602
0.015100 0.571
0.015150 0.574
0.015200 0.581
0.015250 0.570
0.015300 0.572
0.015350 0.654
0.015400 0.589
0.015450 0.595
0.015500 0.587
0.015550 0.602
0.015600 0.548
0.015650 0.559
0.015700 0.640
0.015750 0.559
0.015800 0.539
0.015850 0.588
0.015900 0.591
0.015950 0.531
0.016000 0.567
0.016050 0.583
0.016100 0.579
0.016150 0.573
0.016200 0.632
0.016250 0.546
0.016300 0.548
0.016350 0.619
0.016400 0.574
0.016450 0.590
0.016500 0.616
0.016550 0.590
0.016600 0.557
0.016650 0.627
0.016700 0.588
0.016750 0.541
0.016800 0.663
0.016850 0.601
0.016900 0.595
0.016950 0.591
0.017000 0.661
0.017050 0.595
0.017100 0.593
0.017150 0.626
0.017200 0.612
0.017250 0.604
0.017300 0.576
0.017350 0.560
0.017400 0.510
0.017450 0.553
0.017500 0.624
0.017550 0.544
0.017600 0.585
0.017650 0.579
0.017700 0.578
0.017750 0.562
0.017800 0.596
0.017850 0.578
0.017900 0.576
0.017950 0.557
0.018000 0.541
0.018050 0.558
0.018100 0.560
0.018150 0.547
0.018200 0.582
0.018250 0.596
0.018300 0.583
0.018350 0.599
0.018400 0.555
0.018450 0.585
0.018500 0.578
0.018550 0.611
0.018600 0.488
0.018650 0.594
0.018700 0.575
0.018750 0.547
0.018800 0.585
0.018850 0.559
0.018900 0.608
0.018950 0.537
0.019000 0.532
0.019050 0.590
0.019100 0.623
0.019150 0.590
0.019200 0.582
0.019250 0.557
0.019300 0.605
0.019350 0.585
0.019400 0.581
0.019450 0.583
0.019500 0.559
0.019550 0.571
0.019600 0.528
0.019650 0.613
0.019700 0.561
0.019750 0.536
0.019800 0.561
0.019850 0.587
0.019900 0.574
0.019950 0.600
0.020000 0.611
0.020050 0.639
0.020100 0.586
0.020150 0.589
0.020200 0.601
0.020250 0.548
0.020300 0.630
0.020350 0.603
0.020400 0.552
0.020450 0.569
0.020500 0.677
0.020550 0.575
0.020600 0.585
0.020650 0.594
0.020700 0.554
0.020750 0.578
0.020800 0.588
0.020850 0.633
0.020900 0.564
0.020950 0.532
0.021000 0.577
0.021050 0.580
0.021100 0.577
0.021150 0.567
0.021200 0.629
0.021250 0.602
0.021300 0.602
0.021350 0.647
0.021400 0.552
0.021450 0.656
0.021500 0.608
0.021550 0.572
0.021600 0.600
0.021650 0.547
0.021700 0.580
0.021750 0.607
0.021800 0.636
0.021850 0.583
0.021900 0.645
0.021950 0.615
0.022000 0.648
0.022050 0.611
0.022100 0.629
0.022150 0.649
0.022200 0.758
0.022250 0.753
0.022300 0.789
0.022350 0.884
0.022400 0.959
0.022450 1.001
0.022500 1.107
0.022550 1.304
0.022600 1.618
0.022650 1.885
0.022700 2.352
0.022750 2.832
0.022800 3.467
0.022850 4.169
0.022900 4.738
0.022950 5.698
0.023000 6.669
0.023050 7.426
0.023100 8.049
0.023150 8.480
0.023200 8.967
0.023250 9.081
0.023300 9.429
0.023350 9.030
0.023400 8.598
0.023450 7.909
0.023500 7.233
0.023550 6.367
0.023600 5.550
0.023650 4.810
0.023700 4.239
0.023750 3.865
0.023800 3.528
0.023850 3.104
0.023900 2.740
0.023950 2.628
0.024000 2.510
0.024050 2.340
0.024100 2.267
0.024150 1.992
0.024200 1.987
0.024250 1.872
0.024300 1.791
0.024350 1.860
0.024400 1.671
0.024450 1.689
0.024500 1.664
0.024550 1.600
0.024600 1.586
0.024650 1.499
0.024700 1.510
0.024750 1.540
0.024800 1.586
0.024850 1.545
0.024900 1.516
0.024950 1.478
0.025000 1.423
0.025050 1.480
0.025100 1.386
0.025150 1.437
0.025200 1.308
0.025250 1.396
0.025300 1.396
0.025350 1.398
0.025400 1.340
0.025450 1.471
0.025500 1.431
0.025550 1.403
0.025600 1.398
0.025650 1.277
0.025700 1.384
0.025750 1.348
0.025800 1.328
0.025850 1.334
0.025900 1.480
0.025950 1.348
0.026000 1.325
0.026050 1.343
0.026100 1.299
0.026150 1.295
0.026200 1.316
0.026250 1.293
0.026300 1.333
0.026350 1.273
0.026400 1.330
0.026450 1.291
0.026500 1.299
0.026550 1.313
0.026600 1.308
0.026650 1.356
0.026700 1.300
0.026750 1.237
0.026800 1.283
0.026850 1.280
0.026900 1.299
0.026950 1.245
0.027000 1.194
0.027050 1.210
0.027100 1.211
0.027150 1.224
0.027200 1.238
0.027250 1.227
0.027300 1.229
0.027350 1.204
0.027400 1.264
0.027450 1.286
0.027500 1.323
0.027550 1.207
0.027600 1.289
0.027650 1.237
0.027700 1.195
0.027750 1.264
0.027800 1.231
0.027850 1.248
0.027900 1.219
0.027950 1.288
0.028000 1.183
0.028050 1.251
0.028100 1.252
0.028150 1.183
0.028200 1.237
0.028250 1.224
0.028300 1.271
0.028350 1.234
0.028400 1.237
0.028450 1.222
0.028500 1.200
0.028550 1.211
0.028600 1.222
0.028650 1.181
0.028700 1.205
0.028750 1.210
0.028800 1.235
0.028850 1.158
0.028900 1.235
0.028950 1.125
0.029000 1.146
0.029050 1.183
0.029100 1.200
0.029150 1.208
0.029200 1.195
0.029250 1.222
0.029300 1.191
0.029350 1.174
0.029400 1.245
0.029450 1.225
0.029500 1.206
0.029550 1.146
0.029600 1.283
0.029650 1.228
0.029700 1.194
0.029750 1.255
0.029800 1.158
0.029850 1.113
0.029900 1.190
0.029950 1.139
0.030000 1.241
0.030050 1.278
0.030100 1.208
0.030150 1.157
0.030200 1.138
0.030250 1.099
0.030300 1.174
0.030350 1.232
0.030400 1.082
0.030450 1.094
0.030500 1.124
0.030550 1.133
0.030600 1.158
0.030650 1.133
0.030700 1.180
0.030750 1.203
0.030800 1.173
0.030850 1.090
0.030900 1.082
0.030950 1.079
0.031000 1.166
0.031050 1.157
0.031100 1.044
0.031150 1.168
0.031200 1.132
0.031250 1.017
0.031300 1.188
0.031350 1.205
0.031400 1.231
0.031450 1.176
0.031500 1.242
0.031550 1.117
0.031600 1.087
0.031650 1.105
0.031700 1.176
0.031750 1.148
0.031800 1.154
0.031850 1.147
0.031900 1.119
0.031950 1.142
0.032000 1.136
0.032050 1.152
0.032100 1.182
0.032150 1.118
0.032200 1.222
0.032250 1.158
0.032300 1.187
0.032350 1.144
0.032400 1.197
0.032450 1.106
0.032500 1.108
0.032550 1.138
0.032600 1.126
0.032650 1.195
0.032700 1.070
0.032750 1.135
0.032800 1.094
0.032850 1.097
0.032900 1.164
0.032950 1.085
0.033000 1.183
0.033050 1.151
0.033100 1.005
0.033150 1.124
0.033200 1.160
0.033250 1.098
0.033300 1.134
0.033350 1.127
0.033400 1.126
0.033450 1.113
0.033500 1.109
0.033550 1.160
0.033600 1.097
0.033650 1.086
0.033700 1.155
0.033750 1.108
0.033800 1.206
0.033850 1.084
0.033900 1.150
0.033950 1.154
0.034000 1.243
0.034050 1.192
0.034100 1.067
0.034150 1.152
0.034200 1.119
0.034250 1.245
0.034300 1.191
0.034350 1.128
0.034400 1.187
0.034450 1.218
0.034500 1.144
0.034550 1.141
0.034600 1.149
0.034650 1.241
0.034700 1.111
0.034750 1.109
0.034800 1.174
0.034850 1.230
0.034900 1.155
0.034950 1.096
0.035000 1.143
0.035050 1.127
0.035100 1.087
0.035150 1.139
0.035200 1.069
0.035250 1.132
0.035300 1.227
0.035350 1.092
0.035400 1.090
0.035450 1.080
0.035500 1.092
0.035550 1.145
0.035600 1.087
0.035650 1.096
0.035700 1.126
0.035750 1.127
0.035800 1.113
0.035850 1.138
0.035900 1.089
0.035950 1.091
0.036000 1.085
0.036050 1.046
0.036100 1.201
0.036150 1.121
0.036200 1.169
0.036250 1.097
0.036300 1.121
0.036350 1.090
0.036400 1.068
0.036450 1.064
0.036500 1.091
0.036550 1.129
0.036600 1.034
0.036650 1.100
0.036700 1.087
0.036750 1.117
0.036800 1.111
0.036850 1.054
0.036900 1.095
0.036950 1.025
0.037000 1.005
0.037050 1.105
0.037100 1.077
0.037150 1.118
0.037200 1.222
0.037250 1.167
0.037300 1.153
0.037350 1.075
0.037400 1.064
0.037450 1.134
0.037500 1.021
0.037550 1.074
0.037600 1.058
0.037650 1.059
0.037700 1.072
0.037750 1.153
0.037800 1.126
0.037850 1.097
0.037900 1.186
0.037950 1.152
0.038000 1.143
0.038050 1.104
0.038100 1.170
0.038150 1.230
0.038200 1.127
0.038250 1.081
0.038300 1.107
0.038350 1.076
0.038400 1.101
0.038450 1.142
0.038500 1.060
0.038550 1.072
0.038600 1.067
0.038650 1.045
0.038700 1.102
0.038750 1.001
0.038800 1.087
0.038850 1.076
0.038900 1.059
0.038950 1.010
0.039000 1.126
0.039050 1.148
0.039100 1.045
0.039150 1.036
0.039200 1.046
0.039250 1.050
0.039300 1.127
0.039350 1.185
0.039400 1.138
0.039450 1.035
0.039500 1.110
0.039550 1.085
0.039600 1.097
0.039650 1.147
0.039700 1.083
0.039750 1.027
0.039800 1.064
0.039850 1.046
0.039900 1.069
0.039950 1.109
0.040000 1.127
0.040050 1.127
0.040100 1.073
0.040150 1.024
0.040200 1.051
0.040250 1.156
0.040300 1.100
0.040350 1.040
0.040400 1.070
0.040450 1.065
0.040500 1.085
0.040550 1.052
0.040600 1.096
0.040650 1.145
0.040700 1.056
0.040750 1.099
0.040800 1.081
0.040850 1.056
0.040900 1.100
0.040950 1.183
0.041000 1.063
0.041050 1.098
0.041100 1.108
0.041150 1.086
0.041200 1.175
0.041250 1.019
0.041300 1.148
0.041350 1.073
0.041400 1.062
0.041450 1.050
0.041500 1.109
0.041550 1.045
0.041600 1.044
0.041650 1.130
0.041700 1.117
0.041750 1.068
0.041800 1.050
0.041850 1.125
0.041900 1.066
0.041950 1.079
0.042000 1.067
0.042050 1.159
0.042100 1.007
0.042150 1.032
0.042200 1.097
0.042250 1.109
0.042300 1.126
0.042350 1.102
0.042400 1.146
0.042450 1.114
0.042500 1.129
0.042550 1.125
0.042600 1.132
0.042650 1.033
0.042700 1.103
0.042750 1.037
0.042800 1.106
0.042850 1.043
0.042900 1.118
0.042950 1.018
0.043000 1.123
0.043050 0.977
0.043100 1.064
0.043150 1.017
0.043200 1.132
0.043250 1.065
0.043300 1.123
0.043350 1.152
0.043400 1.026
0.043450 1.112
0.043500 0.999
0.043550 1.036
0.043600 1.068
0.043650 1.131
0.043700 1.102
0.043750 1.052
0.043800 1.125
0.043850 1.026
0.043900 1.079
0.043950 1.109
0.044000 1.121
0.044050 1.093
0.044100 1.066
0.044150 1.001
0.044200 1.078
0.044250 1.073
0.044300 1.070
0.044350 1.093
0.044400 1.083
0.044450 1.017
0.044500 1.121
0.044550 1.151
0.044600 1.129
0.044650 1.084
0.044700 1.060
0.044750 1.042
0.044800 1.146
0.044850 1.042
0.044900 1.089
0.044950 1.092
0.045000 1.076
0.045050 1.025
0.045100 1.027
0.045150 1.158
0.045200 1.057
0.045250 1.058
0.045300 1.031
0.045350 1.038
0.045400 1.112
0.045450 0.987
0.045500 1.071
0.045550 1.053
0.045600 1.200
0.045650 1.120
0.045700 1.092
0.045750 1.077
0.045800 0.976
0.045850 1.105
0.045900 1.072
0.045950 1.109
0.046000 1.077
0.046050 1.036
0.046100 1.159
0.046150 1.061
0.046200 1.067
0.046250 1.159
0.046300 1.067
0.046350 1.089
0.046400 1.145
0.046450 1.136
0.046500 1.085
0.046550 1.073
0.046600 1.018
0.046650 1.092
0.046700 1.065
0.046750 1.025
0.046800 1.103
0.046850 1.149
0.046900 1.125
0.046950 1.090
0.047000 1.086
0.047050 1.029
0.047100 1.097
0.047150 1.126
0.047200 1.124
0.047250 1.111
0.047300 0.997
0.047350 1.078
0.047400 1.116
0.047450 1.097
0.047500 1.107
0.047550 1.112
0.047600 1.090
0.047650 1.033
0.047700 1.070
0.047750 1.043
0.047800 1.069
0.047850 1.047
0.047900 1.150
0.047950 1.009
0.048000 1.134
0.048050 1.193
0.048100 1.047
0.048150 1.085
0.048200 1.040
0.048250 1.136
0.048300 1.116
0.048350 1.087
0.048400 1.082
0.048450 1.126
0.048500 1.129
0.048550 1.065
0.048600 1.044
0.048650 1.027
0.048700 1.061
0.048750 1.059
0.048800 1.144
0.048850 1.156
0.048900 1.076
0.048950 1.053
0.049000 1.098
0.049050 1.078
0.049100 1.127
0.049150 1.052
0.049200 1.082
0.049250 1.094
0.049300 1.166
0.049350 1.029
0.049400 1.099
0.049450 1.062
0.049500 1.122
0.049550 1.073
0.049600 1.016
0.049650 1.117
0.049700 1.088
0.049750 1.091
0.049800 1.083
0.049850 1.044
0.049900 1.033
0.049950 1.039
0.050000 1.117
