0 0.077364
5e-05 0.067326
0.0001 0.102114
0.00015 0.076152
0.0002 0.077364
0.00025 0.109728
0.0003 0.098826
0.00035 0.108342
0.0004 0.083766
0.00045 0.127558
0.0005 0.084813
0.00055 0.094667
0.0006 0.082208
0.00065 0.108524
0.0007 0.111113
0.00075 0.085671
0.0008 0.097262
0.00085 0.096754
0.0009 0.107639
0.00095 0.115629
0.001 0.089299
0.00105 0.110761
0.0011 0.088956
0.00115 0.098324
0.0012 0.088965
0.00125 0.097775
0.0013 0.087928
0.00135 0.078396
0.0014 0.104183
0.00145 0.119263
0.0015 0.090867
0.00155 0.114895
0.0016 0.094676
0.00165 0.099166
0.0017 0.079281
0.00175 0.100373
0.0018 0.08586
0.00185 0.114382
0.0019 0.106823
0.00195 0.102087
0.002 0.093306
0.00205 0.127542
0.0021 0.137231
0.00215 0.184849
0.0022 0.254262
0.00225 0.267044
0.0023 0.285383
0.00235 0.337319
0.0024 0.370908
0.00245 0.464176
0.0025 0.61061
0.00255 0.74197
0.0026 1.03012
0.00265 1.27576
0.0027 1.64815
0.00275 2.0563
0.0028 2.57279
0.00285 3.1743
0.0029 3.72476
0.00295 4.31663
0.003 4.93711
0.00305 5.47273
0.0031 5.89405
0.00315 6.1201
0.0032 6.51847
0.00325 6.52157
0.0033 6.42936
0.00335 6.12372
0.0034 5.61674
0.00345 5.0962
0.0035 4.49024
0.00355 3.80967
0.0036 3.27438
0.00365 2.90438
0.0037 2.43237
0.00375 2.18247
0.0038 1.9168
0.00385 1.74267
0.0039 1.60335
0.00395 1.45431
0.004 1.33254
0.00405 1.34873
0.0041 1.18886
0.00415 1.20739
0.0042 1.12612
0.00425 1.05461
0.0043 0.983008
0.00435 1.01392
0.0044 0.926947
0.00445 0.945323
0.0045 0.894489
0.00455 0.841281
0.0046 0.846012
0.00465 0.893938
0.0047 0.76809
0.00475 0.850256
0.0048 0.741274
0.00485 0.783
0.0049 0.836477
0.00495 0.687313
0.005 0.716679
0.00505 0.776873
0.0051 0.666248
0.00515 0.672512
0.0052 0.687503
0.00525 0.692983
0.0053 0.739175
0.00535 0.707703
0.0054 0.727739
0.00545 0.644335
0.0055 0.585234
0.00555 0.731704
0.0056 0.664332
0.00565 0.669746
0.0057 0.658669
0.00575 0.676797
0.0058 0.628964
0.00585 0.631008
0.0059 0.590167
0.00595 0.603869
0.006 0.630882
0.00605 0.617824
0.0061 0.605294
0.00615 0.58612
0.0062 0.58634
0.00625 0.601794
0.0063 0.589143
0.00635 0.579483
0.0064 0.567234
0.00645 0.517476
0.0065 0.631714
0.00655 0.592508
0.0066 0.590366
0.00665 0.61691
0.0067 0.571607
0.00675 0.574977
0.0068 0.590664
0.00685 0.613914
0.0069 0.58669
0.00695 0.5183
0.007 0.566205
0.00705 0.556099
0.0071 0.531359
0.00715 0.561993
0.0072 0.569364
0.00725 0.535872
0.0073 0.596952
0.00735 0.541036
0.0074 0.507219
0.00745 0.584621
0.0075 0.580073
0.00755 0.559303
0.0076 0.562887
0.00765 0.556203
0.0077 0.526269
0.00775 0.548301
0.0078 0.501968
0.00785 0.572744
0.0079 0.500945
0.00795 0.513987
0.008 0.508406
0.00805 0.562624
0.0081 0.493601
0.00815 0.523457
0.0082 0.505307
0.00825 0.529271
0.0083 0.498507
0.00835 0.553483
0.0084 0.487367
0.00845 0.475427
0.0085 0.526316
0.00855 0.516118
0.0086 0.500306
0.00865 0.528864
0.0087 0.537541
0.00875 0.515837
0.0088 0.478278
0.00885 0.550892
0.0089 0.515818
0.00895 0.52128
0.009 0.521492
0.00905 0.473382
0.0091 0.460066
0.00915 0.479008
0.0092 0.451362
0.00925 0.51338
0.0093 0.554798
0.00935 0.487732
0.0094 0.496779
0.00945 0.502441
0.0095 0.470835
0.00955 0.525017
0.0096 0.491732
0.00965 0.4386
0.0097 0.424891
0.00975 0.494549
0.0098 0.522213
0.00985 0.496711
0.0099 0.429894
0.00995 0.469938
0.01 0.508047
0.01005 0.473469
0.0101 0.467673
0.01015 0.547131
0.0102 0.48822
0.01025 0.457548
0.0103 0.449055
0.01035 0.476905
0.0104 0.467812
0.01045 0.47944
0.0105 0.465554
0.01055 0.43987
0.0106 0.427728
0.01065 0.480962
0.0107 0.440836
0.01075 0.481422
0.0108 0.461221
0.01085 0.476765
0.0109 0.486666
0.01095 0.489716
0.011 0.484461
0.01105 0.490729
0.0111 0.480184
0.01115 0.441098
0.0112 0.467688
0.01125 0.430502
0.0113 0.448487
0.01135 0.433703
0.0114 0.427477
0.01145 0.513681
0.0115 0.458534
0.01155 0.480896
0.0116 0.414122
0.01165 0.472658
0.0117 0.45092
0.01175 0.466
0.0118 0.448611
0.01185 0.519819
0.0119 0.416782
0.01195 0.441848
0.012 0.476914
0.01205 0.413724
0.0121 0.450878
0.01215 0.434612
0.0122 0.449547
0.01225 0.411325
0.0123 0.437144
0.01235 0.415704
0.0124 0.411724
0.01245 0.406738
0.0125 0.413782
0.01255 0.44338
0.0126 0.439722
0.01265 0.42412
0.0127 0.433871
0.01275 0.472703
0.0128 0.415652
0.01285 0.428144
0.0129 0.428387
0.01295 0.404489
0.013 0.436466
0.01305 0.448412
0.0131 0.463159
0.01315 0.396795
0.0132 0.412123
0.01325 0.422341
0.0133 0.427636
0.01335 0.423912
0.0134 0.413185
0.01345 0.406151
0.0135 0.397446
0.01355 0.351958
0.0136 0.435404
0.01365 0.43048
0.0137 0.437357
0.01375 0.433023
0.0138 0.400694
0.01385 0.394176
0.0139 0.427237
0.01395 0.403565
0.014 0.440645
0.01405 0.436979
0.0141 0.445187
0.01415 0.390461
0.0142 0.455168
0.01425 0.395318
0.0143 0.419817
0.01435 0.385273
0.0144 0.429871
0.01445 0.374621
0.0145 0.377316
0.01455 0.423868
0.0146 0.405295
0.01465 0.421249
0.0147 0.416742
0.01475 0.449806
0.0148 0.374528
0.01485 0.440658
0.0149 0.422565
0.01495 0.400413
0.015 0.418999
0.01505 0.391589
0.0151 0.383322
0.01515 0.45951
0.0152 0.449245
0.01525 0.448079
0.0153 0.431879
0.01535 0.442337
0.0154 0.40595
0.01545 0.36179
0.0155 0.439759
0.01555 0.399321
0.0156 0.364148
0.01565 0.358804
0.0157 0.404778
0.01575 0.390226
0.0158 0.437055
0.01585 0.390221
0.0159 0.37933
0.01595 0.384998
0.016 0.40968
0.01605 0.378908
0.0161 0.391474
0.01615 0.364326
0.0162 0.406172
0.01625 0.398874
0.0163 0.409513
0.01635 0.376317
0.0164 0.389883
0.01645 0.384453
0.0165 0.38462
0.01655 0.374516
0.0166 0.399971
0.01665 0.361547
0.0167 0.397166
0.01675 0.372308
0.0168 0.358704
0.01685 0.345674
0.0169 0.345091
0.01695 0.419663
0.017 0.353398
0.01705 0.41721
0.0171 0.409228
0.01715 0.427336
0.0172 0.382138
0.01725 0.369778
0.0173 0.358022
0.01735 0.357666
0.0174 0.316492
0.01745 0.379982
0.0175 0.394896
0.01755 0.412418
0.0176 0.329147
0.01765 0.329789
0.0177 0.402165
0.01775 0.396139
0.0178 0.358661
0.01785 0.358115
0.0179 0.394917
0.01795 0.367603
0.018 0.392782
0.01805 0.398276
0.0181 0.39657
0.01815 0.382488
0.0182 0.357354
0.01825 0.39864
0.0183 0.390735
0.01835 0.379467
0.0184 0.316092
0.01845 0.383936
0.0185 0.341789
0.01855 0.386363
0.0186 0.367156
0.01865 0.35454
0.0187 0.352337
0.01875 0.346371
0.0188 0.347912
0.01885 0.322264
0.0189 0.351761
0.01895 0.370107
0.019 0.331843
0.01905 0.323087
0.0191 0.402367
0.01915 0.376299
0.0192 0.354274
0.01925 0.334406
0.0193 0.354645
0.01935 0.352551
0.0194 0.361346
0.01945 0.387772
0.0195 0.378442
0.01955 0.353372
0.0196 0.377247
0.01965 0.363887
0.0197 0.374137
0.01975 0.331017
0.0198 0.378892
0.01985 0.37182
0.0199 0.361913
0.01995 0.340743
0.02 0.402433
0.02005 0.377765
0.0201 0.340833
0.02015 0.363833
0.0202 0.348541
0.02025 0.417595
0.0203 0.35978
0.02035 0.37254
0.0204 0.339597
0.02045 0.347833
0.0205 0.358607
0.02055 0.363703
0.0206 0.339524
0.02065 0.390114
0.0207 0.353932
0.02075 0.33497
0.0208 0.368841
0.02085 0.362003
0.0209 0.371048
0.02095 0.330188
0.021 0.385034
0.02105 0.36179
0.0211 0.335429
0.02115 0.373339
0.0212 0.323128
0.02125 0.359476
0.0213 0.314107
0.02135 0.332629
0.0214 0.371455
0.02145 0.327573
0.0215 0.355802
0.02155 0.323758
0.0216 0.353853
0.02165 0.363335
0.0217 0.360277
0.02175 0.344563
0.0218 0.348852
0.02185 0.374204
0.0219 0.347498
0.02195 0.371218
0.022 0.359829
0.02205 0.369145
0.0221 0.410872
0.02215 0.453778
0.0222 0.485411
0.02225 0.572121
0.0223 0.599968
0.02235 0.736868
0.0224 0.779049
0.02245 0.861559
0.0225 1.00956
0.02255 1.29368
0.0226 1.64945
0.02265 2.10107
0.0227 2.62618
0.02275 3.23222
0.0228 3.90389
0.02285 4.5286
0.0229 5.37349
0.02295 6.37192
0.023 6.90144
0.02305 7.82416
0.0231 8.13368
0.02315 8.46077
0.0232 8.97159
0.02325 9.05211
0.0233 8.93772
0.02335 8.34687
0.0234 7.96541
0.02345 7.20624
0.0235 6.37185
0.02355 5.76421
0.0236 5.05605
0.02365 4.30346
0.0237 4.03239
0.02375 3.71097
0.0238 3.32448
0.02385 3.08461
0.0239 2.83887
0.02395 2.60545
0.024 2.28538
0.02405 2.27658
0.0241 2.03198
0.02415 1.97603
0.0242 1.85764
0.02425 1.79534
0.0243 1.74043
0.02435 1.63002
0.0244 1.66805
0.02445 1.56763
0.0245 1.55594
0.02455 1.52743
0.0246 1.53472
0.02465 1.39977
0.0247 1.48426
0.02475 1.42889
0.0248 1.35676
0.02485 1.31506
0.0249 1.30904
0.02495 1.39496
0.025 1.20584
0.02505 1.24751
0.0251 1.18378
0.02515 1.19427
0.0252 1.17602
0.02525 1.16677
0.0253 1.20258
0.02535 1.20863
0.0254 1.17093
0.02545 1.19318
0.0255 1.20841
0.02555 1.20324
0.0256 1.12826
0.02565 1.07495
0.0257 1.12947
0.02575 1.09813
0.0258 1.08212
0.02585 1.02146
0.0259 1.07047
0.02595 1.05425
0.026 1.04887
0.02605 1.02519
0.0261 1.05472
0.02615 1.01211
0.0262 0.989194
0.02625 0.99508
0.0263 1.00205
0.02635 1.04814
0.0264 1.00402
0.02645 1.01584
0.0265 1.06064
0.02655 0.955137
0.0266 0.999344
0.02665 1.0155
0.0267 1.05689
0.02675 0.970939
0.0268 1.00211
0.02685 1.03346
0.0269 0.935617
0.02695 0.865851
0.027 0.947178
0.02705 0.971506
0.0271 0.862391
0.02715 0.983873
0.0272 0.914732
0.02725 0.975704
0.0273 0.943475
0.02735 0.956005
0.0274 0.996603
0.02745 0.921923
0.0275 0.931689
0.02755 1.01989
0.0276 0.941018
0.02765 0.96642
0.0277 0.89539
0.02775 0.967424
0.0278 0.950171
0.02785 0.921665
0.0279 0.90754
0.02795 0.86366
0.028 0.879012
0.02805 0.860728
0.0281 0.851919
0.02815 0.937817
0.0282 0.877839
0.02825 0.892255
0.0283 0.830771
0.02835 0.891651
0.0284 0.812881
0.02845 0.854537
0.0285 0.885566
0.02855 0.791492
0.0286 0.810953
0.02865 0.873569
0.0287 0.91294
0.02875 0.872454
0.0288 0.843298
0.02885 0.827864
0.0289 0.814089
0.02895 0.827505
0.029 0.836345
0.02905 0.842905
0.0291 0.807525
0.02915 0.814013
0.0292 0.798307
0.02925 0.880971
0.0293 0.793244
0.02935 0.773278
0.0294 0.842741
0.02945 0.805771
0.0295 0.757977
0.02955 0.796375
0.0296 0.795833
0.02965 0.794697
0.0297 0.801293
0.02975 0.739981
0.0298 0.725526
0.02985 0.805486
0.0299 0.830144
0.02995 0.828528
0.03 0.799861
0.03005 0.806571
0.0301 0.733118
0.03015 0.779498
0.0302 0.779527
0.03025 0.800163
0.0303 0.779628
0.03035 0.701234
0.0304 0.757654
0.03045 0.825336
0.0305 0.774209
0.03055 0.735685
0.0306 0.729464
0.03065 0.823298
0.0307 0.776144
0.03075 0.769418
0.0308 0.776236
0.03085 0.82944
0.0309 0.744868
0.03095 0.759088
0.031 0.753508
0.03105 0.739818
0.0311 0.761576
0.03115 0.708562
0.0312 0.752796
0.03125 0.772832
0.0313 0.750958
0.03135 0.744054
0.0314 0.74341
0.03145 0.750326
0.0315 0.692916
0.03155 0.71866
0.0316 0.7382
0.03165 0.752764
0.0317 0.771845
0.03175 0.704523
0.0318 0.706956
0.03185 0.67559
0.0319 0.725233
0.03195 0.691273
0.032 0.689207
0.03205 0.664023
0.0321 0.674733
0.03215 0.787249
0.0322 0.719048
0.03225 0.766812
0.0323 0.711281
0.03235 0.726127
0.0324 0.712489
0.03245 0.656541
0.0325 0.709706
0.03255 0.727912
0.0326 0.681558
0.03265 0.674888
0.0327 0.710766
0.03275 0.67662
0.0328 0.651519
0.03285 0.615779
0.0329 0.673458
0.03295 0.626464
0.033 0.695596
0.03305 0.724002
0.0331 0.749225
0.03315 0.694221
0.0332 0.675546
0.03325 0.644802
0.0333 0.715307
0.03335 0.652533
0.0334 0.707224
0.03345 0.691814
0.0335 0.665602
0.03355 0.678252
0.0336 0.63443
0.03365 0.682754
0.0337 0.611822
0.03375 0.66023
0.0338 0.666206
0.03385 0.647126
0.0339 0.70605
0.03395 0.725798
0.034 0.672769
0.03405 0.632467
0.0341 0.669853
0.03415 0.605491
0.0342 0.670315
0.03425 0.637329
0.0343 0.674963
0.03435 0.701069
0.0344 0.681129
0.03445 0.692155
0.0345 0.673519
0.03455 0.737153
0.0346 0.657615
0.03465 0.644359
0.0347 0.681089
0.03475 0.595485
0.0348 0.641945
0.03485 0.700475
0.0349 0.686564
0.03495 0.650196
0.035 0.636808
0.03505 0.60371
0.0351 0.64921
0.03515 0.645628
0.0352 0.606784
0.03525 0.651792
0.0353 0.680027
0.03535 0.666613
0.0354 0.604224
0.03545 0.626774
0.0355 0.601075
0.03555 0.633655
0.0356 0.621457
0.03565 0.569227
0.0357 0.588996
0.03575 0.626752
0.0358 0.620216
0.03585 0.610066
0.0359 0.629356
0.03595 0.64513
0.036 0.576616
0.03605 0.620452
0.0361 0.647845
0.03615 0.671735
0.0362 0.670352
0.03625 0.67187
0.0363 0.597789
0.03635 0.634061
0.0364 0.63841
0.03645 0.62818
0.0365 0.647151
0.03655 0.560795
0.0366 0.632416
0.03665 0.6302
0.0367 0.591228
0.03675 0.6257
0.0368 0.608726
0.03685 0.620468
0.0369 0.553188
0.03695 0.589978
0.037 0.614324
0.03705 0.60093
0.0371 0.599373
0.03715 0.559125
0.0372 0.594708
0.03725 0.60582
0.0373 0.605775
0.03735 0.680533
0.0374 0.567595
0.03745 0.619957
0.0375 0.541858
0.03755 0.552938
0.0376 0.578373
0.03765 0.600143
0.0377 0.550278
0.03775 0.589426
0.0378 0.662041
0.03785 0.610635
0.0379 0.606086
0.03795 0.590882
0.038 0.561923
0.03805 0.567905
0.0381 0.611301
0.03815 0.579235
0.0382 0.601361
0.03825 0.602895
0.0383 0.574525
0.03835 0.577535
0.0384 0.591326
0.03845 0.546654
0.0385 0.583537
0.03855 0.541051
0.0386 0.529323
0.03865 0.598823
0.0387 0.511271
0.03875 0.507191
0.0388 0.589346
0.03885 0.662486
0.0389 0.575437
0.03895 0.505995
0.039 0.59327
0.03905 0.524484
0.0391 0.5815
0.03915 0.572098
0.0392 0.583073
0.03925 0.561867
0.0393 0.522482
0.03935 0.508954
0.0394 0.565599
0.03945 0.616143
0.0395 0.57038
0.03955 0.519694
0.0396 0.548119
0.03965 0.608415
0.0397 0.557642
0.03975 0.58628
0.0398 0.607856
0.03985 0.570464
0.0399 0.531336
0.03995 0.543264
0.04 0.573663
0.04005 0.576109
0.0401 0.554477
0.04015 0.587439
0.0402 0.585107
0.04025 0.535215
0.0403 0.605383
0.04035 0.540879
0.0404 0.536813
0.04045 0.545695
0.0405 0.548125
0.04055 0.520523
0.0406 0.509082
0.04065 0.532604
0.0407 0.530951
0.04075 0.552143
0.0408 0.552991
0.04085 0.552209
0.0409 0.547332
0.04095 0.52768
0.041 0.518632
0.04105 0.51613
0.0411 0.525967
0.04115 0.530075
0.0412 0.527601
0.04125 0.513557
0.0413 0.613591
0.04135 0.532659
0.0414 0.471332
0.04145 0.513536
0.0415 0.540107
0.04155 0.552633
0.0416 0.491903
0.04165 0.556891
0.0417 0.528596
0.04175 0.518594
0.0418 0.539528
0.04185 0.542104
0.0419 0.575735
0.04195 0.483489
0.042 0.563321
0.04205 0.511247
0.0421 0.510413
0.04215 0.482571
0.0422 0.490123
0.04225 0.550157
0.0423 0.518931
0.04235 0.535085
0.0424 0.510547
0.04245 0.477425
0.0425 0.484186
0.04255 0.505458
0.0426 0.508895
0.04265 0.526011
0.0427 0.5449
0.04275 0.512498
0.0428 0.521978
0.04285 0.57182
0.0429 0.462924
0.04295 0.49039
0.043 0.455963
0.04305 0.501585
0.0431 0.521479
0.04315 0.553541
0.0432 0.486242
0.04325 0.49925
0.0433 0.506237
0.04335 0.487211
0.0434 0.526345
0.04345 0.534297
0.0435 0.479567
0.04355 0.512723
0.0436 0.531155
0.04365 0.493717
0.0437 0.516528
0.04375 0.514892
0.0438 0.49659
0.04385 0.51686
0.0439 0.529291
0.04395 0.474887
0.044 0.472279
0.04405 0.517293
0.0441 0.485642
0.04415 0.527258
0.0442 0.510608
0.04425 0.529344
0.0443 0.508231
0.04435 0.479945
0.0444 0.497794
0.04445 0.483666
0.0445 0.522062
0.04455 0.48031
0.0446 0.427704
0.04465 0.478628
0.0447 0.502876
0.04475 0.509288
0.0448 0.480741
0.04485 0.463775
0.0449 0.462937
0.04495 0.519699
0.045 0.466731
0.04505 0.484847
0.0451 0.541855
0.04515 0.495999
0.0452 0.511533
0.04525 0.472761
0.0453 0.462887
0.04535 0.506555
0.0454 0.515828
0.04545 0.518764
0.0455 0.467963
0.04555 0.468981
0.0456 0.459049
0.04565 0.551455
0.0457 0.498682
0.04575 0.464058
0.0458 0.480675
0.04585 0.490923
0.0459 0.493855
0.04595 0.480239
0.046 0.464739
0.04605 0.482383
0.0461 0.50101
0.04615 0.447628
0.0462 0.477325
0.04625 0.435819
0.0463 0.487808
0.04635 0.510272
0.0464 0.539314
0.04645 0.484752
0.0465 0.439326
0.04655 0.486956
0.0466 0.535675
0.04665 0.465935
0.0467 0.501628
0.04675 0.488766
0.0468 0.48992
0.04685 0.442304
0.0469 0.449
0.04695 0.52152
0.047 0.423953
0.04705 0.493753
0.0471 0.432701
0.04715 0.447921
0.0472 0.457522
0.04725 0.426478
0.0473 0.431324
0.04735 0.471264
0.0474 0.467679
0.04745 0.494485
0.0475 0.495701
0.04755 0.497875
0.0476 0.459079
0.04765 0.517471
0.0477 0.457629
0.04775 0.480773
0.0478 0.437959
0.04785 0.483149
0.0479 0.506426
0.04795 0.448178
0.048 0.473357
0.04805 0.517857
0.0481 0.394936
0.04815 0.518418
0.0482 0.440602
0.04825 0.45335
0.0483 0.4468
0.04835 0.452816
0.0484 0.513117
0.04845 0.498917
0.0485 0.413792
0.04855 0.410054
0.0486 0.413118
0.04865 0.47366
0.0487 0.443716
0.04875 0.476146
0.0488 0.498908
0.04885 0.416118
0.0489 0.404543
0.04895 0.437035
0.049 0.451971
0.04905 0.409017
0.0491 0.405254
0.04915 0.453634
0.0492 0.471629
0.04925 0.469961
0.0493 0.499874
0.04935 0.477516
0.0494 0.413554
0.04945 0.47711
0.0495 0.436806
0.04955 0.488638
0.0496 0.445301
0.04965 0.443583
0.0497 0.414997
0.04975 0.419195
0.0498 0.427396
0.04985 0.454586
0.0499 0.460881
