0.023654 -0.0250000004 0.0063291848 0.0344229781 synchronous_release_1
0.024348 -0.0250000004 0.0238189005 0.0256448821 synchronous_release_1
0.032646 -0.0250000004 0.0346933159 -0.00462318452 asynchronous_release_0
0.026518 -0.0250000004 -0.00194110608 0.0349461315 synchronous_release_0
0.039578 -0.0250000004 -0.0267459697 -0.0225754979 asynchronous_release_0
0.004881 -0.0250000004 0.0287775617 0.0199211431 synchronous_release_0
0.005703 -0.0250000004 0.0321193617 -0.013904913 synchronous_release_0
0.027788 -0.0250000004 0.0347446457 0.00422014163 synchronous_release_0
0.024429 -0.0250000004 -0.000799419286 -0.000600773506 synchronous_release_1
0.024337 -0.0250000004 -0.000881790008 -0.000471642218 synchronous_release_0
0.027216 -0.0250000004 -0.0200604272 0.0286806426 synchronous_release_0
0.024361 -0.0250000004 0.0246770222 0.0248202452 synchronous_release_0
0.031158 -0.0250000004 0.0344812448 0.00600364546 synchronous_release_0
0.016323 -0.0250000004 0.0320183774 -0.0141358943 synchronous_release_0
0.025967 -0.0250000004 0.0305685858 -0.0170458665 synchronous_release_1
0.006815 -0.0250000004 0.0287920728 -0.0199001644 synchronous_release_0
0.014002 -0.0250000004 0.0131047063 -0.0324540702 synchronous_release_0
0.029293 -0.0250000004 -0.00083668415 -0.000547685706 synchronous_release_0
0.012552 -0.0250000004 0.00146657045 -0.0349692604 synchronous_release_0
0.024322 -0.0250000004 0.0301275571 -0.0178137672 synchronous_release_0
0.046239 -0.0250000004 -0.0283866819 0.0204742837 asynchronous_release_0
0.025067 -0.0250000004 0.0340911121 0.00792439733 synchronous_release_0
0.027045 -0.0250000004 0.0239082855 -0.0255615705 synchronous_release_1
0.04553 -0.0250000004 0.0334708564 -0.0102323882 asynchronous_release_0
0.024244 -0.0250000004 0.0346471636 0.00495722216 synchronous_release_1
0.04216 -0.0250000004 0.0340139446 0.0082493378 asynchronous_release_0
0.008664 -0.0250000004 0.0241511084 -0.0253322712 synchronous_release_0
0.028846 -0.0250000004 0.015062495 -0.0315930569 synchronous_release_0
0.030119 -0.0250000004 0.0112841778 0.0331310629 synchronous_release_0
0.023658 -0.0250000004 0.0281095009 0.0208532002 synchronous_release_0
0.030916 -0.0250000004 0.0261138096 -0.0233038398 synchronous_release_0
0.045858 -0.0250000004 -0.000821372045 0.000570392815 synchronous_release_0
0.009454 -0.0250000004 -0.00223539705 -0.0349285413 synchronous_release_0
0.025841 -0.0250000004 0.00223539705 0.0349285413 synchronous_release_1
0.026519 -0.0250000004 0.0303559015 -0.0174218037 synchronous_release_0
0.027913 -0.0250000004 0.0112735918 -0.0331346666 synchronous_release_0
0.010822 -0.0250000004 0.0117211714 -0.0329789955 synchronous_release_0
0.024607 -0.0250000004 0.0346593557 0.00487124835 synchronous_release_0
0.033644 -0.0250000004 0.0334556349 -0.010282047 synchronous_release_0
0.011355 -0.0250000004 0.029210034 0.0192814396 synchronous_release_0
0.026188 -0.0250000004 -0.0199724257 -0.0287419939 asynchronous_release_0
0.037607 -0.0250000004 0.0348775097 -0.00292563111 synchronous_release_1
0.007461 -0.0250000004 0.0239621601 0.0255110737 synchronous_release_1
0.03823 -0.0250000004 -0.0193267258 0.0291800903 synchronous_release_0
0.017422 -0.0250000004 0.000482661399 0.000875807041 asynchronous_release_0
0.028669 -0.0250000004 0.000696727053 -0.0349930646 asynchronous_release_1
0.023432 -0.0250000004 0.0292866794 -0.0191648221 synchronous_release_0
0.046819 -0.0250000004 -0.0267239819 0.0226015219 asynchronous_release_0
0.041097 -0.0250000004 0.0213562245 -0.0277292567 asynchronous_release_0
0.013704 -0.0250000004 0.0346127687 -0.00519194022 asynchronous_release_0
0.028826 -0.0250000004 -0.0128100322 0.0325715071 asynchronous_release_0
0.033376 -0.0250000004 -0.0348741863 0.00296498422 asynchronous_release_0
0.027731 -0.0250000004 0.0234154441 0.0260137843 synchronous_release_0
0.024373 -0.0250000004 0.025779815 0.0236727932 synchronous_release_0
0.02361 -0.0250000004 0.031360821 0.0155402351 synchronous_release_0
0.025555 -0.0250000004 0.0310923422 -0.0160706645 synchronous_release_0
0.024147 -0.0250000004 0.032613511 -0.0127027122 synchronous_release_0
0.029424 -0.0250000004 0.027307627 0.0218927729 synchronous_release_0
0.035366 -0.0250000004 0.000501004111 -0.000865444903 asynchronous_release_0
0.027332 -0.0250000004 -0.034414793 -0.00637354059 synchronous_release_0
0.032181 -0.0250000004 0.00751183878 -0.0341843865 synchronous_release_0
0.040582 -0.0250000004 0.0328574083 -0.0120578074 synchronous_release_1
0.027347 -0.0250000004 0.0155512821 0.0313553444 synchronous_release_0
0.047971 -0.0250000004 0.0160040659 -0.0311266747 asynchronous_release_0
0.04477 -0.0250000004 -0.029894295 0.0182025033 asynchronous_release_0
0.026436 -0.0250000004 0.0304483109 -0.0172597904 synchronous_release_0
0.032468 -0.0250000004 0.0305632121 0.0170554996 synchronous_release_1
0.032076 -0.0250000004 0.0265527713 -0.0228024195 asynchronous_release_0
0.039408 -0.0250000004 0.0320154483 -0.0141425269 synchronous_release_0
0.004061 -0.0250000004 -0.000203866767 0.000978998642 synchronous_release_0
0.02481 -0.0250000004 0.0336381828 -0.00966812591 synchronous_release_0
0.030127 -0.0250000004 0.0224236652 0.0268733928 asynchronous_release_0
0.049431 -0.0250000004 -0.0349395346 0.00205643449 asynchronous_release_1
0.040349 -0.0250000004 0.00995567891 0.0335542018 synchronous_release_0
0.03179 -0.0250000004 0.000973636191 -0.000228106481 synchronous_release_0
0.026775 -0.0250000004 -0.000772820866 -0.000634624226 synchronous_release_1
0.034388 -0.0250000004 0.0228182278 0.0265391876 asynchronous_release_0
0.023816 -0.0250000004 0.0343927246 -0.00649157114 synchronous_release_0
0.027443 -0.0250000004 0.0310792998 -0.016095873 synchronous_release_0
0.027982 -0.0250000004 0.0106493205 0.0333405455 asynchronous_release_0
0.02452 -0.0250000004 0.0259075404 -0.0235329419 synchronous_release_0
0.035677 -0.0250000004 0.0349867323 -0.000963619017 asynchronous_release_0
0.049285 -0.0250000004 0.00713034328 0.034265992 asynchronous_release_0
0.03024 -0.0250000004 0.0339369229 0.00856068115 synchronous_release_0
0.041612 -0.0250000004 0.0349567613 0.00173920749 asynchronous_release_0
0.029888 -0.0250000004 0.0189845785 -0.0294038395 synchronous_release_1
0.036637 -0.0250000004 0.0347483283 -0.00418971111 synchronous_release_0
0.024302 -0.0250000004 0.0321913964 -0.0137373215 synchronous_release_0
0.025801 -0.0250000004 0.0284954927 -0.020322571 synchronous_release_0
0.043481 -0.0250000004 0.014845543 0.031695581 synchronous_release_1
0.0307 -0.0250000004 -0.0288802149 -0.0197720304 synchronous_release_0
0.036806 -0.0250000004 -0.006033145 -0.0344760955 synchronous_release_0
0.029852 -0.0250000004 0.0227349925 -0.0266105264 synchronous_release_0
0.027074 -0.0250000004 0.0344128881 0.00638381782 synchronous_release_1
0.038755 -0.0250000004 0.0308083312 -0.0166086342 asynchronous_release_0
0.027565 -0.0250000004 0.0297876647 0.0183764804 synchronous_release_0
0.036449 -0.0250000004 -0.0210229671 -0.0279827599 synchronous_release_0
0.032055 -0.0250000004 0.0307584314 -0.0167008653 synchronous_release_0
0.012268 -0.0250000004 0.0324966867 0.0129986674 synchronous_release_0
0.032594 -0.0250000004 0.0324330753 0.0131565811 asynchronous_release_0
0.015054 -0.0250000004 0.0233532828 -0.0260696027 asynchronous_release_4
0.023943 -0.0250000004 0.0349946071 0.000614391148 synchronous_release_0
0.005444 -0.0250000004 0.0321378156 -0.0138622078 synchronous_release_0
0.005857 -0.0250000004 0.0328157794 -0.0121706459 synchronous_release_0
0.031217 -0.0250000004 -0.0223936594 -0.0268984018 synchronous_release_0
0.024853 -0.0250000004 0.0275688605 0.0215628832 synchronous_release_0
0.024163 -0.0250000004 0.0348248069 -0.00349754558 synchronous_release_0
0.024272 -0.0250000004 -0.000184563116 -0.000982820663 synchronous_release_1
0.02945 -0.0250000004 0.0330813597 -0.0114290698 synchronous_release_0
0.023395 -0.0250000004 0.0324611452 -0.0130871714 synchronous_release_0
0.026571 -0.0250000004 0.00590363857 0.034498508 synchronous_release_0
0.022813 -0.0250000004 0.00156801667 0.0349648584 synchronous_release_0
0.024455 -0.0250000004 0.00916002694 -0.0337800815 synchronous_release_0
0.034606 -0.0250000004 0.00689650584 -0.0343138195 synchronous_release_0
0.037803 -0.0250000004 0.0174577361 -0.0303352509 synchronous_release_1
0.047115 -0.0250000004 0.0142854534 -0.0319519299 synchronous_release_0
0.026063 -0.0250000004 -0.000993371303 0.000114949791 synchronous_release_0
0.040569 -0.0250000004 0.0349461642 -0.0019405174 asynchronous_release_0
0.023951 -0.0250000004 -0.0327856683 0.0122515286 synchronous_release_1
0.034616 -0.0250000004 -0.000985989837 -0.000166805397 synchronous_release_0
0.043373 -0.0250000004 -0.0111125715 0.0331890156 asynchronous_release_0
0.028451 -0.0250000004 0.026107326 0.0233111031 synchronous_release_0
0.010808 -0.0250000004 0.0321273713 -0.0138863966 synchronous_release_2
0.023503 -0.0250000004 -0.000796707489 0.000604365102 synchronous_release_0
0.03476 -0.0250000004 -0.0345741938 -0.00544289671 asynchronous_release_0
0.030961 -0.0250000004 -0.0284996169 0.0203167871 synchronous_release_0
0.03159 -0.0250000004 -0.0281762142 0.0207629707 synchronous_release_0
0.024675 -0.0250000004 0.00415869595 -0.0347520539 asynchronous_release_0
0.027589 -0.0250000004 -0.0254356017 -0.0240422579 synchronous_release_0
0.030339 -0.0250000004 -0.00810340521 0.0340490062 synchronous_release_0
0.036588 -0.0250000004 0.0254356017 0.0240422579 synchronous_release_0
0.025516 -0.0250000004 0.0306453726 0.0169074285 synchronous_release_1
0.024195 -0.0250000004 0.0329628313 0.0117665522 synchronous_release_0
0.03002 -0.0250000004 0.0313164232 0.0156295117 asynchronous_release_0
0.023561 -0.0250000004 0.0288760586 -0.0197781 synchronous_release_1
0.025714 -0.0250000004 0.0317546537 0.0147187624 asynchronous_release_3
0.041761 -0.0250000004 -0.0297260863 0.0184759247 asynchronous_release_0
0.025043 -0.0250000004 0.0342805856 -0.00705984768 synchronous_release_0
0.023159 -0.0250000004 0.0237331733 -0.0257242393 synchronous_release_1
0.025893 -0.0250000004 0.0347455752 0.00421248166 synchronous_release_1
0.042405 -0.0250000004 0.0346865707 0.0046735225 asynchronous_release_1
0.023612 -0.0250000004 0.0272783509 -0.0219292402 synchronous_release_1
0.039952 -0.0250000004 0.0296960204 0.0185242104 synchronous_release_0
0.027911 -0.0250000004 0.0349996195 -0.000163197556 synchronous_release_0
0.003403 -0.0250000004 0.0334159561 0.0104102775 synchronous_release_0
0.027713 -0.0250000004 0.0257235428 -0.0237339281 synchronous_release_0
0.038255 -0.0250000004 0.0340765566 0.00798675705 asynchronous_release_0
0.027251 -0.0250000004 -0.00287724737 0.0348815345 synchronous_release_0
0.023357 -0.0250000004 0.034710428 -0.00449290437 synchronous_release_0
0.047881 -0.0250000004 0.0344602185 0.00612318063 asynchronous_release_0
0.033508 -0.0250000004 0.0169069267 -0.0306456494 synchronous_release_0
0.01785 -0.0250000004 -0.00208196593 -0.0349380225 asynchronous_release_0
0.045094 -0.0250000004 0.0139694804 -0.0320913324 synchronous_release_0
0.034195 -0.0250000004 -0.0010677303 0.0349837098 synchronous_release_0
0.036099 -0.0250000004 0.0297295101 0.018470415 synchronous_release_0
0.025616 -0.0250000004 0.0244851531 0.0250095438 asynchronous_release_0
0.038086 -0.0250000004 0.00356532125 -0.0348179334 asynchronous_release_0
0.045918 -0.0250000004 0.0238762349 0.0255915105 asynchronous_release_0
0.023533 -0.0250000004 0.0295055632 -0.0188260921 synchronous_release_1
0.033111 -0.0250000004 0.00155109239 0.0349656133 synchronous_release_1
0.03337 -0.0250000004 0.0349612901 -0.00164565886 synchronous_release_0
0.026522 -0.0250000004 0.0057519247 -0.0345241272 asynchronous_release_1
0.024201 -0.0250000004 0.0348489551 -0.00324812676 synchronous_release_0
0.028809 -0.0250000004 -0.0164953016 0.0308691598 synchronous_release_0
0.024411 -0.0250000004 0.0184858258 0.0297199301 synchronous_release_1
0.023751 -0.0250000004 0.0342892971 -0.0070174142 synchronous_release_1
0.024944 -0.0250000004 0.0329404808 -0.0118289781 synchronous_release_0
0.025394 -0.0250000004 0.0248747149 0.0246221152 synchronous_release_0
0.026292 -0.0250000004 0.034567413 0.00548579611 synchronous_release_0
0.025 -0.0250000004 -0.000179045328 -0.000983840826 asynchronous_release_0
0.037902 -0.0250000004 -0.00826143079 -0.0340110094 synchronous_release_0
0.034216 -0.0250000004 0.0303641725 -0.0174073842 asynchronous_release_0
0.024028 -0.0250000004 0.0183954373 -0.0297759615 synchronous_release_0
0.023966 -0.0250000004 0.026892733 -0.0224004667 synchronous_release_1
0.023811 -0.0250000004 0.0295947711 0.0186855432 synchronous_release_1
0.026168 -0.0250000004 0.0263752378 0.0230075386 synchronous_release_0
0.025693 -0.0250000004 0.0153083336 0.0314746711 synchronous_release_0
0.025709 -0.0250000004 -0.000784079748 -0.000620660091 synchronous_release_0
0.024902 -0.0250000004 0.0346993029 0.00457803242 synchronous_release_0
0.023633 -0.0250000004 0.0338046339 0.0090689981 synchronous_release_0
0.031058 -0.0250000004 -0.033053639 -0.0115089943 asynchronous_release_0
0.026811 -0.0250000004 0.0349942499 -0.000634409759 synchronous_release_0
0.023851 -0.0250000004 0.0281860576 -0.0207496062 synchronous_release_0
0.003457 -0.0250000004 0.034355199 -0.00668732371 synchronous_release_0
0.026083 -0.0250000004 0.0342155224 0.00736871937 synchronous_release_1
0.032052 -0.0250000004 0.000957996116 0.000286781174 asynchronous_release_0
0.014258 -0.0250000004 -0.000567429437 -0.000823422026 synchronous_release_0
0.027342 -0.0250000004 0.0349920248 0.000747130438 synchronous_release_0
0.024259 -0.0250000004 0.034949281 -0.00188354836 synchronous_release_0
0.005692 -0.0250000004 0.0335356776 0.0100179005 synchronous_release_0
0.038172 -0.0250000004 0.0349973682 -0.000429208412 synchronous_release_1
0.023564 -0.0250000004 0.031997139 -0.0141839027 synchronous_release_0
0.027105 -0.0250000004 0.000612798736 -0.00079023902 asynchronous_release_4
0.023612 -0.0250000004 0.03162428 -0.0149968301 synchronous_release_0
0.013037 -0.0250000004 0.0349068971 0.00255118361 synchronous_release_0
0.027825 -0.0250000004 0.0343132767 -0.00689920575 synchronous_release_0
0.023479 -0.0250000004 0.0111817509 -0.0331657722 synchronous_release_1
0.027237 -0.0250000004 0.0175613293 0.0302753978 synchronous_release_0
0.027648 -0.0250000004 0.03341349 0.01041819 synchronous_release_0
0.029659 -0.0250000004 0.000570027875 -0.000821625354 synchronous_release_0
0.024133 -0.0250000004 0.0286937952 -0.0200416096 synchronous_release_0
0.021724 -0.0250000004 0.030716891 0.0167771455 asynchronous_release_0
0.024175 -0.0250000004 0.0597757593 -0.0364260703 synchronous_release_0
0.03837 -0.0250000004 0.000219058784 0.000975711663 asynchronous_release_0
0.004468 -0.0250000004 0.0341499082 -0.00766705745 synchronous_release_0
0.032735 -0.0250000004 0.0341395893 -0.00771287532 synchronous_release_1
0.046978 -0.0250000004 -0.0116248062 -0.0330130865 asynchronous_release_0
0.029568 -0.0250000004 0.0344025747 0.00643916579 synchronous_release_0
0.030344 -0.0250000004 -0.0180950021 -0.0299594876 synchronous_release_0
0.006041 -0.0250000004 -0.00693712774 0.0343056301 synchronous_release_0
0.024041 -0.0250000004 0.0346113563 -0.00520134727 synchronous_release_0
0.023358 -0.0250000004 0.0251843923 -0.0243052748 synchronous_release_0
0.004203 -0.0250000004 -0.0064124621 0.0344075621 asynchronous_release_0
0.011068 -0.0250000004 0.0278996205 0.0211331771 synchronous_release_0
0.027271 -0.0250000004 -0.000979157284 0.000203103457 synchronous_release_1
0.009394 -0.0250000004 0.0343763037 0.00657797411 synchronous_release_0
0.031761 -0.0250000004 0.000287045841 0.000957916847 synchronous_release_0
0.034326 -0.0250000004 -3.79732011e-05 0.000999278758 synchronous_release_0
0.027508 -0.0250000004 0.0267547538 0.0225650869 synchronous_release_0
0.026277 -0.0250000004 0.0343587599 -0.00666900435 synchronous_release_0
0.042801 -0.0250000004 -0.0341556579 0.00764140247 asynchronous_release_0
0.043654 -0.0250000004 0.0348916464 0.00275190994 synchronous_release_0
0.025612 -0.0250000004 0.0348795673 0.00290099749 synchronous_release_1
0.030499 -0.0250000004 0.000845538376 0.000533914652 synchronous_release_0
0.04575 -0.0250000004 0.0349159268 0.00242447065 asynchronous_release_2
0.023847 -0.0250000004 0.00694061086 0.0343049256 synchronous_release_0
0.026951 -0.0250000004 0.0295168108 0.0188084524 synchronous_release_0
0.003679 -0.0250000004 0.0154061665 0.0314268998 synchronous_release_0
0.044032 -0.0250000004 -0.0343424601 -0.00675243893 asynchronous_release_0
0.023927 -0.0250000004 -0.0261905529 -0.0232175567 synchronous_release_0
0.03413 -0.0250000004 0.0260079417 0.0234219335 synchronous_release_0
0.025598 -0.0250000004 0.0324808321 -0.013038234 synchronous_release_0
0.024246 -0.0250000004 0.0311689395 0.0159215958 synchronous_release_0
0.034344 -0.0250000004 0.0249721254 -0.0245233144 asynchronous_release_0
0.028702 -0.0250000004 -0.000267566794 0.000963539315 synchronous_release_0
0.048722 -0.0250000004 -0.000839755933 0.000542964062 synchronous_release_0
0.037617 -0.0250000004 0.00107678828 0.0349834322 asynchronous_release_0
0.026779 -0.0250000004 -0.000987125744 0.000159946134 synchronous_release_0
0.029314 -0.0250000004 0.030919776 -0.0164002273 synchronous_release_0
0.041668 -0.0250000004 0.000999355003 3.59107006e-05 synchronous_release_0
0.026108 -0.0250000004 -0.000485825486 -0.000874055832 synchronous_release_0
0.026445 -0.0250000004 -0.00269762488 0.0348958854 synchronous_release_0
0.024557 -0.0250000004 0.00997998435 0.0335469807 synchronous_release_0
0.025914 -0.0250000004 0.0334996634 0.0101376798 synchronous_release_1
0.024468 -0.0250000004 0.0349084316 -0.00253009888 synchronous_release_1
0.024817 -0.0250000004 -0.0310869121 -0.0160811659 synchronous_release_0
0.031428 -0.0250000004 0.033860959 -0.00885637928 synchronous_release_1
0.011899 -0.0250000004 0.0255707573 0.0238984596 synchronous_release_0
0.033517 -0.0250000004 0.0269622826 -0.0223167049 synchronous_release_0
0.027264 -0.0250000004 0.00213830837 -0.0349346195 synchronous_release_0
0.031487 -0.0250000004 0.0345347217 0.00568796931 asynchronous_release_0
0.03636 -0.0250000004 5.23150987e-05 0.000998630628 synchronous_release_0
0.028776 -0.0250000004 -0.0212421443 -0.0278167451 synchronous_release_0
0.032124 -0.0250000004 0.0319125442 0.0143732225 synchronous_release_0
0.033235 -0.0250000004 -0.000888550722 -0.000458778394 synchronous_release_0
0.024197 -0.0250000004 0.000888778277 -0.000458337402 synchronous_release_0
0.026561 -0.0250000004 0.0056502082 -0.0345409199 synchronous_release_0
0.023333 -0.0250000004 0.029720912 0.0184842471 synchronous_release_0
0.04993 -0.0250000004 0.0011473716 -0.0349811884 synchronous_release_1
0.023531 -0.0250000004 0.0349019031 -0.00261861737 synchronous_release_0
0.024641 -0.0250000004 0.0149005901 0.0316697397 synchronous_release_1
0.024101 -0.0250000004 -0.0332175141 -0.011027092 synchronous_release_1
0.025976 -0.0250000004 0.0344565395 0.00614384963 synchronous_release_0
0.038225 -0.0250000004 0.000764808962 0.000644257131 synchronous_release_0
0.036608 -0.0250000004 -0.000970182833 0.000242374238 asynchronous_release_1
0.024985 -0.0250000004 -0.0336486534 -0.00963162091 synchronous_release_0
0.004119 -0.0250000004 0.034584957 -0.00537408123 synchronous_release_0
0.023576 -0.0250000004 0.000349389767 0.000936977476 synchronous_release_0
0.024847 -0.0250000004 0.0290892237 -0.0194632234 synchronous_release_0
0.023103 -0.0250000004 0.000369747399 0.000929132316 asynchronous_release_0
0.027136 -0.0250000004 0.0325196311 -0.012941159 synchronous_release_0
0.032312 -0.0250000004 -0.0212114858 0.0278401306 synchronous_release_0
0.02359 -0.0250000004 0.0349826831 0.00110085712 synchronous_release_1
0.036076 -0.0250000004 0.0158149686 0.0312231768 synchronous_release_0
0.003915 -0.0250000004 0.00650291078 -0.0343905823 synchronous_release_0
0.030093 -0.0250000004 0.0277787521 0.0212918044 synchronous_release_1
0.023567 -0.0250000004 0.0242351571 -0.0252518744 synchronous_release_0
0.007479 -0.0250000004 0.0320988175 0.0139522728 synchronous_release_0
0.034523 -0.0250000004 0.0246375009 -0.024859476 asynchronous_release_0
0.026363 -0.0250000004 0.0163995653 -0.0309201271 synchronous_release_0
0.028483 -0.0250000004 0.0185778329 0.0296625037 synchronous_release_2
0.024734 -0.0250000004 0.0331492392 -0.0112306696 synchronous_release_0
0.034314 -0.0250000004 -0.0237906953 0.0256710501 synchronous_release_0
0.03996 -0.0250000004 -0.022595467 0.0267291016 asynchronous_release_1
0.046074 -0.0250000004 -0.024806207 0.0246911339 synchronous_release_0
0.032347 -0.0250000004 -0.0343108494 -0.00691126693 synchronous_release_0
0.033738 -0.0250000004 -0.0271325493 -0.0221093819 asynchronous_release_0
0.032487 -0.0250000004 -0.0110241726 -0.0332184831 asynchronous_release_0
0.045863 -0.0250000004 0.00218754417 0.034931571 asynchronous_release_0
0.04746 -0.0250000004 0.0325560429 -0.0128492828 asynchronous_release_0
0.030557 -0.0250000004 -0.000621991965 0.000783023623 synchronous_release_0
0.023856 -0.0250000004 0.0274058268 0.0217697188 synchronous_release_1
0.023791 -0.0250000004 0.0239033874 0.0255661509 synchronous_release_0
0.024046 -0.0250000004 0.0249051817 -0.0245912978 synchronous_release_0
0.032543 -0.0250000004 0.00361328877 0.0348129882 synchronous_release_0
0.023617 -0.0250000004 0.0150513223 -0.0315983812 synchronous_release_0
0.032566 -0.0250000004 -0.000893689174 0.000448686594 asynchronous_release_3
0.024359 -0.0250000004 0.0338559285 0.00887559038 synchronous_release_1
0.03729 -0.0250000004 0.0267101733 0.0226178391 synchronous_release_0
0.003299 -0.0250000004 0.0348617806 0.00310745147 synchronous_release_0
0.035856 -0.0250000004 -0.000818213196 -0.00057491492 synchronous_release_0
0.028081 -0.0250000004 0.0327679731 -0.012298778 synchronous_release_0
0.025329 -0.0250000004 0.0345032419 0.00587590815 synchronous_release_0
0.003335 -0.0250000004 -0.0122449589 -0.0327881226 synchronous_release_0
0.023935 -0.0250000004 0.0245623209 -0.0249337601 synchronous_release_0
0.026734 -0.0250000004 0.0236588691 -0.0257925941 synchronous_release_0
0.016008 -0.0250000004 0.0186381295 -0.0296246541 synchronous_release_0
0.024238 -0.0250000004 0.00217069362 0.0349326221 synchronous_release_0
0.03269 -0.0250000004 0.000997587277 6.94235197e-05 synchronous_release_0
0.028115 -0.0250000004 0.0297209262 -0.0184842242 synchronous_release_0
0.025886 -0.0250000004 -0.00874198554 0.0338906726 synchronous_release_0
0.025397 -0.0250000004 0.0236423124 -0.0258077714 synchronous_release_0
0.042468 -0.0250000004 0.0280877249 -0.0208825217 asynchronous_release_1
0.006468 -0.0250000004 0.0340946644 -0.00790909975 synchronous_release_0
0.036527 -0.0250000004 0.0120214122 0.0328707415 synchronous_release_0
0.02662 -0.0250000004 0.025778793 -0.0236739061 synchronous_release_0
0.038107 -0.0250000004 0.0333629884 -0.0105787998 synchronous_release_0
0.029605 -0.0250000004 0.0262265772 0.0231768558 synchronous_release_0
0.003929 -0.0250000004 0.000347391496 -0.0349982759 synchronous_release_0
0.023461 -0.0250000004 0.0112261518 -0.0331507695 synchronous_release_2
0.044546 -0.0250000004 0.0121691676 -0.0328163277 asynchronous_release_0
0.003677 -0.0250000004 0.0321097467 0.013927102 synchronous_release_0
0.024873 -0.0250000004 -0.000979265805 -0.000202579572 synchronous_release_0
0.005197 -0.0250000004 0.0349572207 -0.00172994831 synchronous_release_0
0.025995 -0.0250000004 -0.000756132658 0.00065441837 synchronous_release_1
0.030034 -0.0250000004 -0.0348862772 0.00281915961 synchronous_release_0
0.023848 -0.0250000004 0.0255475737 0.0239232414 synchronous_release_1
0.032365 -0.0250000004 0.0150707985 -0.0315890967 synchronous_release_0
0.047241 -0.0250000004 -0.0348923595 0.00274285399 synchronous_release_0
0.027768 -0.0250000004 0.032181929 -0.0137594857 asynchronous_release_1
0.02754 -0.0250000004 0.0172434017 -0.0304575951 synchronous_release_0
0.034819 -0.0250000004 0.000835117451 -0.000550071671 synchronous_release_0
0.026316 -0.0250000004 0.0151756831 -0.0315388434 synchronous_release_0
0.034199 -0.0250000004 0.0573247241 -0.0197199392 synchronous_release_0
0.030024 -0.0250000004 -0.0178624562 -0.0300987153 synchronous_release_1
0.025159 -0.0250000004 -0.00881487965 -0.0338717861 synchronous_release_0
0.031993 -0.0250000004 0.0347015833 -0.00456071462 synchronous_release_1
0.024376 -0.0250000004 0.0275547502 0.0215809115 synchronous_release_0
0.027494 -0.0250000004 0.0343193736 -0.00686881338 synchronous_release_0
0.009654 -0.0250000004 0.0187350704 -0.0295634426 synchronous_release_0
0.005987 -0.0250000004 0.0031746478 0.0348557257 asynchronous_release_2
0.006689 -0.0250000004 0.0303937513 -0.0173556873 synchronous_release_0
0.028724 -0.0250000004 0.000166409493 -0.0349996044 synchronous_release_0
0.030499 -0.0250000004 -0.0303937513 0.0173556873 synchronous_release_1
0.027738 -0.0250000004 -0.0339641145 -0.00845215508 asynchronous_release_1
0.023796 -0.0250000004 0.0250477129 0.0244461056 synchronous_release_1
0.006127 -0.0250000004 0.0189950001 0.0293971082 synchronous_release_1
0.026319 -0.0250000004 0.0334069444 -0.0104391601 synchronous_release_0
0.017968 -0.0250000004 -0.000964098197 -0.000265545979 synchronous_release_0
0.029056 -0.0250000004 0.0338697282 -0.00882278372 synchronous_release_1
0.031192 -0.0250000004 -0.0148288677 0.031703386 synchronous_release_0
0.021265 -0.0250000004 3.8783429e-05 -0.00099924764 asynchronous_release_0
0.049098 -0.0250000004 0.023124907 0.0262723938 asynchronous_release_0
0.008354 -0.0250000004 -0.00948012698 -0.0336916487 synchronous_release_0
0.045771 -0.0250000004 -0.00078799635 -0.000615679911 asynchronous_release_0
0.035054 -0.0250000004 0.000828448429 -0.034990194 asynchronous_release_0
0.023753 -0.0250000004 -0.000828448429 0.034990194 synchronous_release_0
0.032812 -0.0250000004 -0.0335079019 0.010110416 asynchronous_release_0
0.033657 -0.0250000004 -0.0213035816 -0.0277697212 synchronous_release_1
0.035142 -0.0250000004 0.0107956243 0.0332934603 asynchronous_release_1
0.023781 -0.0250000004 0.0240935522 0.0253870191 synchronous_release_0
0.03909 -0.0250000004 0.0288819983 -0.0197694252 asynchronous_release_0
0.046114 -0.0250000004 -0.0336810771 -0.0095176176 synchronous_release_0
0.026869 -0.0250000004 -0.0323971996 0.0132446766 synchronous_release_1
0.025722 -0.0250000004 0.0284006317 0.020454929 synchronous_release_0
0.033362 -0.0250000004 0.0310879294 0.0160791992 synchronous_release_0
0.028208 -0.0250000004 0.0314125622 -0.0154353795 asynchronous_release_3
0.02758 -0.0250000004 0.00352648833 -0.0348218879 asynchronous_release_0
0.046711 -0.0250000004 -0.0206779668 -0.0282386559 asynchronous_release_0
0.013312 -0.0250000004 0.0206006855 -0.0282950836 synchronous_release_0
0.03877 -0.0250000004 -0.0336455714 0.00964238171 asynchronous_release_0
0.025562 -0.0250000004 0.0336455714 -0.00964238171 synchronous_release_0
0.034744 -0.0250000004 0.0252393205 0.0242482308 synchronous_release_0
0.02439 -0.0250000004 0.0347680048 0.00402316335 synchronous_release_0
0.047262 -0.0250000004 0.0349817403 0.00113041711 asynchronous_release_0
0.029939 -0.0250000004 0.000560154251 0.000828388324 synchronous_release_0
0.026102 -0.0250000004 0.0314533352 -0.0153521237 synchronous_release_0
0.026624 -0.0250000004 -0.0348193698 0.00355126576 synchronous_release_0
0.029416 -0.0250000004 0.0298285853 -0.0183099835 synchronous_release_0
0.02436 -0.0250000004 0.0274847143 0.0216700364 synchronous_release_0
0.028415 -0.0250000004 0.0249579684 0.0245377222 synchronous_release_1
0.031918 -0.0250000004 -0.0191853359 -0.0292732452 synchronous_release_0
0.031271 -0.0250000004 -0.0346682555 -0.00480750045 asynchronous_release_0
0.037359 -0.0250000004 0.0295959755 -0.0186836354 synchronous_release_0
0.031737 -0.0250000004 0.028324864 -0.0205597198 synchronous_release_1
0.02399 -0.0250000004 0.0349710532 0.00142317788 synchronous_release_0
0.005207 -0.0250000004 0.0315913536 0.0150660672 synchronous_release_0
0.040925 -0.0250000004 -0.0117000578 0.0329864919 asynchronous_release_0
0.037908 -0.0250000004 -0.000999456293 3.29714663e-05 synchronous_release_0
0.02362 -0.0250000004 0.0279402506 0.0210794307 synchronous_release_0
0.011576 -0.0250000004 -0.0345472618 0.00561130102 synchronous_release_0
0.024455 -0.0250000004 -0.0326753696 0.0125427358 synchronous_release_0
0.004475 -0.0250000004 0.0317819967 -0.0146596277 synchronous_release_0
0.023616 -0.0250000004 0.00319538841 -0.0348538304 synchronous_release_1
0.024343 -0.0250000004 0.0197183728 -0.0289168769 synchronous_release_0
0.046093 -0.0250000004 -0.0324308746 0.013162005 asynchronous_release_0
0.033206 -0.0250000004 0.0316073002 -0.0150325837 synchronous_release_0
0.009806 -0.0250000004 0.0307137011 0.0167829844 synchronous_release_0
0.012524 -0.0250000004 0.0298913414 -0.0182073532 synchronous_release_0
0.026591 -0.0250000004 0.0349996512 0.000156266954 synchronous_release_0
0.038091 -0.0250000004 0.0268223088 -0.0224847448 synchronous_release_1
0.01377 -0.0250000004 0.0348403445 -0.00333922034 synchronous_release_0
0.015283 -0.0250000004 0.0341183121 -0.00780645737 synchronous_release_0
0.023334 -0.0250000004 0.0198035175 0.0288586329 synchronous_release_0
0.029391 -0.0250000004 -0.0242425717 -0.0252447563 synchronous_release_0
0.049355 -0.0250000004 -0.020236359 -0.0285567816 asynchronous_release_0
0.035073 -0.0250000004 0.0343231284 0.00685002622 synchronous_release_0
0.029726 -0.0250000004 0.0349574264 0.00172578581 synchronous_release_1
0.024865 -0.0250000004 0.0293270884 -0.0191029287 synchronous_release_0
0.043541 -0.0250000004 -0.00188007732 -0.0349494679 synchronous_release_1
0.025839 -0.0250000004 -0.000955564824 -0.00029478105 synchronous_release_0
0.039403 -0.0250000004 0.00726860632 0.0342369298 asynchronous_release_0
0.024215 -0.0250000004 0.0324117781 -0.0132089605 synchronous_release_1
0.02396 -0.0250000004 0.00262451284 -0.0349014603 synchronous_release_0
0.023043 -0.0250000004 0.0170972994 -0.0305398486 synchronous_release_0
0.034132 -0.0250000004 0.0349969344 -0.000463228677 synchronous_release_0
0.025685 -0.0250000004 0.0292529926 -0.0192162021 synchronous_release_0
0.033239 -0.0250000004 -0.00201522283 -0.0349419358 synchronous_release_0
0.014495 -0.0250000004 -0.024810297 0.0246870242 synchronous_release_0
0.035457 -0.0250000004 0.0238596644 -0.0256069603 synchronous_release_1
0.036144 -0.0250000004 0.0349775861 0.00125238553 asynchronous_release_0
0.02767 -0.0250000004 -0.0173816471 -0.0303789128 synchronous_release_0
0.003671 -0.0250000004 0.0306921503 -0.0168223634 synchronous_release_0
0.004917 -0.0250000004 0.03447238 0.00605433891 synchronous_release_0
0.03 -0.0250000004 -0.0349575516 -0.00172324826 synchronous_release_0
0.042626 -0.0250000004 0.0349575516 0.00172324826 synchronous_release_0
0.014089 -0.0250000004 0.0147949422 0.0317192321 synchronous_release_0
0.024105 -0.0250000004 0.0345295377 0.00571935543 synchronous_release_0
0.036847 -0.0250000004 -0.0080390745 0.0340642522 synchronous_release_0
0.026865 -0.0250000004 0.000182149846 0.034999526 synchronous_release_1
0.025418 -0.0250000004 0.000960293339 0.000278992301 synchronous_release_0
0.02638 -0.0250000004 0.0320475425 0.0140696489 synchronous_release_0
0.023526 -0.0250000004 -0.000962675599 -0.0349867583 synchronous_release_0
0.033989 -0.0250000004 0.0336029568 -0.00978985678 synchronous_release_0
0.023831 -0.0250000004 0.0345621517 0.0055188468 synchronous_release_0
0.024774 -0.0250000004 0.0189058055 -0.0294545501 synchronous_release_0
0.02621 -0.0250000004 -0.0139964681 0.0320795711 synchronous_release_0
0.03641 -0.0250000004 0.0139964681 -0.0320795711 synchronous_release_0
0.026855 -0.0250000004 0.0241889453 0.0252961445 synchronous_release_1
0.032587 -0.0250000004 -0.021686698 0.0274715695 synchronous_release_1
0.009833 -0.0250000004 0.0342741982 0.0070907926 synchronous_release_1
0.033068 -0.0250000004 0.0242248572 -0.0252617555 synchronous_release_0
0.025336 -0.0250000004 0.0241460372 0.0253371049 synchronous_release_0
0.022786 -0.0250000004 -0.000968311604 -0.000249745146 synchronous_release_0
0.041955 -0.0250000004 0.03189942 0.0144023263 synchronous_release_0
0.030293 -0.0250000004 0.0345420985 -0.00564299869 asynchronous_release_0
0.036811 -0.0250000004 0.0221580294 0.0270928354 synchronous_release_0
0.027032 -0.0250000004 0.0268262436 -0.0224800502 synchronous_release_0
0.025982 -0.0250000004 0.0102094268 0.0334778674 synchronous_release_0
0.040557 -0.0250000004 0.00559121659 0.034550518 synchronous_release_0
0.03597 -0.0250000004 0.0300718069 0.0179077198 synchronous_release_0
0.037291 -0.0250000004 -0.0024396072 0.0349148724 synchronous_release_1
0.02725 -0.0250000004 0.0246186882 0.0248781067 synchronous_release_0
0.033172 -0.0250000004 0.000767840108 -0.0349915764 synchronous_release_0
0.010202 -0.0250000004 0.0295273047 0.0187919738 synchronous_release_0
0.023833 -0.0250000004 0.0297814981 0.0183864725 synchronous_release_0
0.026831 -0.0250000004 0.01078639 0.0332964531 synchronous_release_0
0.017598 -0.0250000004 0.00295219276 0.0348752714 synchronous_release_0
0.025508 -0.0250000004 0.0336366165 0.00967357379 synchronous_release_0
0.023387 -0.0250000004 0.016767162 0.0307223417 synchronous_release_0
0.030679 -0.0250000004 0.0302155553 0.017664094 synchronous_release_0
0.026324 -0.0250000004 0.0315056126 -0.0152445523 synchronous_release_0
0.004865 -0.0250000004 -0.0225833232 0.0267393626 synchronous_release_0
0.025264 -0.0250000004 -0.0122572963 -0.0327835124 synchronous_release_0
0.034936 -0.0250000004 0.000110355284 -0.000993892203 synchronous_release_0
0.017442 -0.0250000004 -0.0152373213 -0.0315091104 asynchronous_release_0
0.041347 -0.0250000004 0.0152373213 0.0315091104 synchronous_release_0
0.023338 -0.0250000004 0.0281975532 -0.0207339816 synchronous_release_0
0.027147 -0.0250000004 0.033666748 0.00956818053 synchronous_release_0
0.008596 -0.0250000004 0.031530559 -0.0151928881 synchronous_release_1
0.026166 -0.0250000004 -0.0272646699 -0.0219462474 synchronous_release_0
0.012673 -0.0250000004 -0.0295501476 -0.0187560331 synchronous_release_0
0.005051 -0.0250000004 0.0310728768 0.0161082688 synchronous_release_0
0.032155 -0.0250000004 -0.000370262123 0.000928927317 synchronous_release_0
0.026968 -0.0250000004 0.0113627257 -0.0331042062 synchronous_release_0
0.032305 -0.0250000004 -0.0110658189 -0.033204633 asynchronous_release_0
0.020003 -0.0250000004 0.0348326124 0.00341893473 asynchronous_release_0
0.023661 -0.0250000004 0.0349060392 -0.00256289488 synchronous_release_0
0.030113 -0.0250000004 0.0349972916 0.000435411737 synchronous_release_0
0.02983 -0.0250000004 0.0326167315 0.0126944407 synchronous_release_1
0.024018 -0.0250000004 -0.000557487373 0.000830185418 synchronous_release_0
0.004947 -0.0250000004 0.0288066957 -0.0198789909 synchronous_release_0
0.026953 -0.0250000004 0.0210180801 0.0279864308 synchronous_release_1
0.024019 -0.0250000004 -0.0195744248 -0.0290145118 synchronous_release_1
0.044591 -0.0250000004 -0.0186010948 0.0296479219 synchronous_release_0
0.003963 -0.0250000004 0.0201547971 -0.0286144047 synchronous_release_0
0.023789 -0.0250000004 0.0273990242 -0.0217782799 synchronous_release_0
0.033414 -0.0250000004 -0.0236793911 0.0257737548 synchronous_release_0
0.017133 -0.0250000004 0.00589646349 -0.034499735 asynchronous_release_0
0.024884 -0.0250000004 0.0328258787 -0.0121433804 synchronous_release_0
0.025121 -0.0250000004 -0.00894648536 0.0338372635 synchronous_release_0
0.024472 -0.0250000004 -0.000912923651 -0.0349880918 synchronous_release_0
0.025398 -0.0250000004 3.77979087e-05 0.000999285404 synchronous_release_0
0.035823 -0.0250000004 0.0186331828 0.0296277657 synchronous_release_0
0.040436 -0.0250000004 -0.00925683081 -0.0337536825 asynchronous_release_0
0.027148 -0.0250000004 0.0349856519 -0.00100207958 synchronous_release_0
0.030245 -0.0250000004 0.000879985802 0.000474999987 synchronous_release_1
0.040902 -0.0250000004 0.0252464279 0.0242408308 asynchronous_release_0
0.029007 -0.0250000004 0.0342410321 0.00724925665 synchronous_release_0
0.024762 -0.0250000004 0.0309379506 0.0163659161 synchronous_release_0
0.033835 -0.0250000004 0.0272736247 -0.0219351179 synchronous_release_0
0.035413 -0.0250000004 -0.00535955701 -0.0345872108 synchronous_release_0
0.023645 -0.0250000004 -0.000974722173 0.000223420423 synchronous_release_0
0.033693 -0.0250000004 0.0334545531 0.0102855664 synchronous_release_0
0.038853 -0.0250000004 0.0205532489 0.0283295598 synchronous_release_0
0.023846 -0.0250000004 0.0347562972 -0.00412308233 synchronous_release_0
0.045402 -0.0250000004 -0.0223223868 -0.0269575786 asynchronous_release_0
0.031306 -0.0250000004 0.000993815786 -0.00011104136 synchronous_release_0
0.026772 -0.0250000004 0.034287959 0.00702394979 synchronous_release_0
0.024544 -0.0250000004 0.00517892129 -0.034614719 synchronous_release_0
0.025244 -0.0250000004 0.0342620879 -0.00714907908 synchronous_release_0
0.01562 -0.0250000004 0.00429256677 0.0347357722 synchronous_release_0
0.028465 -0.0250000004 0.0334924069 -0.0101616278 asynchronous_release_0
0.0358 -0.0250000004 -0.000834481261 -0.0349900506 synchronous_release_1
0.026112 -0.0250000004 0.0268130666 -0.0224957653 synchronous_release_0
0.025219 -0.0250000004 -0.000834936041 0.000550346988 synchronous_release_0
0.025075 -0.0250000004 0.0165125585 -0.0308599321 synchronous_release_0
0.023534 -0.0250000004 0.0322904617 0.0135028177 synchronous_release_1
0.023834 -0.0250000004 0.0312122847 0.0158364544 synchronous_release_0
0.030842 -0.0250000004 0.00189137054 0.0349488586 synchronous_release_0
0.026186 -0.0250000004 0.0348617615 0.00310766574 synchronous_release_0
0.023341 -0.0250000004 0.0140844161 -0.0320410553 asynchronous_release_0
0.032975 -0.0250000004 0.0341464591 0.00768240388 synchronous_release_0
0.026248 -0.0250000004 0.000405215681 -0.000914221118 synchronous_release_0
0.023641 -0.0250000004 0.0329983158 0.0116666685 synchronous_release_1
0.024046 -0.0250000004 -0.0127509972 -0.0325946632 synchronous_release_1
0.034016 -0.0250000004 0.0343826889 0.0065445169 synchronous_release_1
0.028064 -0.0250000004 -0.0061566781 -0.0344542496 synchronous_release_0
0.031914 -0.0250000004 -0.0188838353 0.0294686404 asynchronous_release_0
0.039719 -0.0250000004 0.0188838353 -0.0294686404 asynchronous_release_0
0.029272 -0.0250000004 0.0342706432 0.00710795419 synchronous_release_0
0.03743 -0.0250000004 -0.000185325558 0.000982677179 synchronous_release_0
0.02415 -0.0250000004 0.0319912804 -0.0141971115 synchronous_release_0
0.003451 -0.0250000004 0.000998296328 -5.83475961e-05 synchronous_release_0
0.028096 -0.0250000004 0.000861954421 -0.000506985775 asynchronous_release_0
0.03196 -0.0250000004 0.0196878587 -0.0289376609 synchronous_release_0
