0.000050 0.080
0.000100 0.088
0.000150 0.071
0.000200 0.106
0.000250 0.079
0.000300 0.091
0.000350 0.087
0.000400 0.084
0.000450 0.099
0.000500 0.094
0.000550 0.077
0.000600 0.093
0.000650 0.102
0.000700 0.082
0.000750 0.102
0.000800 0.090
0.000850 0.115
0.000900 0.110
0.000950 0.117
0.001000 0.096
0.001050 0.114
0.001100 0.075
0.001150 0.086
0.001200 0.109
0.001250 0.085
0.001300 0.105
0.001350 0.093
0.001400 0.116
0.001450 0.082
0.001500 0.084
0.001550 0.087
0.001600 0.075
0.001650 0.105
0.001700 0.090
0.001750 0.093
0.001800 0.107
0.001850 0.108
0.001900 0.104
0.001950 0.101
0.002000 0.113
0.002050 0.123
0.002100 0.122
0.002150 0.139
0.002200 0.187
0.002250 0.195
0.002300 0.249
0.002350 0.330
0.002400 0.331
0.002450 0.412
0.002500 0.454
0.002550 0.591
0.002600 0.774
0.002650 1.013
0.002700 1.236
0.002750 1.585
0.002800 2.128
0.002850 2.578
0.002900 3.118
0.002950 3.864
0.003000 4.352
0.003050 5.122
0.003100 5.619
0.003150 5.942
0.003200 6.392
0.003250 6.588
0.003300 6.713
0.003350 6.438
0.003400 6.243
0.003450 5.649
0.003500 4.895
0.003550 4.388
0.003600 3.605
0.003650 2.969
0.003700 2.729
0.003750 2.339
0.003800 2.061
0.003850 1.730
0.003900 1.561
0.003950 1.441
0.004000 1.394
0.004050 1.181
0.004100 1.131
0.004150 1.090
0.004200 1.032
0.004250 0.940
0.004300 0.927
0.004350 0.893
0.004400 0.848
0.004450 0.852
0.004500 0.814
0.004550 0.791
0.004600 0.828
0.004650 0.736
0.004700 0.753
0.004750 0.686
0.004800 0.710
0.004850 0.695
0.004900 0.690
0.004950 0.731
0.005000 0.687
0.005050 0.658
0.005100 0.609
0.005150 0.652
0.005200 0.669
0.005250 0.677
0.005300 0.646
0.005350 0.664
0.005400 0.683
0.005450 0.759
0.005500 0.618
0.005550 0.646
0.005600 0.636
0.005650 0.597
0.005700 0.589
0.005750 0.569
0.005800 0.616
0.005850 0.583
0.005900 0.641
0.005950 0.617
0.006000 0.608
0.006050 0.583
0.006100 0.595
0.006150 0.592
0.006200 0.636
0.006250 0.584
0.006300 0.557
0.006350 0.599
0.006400 0.603
0.006450 0.592
0.006500 0.547
0.006550 0.567
0.006600 0.594
0.006650 0.646
0.006700 0.571
0.006750 0.560
0.006800 0.553
0.006850 0.486
0.006900 0.558
0.006950 0.556
0.007000 0.558
0.007050 0.578
0.007100 0.498
0.007150 0.477
0.007200 0.552
0.007250 0.566
0.007300 0.570
0.007350 0.571
0.007400 0.511
0.007450 0.576
0.007500 0.493
0.007550 0.510
0.007600 0.550
0.007650 0.570
0.007700 0.522
0.007750 0.504
0.007800 0.541
0.007850 0.538
0.007900 0.493
0.007950 0.493
0.008000 0.479
0.008050 0.503
0.008100 0.446
0.008150 0.565
0.008200 0.491
0.008250 0.546
0.008300 0.542
0.008350 0.502
0.008400 0.535
0.008450 0.462
0.008500 0.469
0.008550 0.517
0.008600 0.438
0.008650 0.514
0.008700 0.443
0.008750 0.488
0.008800 0.525
0.008850 0.467
0.008900 0.469
0.008950 0.499
0.009000 0.421
0.009050 0.476
0.009100 0.416
0.009150 0.492
0.009200 0.467
0.009250 0.476
0.009300 0.448
0.009350 0.467
0.009400 0.486
0.009450 0.436
0.009500 0.422
0.009550 0.455
0.009600 0.486
0.009650 0.485
0.009700 0.537
0.009750 0.454
0.009800 0.427
0.009850 0.453
0.009900 0.482
0.009950 0.404
0.010000 0.443
0.010050 0.442
0.010100 0.422
0.010150 0.454
0.010200 0.423
0.010250 0.480
0.010300 0.440
0.010350 0.471
0.010400 0.430
0.010450 0.480
0.010500 0.477
0.010550 0.464
0.010600 0.466
0.010650 0.443
0.010700 0.430
0.010750 0.475
0.010800 0.438
0.010850 0.423
0.010900 0.416
0.010950 0.495
0.011000 0.440
0.011050 0.440
0.011100 0.427
0.011150 0.420
0.011200 0.444
0.011250 0.436
0.011300 0.470
0.011350 0.443
0.011400 0.421
0.011450 0.377
0.011500 0.438
0.011550 0.451
0.011600 0.448
0.011650 0.485
0.011700 0.410
0.011750 0.443
0.011800 0.407
0.011850 0.446
0.011900 0.485
0.011950 0.424
0.012000 0.406
0.012050 0.435
0.012100 0.389
0.012150 0.373
0.012200 0.409
0.012250 0.456
0.012300 0.398
0.012350 0.425
0.012400 0.440
0.012450 0.435
0.012500 0.458
0.012550 0.467
0.012600 0.401
0.012650 0.454
0.012700 0.348
0.012750 0.390
0.012800 0.384
0.012850 0.415
0.012900 0.420
0.012950 0.388
0.013000 0.435
0.013050 0.391
0.013100 0.364
0.013150 0.399
0.013200 0.386
0.013250 0.368
0.013300 0.422
0.013350 0.409
0.013400 0.389
0.013450 0.414
0.013500 0.380
0.013550 0.403
0.013600 0.444
0.013650 0.411
0.013700 0.436
0.013750 0.406
0.013800 0.460
0.013850 0.424
0.013900 0.401
0.013950 0.425
0.014000 0.426
0.014050 0.355
0.014100 0.364
0.014150 0.383
0.014200 0.393
0.014250 0.425
0.014300 0.339
0.014350 0.415
0.014400 0.409
0.014450 0.370
0.014500 0.390
0.014550 0.395
0.014600 0.369
0.014650 0.372
0.014700 0.388
0.014750 0.406
0.014800 0.365
0.014850 0.406
0.014900 0.367
0.014950 0.389
0.015000 0.361
0.015050 0.383
0.015100 0.385
0.015150 0.374
0.015200 0.396
0.015250 0.376
0.015300 0.416
0.015350 0.366
0.015400 0.375
0.015450 0.415
0.015500 0.379
0.015550 0.407
0.015600 0.373
0.015650 0.395
0.015700 0.388
0.015750 0.390
0.015800 0.389
0.015850 0.396
0.015900 0.381
0.015950 0.421
0.016000 0.391
0.016050 0.348
0.016100 0.378
0.016150 0.399
0.016200 0.380
0.016250 0.401
0.016300 0.419
0.016350 0.396
0.016400 0.371
0.016450 0.382
0.016500 0.385
0.016550 0.345
0.016600 0.394
0.016650 0.386
0.016700 0.397
0.016750 0.415
0.016800 0.343
0.016850 0.350
0.016900 0.363
0.016950 0.366
0.017000 0.427
0.017050 0.347
0.017100 0.361
0.017150 0.336
0.017200 0.372
0.017250 0.332
0.017300 0.322
0.017350 0.334
0.017400 0.366
0.017450 0.365
0.017500 0.388
0.017550 0.380
0.017600 0.336
0.017650 0.389
0.017700 0.331
0.017750 0.350
0.017800 0.354
0.017850 0.329
0.017900 0.356
0.017950 0.393
0.018000 0.361
0.018050 0.350
0.018100 0.364
0.018150 0.371
0.018200 0.332
0.018250 0.359
0.018300 0.352
0.018350 0.376
0.018400 0.358
0.018450 0.310
0.018500 0.394
0.018550 0.356
0.018600 0.332
0.018650 0.354
0.018700 0.387
0.018750 0.330
0.018800 0.329
0.018850 0.364
0.018900 0.339
0.018950 0.358
0.019000 0.399
0.019050 0.390
0.019100 0.326
0.019150 0.303
0.019200 0.358
0.019250 0.409
0.019300 0.319
0.019350 0.369
0.019400 0.389
0.019450 0.352
0.019500 0.344
0.019550 0.372
0.019600 0.344
0.019650 0.368
0.019700 0.292
0.019750 0.332
0.019800 0.339
0.019850 0.374
0.019900 0.313
0.019950 0.317
0.020000 0.377
0.020050 0.317
0.020100 0.392
0.020150 0.362
0.020200 0.363
0.020250 0.331
0.020300 0.354
0.020350 0.371
0.020400 0.302
0.020450 0.316
0.020500 0.319
0.020550 0.311
0.020600 0.342
0.020650 0.346
0.020700 0.329
0.020750 0.344
0.020800 0.331
0.020850 0.352
0.020900 0.365
0.020950 0.331
0.021000 0.352
0.021050 0.354
0.021100 0.328
0.021150 0.338
0.021200 0.317
0.021250 0.354
0.021300 0.323
0.021350 0.319
0.021400 0.333
0.021450 0.348
0.021500 0.346
0.021550 0.355
0.021600 0.329
0.021650 0.338
0.021700 0.296
0.021750 0.337
0.021800 0.355
0.021850 0.358
0.021900 0.359
0.021950 0.313
0.022000 0.312
0.022050 0.370
0.022100 0.357
0.022150 0.427
0.022200 0.422
0.022250 0.500
0.022300 0.593
0.022350 0.583
0.022400 0.673
0.022450 0.765
0.022500 0.875
0.022550 1.097
0.022600 1.411
0.022650 1.773
0.022700 2.176
0.022750 2.509
0.022800 3.174
0.022850 3.792
0.022900 4.522
0.022950 5.269
0.023000 6.111
0.023050 6.945
0.023100 7.774
0.023150 8.472
0.023200 8.658
0.023250 8.911
0.023300 8.912
0.023350 8.901
0.023400 8.546
0.023450 7.674
0.023500 6.940
0.023550 6.268
0.023600 5.493
0.023650 4.675
0.023700 4.104
0.023750 3.584
0.023800 3.272
0.023850 2.911
0.023900 2.632
0.023950 2.303
0.024000 2.126
0.024050 1.979
0.024100 1.898
0.024150 1.779
0.024200 1.692
0.024250 1.566
0.024300 1.503
0.024350 1.448
0.024400 1.435
0.024450 1.364
0.024500 1.294
0.024550 1.295
0.024600 1.338
0.024650 1.320
0.024700 1.239
0.024750 1.198
0.024800 1.228
0.024850 1.077
0.024900 1.212
0.024950 1.134
0.025000 1.110
0.025050 1.139
0.025100 1.142
0.025150 1.180
0.025200 1.044
0.025250 1.031
0.025300 1.054
0.025350 1.036
0.025400 1.064
0.025450 1.029
0.025500 1.070
0.025550 1.038
0.025600 0.982
0.025650 1.035
0.025700 1.003
0.025750 0.998
0.025800 0.926
0.025850 0.966
0.025900 0.961
0.025950 0.980
0.026000 1.002
0.026050 0.991
0.026100 1.021
0.026150 0.939
0.026200 0.945
0.026250 1.010
0.026300 0.907
0.026350 0.970
0.026400 0.893
0.026450 0.886
0.026500 0.929
0.026550 0.958
0.026600 0.938
0.026650 0.865
0.026700 0.906
0.026750 0.959
0.026800 0.884
0.026850 0.867
0.026900 0.892
0.026950 0.893
0.027000 0.834
0.027050 0.888
0.027100 0.902
0.027150 0.877
0.027200 0.915
0.027250 0.898
0.027300 0.872
0.027350 0.770
0.027400 0.900
0.027450 0.892
0.027500 0.874
0.027550 0.906
0.027600 0.904
0.027650 0.823
0.027700 0.906
0.027750 0.853
0.027800 0.889
0.027850 0.888
0.027900 0.796
0.027950 0.846
0.028000 0.761
0.028050 0.853
0.028100 0.771
0.028150 0.742
0.028200 0.798
0.028250 0.854
0.028300 0.835
0.028350 0.812
0.028400 0.827
0.028450 0.837
0.028500 0.783
0.028550 0.818
0.028600 0.782
0.028650 0.771
0.028700 0.742
0.028750 0.756
0.028800 0.818
0.028850 0.772
0.028900 0.759
0.028950 0.779
0.029000 0.754
0.029050 0.741
0.029100 0.742
0.029150 0.723
0.029200 0.806
0.029250 0.797
0.029300 0.731
0.029350 0.723
0.029400 0.811
0.029450 0.788
0.029500 0.736
0.029550 0.757
0.029600 0.819
0.029650 0.756
0.029700 0.745
0.029750 0.810
0.029800 0.749
0.029850 0.687
0.029900 0.776
0.029950 0.783
0.030000 0.769
0.030050 0.656
0.030100 0.747
0.030150 0.801
0.030200 0.712
0.030250 0.721
0.030300 0.724
0.030350 0.697
0.030400 0.719
0.030450 0.709
0.030500 0.670
0.030550 0.728
0.030600 0.741
0.030650 0.697
0.030700 0.717
0.030750 0.695
0.030800 0.678
0.030850 0.726
0.030900 0.643
0.030950 0.692
0.031000 0.634
0.031050 0.736
0.031100 0.737
0.031150 0.653
0.031200 0.736
0.031250 0.724
0.031300 0.679
0.031350 0.693
0.031400 0.656
0.031450 0.723
0.031500 0.701
0.031550 0.792
0.031600 0.668
0.031650 0.609
0.031700 0.694
0.031750 0.655
0.031800 0.636
0.031850 0.695
0.031900 0.618
0.031950 0.721
0.032000 0.667
0.032050 0.685
0.032100 0.620
0.032150 0.696
0.032200 0.650
0.032250 0.700
0.032300 0.694
0.032350 0.640
0.032400 0.648
0.032450 0.615
0.032500 0.645
0.032550 0.673
0.032600 0.622
0.032650 0.661
0.032700 0.654
0.032750 0.603
0.032800 0.629
0.032850 0.678
0.032900 0.673
0.032950 0.639
0.033000 0.579
0.033050 0.652
0.033100 0.609
0.033150 0.635
0.033200 0.642
0.033250 0.628
0.033300 0.585
0.033350 0.630
0.033400 0.674
0.033450 0.607
0.033500 0.579
0.033550 0.633
0.033600 0.597
0.033650 0.603
0.033700 0.631
0.033750 0.593
0.033800 0.541
0.033850 0.627
0.033900 0.618
0.033950 0.571
0.034000 0.569
0.034050 0.610
0.034100 0.606
0.034150 0.573
0.034200 0.603
0.034250 0.585
0.034300 0.577
0.034350 0.580
0.034400 0.598
0.034450 0.618
0.034500 0.612
0.034550 0.591
0.034600 0.596
0.034650 0.563
0.034700 0.643
0.034750 0.596
0.034800 0.652
0.034850 0.610
0.034900 0.576
0.034950 0.632
0.035000 0.635
0.035050 0.528
0.035100 0.589
0.035150 0.591
0.035200 0.607
0.035250 0.625
0.035300 0.582
0.035350 0.586
0.035400 0.557
0.035450 0.539
0.035500 0.575
0.035550 0.593
0.035600 0.560
0.035650 0.562
0.035700 0.588
0.035750 0.600
0.035800 0.609
0.035850 0.570
0.035900 0.543
0.035950 0.591
0.036000 0.614
0.036050 0.645
0.036100 0.531
0.036150 0.569
0.036200 0.565
0.036250 0.549
0.036300 0.577
0.036350 0.605
0.036400 0.566
0.036450 0.589
0.036500 0.552
0.036550 0.567
0.036600 0.602
0.036650 0.513
0.036700 0.503
0.036750 0.551
0.036800 0.493
0.036850 0.543
0.036900 0.556
0.036950 0.581
0.037000 0.619
0.037050 0.626
0.037100 0.569
0.037150 0.533
0.037200 0.551
0.037250 0.519
0.037300 0.607
0.037350 0.584
0.037400 0.520
0.037450 0.588
0.037500 0.522
0.037550 0.586
0.037600 0.576
0.037650 0.530
0.037700 0.558
0.037750 0.549
0.037800 0.500
0.037850 0.552
0.037900 0.549
0.037950 0.534
0.038000 0.521
0.038050 0.520
0.038100 0.518
0.038150 0.546
0.038200 0.562
0.038250 0.571
0.038300 0.542
0.038350 0.509
0.038400 0.557
0.038450 0.532
0.038500 0.579
0.038550 0.544
0.038600 0.548
0.038650 0.546
0.038700 0.570
0.038750 0.558
0.038800 0.561
0.038850 0.555
0.038900 0.519
0.038950 0.524
0.039000 0.500
0.039050 0.528
0.039100 0.499
0.039150 0.501
0.039200 0.537
0.039250 0.509
0.039300 0.463
0.039350 0.518
0.039400 0.487
0.039450 0.541
0.039500 0.526
0.039550 0.554
0.039600 0.559
0.039650 0.536
0.039700 0.529
0.039750 0.524
0.039800 0.544
0.039850 0.564
0.039900 0.536
0.039950 0.533
0.040000 0.511
0.040050 0.514
0.040100 0.481
0.040150 0.507
0.040200 0.514
0.040250 0.549
0.040300 0.476
0.040350 0.493
0.040400 0.500
0.040450 0.501
0.040500 0.493
0.040550 0.501
0.040600 0.593
0.040650 0.493
0.040700 0.530
0.040750 0.461
0.040800 0.495
0.040850 0.511
0.040900 0.491
0.040950 0.509
0.041000 0.490
0.041050 0.542
0.041100 0.559
0.041150 0.458
0.041200 0.523
0.041250 0.503
0.041300 0.549
0.041350 0.508
0.041400 0.494
0.041450 0.478
0.041500 0.504
0.041550 0.524
0.041600 0.482
0.041650 0.539
0.041700 0.519
0.041750 0.490
0.041800 0.487
0.041850 0.465
0.041900 0.483
0.041950 0.498
0.042000 0.487
0.042050 0.466
0.042100 0.425
0.042150 0.542
0.042200 0.423
0.042250 0.498
0.042300 0.466
0.042350 0.549
0.042400 0.480
0.042450 0.492
0.042500 0.423
0.042550 0.507
0.042600 0.487
0.042650 0.429
0.042700 0.461
0.042750 0.472
0.042800 0.493
0.042850 0.531
0.042900 0.483
0.042950 0.514
0.043000 0.494
0.043050 0.429
0.043100 0.519
0.043150 0.470
0.043200 0.504
0.043250 0.477
0.043300 0.523
0.043350 0.481
0.043400 0.492
0.043450 0.471
0.043500 0.500
0.043550 0.472
0.043600 0.465
0.043650 0.458
0.043700 0.479
0.043750 0.442
0.043800 0.483
0.043850 0.416
0.043900 0.487
0.043950 0.456
0.044000 0.481
0.044050 0.472
0.044100 0.464
0.044150 0.457
0.044200 0.495
0.044250 0.491
0.044300 0.458
0.044350 0.510
0.044400 0.484
0.044450 0.464
0.044500 0.479
0.044550 0.449
0.044600 0.481
0.044650 0.492
0.044700 0.461
0.044750 0.431
0.044800 0.492
0.044850 0.462
0.044900 0.505
0.044950 0.453
0.045000 0.462
0.045050 0.468
0.045100 0.446
0.045150 0.450
0.045200 0.426
0.045250 0.458
0.045300 0.528
0.045350 0.456
0.045400 0.445
0.045450 0.490
0.045500 0.467
0.045550 0.432
0.045600 0.484
0.045650 0.512
0.045700 0.469
0.045750 0.453
0.045800 0.430
0.045850 0.452
0.045900 0.462
0.045950 0.465
0.046000 0.443
0.046050 0.443
0.046100 0.411
0.046150 0.417
0.046200 0.442
0.046250 0.486
0.046300 0.428
0.046350 0.481
0.046400 0.464
0.046450 0.492
0.046500 0.439
0.046550 0.483
0.046600 0.432
0.046650 0.447
0.046700 0.425
0.046750 0.458
0.046800 0.448
0.046850 0.432
0.046900 0.428
0.046950 0.454
0.047000 0.490
0.047050 0.389
0.047100 0.451
0.047150 0.435
0.047200 0.419
0.047250 0.434
0.047300 0.450
0.047350 0.462
0.047400 0.432
0.047450 0.470
0.047500 0.433
0.047550 0.465
0.047600 0.384
0.047650 0.436
0.047700 0.456
0.047750 0.453
0.047800 0.467
0.047850 0.442
0.047900 0.460
0.047950 0.413
0.048000 0.390
0.048050 0.370
0.048100 0.410
0.048150 0.460
0.048200 0.413
0.048250 0.451
0.048300 0.456
0.048350 0.422
0.048400 0.452
0.048450 0.503
0.048500 0.448
0.048550 0.436
0.048600 0.453
0.048650 0.420
0.048700 0.424
0.048750 0.427
0.048800 0.426
0.048850 0.414
0.048900 0.441
0.048950 0.435
0.049000 0.439
0.049050 0.393
0.049100 0.397
0.049150 0.388
0.049200 0.415
0.049250 0.449
0.049300 0.405
0.049350 0.448
0.049400 0.414
0.049450 0.379
0.049500 0.411
0.049550 0.399
0.049600 0.443
0.049650 0.417
0.049700 0.379
0.049750 0.431
0.049800 0.438
0.049850 0.435
0.049900 0.382
0.049950 0.389
0.050000 0.399
