#Seconds PMCAoutFlux PMCAleakFlux
0 0 0
1e-05 1 1
2e-05 2 1
3e-05 2 1
4e-05 2 1
5e-05 2 1
6e-05 3 1
7e-05 3 1
8e-05 3 1
9e-05 3 1
0.0001 3 1
0.00011 3 1
0.00012 3 1
0.00013 3 1
0.00014 4 1
0.00015 4 1
0.00016 4 1
0.00017 5 1
0.00018 7 1
0.00019 7 1
0.0002 8 1
0.00021 8 1
0.00022 8 2
0.00023 9 2
0.00024 9 3
0.00025 10 3
0.00026 10 3
0.00027 10 4
0.00028 11 5
0.00029 11 5
0.0003 11 5
0.00031 11 5
0.00032 11 5
0.00033 11 5
0.00034 11 5
0.00035 12 7
0.00036 12 7
0.00037 12 7
0.00038 12 7
0.00039 13 7
0.0004 14 8
0.00041 14 8
0.00042 14 8
0.00043 14 8
0.00044 14 9
0.00045 14 9
0.00046 14 9
0.00047 15 9
0.00048 15 9
0.00049 16 9
0.0005 17 9
0.00051 17 9
0.00052 17 10
0.00053 17 10
0.00054 17 10
0.00055 17 10
0.00056 18 10
0.00057 18 10
0.00058 19 10
0.00059 19 10
0.0006 19 10
0.00061 19 10
0.00062 19 11
0.00063 19 11
0.00064 19 11
0.00065 20 11
0.00066 21 12
0.00067 21 12
0.00068 21 12
0.00069 24 12
0.0007 25 12
0.00071 26 12
0.00072 26 12
0.00073 26 12
0.00074 26 12
0.00075 26 12
0.00076 26 12
0.00077 27 12
0.00078 27 12
0.00079 28 12
0.0008 29 12
0.00081 29 12
0.00082 29 12
0.00083 30 12
0.00084 30 12
0.00085 30 13
0.00086 30 13
0.00087 30 13
0.00088 30 13
0.00089 30 13
0.0009 31 13
0.00091 31 13
0.00092 31 13
0.00093 31 13
0.00094 31 13
0.00095 31 13
0.00096 31 13
0.00097 31 13
0.00098 31 13
0.00099 31 13
0.001 31 13
0.00101 31 13
0.00102 31 14
0.00103 31 14
0.00104 31 14
0.00105 31 14
0.00106 31 15
0.00107 31 15
0.00108 31 15
0.00109 31 15
0.0011 31 15
0.00111 31 15
0.00112 31 15
0.00113 31 15
0.00114 31 15
0.00115 31 15
0.00116 31 15
0.00117 31 15
0.00118 31 15
0.00119 32 17
0.0012 32 18
0.00121 32 18
0.00122 32 18
0.00123 32 18
0.00124 32 18
0.00125 32 19
0.00126 32 20
0.00127 32 20
0.00128 32 20
0.00129 32 20
0.0013 32 20
0.00131 32 20
0.00132 32 20
0.00133 32 20
0.00134 32 20
0.00135 33 20
0.00136 33 21
0.00137 34 23
0.00138 34 23
0.00139 34 23
0.0014 34 23
0.00141 34 24
0.00142 34 24
0.00143 34 24
0.00144 34 24
0.00145 34 24
0.00146 35 25
0.00147 35 25
0.00148 35 25
0.00149 35 25
0.0015 36 25
0.00151 36 26
0.00152 37 26
0.00153 37 26
0.00154 37 26
0.00155 37 26
0.00156 38 26
0.00157 38 26
0.00158 38 26
0.00159 39 26
0.0016 39 26
0.00161 40 26
0.00162 40 26
0.00163 40 26
0.00164 40 26
0.00165 40 26
0.00166 41 27
0.00167 42 27
0.00168 44 27
0.00169 44 27
0.0017 44 27
0.00171 44 27
0.00172 44 27
0.00173 44 27
0.00174 44 27
0.00175 44 27
0.00176 44 27
0.00177 46 28
0.00178 46 28
0.00179 46 28
0.0018 46 28
0.00181 46 29
0.00182 47 29
0.00183 47 29
0.00184 47 29
0.00185 47 29
0.00186 48 29
0.00187 48 29
0.00188 48 29
0.00189 48 29
0.0019 48 29
0.00191 48 30
0.00192 48 31
0.00193 48 31
0.00194 49 31
0.00195 49 31
0.00196 49 31
0.00197 50 31
0.00198 50 31
0.00199 50 31
0.002 50 31
0.00201 50 31
0.00202 50 31
0.00203 50 32
0.00204 50 32
0.00205 50 32
0.00206 50 32
0.00207 50 32
0.00208 50 32
0.00209 50 33
0.0021 51 34
0.00211 51 34
0.00212 51 34
0.00213 51 34
0.00214 51 34
0.00215 51 34
0.00216 51 34
0.00217 51 34
0.00218 52 34
0.00219 52 34
0.0022 52 34
0.00221 52 34
0.00222 52 34
0.00223 52 34
0.00224 52 34
0.00225 53 34
0.00226 54 34
0.00227 54 34
0.00228 54 34
0.00229 54 35
0.0023 55 35
0.00231 56 35
0.00232 56 35
0.00233 57 35
0.00234 58 35
0.00235 58 36
0.00236 59 36
0.00237 59 36
0.00238 59 36
0.00239 60 36
0.0024 60 36
0.00241 60 37
0.00242 60 37
0.00243 61 38
0.00244 62 38
0.00245 63 38
0.00246 64 38
0.00247 66 38
0.00248 66 38
0.00249 66 38
0.0025 67 38
0.00251 69 38
0.00252 70 38
0.00253 70 38
0.00254 72 38
0.00255 74 38
0.00256 75 38
0.00257 76 38
0.00258 77 39
0.00259 79 39
0.0026 81 39
0.00261 82 39
0.00262 83 39
0.00263 84 39
0.00264 85 39
0.00265 87 39
0.00266 88 39
0.00267 88 39
0.00268 90 39
0.00269 91 39
0.0027 97 39
0.00271 98 39
0.00272 99 40
0.00273 100 40
0.00274 101 40
0.00275 103 40
0.00276 105 40
0.00277 107 40
0.00278 110 41
0.00279 113 41
0.0028 116 41
0.00281 119 41
0.00282 122 42
0.00283 126 42
0.00284 128 42
0.00285 130 42
0.00286 134 43
0.00287 133 43
0.00288 141 43
0.00289 143 43
0.0029 143 43
0.00291 146 43
0.00292 146 43
0.00293 155 43
0.00294 158 43
0.00295 162 43
0.00296 166 43
0.00297 171 43
0.00298 175 43
0.00299 180 45
0.003 183 45
0.00301 185 45
0.00302 187 45
0.00303 190 45
0.00304 196 45
0.00305 201 45
0.00306 206 45
0.00307 211 45
0.00308 212 45
0.00309 213 45
0.0031 220 45
0.00311 223 45
0.00312 225 45
0.00313 225 45
0.00314 227 45
0.00315 233 46
0.00316 236 46
0.00317 240 46
0.00318 244 46
0.00319 246 46
0.0032 246 46
0.00321 253 46
0.00322 256 46
0.00323 261 46
0.00324 263 46
0.00325 264 46
0.00326 266 46
0.00327 273 46
0.00328 277 46
0.00329 279 46
0.0033 280 46
0.00331 282 46
0.00332 288 46
0.00333 290 46
0.00334 292 46
0.00335 292 46
0.00336 296 46
0.00337 297 46
0.00338 303 46
0.00339 311 46
0.0034 311 46
0.00341 314 46
0.00342 318 46
0.00343 321 47
0.00344 322 47
0.00345 324 47
0.00346 327 47
0.00347 330 48
0.00348 333 48
0.00349 337 48
0.0035 339 48
0.00351 344 48
0.00352 347 48
0.00353 351 48
0.00354 351 48
0.00355 354 48
0.00356 358 48
0.00357 360 48
0.00358 361 48
0.00359 363 48
0.0036 364 48
0.00361 367 48
0.00362 368 48
0.00363 370 48
0.00364 371 49
0.00365 373 49
0.00366 375 49
0.00367 375 49
0.00368 376 49
0.00369 376 49
0.0037 380 49
0.00371 382 49
0.00372 384 50
0.00373 386 50
0.00374 387 50
0.00375 392 50
0.00376 394 50
0.00377 394 50
0.00378 394 50
0.00379 395 50
0.0038 395 50
0.00381 395 50
0.00382 398 50
0.00383 399 50
0.00384 401 50
0.00385 400 50
0.00386 401 50
0.00387 401 51
0.00388 401 51
0.00389 401 51
0.0039 402 51
0.00391 402 51
0.00392 402 51
0.00393 402 51
0.00394 403 51
0.00395 403 51
0.00396 402 51
0.00397 403 51
0.00398 404 51
0.00399 404 52
0.004 404 52
0.00401 404 52
0.00402 405 52
0.00403 405 53
0.00404 405 53
0.00405 405 53
0.00406 406 53
0.00407 406 53
0.00408 407 53
0.00409 408 53
0.0041 409 54
0.00411 410 55
0.00412 412 55
0.00413 413 55
0.00414 413 55
0.00415 413 55
0.00416 414 55
0.00417 414 55
0.00418 414 55
0.00419 414 55
0.0042 415 55
0.00421 416 55
0.00422 416 55
0.00423 416 55
0.00424 417 55
0.00425 417 55
0.00426 417 55
0.00427 418 55
0.00428 420 55
0.00429 421 55
0.0043 421 55
0.00431 421 55
0.00432 423 57
0.00433 423 57
0.00434 424 58
0.00435 424 58
0.00436 424 58
0.00437 424 58
0.00438 425 58
0.00439 426 59
0.0044 426 60
0.00441 426 60
0.00442 426 60
0.00443 426 61
0.00444 427 61
0.00445 427 61
0.00446 428 61
0.00447 429 61
0.00448 430 61
0.00449 430 61
0.0045 430 61
0.00451 430 61
0.00452 430 61
0.00453 430 61
0.00454 432 61
0.00455 432 61
0.00456 431 61
0.00457 431 61
0.00458 431 61
0.00459 431 61
0.0046 431 61
0.00461 431 61
0.00462 434 61
0.00463 434 61
0.00464 434 62
0.00465 434 62
0.00466 434 62
0.00467 434 63
0.00468 435 63
0.00469 435 63
0.0047 435 64
0.00471 435 64
0.00472 435 64
0.00473 435 64
0.00474 435 64
0.00475 435 64
0.00476 435 64
0.00477 436 64
0.00478 436 64
0.00479 436 64
0.0048 436 64
0.00481 437 64
0.00482 437 64
0.00483 438 64
0.00484 439 64
0.00485 439 64
0.00486 439 64
0.00487 439 64
0.00488 440 64
0.00489 439 64
0.0049 439 64
0.00491 439 64
0.00492 439 64
0.00493 439 64
0.00494 439 64
0.00495 440 64
0.00496 440 64
0.00497 440 64
0.00498 439 64
0.00499 439 64
0.005 440 64
0.00501 439 64
0.00502 438 64
0.00503 438 64
0.00504 439 64
0.00505 440 64
0.00506 442 64
0.00507 442 64
0.00508 442 64
0.00509 442 64
0.0051 443 64
0.00511 443 64
0.00512 443 64
0.00513 443 65
0.00514 443 65
0.00515 443 65
0.00516 442 65
0.00517 442 65
0.00518 442 65
0.00519 442 65
0.0052 441 65
0.00521 442 65
0.00522 442 65
0.00523 442 65
0.00524 442 65
0.00525 443 65
0.00526 443 65
0.00527 443 65
0.00528 443 65
0.00529 442 66
0.0053 443 66
0.00531 444 66
0.00532 442 66
0.00533 442 66
0.00534 442 66
0.00535 442 66
0.00536 442 66
0.00537 442 66
0.00538 442 66
0.00539 442 66
0.0054 442 66
0.00541 442 66
0.00542 444 66
0.00543 445 66
0.00544 447 66
0.00545 447 66
0.00546 447 66
0.00547 447 66
0.00548 447 66
0.00549 448 66
0.0055 449 66
0.00551 450 66
0.00552 450 66
0.00553 450 67
0.00554 450 67
0.00555 452 67
0.00556 453 67
0.00557 453 67
0.00558 453 67
0.00559 453 67
0.0056 453 67
0.00561 453 67
0.00562 453 68
0.00563 453 68
0.00564 454 68
0.00565 454 68
0.00566 454 68
0.00567 454 68
0.00568 454 69
0.00569 454 69
0.0057 454 69
0.00571 454 69
0.00572 454 69
0.00573 453 69
0.00574 453 69
0.00575 453 71
0.00576 453 71
0.00577 453 71
0.00578 454 71
0.00579 454 71
0.0058 454 71
0.00581 454 71
0.00582 454 71
0.00583 453 71
0.00584 453 71
0.00585 453 72
0.00586 453 73
0.00587 453 74
0.00588 454 74
0.00589 454 74
0.0059 454 74
0.00591 454 74
0.00592 454 74
0.00593 454 74
0.00594 454 74
0.00595 454 74
0.00596 454 74
0.00597 455 74
0.00598 456 74
0.00599 456 74
0.006 456 74
0.00601 456 74
0.00602 456 74
0.00603 455 74
0.00604 455 74
0.00605 455 74
0.00606 456 75
0.00607 456 75
0.00608 456 75
0.00609 456 75
0.0061 457 75
0.00611 457 75
0.00612 457 75
0.00613 456 75
0.00614 456 76
0.00615 456 76
0.00616 456 76
0.00617 456 76
0.00618 458 77
0.00619 458 77
0.0062 459 79
0.00621 459 79
0.00622 460 79
0.00623 460 79
0.00624 459 79
0.00625 459 79
0.00626 459 80
0.00627 459 80
0.00628 459 80
0.00629 458 80
0.0063 458 80
0.00631 458 80
0.00632 459 80
0.00633 459 80
0.00634 459 80
0.00635 459 80
0.00636 458 80
0.00637 457 80
0.00638 457 80
0.00639 458 80
0.0064 458 80
0.00641 459 80
0.00642 461 81
0.00643 461 81
0.00644 461 81
0.00645 461 81
0.00646 461 81
0.00647 461 81
0.00648 461 81
0.00649 461 83
0.0065 461 83
0.00651 462 83
0.00652 461 83
0.00653 462 83
0.00654 462 83
0.00655 462 83
0.00656 462 83
0.00657 462 84
0.00658 463 85
0.00659 463 85
0.0066 463 85
0.00661 464 85
0.00662 464 85
0.00663 464 87
0.00664 465 87
0.00665 465 87
0.00666 466 87
0.00667 466 87
0.00668 467 87
0.00669 468 87
0.0067 468 87
0.00671 468 87
0.00672 468 87
0.00673 468 87
0.00674 469 87
0.00675 469 87
0.00676 469 87
0.00677 469 87
0.00678 470 87
0.00679 470 87
0.0068 470 87
0.00681 470 88
0.00682 471 88
0.00683 471 88
0.00684 471 88
0.00685 471 88
0.00686 471 88
0.00687 471 88
0.00688 470 88
0.00689 470 89
0.0069 471 89
0.00691 473 89
0.00692 473 89
0.00693 475 89
0.00694 475 89
0.00695 475 89
0.00696 475 89
0.00697 475 89
0.00698 475 89
0.00699 475 89
0.007 476 89
0.00701 476 90
0.00702 476 90
0.00703 476 90
0.00704 477 90
0.00705 477 90
0.00706 477 90
0.00707 477 90
0.00708 478 90
0.00709 478 90
0.0071 478 90
0.00711 478 90
0.00712 479 90
0.00713 479 90
0.00714 479 90
0.00715 479 90
0.00716 480 90
0.00717 480 90
0.00718 481 90
0.00719 481 93
0.0072 481 93
0.00721 481 93
0.00722 480 93
0.00723 481 94
0.00724 481 95
0.00725 481 95
0.00726 481 95
0.00727 481 95
0.00728 481 95
0.00729 482 95
0.0073 482 95
0.00731 482 95
0.00732 482 95
0.00733 482 95
0.00734 482 95
0.00735 482 95
0.00736 483 96
0.00737 484 96
0.00738 484 96
0.00739 484 96
0.0074 484 96
0.00741 485 96
0.00742 485 96
0.00743 485 96
0.00744 485 97
0.00745 485 97
0.00746 485 97
0.00747 485 97
0.00748 485 98
0.00749 485 99
0.0075 485 99
0.00751 485 99
0.00752 486 100
0.00753 487 100
0.00754 488 100
0.00755 490 100
0.00756 492 100
0.00757 492 100
0.00758 493 100
0.00759 495 100
0.0076 495 100
0.00761 495 100
0.00762 494 100
0.00763 494 100
0.00764 495 100
0.00765 495 100
0.00766 495 100
0.00767 495 101
0.00768 495 101
0.00769 495 101
0.0077 495 101
0.00771 495 101
0.00772 495 101
0.00773 496 101
0.00774 497 101
0.00775 498 101
0.00776 498 101
0.00777 498 101
0.00778 498 101
0.00779 498 101
0.0078 498 101
0.00781 498 101
0.00782 498 101
0.00783 498 101
0.00784 498 101
0.00785 498 102
0.00786 499 102
0.00787 498 102
0.00788 498 102
0.00789 499 103
0.0079 499 103
0.00791 499 103
0.00792 498 103
0.00793 499 103
0.00794 499 103
0.00795 499 103
0.00796 499 104
0.00797 500 104
0.00798 500 104
0.00799 501 104
0.008 502 105
0.00801 502 105
0.00802 501 105
0.00803 501 105
0.00804 501 105
0.00805 501 106
0.00806 501 106
0.00807 501 106
0.00808 501 106
0.00809 501 106
0.0081 501 106
0.00811 501 106
0.00812 501 106
0.00813 500 106
0.00814 500 106
0.00815 500 106
0.00816 500 106
0.00817 500 106
0.00818 500 107
0.00819 500 108
0.0082 500 108
0.00821 500 108
0.00822 500 108
0.00823 501 108
0.00824 501 108
0.00825 501 108
0.00826 501 108
0.00827 501 108
0.00828 501 108
0.00829 501 108
0.0083 501 109
0.00831 503 109
0.00832 503 109
0.00833 504 109
0.00834 504 110
0.00835 504 110
0.00836 503 110
0.00837 503 110
0.00838 503 111
0.00839 503 112
0.0084 503 113
0.00841 503 113
0.00842 503 113
0.00843 503 113
0.00844 504 113
0.00845 504 113
0.00846 505 113
0.00847 506 113
0.00848 506 113
0.00849 506 113
0.0085 506 113
0.00851 506 114
0.00852 506 115
0.00853 507 115
0.00854 507 115
0.00855 507 116
0.00856 507 116
0.00857 508 116
0.00858 508 116
0.00859 508 116
0.0086 508 116
0.00861 508 116
0.00862 508 116
0.00863 509 116
0.00864 509 116
0.00865 510 116
0.00866 510 116
0.00867 510 116
0.00868 511 117
0.00869 512 117
0.0087 513 117
0.00871 513 117
0.00872 513 118
0.00873 513 119
0.00874 513 119
0.00875 513 119
0.00876 514 119
0.00877 514 119
0.00878 515 119
0.00879 514 119
0.0088 515 119
0.00881 515 119
0.00882 515 120
0.00883 515 120
0.00884 516 121
0.00885 516 121
0.00886 517 121
0.00887 518 121
0.00888 518 121
0.00889 518 121
0.0089 518 121
0.00891 518 121
0.00892 518 121
0.00893 518 121
0.00894 518 121
0.00895 518 121
0.00896 519 121
0.00897 519 121
0.00898 520 121
0.00899 520 121
0.009 521 121
0.00901 521 121
0.00902 521 121
0.00903 521 122
0.00904 521 122
0.00905 521 122
0.00906 521 122
0.00907 520 122
0.00908 521 123
0.00909 521 123
0.0091 521 124
0.00911 521 124
0.00912 521 124
0.00913 521 126
0.00914 521 126
0.00915 521 126
0.00916 521 126
0.00917 521 126
0.00918 522 126
0.00919 522 126
0.0092 522 126
0.00921 524 126
0.00922 524 126
0.00923 525 126
0.00924 524 126
0.00925 524 126
0.00926 524 126
0.00927 526 126
0.00928 526 126
0.00929 526 126
0.0093 526 126
0.00931 526 127
0.00932 525 127
0.00933 526 127
0.00934 526 127
0.00935 526 127
0.00936 526 128
0.00937 526 128
0.00938 526 128
0.00939 526 129
0.0094 526 131
0.00941 527 131
0.00942 526 131
0.00943 526 133
0.00944 526 133
0.00945 526 133
0.00946 526 133
0.00947 525 133
0.00948 525 133
0.00949 526 133
0.0095 526 133
0.00951 526 133
0.00952 526 133
0.00953 527 133
0.00954 527 133
0.00955 528 133
0.00956 528 133
0.00957 529 133
0.00958 529 133
0.00959 528 134
0.0096 528 134
0.00961 528 134
0.00962 528 134
0.00963 529 134
0.00964 530 134
0.00965 530 134
0.00966 531 134
0.00967 531 134
0.00968 532 134
0.00969 532 134
0.0097 532 134
0.00971 534 135
0.00972 533 135
0.00973 533 135
0.00974 533 135
0.00975 534 135
0.00976 534 135
0.00977 534 135
0.00978 534 135
0.00979 534 135
0.0098 534 136
0.00981 534 136
0.00982 534 136
0.00983 534 136
0.00984 534 136
0.00985 534 136
0.00986 534 136
0.00987 534 136
0.00988 534 138
0.00989 534 139
0.0099 534 139
0.00991 534 139
0.00992 533 139
0.00993 534 139
0.00994 535 140
0.00995 535 140
0.00996 535 140
0.00997 535 141
0.00998 535 141
0.00999 536 141
0.01 537 141
0.01001 537 141
0.01002 537 141
0.01003 537 141
0.01004 538 141
0.01005 538 141
0.01006 538 141
0.01007 538 141
0.01008 538 141
0.01009 538 141
0.0101 538 141
0.01011 539 141
0.01012 539 141
0.01013 539 141
0.01014 540 141
0.01015 540 141
0.01016 540 141
0.01017 540 141
0.01018 540 141
0.01019 541 141
0.0102 542 141
0.01021 543 141
0.01022 544 141
0.01023 544 142
0.01024 544 142
0.01025 544 142
0.01026 545 142
0.01027 545 142
0.01028 545 142
0.01029 545 142
0.0103 546 142
0.01031 546 142
0.01032 547 142
0.01033 547 142
0.01034 547 143
0.01035 547 143
0.01036 547 143
0.01037 548 143
0.01038 549 143
0.01039 550 144
0.0104 550 144
0.01041 550 144
0.01042 550 144
0.01043 550 144
0.01044 550 144
0.01045 551 144
0.01046 551 144
0.01047 551 144
0.01048 551 144
0.01049 551 144
0.0105 550 144
0.01051 550 144
0.01052 550 144
0.01053 550 144
0.01054 550 144
0.01055 550 144
0.01056 550 144
0.01057 548 144
0.01058 548 144
0.01059 548 144
0.0106 548 144
0.01061 548 144
0.01062 548 144
0.01063 548 144
0.01064 548 144
0.01065 548 144
0.01066 549 144
0.01067 549 144
0.01068 549 144
0.01069 549 144
0.0107 549 144
0.01071 550 144
0.01072 550 144
0.01073 550 144
0.01074 551 144
0.01075 551 144
0.01076 552 144
0.01077 552 145
0.01078 552 145
0.01079 552 145
0.0108 553 146
0.01081 553 146
0.01082 553 146
0.01083 553 146
0.01084 552 146
0.01085 554 146
0.01086 554 146
0.01087 554 146
0.01088 554 146
0.01089 554 147
0.0109 554 147
0.01091 554 147
0.01092 554 147
0.01093 554 147
0.01094 554 147
0.01095 555 147
0.01096 555 147
0.01097 555 147
0.01098 555 147
0.01099 555 147
0.011 553 147
0.01101 553 147
0.01102 553 147
0.01103 553 147
0.01104 553 147
0.01105 553 147
0.01106 554 147
0.01107 554 147
0.01108 554 147
0.01109 554 147
0.0111 556 148
0.01111 556 148
0.01112 556 148
0.01113 557 148
0.01114 557 148
0.01115 557 148
0.01116 557 148
0.01117 557 148
0.01118 558 148
0.01119 558 148
0.0112 559 148
0.01121 559 148
0.01122 559 148
0.01123 559 149
0.01124 560 149
0.01125 560 150
0.01126 560 150
0.01127 561 150
0.01128 561 150
0.01129 561 150
0.0113 562 150
0.01131 563 150
0.01132 562 150
0.01133 562 151
0.01134 563 151
0.01135 565 151
0.01136 565 151
0.01137 565 152
0.01138 566 154
0.01139 566 154
0.0114 566 154
0.01141 566 154
0.01142 565 154
0.01143 565 154
0.01144 565 154
0.01145 566 154
0.01146 566 154
0.01147 566 154
0.01148 566 154
0.01149 566 154
0.0115 566 154
0.01151 566 154
0.01152 567 155
0.01153 567 155
0.01154 568 155
0.01155 568 155
0.01156 568 155
0.01157 568 155
0.01158 569 155
0.01159 569 155
0.0116 569 157
0.01161 569 157
0.01162 569 157
0.01163 569 157
0.01164 569 157
0.01165 570 157
0.01166 571 157
0.01167 571 157
0.01168 572 157
0.01169 573 157
0.0117 572 157
0.01171 573 157
0.01172 573 157
0.01173 573 157
0.01174 573 158
0.01175 574 158
0.01176 574 158
0.01177 574 158
0.01178 576 158
0.01179 576 158
0.0118 577 158
0.01181 577 158
0.01182 577 159
0.01183 577 159
0.01184 578 161
0.01185 578 162
0.01186 579 162
0.01187 579 162
0.01188 580 162
0.01189 580 162
0.0119 580 162
0.01191 580 162
0.01192 580 162
0.01193 580 163
0.01194 580 163
0.01195 580 163
0.01196 579 163
0.01197 579 163
0.01198 579 163
0.01199 579 164
0.012 579 164
0.01201 579 164
0.01202 579 164
0.01203 579 164
0.01204 579 165
0.01205 579 165
0.01206 579 165
0.01207 579 165
0.01208 579 165
0.01209 579 165
0.0121 578 166
0.01211 579 166
0.01212 580 166
0.01213 581 166
0.01214 581 166
0.01215 581 167
0.01216 581 167
0.01217 581 168
0.01218 581 168
0.01219 581 168
0.0122 581 168
0.01221 581 168
0.01222 581 168
0.01223 581 168
0.01224 581 168
0.01225 581 168
0.01226 580 168
0.01227 580 168
0.01228 580 168
0.01229 580 168
0.0123 580 168
0.01231 580 168
0.01232 580 168
0.01233 580 168
0.01234 580 168
0.01235 580 168
0.01236 580 168
0.01237 580 168
0.01238 581 169
0.01239 582 170
0.0124 582 171
0.01241 582 171
0.01242 583 171
0.01243 584 171
0.01244 586 171
0.01245 586 171
0.01246 586 171
0.01247 586 171
0.01248 586 172
0.01249 586 172
0.0125 586 172
0.01251 586 172
0.01252 586 172
0.01253 585 172
0.01254 586 173
0.01255 586 174
0.01256 586 174
0.01257 587 174
0.01258 587 174
0.01259 587 174
0.0126 587 174
0.01261 588 174
0.01262 588 174
0.01263 586 174
0.01264 586 175
0.01265 586 176
0.01266 586 176
0.01267 586 176
0.01268 586 176
0.01269 586 177
0.0127 586 177
0.01271 586 177
0.01272 587 177
0.01273 587 177
0.01274 588 177
0.01275 589 177
0.01276 590 178
0.01277 590 178
0.01278 591 180
0.01279 591 180
0.0128 591 181
0.01281 591 181
0.01282 592 181
0.01283 592 181
0.01284 593 181
0.01285 593 181
0.01286 593 181
0.01287 593 181
0.01288 594 181
0.01289 593 181
0.0129 593 181
0.01291 593 181
0.01292 593 181
0.01293 594 181
0.01294 595 181
0.01295 597 181
0.01296 597 182
0.01297 597 182
0.01298 598 183
0.01299 599 183
0.013 600 184
0.01301 600 185
0.01302 600 185
0.01303 600 185
0.01304 600 185
0.01305 601 187
0.01306 601 187
0.01307 601 187
0.01308 601 187
0.01309 602 187
0.0131 603 187
0.01311 603 187
0.01312 603 187
0.01313 603 187
0.01314 603 187
0.01315 603 187
0.01316 603 187
0.01317 603 187
0.01318 603 187
0.01319 603 187
0.0132 603 187
0.01321 603 187
0.01322 603 187
0.01323 603 187
0.01324 603 187
0.01325 603 187
0.01326 604 187
0.01327 604 187
0.01328 604 187
0.01329 604 187
0.0133 604 188
0.01331 605 188
0.01332 605 188
0.01333 605 188
0.01334 605 188
0.01335 604 188
0.01336 604 188
0.01337 605 189
0.01338 605 189
0.01339 606 189
0.0134 606 189
0.01341 606 189
0.01342 606 189
0.01343 606 189
0.01344 607 189
0.01345 607 189
0.01346 607 189
0.01347 607 189
0.01348 607 189
0.01349 607 190
0.0135 607 190
0.01351 607 190
0.01352 607 191
0.01353 607 192
0.01354 607 192
0.01355 607 192
0.01356 607 192
0.01357 607 192
0.01358 607 192
0.01359 607 192
0.0136 609 193
0.01361 610 193
0.01362 610 193
0.01363 611 193
0.01364 612 193
0.01365 612 194
0.01366 612 194
0.01367 613 195
0.01368 613 196
0.01369 614 196
0.0137 614 196
0.01371 614 196
0.01372 614 196
0.01373 614 196
0.01374 615 196
0.01375 615 196
0.01376 615 196
0.01377 615 196
0.01378 615 197
0.01379 616 197
0.0138 616 197
0.01381 616 198
0.01382 616 198
0.01383 616 198
0.01384 616 198
0.01385 616 198
0.01386 617 198
0.01387 617 198
0.01388 617 198
0.01389 618 198
0.0139 618 198
0.01391 620 198
0.01392 620 198
0.01393 620 198
0.01394 620 198
0.01395 621 198
0.01396 621 198
0.01397 621 198
0.01398 621 198
0.01399 621 199
0.014 622 199
0.01401 623 199
0.01402 623 199
0.01403 623 199
0.01404 624 200
0.01405 624 200
0.01406 626 200
0.01407 626 200
0.01408 626 200
0.01409 626 200
0.0141 626 200
0.01411 626 200
0.01412 626 200
0.01413 625 200
0.01414 625 200
0.01415 625 201
0.01416 625 201
0.01417 625 201
0.01418 625 201
0.01419 625 201
0.0142 625 201
0.01421 625 202
0.01422 626 202
0.01423 626 202
0.01424 626 203
0.01425 626 203
0.01426 626 203
0.01427 626 203
0.01428 626 203
0.01429 626 203
0.0143 626 204
0.01431 626 204
0.01432 626 204
0.01433 626 204
0.01434 625 204
0.01435 625 204
0.01436 625 204
0.01437 626 204
0.01438 626 204
0.01439 626 204
0.0144 626 204
0.01441 626 204
0.01442 626 205
0.01443 626 205
0.01444 627 205
0.01445 627 205
0.01446 627 205
0.01447 627 205
0.01448 628 205
0.01449 629 205
0.0145 630 205
0.01451 630 205
0.01452 630 205
0.01453 630 205
0.01454 631 206
0.01455 631 207
0.01456 631 207
0.01457 633 209
0.01458 633 209
0.01459 633 209
0.0146 633 209
0.01461 633 210
0.01462 633 210
0.01463 634 211
0.01464 634 212
0.01465 634 212
0.01466 635 212
0.01467 635 213
0.01468 635 213
0.01469 637 213
0.0147 637 213
0.01471 637 213
0.01472 636 213
0.01473 637 213
0.01474 637 213
0.01475 637 213
0.01476 637 213
0.01477 637 213
0.01478 637 213
0.01479 638 213
0.0148 638 213
0.01481 638 213
0.01482 638 214
0.01483 639 214
0.01484 639 214
0.01485 640 214
0.01486 642 214
0.01487 642 214
0.01488 643 214
0.01489 645 214
0.0149 644 214
0.01491 646 214
0.01492 645 214
0.01493 645 214
0.01494 645 214
0.01495 645 215
0.01496 646 215
0.01497 646 215
0.01498 646 215
0.01499 646 215
0.015 646 215
0.01501 646 215
0.01502 646 215
0.01503 646 215
0.01504 646 215
0.01505 647 215
0.01506 648 215
0.01507 648 215
0.01508 648 215
0.01509 648 215
0.0151 649 215
0.01511 650 215
0.01512 650 215
0.01513 651 215
0.01514 651 215
0.01515 652 215
0.01516 652 215
0.01517 652 216
0.01518 652 216
0.01519 652 216
0.0152 652 216
0.01521 652 216
0.01522 652 216
0.01523 653 216
0.01524 654 216
0.01525 654 217
0.01526 654 217
0.01527 654 217
0.01528 654 217
0.01529 654 217
0.0153 655 218
0.01531 655 218
0.01532 655 219
0.01533 655 219
0.01534 655 220
0.01535 655 222
0.01536 656 222
0.01537 656 222
0.01538 656 222
0.01539 657 222
0.0154 657 224
0.01541 658 224
0.01542 660 224
0.01543 661 224
0.01544 661 224
0.01545 661 224
0.01546 661 224
0.01547 662 225
0.01548 662 226
0.01549 662 227
0.0155 662 227
0.01551 663 228
0.01552 663 228
0.01553 663 229
0.01554 663 229
0.01555 663 229
0.01556 665 229
0.01557 665 229
0.01558 665 230
0.01559 665 231
0.0156 665 231
0.01561 665 231
0.01562 666 231
0.01563 666 231
0.01564 666 231
0.01565 666 231
0.01566 666 231
0.01567 667 231
0.01568 667 231
0.01569 667 231
0.0157 668 231
0.01571 668 231
0.01572 669 231
0.01573 669 231
0.01574 668 231
0.01575 668 231
0.01576 668 231
0.01577 669 231
0.01578 671 231
0.01579 671 231
0.0158 671 231
0.01581 671 231
0.01582 671 231
0.01583 672 231
0.01584 672 231
0.01585 672 231
0.01586 674 231
0.01587 675 231
0.01588 675 231
0.01589 676 231
0.0159 676 231
0.01591 676 231
0.01592 676 231
0.01593 676 231
0.01594 676 231
0.01595 676 231
0.01596 676 231
0.01597 676 232
0.01598 676 232
0.01599 676 232
0.016 677 232
0.01601 677 232
0.01602 678 232
0.01603 678 232
0.01604 679 232
0.01605 680 232
0.01606 681 233
0.01607 681 233
0.01608 682 233
0.01609 682 233
0.0161 682 233
0.01611 683 233
0.01612 683 233
0.01613 684 233
0.01614 684 234
0.01615 684 234
0.01616 684 234
0.01617 685 234
0.01618 685 234
0.01619 685 234
0.0162 685 234
0.01621 685 234
0.01622 686 234
0.01623 688 234
0.01624 688 234
0.01625 689 234
0.01626 690 234
0.01627 690 234
0.01628 691 234
0.01629 691 234
0.0163 691 234
0.01631 691 234
0.01632 691 234
0.01633 692 234
0.01634 692 234
0.01635 693 234
0.01636 694 234
0.01637 694 235
0.01638 694 235
0.01639 694 235
0.0164 694 235
0.01641 694 235
0.01642 694 236
0.01643 695 236
0.01644 695 236
0.01645 695 236
0.01646 695 236
0.01647 695 236
0.01648 696 236
0.01649 697 236
0.0165 698 236
0.01651 698 236
0.01652 698 236
0.01653 698 236
0.01654 699 236
0.01655 699 236
0.01656 699 236
0.01657 699 236
0.01658 699 237
0.01659 700 238
0.0166 699 238
0.01661 699 238
0.01662 698 239
0.01663 699 239
0.01664 699 239
0.01665 699 239
0.01666 699 239
0.01667 698 240
0.01668 698 240
0.01669 698 240
0.0167 698 240
0.01671 697 240
0.01672 697 240
0.01673 697 240
0.01674 699 240
0.01675 700 240
0.01676 700 240
0.01677 701 240
0.01678 701 240
0.01679 701 240
0.0168 701 240
0.01681 702 241
0.01682 702 241
0.01683 702 241
0.01684 702 241
0.01685 702 241
0.01686 702 241
0.01687 702 242
0.01688 702 243
0.01689 702 243
0.0169 702 243
0.01691 702 243
0.01692 702 243
0.01693 702 243
0.01694 702 243
0.01695 702 243
0.01696 702 243
0.01697 702 243
0.01698 702 243
0.01699 704 243
0.017 704 243
0.01701 705 243
0.01702 705 243
0.01703 705 243
0.01704 706 243
0.01705 707 243
0.01706 707 243
0.01707 707 243
0.01708 707 243
0.01709 708 243
0.0171 709 243
0.01711 708 243
0.01712 708 243
0.01713 709 243
0.01714 709 243
0.01715 709 243
0.01716 709 243
0.01717 712 243
0.01718 712 243
0.01719 713 243
0.0172 713 243
0.01721 714 243
0.01722 715 243
0.01723 716 243
0.01724 716 244
0.01725 717 244
0.01726 717 244
0.01727 717 244
0.01728 717 244
0.01729 718 244
0.0173 719 244
0.01731 719 244
0.01732 721 244
0.01733 722 245
0.01734 723 245
0.01735 723 247
0.01736 724 247
0.01737 725 247
0.01738 725 247
0.01739 725 247
0.0174 726 247
0.01741 727 247
0.01742 728 247
0.01743 728 247
0.01744 728 247
0.01745 728 247
0.01746 728 247
0.01747 728 247
0.01748 729 247
0.01749 729 247
0.0175 730 247
0.01751 730 247
0.01752 730 247
0.01753 729 247
0.01754 729 247
0.01755 729 248
0.01756 729 248
0.01757 729 248
0.01758 729 248
0.01759 729 248
0.0176 729 248
0.01761 728 248
0.01762 729 248
0.01763 729 248
0.01764 729 248
0.01765 729 249
0.01766 731 249
0.01767 730 249
0.01768 729 249
0.01769 729 249
0.0177 729 249
0.01771 729 249
0.01772 729 249
0.01773 729 249
0.01774 730 249
0.01775 730 249
0.01776 730 250
0.01777 730 250
0.01778 732 250
0.01779 732 250
0.0178 732 250
0.01781 733 250
0.01782 735 250
0.01783 735 250
0.01784 736 250
0.01785 737 250
0.01786 737 250
0.01787 737 250
0.01788 737 251
0.01789 737 251
0.0179 737 251
0.01791 737 251
0.01792 738 251
0.01793 738 251
0.01794 738 251
0.01795 738 251
0.01796 738 251
0.01797 738 251
0.01798 738 252
0.01799 738 252
0.018 738 252
0.01801 738 252
0.01802 738 252
0.01803 738 252
0.01804 738 253
0.01805 739 253
0.01806 741 253
0.01807 741 253
0.01808 740 253
0.01809 740 253
0.0181 740 253
0.01811 740 253
0.01812 742 253
0.01813 742 253
0.01814 742 254
0.01815 742 254
0.01816 742 254
0.01817 742 254
0.01818 742 254
0.01819 742 254
0.0182 743 254
0.01821 743 255
0.01822 743 257
0.01823 743 257
0.01824 743 258
0.01825 743 258
0.01826 743 258
0.01827 743 259
0.01828 743 259
0.01829 744 259
0.0183 745 259
0.01831 745 259
0.01832 745 260
0.01833 745 260
0.01834 745 260
0.01835 744 260
0.01836 744 260
0.01837 745 260
0.01838 745 260
0.01839 745 260
0.0184 745 261
0.01841 746 261
0.01842 746 261
0.01843 746 261
0.01844 746 261
0.01845 746 261
0.01846 746 261
0.01847 747 262
0.01848 748 262
0.01849 748 262
0.0185 749 262
0.01851 750 262
0.01852 750 262
0.01853 750 262
0.01854 750 262
0.01855 750 262
0.01856 750 262
0.01857 751 262
0.01858 751 263
0.01859 752 264
0.0186 752 264
0.01861 752 264
0.01862 752 264
0.01863 752 264
0.01864 752 264
0.01865 752 264
0.01866 752 265
0.01867 752 265
0.01868 753 265
0.01869 753 265
0.0187 753 266
0.01871 754 266
0.01872 754 266
0.01873 754 266
0.01874 754 266
0.01875 756 266
0.01876 756 266
0.01877 757 266
0.01878 757 266
0.01879 758 266
0.0188 758 266
0.01881 758 266
0.01882 757 266
0.01883 757 266
0.01884 757 266
0.01885 757 266
0.01886 757 266
0.01887 757 266
0.01888 757 267
0.01889 757 267
0.0189 757 267
0.01891 757 267
0.01892 757 267
0.01893 757 267
0.01894 757 267
0.01895 757 267
0.01896 757 267
0.01897 757 267
0.01898 757 268
0.01899 757 268
0.019 757 268
0.01901 757 268
0.01902 757 268
0.01903 758 268
0.01904 759 268
0.01905 759 268
0.01906 759 268
0.01907 759 268
0.01908 759 268
0.01909 759 268
0.0191 759 269
0.01911 759 269
0.01912 760 269
0.01913 760 269
0.01914 760 270
0.01915 759 270
0.01916 759 270
0.01917 760 271
0.01918 761 271
0.01919 761 271
0.0192 761 271
0.01921 761 271
0.01922 762 271
0.01923 762 271
0.01924 762 271
0.01925 762 271
0.01926 762 273
0.01927 762 273
0.01928 763 273
0.01929 763 273
0.0193 763 273
0.01931 763 273
0.01932 764 273
0.01933 765 273
0.01934 765 273
0.01935 765 273
0.01936 765 273
0.01937 765 275
0.01938 766 276
0.01939 767 276
0.0194 767 277
0.01941 768 277
0.01942 768 277
0.01943 767 277
0.01944 767 277
0.01945 767 277
0.01946 767 277
0.01947 766 277
0.01948 765 277
0.01949 765 277
0.0195 765 277
0.01951 765 277
0.01952 766 277
0.01953 767 277
0.01954 767 277
0.01955 767 277
0.01956 767 277
0.01957 767 277
0.01958 767 277
0.01959 768 277
0.0196 770 277
0.01961 771 277
0.01962 773 277
0.01963 773 277
0.01964 774 277
0.01965 775 277
0.01966 775 277
0.01967 775 277
0.01968 775 277
0.01969 775 277
0.0197 776 277
0.01971 776 277
0.01972 776 278
0.01973 776 278
0.01974 776 278
0.01975 776 278
0.01976 776 278
0.01977 776 278
0.01978 776 278
0.01979 776 278
0.0198 777 278
0.01981 777 278
0.01982 777 278
0.01983 778 278
0.01984 778 278
0.01985 778 278
0.01986 778 278
0.01987 778 278
0.01988 778 278
0.01989 778 278
0.0199 778 278
0.01991 777 278
0.01992 777 278
0.01993 778 278
0.01994 778 278
0.01995 778 278
0.01996 779 278
0.01997 780 278
0.01998 780 278
0.01999 780 279
0.02 779 279
0.02001 780 279
0.02002 782 279
0.02003 782 279
0.02004 782 279
0.02005 783 279
0.02006 783 279
0.02007 784 279
0.02008 784 279
0.02009 783 279
0.0201 783 279
0.02011 783 279
0.02012 784 279
0.02013 784 279
0.02014 784 279
0.02015 784 280
0.02016 784 280
0.02017 784 281
0.02018 784 281
0.02019 784 281
0.0202 784 281
0.02021 785 281
0.02022 785 281
0.02023 785 281
0.02024 785 281
0.02025 787 282
0.02026 787 282
0.02027 786 283
0.02028 785 283
0.02029 785 283
0.0203 786 283
0.02031 786 283
0.02032 786 283
0.02033 786 283
0.02034 786 283
0.02035 786 283
0.02036 786 284
0.02037 786 284
0.02038 786 285
0.02039 786 285
0.0204 786 285
0.02041 786 285
0.02042 786 285
0.02043 786 285
0.02044 787 285
0.02045 787 285
0.02046 787 288
0.02047 787 288
0.02048 787 288
0.02049 789 288
0.0205 788 288
0.02051 789 289
0.02052 789 289
0.02053 789 289
0.02054 789 289
0.02055 790 289
0.02056 791 289
0.02057 791 289
0.02058 792 289
0.02059 793 289
0.0206 793 289
0.02061 793 289
0.02062 793 290
0.02063 793 290
0.02064 793 290
0.02065 793 290
0.02066 794 291
0.02067 795 292
0.02068 796 292
0.02069 797 292
0.0207 797 292
0.02071 796 292
0.02072 797 292
0.02073 799 292
0.02074 799 292
0.02075 799 292
0.02076 799 292
0.02077 799 292
0.02078 799 294
0.02079 799 295
0.0208 799 295
0.02081 799 295
0.02082 799 296
0.02083 799 296
0.02084 799 296
0.02085 799 296
0.02086 799 296
0.02087 799 296
0.02088 800 296
0.02089 800 296
0.0209 800 296
0.02091 800 296
0.02092 801 296
0.02093 801 296
0.02094 801 296
0.02095 802 296
0.02096 802 297
0.02097 803 298
0.02098 803 298
0.02099 803 298
0.021 803 298
0.02101 803 298
0.02102 803 298
0.02103 804 298
0.02104 804 298
0.02105 804 298
0.02106 804 298
0.02107 804 298
0.02108 805 298
0.02109 805 298
0.0211 805 299
0.02111 805 299
0.02112 805 299
0.02113 805 299
0.02114 805 299
0.02115 806 299
0.02116 807 299
0.02117 807 299
0.02118 808 299
0.02119 806 299
0.0212 806 300
0.02121 807 301
0.02122 807 301
0.02123 807 301
0.02124 807 302
0.02125 807 302
0.02126 807 302
0.02127 807 302
0.02128 807 302
0.02129 807 302
0.0213 807 302
0.02131 807 303
0.02132 810 303
0.02133 810 303
0.02134 810 303
0.02135 810 303
0.02136 811 303
0.02137 811 303
0.02138 811 303
0.02139 810 303
0.0214 810 305
0.02141 810 306
0.02142 810 307
0.02143 811 307
0.02144 811 307
0.02145 811 307
0.02146 811 308
0.02147 811 308
0.02148 811 308
0.02149 811 309
0.0215 811 309
0.02151 812 310
0.02152 812 310
0.02153 813 310
0.02154 813 311
0.02155 814 311
0.02156 814 311
0.02157 814 311
0.02158 814 311
0.02159 814 312
0.0216 814 312
0.02161 814 312
0.02162 815 312
0.02163 815 312
0.02164 815 312
0.02165 815 313
0.02166 813 313
0.02167 814 313
0.02168 814 313
0.02169 815 313
0.0217 815 313
0.02171 816 313
0.02172 818 313
0.02173 818 314
0.02174 820 314
0.02175 820 314
0.02176 823 314
0.02177 823 315
0.02178 823 315
0.02179 823 315
0.0218 824 315
0.02181 824 315
0.02182 824 315
0.02183 825 315
0.02184 825 315
0.02185 825 315
0.02186 825 315
0.02187 826 316
0.02188 826 316
0.02189 826 316
0.0219 827 316
0.02191 828 316
0.02192 828 316
0.02193 828 316
0.02194 828 316
0.02195 828 316
0.02196 828 316
0.02197 828 316
0.02198 828 316
0.02199 828 316
0.022 829 317
0.02201 830 317
0.02202 831 317
0.02203 831 317
0.02204 831 318
0.02205 831 318
0.02206 831 319
0.02207 831 319
0.02208 832 319
0.02209 832 319
0.0221 832 319
0.02211 832 320
0.02212 833 320
0.02213 833 320
0.02214 833 320
0.02215 833 320
0.02216 833 320
0.02217 834 320
0.02218 835 320
0.02219 835 320
0.0222 835 320
0.02221 837 320
0.02222 837 320
0.02223 837 320
0.02224 838 320
0.02225 839 320
0.02226 839 320
0.02227 839 320
0.02228 838 321
0.02229 838 321
0.0223 839 321
0.02231 840 321
0.02232 840 321
0.02233 841 321
0.02234 841 321
0.02235 842 321
0.02236 842 321
0.02237 843 322
0.02238 843 322
0.02239 844 322
0.0224 844 323
0.02241 844 323
0.02242 845 323
0.02243 845 324
0.02244 845 324
0.02245 846 324
0.02246 847 324
0.02247 848 324
0.02248 848 324
0.02249 849 324
0.0225 849 324
0.02251 849 325
0.02252 850 325
0.02253 850 326
0.02254 852 326
0.02255 854 326
0.02256 855 326
0.02257 857 326
0.02258 858 326
0.02259 858 326
0.0226 860 327
0.02261 863 327
0.02262 865 327
0.02263 866 327
0.02264 866 327
0.02265 867 328
0.02266 868 328
0.02267 868 328
0.02268 869 328
0.02269 870 328
0.0227 874 328
0.02271 877 328
0.02272 880 328
0.02273 886 328
0.02274 888 328
0.02275 890 330
0.02276 892 330
0.02277 896 330
0.02278 897 331
0.02279 899 332
0.0228 903 332
0.02281 905 332
0.02282 907 333
0.02283 910 333
0.02284 912 333
0.02285 913 333
0.02286 915 333
0.02287 919 333
0.02288 919 333
0.02289 919 334
0.0229 922 335
0.02291 928 335
0.02292 928 336
0.02293 930 336
0.02294 931 336
0.02295 931 337
0.02296 935 337
0.02297 939 337
0.02298 941 337
0.02299 944 337
0.023 945 337
0.02301 947 337
0.02302 952 338
0.02303 952 338
0.02304 957 338
0.02305 958 338
0.02306 961 338
0.02307 965 339
0.02308 966 340
0.02309 972 340
0.0231 975 340
0.02311 976 340
0.02312 978 340
0.02313 980 340
0.02314 981 341
0.02315 984 341
0.02316 987 342
0.02317 992 342
0.02318 993 342
0.02319 994 342
0.0232 997 342
0.02321 999 342
0.02322 1003 342
0.02323 1004 342
0.02324 1008 342
0.02325 1010 342
0.02326 1014 342
0.02327 1016 342
0.02328 1019 342
0.02329 1022 343
0.0233 1025 343
0.02331 1027 343
0.02332 1030 344
0.02333 1035 344
0.02334 1037 344
0.02335 1040 344
0.02336 1040 345
0.02337 1041 345
0.02338 1046 345
0.02339 1046 345
0.0234 1050 345
0.02341 1054 345
0.02342 1058 345
0.02343 1059 345
0.02344 1061 345
0.02345 1063 345
0.02346 1065 345
0.02347 1065 345
0.02348 1071 345
0.02349 1073 345
0.0235 1074 345
0.02351 1077 345
0.02352 1078 345
0.02353 1079 345
0.02354 1082 345
0.02355 1084 345
0.02356 1087 346
0.02357 1090 346
0.02358 1095 346
0.02359 1097 346
0.0236 1097 346
0.02361 1098 346
0.02362 1098 346
0.02363 1100 346
0.02364 1104 346
0.02365 1105 347
0.02366 1109 347
0.02367 1110 347
0.02368 1116 347
0.02369 1119 347
0.0237 1119 347
0.02371 1122 347
0.02372 1122 347
0.02373 1126 347
0.02374 1126 348
0.02375 1129 349
0.02376 1131 349
0.02377 1131 349
0.02378 1134 349
0.02379 1136 349
0.0238 1137 349
0.02381 1138 349
0.02382 1138 350
0.02383 1138 350
0.02384 1137 350
0.02385 1138 350
0.02386 1140 350
0.02387 1142 351
0.02388 1144 352
0.02389 1144 352
0.0239 1144 353
0.02391 1144 353
0.02392 1146 353
0.02393 1147 353
0.02394 1149 353
0.02395 1151 353
0.02396 1150 353
0.02397 1151 353
0.02398 1153 353
0.02399 1155 353
0.024 1155 353
0.02401 1155 353
0.02402 1158 353
0.02403 1160 353
0.02404 1160 353
0.02405 1160 353
0.02406 1161 354
0.02407 1164 354
0.02408 1164 354
0.02409 1166 354
0.0241 1168 354
0.02411 1168 354
0.02412 1168 354
0.02413 1169 354
0.02414 1170 354
0.02415 1170 355
0.02416 1171 356
0.02417 1172 356
0.02418 1173 356
0.02419 1173 356
0.0242 1173 356
0.02421 1173 356
0.02422 1176 356
0.02423 1176 356
0.02424 1177 356
0.02425 1178 356
0.02426 1178 356
0.02427 1179 356
0.02428 1179 356
0.02429 1180 356
0.0243 1182 356
0.02431 1182 356
0.02432 1183 356
0.02433 1184 356
0.02434 1184 357
0.02435 1184 358
0.02436 1184 358
0.02437 1186 358
0.02438 1187 358
0.02439 1188 358
0.0244 1188 358
0.02441 1188 358
0.02442 1188 359
0.02443 1189 359
0.02444 1188 359
0.02445 1188 359
0.02446 1188 359
0.02447 1188 359
0.02448 1188 359
0.02449 1188 359
0.0245 1188 359
0.02451 1188 359
0.02452 1188 359
0.02453 1190 359
0.02454 1190 359
0.02455 1190 359
0.02456 1191 359
0.02457 1191 359
0.02458 1191 359
0.02459 1191 359
0.0246 1192 359
0.02461 1192 359
0.02462 1192 359
0.02463 1193 359
0.02464 1193 359
0.02465 1192 359
0.02466 1192 359
0.02467 1193 359
0.02468 1193 359
0.02469 1193 359
0.0247 1193 359
0.02471 1193 359
0.02472 1193 359
0.02473 1192 359
0.02474 1192 359
0.02475 1194 359
0.02476 1195 359
0.02477 1195 359
0.02478 1196 359
0.02479 1198 359
0.0248 1198 359
0.02481 1198 359
0.02482 1198 359
0.02483 1198 359
0.02484 1199 360
0.02485 1199 360
0.02486 1199 360
0.02487 1199 360
0.02488 1199 360
0.02489 1199 360
0.0249 1199 360
0.02491 1199 360
0.02492 1199 360
0.02493 1200 360
0.02494 1201 360
0.02495 1201 362
0.02496 1202 362
0.02497 1202 362
0.02498 1202 362
0.02499 1202 362
0.025 1202 362
0.02501 1202 362
0.02502 1202 362
0.02503 1202 362
0.02504 1202 363
0.02505 1203 363
0.02506 1203 363
0.02507 1203 363
0.02508 1203 363
0.02509 1203 363
0.0251 1203 363
0.02511 1203 363
0.02512 1204 363
0.02513 1204 363
0.02514 1204 364
0.02515 1204 364
0.02516 1206 364
0.02517 1208 365
0.02518 1209 366
0.02519 1210 366
0.0252 1210 366
0.02521 1210 366
0.02522 1210 366
0.02523 1210 366
0.02524 1210 366
0.02525 1210 366
0.02526 1211 366
0.02527 1212 366
0.02528 1212 366
0.02529 1212 366
0.0253 1213 367
0.02531 1214 367
0.02532 1214 367
0.02533 1214 367
0.02534 1214 367
0.02535 1214 367
0.02536 1216 367
0.02537 1216 368
0.02538 1217 368
0.02539 1216 368
0.0254 1216 369
0.02541 1216 369
0.02542 1216 369
0.02543 1217 370
0.02544 1217 370
0.02545 1217 370
0.02546 1217 370
0.02547 1217 370
0.02548 1216 370
0.02549 1216 370
0.0255 1217 370
0.02551 1217 370
0.02552 1217 370
0.02553 1217 370
0.02554 1217 371
0.02555 1217 371
0.02556 1217 371
0.02557 1217 371
0.02558 1217 371
0.02559 1217 371
0.0256 1218 371
0.02561 1217 371
0.02562 1217 371
0.02563 1217 372
0.02564 1217 373
0.02565 1217 373
0.02566 1218 373
0.02567 1218 373
0.02568 1218 373
0.02569 1218 374
0.0257 1218 374
0.02571 1218 374
0.02572 1219 374
0.02573 1219 374
0.02574 1219 374
0.02575 1220 376
0.02576 1223 376
0.02577 1223 376
0.02578 1223 376
0.02579 1223 376
0.0258 1222 376
0.02581 1222 376
0.02582 1222 376
0.02583 1223 376
0.02584 1224 376
0.02585 1224 376
0.02586 1224 376
0.02587 1224 376
0.02588 1225 376
0.02589 1226 376
0.0259 1228 376
0.02591 1229 376
0.02592 1229 376
0.02593 1229 376
0.02594 1229 376
0.02595 1231 376
0.02596 1231 376
0.02597 1231 376
0.02598 1232 376
0.02599 1232 377
0.026 1232 377
0.02601 1232 377
0.02602 1232 377
0.02603 1232 377
0.02604 1232 377
0.02605 1232 377
0.02606 1232 377
0.02607 1234 377
0.02608 1234 377
0.02609 1235 377
0.0261 1235 377
0.02611 1235 377
0.02612 1235 377
0.02613 1235 377
0.02614 1235 378
0.02615 1235 378
0.02616 1235 379
0.02617 1235 379
0.02618 1235 379
0.02619 1235 379
0.0262 1236 379
0.02621 1235 379
0.02622 1235 380
0.02623 1235 380
0.02624 1236 380
0.02625 1237 380
0.02626 1236 380
0.02627 1236 380
0.02628 1236 380
0.02629 1238 380
0.0263 1238 380
0.02631 1240 380
0.02632 1240 380
0.02633 1241 380
0.02634 1241 380
0.02635 1241 380
0.02636 1242 380
0.02637 1244 380
0.02638 1243 380
0.02639 1243 381
0.0264 1244 381
0.02641 1243 381
0.02642 1244 381
0.02643 1244 381
0.02644 1244 381
0.02645 1244 381
0.02646 1244 381
0.02647 1244 381
0.02648 1245 381
0.02649 1246 381
0.0265 1246 381
0.02651 1246 381
0.02652 1246 381
0.02653 1246 381
0.02654 1246 381
0.02655 1247 381
0.02656 1248 381
0.02657 1248 381
0.02658 1248 381
0.02659 1247 381
0.0266 1248 381
0.02661 1248 381
0.02662 1248 381
0.02663 1247 381
0.02664 1247 381
0.02665 1247 381
0.02666 1247 381
0.02667 1247 381
0.02668 1248 381
0.02669 1247 381
0.0267 1248 381
0.02671 1248 381
0.02672 1248 381
0.02673 1248 382
0.02674 1248 382
0.02675 1249 382
0.02676 1249 382
0.02677 1249 382
0.02678 1248 383
0.02679 1249 383
0.0268 1248 383
0.02681 1248 383
0.02682 1248 384
0.02683 1248 384
0.02684 1248 384
0.02685 1248 384
0.02686 1249 384
0.02687 1249 384
0.02688 1250 384
0.02689 1250 384
0.0269 1250 384
0.02691 1250 384
0.02692 1250 384
0.02693 1250 384
0.02694 1250 384
0.02695 1251 384
0.02696 1251 384
0.02697 1251 384
0.02698 1251 386
0.02699 1251 386
0.027 1251 386
0.02701 1252 386
0.02702 1252 386
0.02703 1252 386
0.02704 1252 386
0.02705 1252 386
0.02706 1253 386
0.02707 1252 386
0.02708 1252 387
0.02709 1252 387
0.0271 1252 387
0.02711 1252 387
0.02712 1252 388
0.02713 1252 388
0.02714 1252 389
0.02715 1252 389
0.02716 1253 389
0.02717 1253 390
0.02718 1251 390
0.02719 1253 390
0.0272 1254 390
0.02721 1256 390
0.02722 1257 390
0.02723 1257 391
0.02724 1257 391
0.02725 1257 391
0.02726 1257 391
0.02727 1257 391
0.02728 1256 391
0.02729 1256 391
0.0273 1256 391
0.02731 1257 391
0.02732 1258 391
0.02733 1259 391
0.02734 1260 391
0.02735 1260 391
0.02736 1260 391
0.02737 1260 391
0.02738 1260 391
0.02739 1260 391
0.0274 1259 391
0.02741 1259 392
0.02742 1259 392
0.02743 1259 392
0.02744 1260 392
0.02745 1261 393
0.02746 1262 393
0.02747 1262 393
0.02748 1262 393
0.02749 1262 394
0.0275 1264 394
0.02751 1264 394
0.02752 1266 394
0.02753 1266 394
0.02754 1266 395
0.02755 1266 395
0.02756 1267 395
0.02757 1268 395
0.02758 1268 395
0.02759 1270 395
0.0276 1271 395
0.02761 1270 395
0.02762 1270 395
0.02763 1270 395
0.02764 1270 395
0.02765 1270 395
0.02766 1270 395
0.02767 1270 395
0.02768 1270 395
0.02769 1270 395
0.0277 1271 396
0.02771 1271 396
0.02772 1271 396
0.02773 1271 396
0.02774 1271 396
0.02775 1271 396
0.02776 1271 396
0.02777 1271 396
0.02778 1272 396
0.02779 1273 396
0.0278 1274 396
0.02781 1276 396
0.02782 1276 396
0.02783 1276 396
0.02784 1276 396
0.02785 1276 397
0.02786 1278 397
0.02787 1278 398
0.02788 1279 398
0.02789 1279 398
0.0279 1279 398
0.02791 1280 398
0.02792 1281 399
0.02793 1281 400
0.02794 1281 400
0.02795 1281 400
0.02796 1281 400
0.02797 1282 400
0.02798 1282 400
0.02799 1282 400
0.028 1283 400
0.02801 1283 400
0.02802 1283 400
0.02803 1283 400
0.02804 1282 401
0.02805 1282 402
0.02806 1282 403
0.02807 1282 403
0.02808 1282 403
0.02809 1285 403
0.0281 1286 404
0.02811 1287 404
0.02812 1287 404
0.02813 1287 404
0.02814 1287 404
0.02815 1287 404
0.02816 1287 404
0.02817 1287 404
0.02818 1287 404
0.02819 1287 404
0.0282 1287 404
0.02821 1288 405
0.02822 1288 405
0.02823 1288 406
0.02824 1290 406
0.02825 1290 407
0.02826 1289 408
0.02827 1291 408
0.02828 1292 408
0.02829 1292 408
0.0283 1293 408
0.02831 1292 408
0.02832 1294 408
0.02833 1295 408
0.02834 1294 408
0.02835 1295 409
0.02836 1296 410
0.02837 1297 410
0.02838 1297 410
0.02839 1297 410
0.0284 1297 410
0.02841 1297 410
0.02842 1297 410
0.02843 1296 410
0.02844 1296 410
0.02845 1296 410
0.02846 1296 410
0.02847 1297 410
0.02848 1298 410
0.02849 1298 411
0.0285 1298 411
0.02851 1298 411
0.02852 1298 411
0.02853 1298 411
0.02854 1300 412
0.02855 1301 412
0.02856 1301 412
0.02857 1301 412
0.02858 1303 413
0.02859 1303 413
0.0286 1304 413
0.02861 1304 413
0.02862 1304 413
0.02863 1304 413
0.02864 1305 413
0.02865 1305 413
0.02866 1305 414
0.02867 1306 414
0.02868 1305 414
0.02869 1306 414
0.0287 1306 414
0.02871 1306 414
0.02872 1306 414
0.02873 1306 414
0.02874 1307 414
0.02875 1309 414
0.02876 1309 414
0.02877 1310 414
0.02878 1310 414
0.02879 1311 416
0.0288 1311 416
0.02881 1311 416
0.02882 1310 416
0.02883 1310 416
0.02884 1311 416
0.02885 1311 416
0.02886 1311 416
0.02887 1312 416
0.02888 1314 417
0.02889 1314 417
0.0289 1314 417
0.02891 1313 417
0.02892 1314 417
0.02893 1314 420
0.02894 1315 420
0.02895 1315 420
0.02896 1315 420
0.02897 1316 420
0.02898 1316 420
0.02899 1317 420
0.029 1317 421
0.02901 1319 421
0.02902 1320 422
0.02903 1320 422
0.02904 1320 422
0.02905 1320 423
0.02906 1320 424
0.02907 1320 424
0.02908 1320 424
0.02909 1320 424
0.0291 1320 424
0.02911 1320 424
0.02912 1321 424
0.02913 1321 424
0.02914 1323 424
0.02915 1323 424
0.02916 1323 424
0.02917 1325 424
0.02918 1327 424
0.02919 1328 425
0.0292 1328 425
0.02921 1328 425
0.02922 1328 426
0.02923 1328 426
0.02924 1328 426
0.02925 1329 426
0.02926 1329 426
0.02927 1329 426
0.02928 1329 426
0.02929 1329 426
0.0293 1329 426
0.02931 1327 426
0.02932 1327 426
0.02933 1328 426
0.02934 1330 426
0.02935 1330 426
0.02936 1330 426
0.02937 1330 426
0.02938 1332 426
0.02939 1332 426
0.0294 1332 426
0.02941 1332 426
0.02942 1332 426
0.02943 1331 426
0.02944 1331 427
0.02945 1331 427
0.02946 1332 427
0.02947 1333 427
0.02948 1333 428
0.02949 1333 428
0.0295 1334 430
0.02951 1335 430
0.02952 1335 430
0.02953 1335 430
0.02954 1335 430
0.02955 1335 430
0.02956 1335 430
0.02957 1335 431
0.02958 1335 431
0.02959 1335 431
0.0296 1336 431
0.02961 1336 431
0.02962 1334 431
0.02963 1335 431
0.02964 1337 432
0.02965 1338 432
0.02966 1339 432
0.02967 1339 432
0.02968 1339 432
0.02969 1340 432
0.0297 1341 433
0.02971 1341 433
0.02972 1341 433
0.02973 1342 433
0.02974 1343 433
0.02975 1343 433
0.02976 1342 433
0.02977 1342 433
0.02978 1342 434
0.02979 1342 434
0.0298 1342 434
0.02981 1343 434
0.02982 1342 434
0.02983 1343 434
0.02984 1343 434
0.02985 1343 434
0.02986 1343 434
0.02987 1343 434
0.02988 1344 434
0.02989 1344 434
0.0299 1344 434
0.02991 1345 434
0.02992 1346 434
0.02993 1346 434
0.02994 1347 434
0.02995 1346 434
0.02996 1346 434
0.02997 1347 434
0.02998 1347 434
0.02999 1347 434
0.03 1347 434
0.03001 1347 434
0.03002 1349 434
0.03003 1349 434
0.03004 1349 434
0.03005 1348 434
0.03006 1348 434
0.03007 1348 434
0.03008 1348 434
0.03009 1349 434
0.0301 1349 435
0.03011 1350 435
0.03012 1350 435
0.03013 1351 435
0.03014 1352 435
0.03015 1353 435
0.03016 1352 435
0.03017 1353 435
0.03018 1353 435
0.03019 1353 435
0.0302 1353 435
0.03021 1353 436
0.03022 1353 436
0.03023 1353 436
0.03024 1353 436
0.03025 1353 438
0.03026 1353 438
0.03027 1354 438
0.03028 1354 438
0.03029 1354 438
0.0303 1354 438
0.03031 1356 438
0.03032 1356 438
0.03033 1356 438
0.03034 1357 438
0.03035 1357 438
0.03036 1358 438
0.03037 1359 438
0.03038 1359 438
0.03039 1359 438
0.0304 1359 438
0.03041 1357 439
0.03042 1358 439
0.03043 1358 439
0.03044 1358 439
0.03045 1358 439
0.03046 1358 439
0.03047 1360 439
0.03048 1360 439
0.03049 1360 439
0.0305 1361 439
0.03051 1361 439
0.03052 1361 440
0.03053 1361 440
0.03054 1362 440
0.03055 1362 440
0.03056 1362 440
0.03057 1363 440
0.03058 1363 440
0.03059 1363 440
0.0306 1363 440
0.03061 1364 440
0.03062 1364 440
0.03063 1364 440
0.03064 1365 440
0.03065 1365 440
0.03066 1365 440
0.03067 1365 440
0.03068 1366 440
0.03069 1366 441
0.0307 1366 441
0.03071 1366 441
0.03072 1366 441
0.03073 1366 441
0.03074 1367 441
0.03075 1368 441
0.03076 1368 442
0.03077 1369 442
0.03078 1369 443
0.03079 1369 444
0.0308 1369 444
0.03081 1370 444
0.03082 1370 444
0.03083 1370 444
0.03084 1372 444
0.03085 1372 445
0.03086 1372 445
0.03087 1374 445
0.03088 1374 445
0.03089 1373 445
0.0309 1373 445
0.03091 1374 445
0.03092 1374 445
0.03093 1374 445
0.03094 1375 445
0.03095 1375 445
0.03096 1374 445
0.03097 1373 445
0.03098 1374 445
0.03099 1376 445
0.031 1376 445
0.03101 1376 445
0.03102 1376 445
0.03103 1376 445
0.03104 1376 445
0.03105 1376 445
0.03106 1376 445
0.03107 1376 445
0.03108 1377 445
0.03109 1377 445
0.0311 1378 445
0.03111 1379 446
0.03112 1381 446
0.03113 1381 446
0.03114 1382 446
0.03115 1382 446
0.03116 1384 446
0.03117 1385 446
0.03118 1386 447
0.03119 1387 447
0.0312 1387 449
0.03121 1387 449
0.03122 1387 449
0.03123 1388 449
0.03124 1390 449
0.03125 1390 449
0.03126 1392 449
0.03127 1393 449
0.03128 1393 449
0.03129 1393 449
0.0313 1393 449
0.03131 1393 449
0.03132 1394 450
0.03133 1394 450
0.03134 1394 450
0.03135 1393 450
0.03136 1393 450
0.03137 1393 450
0.03138 1393 451
0.03139 1393 451
0.0314 1393 451
0.03141 1393 451
0.03142 1393 451
0.03143 1394 451
0.03144 1394 451
0.03145 1395 451
0.03146 1395 451
0.03147 1395 451
0.03148 1394 452
0.03149 1393 452
0.0315 1393 453
0.03151 1393 453
0.03152 1393 453
0.03153 1393 453
0.03154 1394 453
0.03155 1394 453
0.03156 1395 453
0.03157 1398 453
0.03158 1399 453
0.03159 1399 453
0.0316 1400 453
0.03161 1400 453
0.03162 1400 453
0.03163 1400 453
0.03164 1400 453
0.03165 1401 453
0.03166 1402 453
0.03167 1404 453
0.03168 1405 453
0.03169 1405 453
0.0317 1405 453
0.03171 1405 453
0.03172 1405 454
0.03173 1405 454
0.03174 1406 454
0.03175 1407 455
0.03176 1408 455
0.03177 1409 455
0.03178 1409 456
0.03179 1409 456
0.0318 1410 456
0.03181 1410 456
0.03182 1410 456
0.03183 1408 456
0.03184 1408 456
0.03185 1409 456
0.03186 1409 456
0.03187 1410 457
0.03188 1412 457
0.03189 1412 457
0.0319 1414 457
0.03191 1414 457
0.03192 1414 457
0.03193 1413 457
0.03194 1413 457
0.03195 1413 457
0.03196 1413 457
0.03197 1413 457
0.03198 1413 457
0.03199 1415 457
0.032 1414 457
0.03201 1414 457
0.03202 1414 457
0.03203 1414 457
0.03204 1414 457
0.03205 1415 457
0.03206 1415 457
0.03207 1415 457
0.03208 1416 457
0.03209 1416 457
0.0321 1416 457
0.03211 1416 457
0.03212 1416 458
0.03213 1416 458
0.03214 1416 458
0.03215 1416 458
0.03216 1417 458
0.03217 1417 458
0.03218 1417 458
0.03219 1417 458
0.0322 1417 458
0.03221 1417 458
0.03222 1417 458
0.03223 1417 459
0.03224 1418 459
0.03225 1419 459
0.03226 1420 459
0.03227 1422 460
0.03228 1422 461
0.03229 1423 461
0.0323 1423 461
0.03231 1423 461
0.03232 1423 462
0.03233 1423 462
0.03234 1423 463
0.03235 1424 463
0.03236 1425 463
0.03237 1426 463
0.03238 1427 463
0.03239 1427 463
0.0324 1427 463
0.03241 1427 464
0.03242 1427 464
0.03243 1427 465
0.03244 1428 466
0.03245 1428 466
0.03246 1429 466
0.03247 1429 466
0.03248 1428 466
0.03249 1428 466
0.0325 1430 466
0.03251 1430 466
0.03252 1429 466
0.03253 1429 466
0.03254 1429 466
0.03255 1429 467
0.03256 1429 468
0.03257 1430 468
0.03258 1430 468
0.03259 1430 468
0.0326 1431 468
0.03261 1431 468
0.03262 1431 468
0.03263 1431 468
0.03264 1432 468
0.03265 1432 468
0.03266 1433 468
0.03267 1435 468
0.03268 1435 468
0.03269 1436 468
0.0327 1436 468
0.03271 1436 468
0.03272 1437 468
0.03273 1438 468
0.03274 1438 468
0.03275 1438 468
0.03276 1438 468
0.03277 1438 468
0.03278 1438 468
0.03279 1439 468
0.0328 1440 468
0.03281 1442 468
0.03282 1442 468
0.03283 1443 468
0.03284 1443 468
0.03285 1443 468
0.03286 1445 468
0.03287 1445 469
0.03288 1445 469
0.03289 1445 469
0.0329 1444 469
0.03291 1444 469
0.03292 1446 469
0.03293 1447 469
0.03294 1447 469
0.03295 1447 469
0.03296 1448 469
0.03297 1448 470
0.03298 1448 470
0.03299 1448 470
0.033 1448 470
0.03301 1448 471
0.03302 1448 471
0.03303 1449 471
0.03304 1450 471
0.03305 1451 471
0.03306 1451 471
0.03307 1451 471
0.03308 1452 471
0.03309 1454 471
0.0331 1454 471
0.03311 1454 472
0.03312 1455 472
0.03313 1455 472
0.03314 1455 472
0.03315 1456 472
0.03316 1455 472
0.03317 1456 472
0.03318 1456 472
0.03319 1457 472
0.0332 1457 472
0.03321 1457 473
0.03322 1458 473
0.03323 1459 473
0.03324 1460 473
0.03325 1460 473
0.03326 1460 474
0.03327 1460 475
0.03328 1461 475
0.03329 1461 476
0.0333 1461 476
0.03331 1461 476
0.03332 1463 476
0.03333 1464 476
0.03334 1464 476
0.03335 1464 476
0.03336 1464 477
0.03337 1464 477
0.03338 1463 477
0.03339 1463 477
0.0334 1463 478
0.03341 1463 479
0.03342 1463 479
0.03343 1464 480
0.03344 1464 480
0.03345 1464 480
0.03346 1464 481
0.03347 1464 481
0.03348 1465 482
0.03349 1465 482
0.0335 1467 482
0.03351 1467 482
0.03352 1467 482
0.03353 1467 482
0.03354 1468 482
0.03355 1468 483
0.03356 1468 484
0.03357 1468 484
0.03358 1468 484
0.03359 1468 484
0.0336 1468 484
0.03361 1469 484
0.03362 1469 485
0.03363 1469 486
0.03364 1471 486
0.03365 1473 486
0.03366 1474 486
0.03367 1473 487
0.03368 1473 487
0.03369 1474 487
0.0337 1476 487
0.03371 1476 487
0.03372 1476 487
0.03373 1477 488
0.03374 1477 488
0.03375 1477 488
0.03376 1477 488
0.03377 1477 488
0.03378 1478 488
0.03379 1479 489
0.0338 1479 489
0.03381 1481 489
0.03382 1481 489
0.03383 1481 489
0.03384 1481 489
0.03385 1482 489
0.03386 1483 489
0.03387 1483 490
0.03388 1485 490
0.03389 1485 490
0.0339 1484 490
0.03391 1484 490
0.03392 1485 490
0.03393 1484 490
0.03394 1484 490
0.03395 1484 490
0.03396 1484 490
0.03397 1484 490
0.03398 1483 491
0.03399 1483 491
0.034 1483 491
0.03401 1484 491
0.03402 1486 491
0.03403 1486 491
0.03404 1486 491
0.03405 1486 491
0.03406 1486 491
0.03407 1486 491
0.03408 1486 491
0.03409 1485 491
0.0341 1485 491
0.03411 1486 491
0.03412 1487 492
0.03413 1488 492
0.03414 1488 492
0.03415 1488 492
0.03416 1488 492
0.03417 1488 493
0.03418 1488 493
0.03419 1489 493
0.0342 1491 493
0.03421 1490 493
0.03422 1490 493
0.03423 1489 493
0.03424 1489 493
0.03425 1490 493
0.03426 1491 493
0.03427 1493 493
0.03428 1493 493
0.03429 1493 493
0.0343 1493 493
0.03431 1493 493
0.03432 1493 493
0.03433 1493 494
0.03434 1493 494
0.03435 1494 494
0.03436 1495 495
0.03437 1495 495
0.03438 1497 495
0.03439 1498 495
0.0344 1500 495
0.03441 1501 495
0.03442 1501 495
0.03443 1501 495
0.03444 1503 495
0.03445 1505 495
0.03446 1505 495
0.03447 1507 495
0.03448 1508 495
0.03449 1507 495
0.0345 1507 496
0.03451 1507 496
0.03452 1507 496
0.03453 1507 496
0.03454 1509 496
0.03455 1508 496
0.03456 1509 496
0.03457 1510 496
0.03458 1510 496
0.03459 1510 496
0.0346 1510 496
0.03461 1510 496
0.03462 1510 496
0.03463 1510 496
0.03464 1511 496
0.03465 1511 496
0.03466 1512 496
0.03467 1514 496
0.03468 1514 496
0.03469 1514 496
0.0347 1515 496
0.03471 1515 496
0.03472 1515 496
0.03473 1515 496
0.03474 1516 496
0.03475 1517 496
0.03476 1517 496
0.03477 1518 496
0.03478 1519 496
0.03479 1519 496
0.0348 1519 496
0.03481 1519 496
0.03482 1520 496
0.03483 1520 496
0.03484 1520 496
0.03485 1520 496
0.03486 1521 498
0.03487 1523 498
0.03488 1525 498
0.03489 1525 498
0.0349 1526 498
0.03491 1526 499
0.03492 1527 499
0.03493 1527 499
0.03494 1528 499
0.03495 1528 499
0.03496 1528 499
0.03497 1528 499
0.03498 1528 499
0.03499 1529 499
0.035 1530 499
0.03501 1530 499
0.03502 1530 499
0.03503 1530 499
0.03504 1530 500
0.03505 1530 500
0.03506 1530 500
0.03507 1529 500
0.03508 1529 500
0.03509 1529 500
0.0351 1529 500
0.03511 1532 500
0.03512 1532 500
0.03513 1533 500
0.03514 1533 500
0.03515 1533 500
0.03516 1533 500
0.03517 1533 501
0.03518 1533 501
0.03519 1533 501
0.0352 1534 501
0.03521 1534 501
0.03522 1534 501
0.03523 1534 502
0.03524 1533 502
0.03525 1534 503
0.03526 1535 503
0.03527 1535 503
0.03528 1535 503
0.03529 1535 504
0.0353 1535 504
0.03531 1535 504
0.03532 1535 504
0.03533 1535 504
0.03534 1534 504
0.03535 1535 504
0.03536 1535 504
0.03537 1535 504
0.03538 1535 504
0.03539 1535 504
0.0354 1537 504
0.03541 1540 504
0.03542 1540 504
0.03543 1541 504
0.03544 1540 504
0.03545 1541 504
0.03546 1541 504
0.03547 1541 504
0.03548 1541 504
0.03549 1542 504
0.0355 1543 504
0.03551 1543 504
0.03552 1544 504
0.03553 1546 504
0.03554 1547 504
0.03555 1549 504
0.03556 1550 504
0.03557 1550 504
0.03558 1550 504
0.03559 1550 504
0.0356 1550 504
0.03561 1549 504
0.03562 1550 504
0.03563 1550 504
0.03564 1550 505
0.03565 1550 506
0.03566 1551 506
0.03567 1551 506
0.03568 1551 506
0.03569 1551 506
0.0357 1551 506
0.03571 1551 506
0.03572 1551 506
0.03573 1551 507
0.03574 1551 507
0.03575 1554 507
0.03576 1554 507
0.03577 1554 507
0.03578 1554 507
0.03579 1554 507
0.0358 1554 507
0.03581 1554 507
0.03582 1554 507
0.03583 1554 508
0.03584 1555 508
0.03585 1557 508
0.03586 1558 508
0.03587 1558 508
0.03588 1561 509
0.03589 1561 509
0.0359 1562 509
0.03591 1563 509
0.03592 1563 509
0.03593 1563 510
0.03594 1564 510
0.03595 1565 510
0.03596 1565 510
0.03597 1565 510
0.03598 1568 510
0.03599 1568 510
0.036 1568 510
0.03601 1568 510
0.03602 1569 510
0.03603 1570 510
0.03604 1570 510
0.03605 1571 510
0.03606 1571 511
0.03607 1571 511
0.03608 1571 511
0.03609 1571 511
0.0361 1571 511
0.03611 1573 511
0.03612 1573 511
0.03613 1573 511
0.03614 1573 511
0.03615 1574 511
0.03616 1575 511
0.03617 1575 511
0.03618 1575 511
0.03619 1575 511
0.0362 1576 511
0.03621 1576 511
0.03622 1576 511
0.03623 1577 511
0.03624 1576 511
0.03625 1575 511
0.03626 1575 511
0.03627 1573 511
0.03628 1573 511
0.03629 1573 512
0.0363 1573 512
0.03631 1574 512
0.03632 1575 512
0.03633 1577 512
0.03634 1578 512
0.03635 1578 512
0.03636 1579 512
0.03637 1579 512
0.03638 1580 512
0.03639 1580 513
0.0364 1581 513
0.03641 1582 513
0.03642 1582 513
0.03643 1582 513
0.03644 1584 513
0.03645 1584 513
0.03646 1587 513
0.03647 1587 513
0.03648 1589 513
0.03649 1589 513
0.0365 1589 513
0.03651 1591 514
0.03652 1592 514
0.03653 1592 514
0.03654 1592 514
0.03655 1593 514
0.03656 1593 515
0.03657 1594 516
0.03658 1594 516
0.03659 1594 516
0.0366 1594 516
0.03661 1594 516
0.03662 1595 516
0.03663 1596 516
0.03664 1596 516
0.03665 1596 517
0.03666 1597 517
0.03667 1598 517
0.03668 1598 517
0.03669 1599 517
0.0367 1599 517
0.03671 1599 517
0.03672 1599 517
0.03673 1599 517
0.03674 1599 517
0.03675 1599 517
0.03676 1599 517
0.03677 1599 517
0.03678 1599 517
0.03679 1599 517
0.0368 1601 517
0.03681 1601 517
0.03682 1601 517
0.03683 1602 517
0.03684 1602 517
0.03685 1601 517
0.03686 1601 517
0.03687 1602 517
0.03688 1603 517
0.03689 1604 517
0.0369 1604 517
0.03691 1605 517
0.03692 1605 518
0.03693 1607 519
0.03694 1609 519
0.03695 1609 519
0.03696 1610 519
0.03697 1611 519
0.03698 1611 519
0.03699 1612 519
0.037 1613 519
0.03701 1613 519
0.03702 1614 519
0.03703 1615 519
0.03704 1615 519
0.03705 1616 519
0.03706 1618 519
0.03707 1618 519
0.03708 1618 519
0.03709 1618 519
0.0371 1619 519
0.03711 1619 519
0.03712 1618 519
0.03713 1617 519
0.03714 1615 519
0.03715 1614 519
0.03716 1613 520
0.03717 1614 520
0.03718 1614 520
0.03719 1615 520
0.0372 1617 520
0.03721 1619 520
0.03722 1620 520
0.03723 1621 520
0.03724 1621 520
0.03725 1621 520
0.03726 1621 520
0.03727 1622 520
0.03728 1622 520
0.03729 1622 520
0.0373 1623 520
0.03731 1622 520
0.03732 1623 520
0.03733 1623 520
0.03734 1623 520
0.03735 1623 521
0.03736 1623 521
0.03737 1623 521
0.03738 1623 521
0.03739 1623 521
0.0374 1623 521
0.03741 1623 521
0.03742 1623 521
0.03743 1624 521
0.03744 1624 521
0.03745 1625 521
0.03746 1625 521
0.03747 1625 521
0.03748 1625 521
0.03749 1625 521
0.0375 1625 521
0.03751 1625 521
0.03752 1625 521
0.03753 1625 521
0.03754 1625 521
0.03755 1626 521
0.03756 1625 522
0.03757 1625 522
0.03758 1625 522
0.03759 1625 522
0.0376 1625 522
0.03761 1625 523
0.03762 1625 523
0.03763 1625 523
0.03764 1627 523
0.03765 1628 523
0.03766 1629 523
0.03767 1629 523
0.03768 1629 523
0.03769 1629 523
0.0377 1629 523
0.03771 1629 523
0.03772 1628 523
0.03773 1628 523
0.03774 1628 523
0.03775 1629 523
0.03776 1630 523
0.03777 1630 523
0.03778 1630 524
0.03779 1630 524
0.0378 1630 524
0.03781 1631 524
0.03782 1631 524
0.03783 1631 524
0.03784 1632 524
0.03785 1632 524
0.03786 1632 524
0.03787 1634 525
0.03788 1634 525
0.03789 1634 525
0.0379 1634 525
0.03791 1635 525
0.03792 1636 525
0.03793 1636 525
0.03794 1636 525
0.03795 1636 525
0.03796 1637 525
0.03797 1637 525
0.03798 1638 525
0.03799 1638 525
0.038 1638 525
0.03801 1638 525
0.03802 1638 525
0.03803 1638 525
0.03804 1638 525
0.03805 1638 525
0.03806 1639 525
0.03807 1639 525
0.03808 1639 525
0.03809 1639 525
0.0381 1640 525
0.03811 1642 525
0.03812 1643 525
0.03813 1644 525
0.03814 1645 525
0.03815 1646 525
0.03816 1646 525
0.03817 1646 525
0.03818 1647 526
0.03819 1646 526
0.0382 1646 526
0.03821 1647 527
0.03822 1647 527
0.03823 1647 527
0.03824 1648 527
0.03825 1648 527
0.03826 1648 527
0.03827 1648 527
0.03828 1648 527
0.03829 1648 527
0.0383 1648 528
0.03831 1649 528
0.03832 1648 528
0.03833 1648 528
0.03834 1648 528
0.03835 1648 528
0.03836 1648 528
0.03837 1648 528
0.03838 1648 528
0.03839 1648 528
0.0384 1647 528
0.03841 1647 529
0.03842 1647 529
0.03843 1647 529
0.03844 1648 531
0.03845 1648 531
0.03846 1647 531
0.03847 1646 532
0.03848 1647 532
0.03849 1649 533
0.0385 1650 533
0.03851 1650 534
0.03852 1652 535
0.03853 1651 535
0.03854 1651 535
0.03855 1651 535
0.03856 1652 535
0.03857 1652 537
0.03858 1652 538
0.03859 1652 538
0.0386 1652 538
0.03861 1653 538
0.03862 1653 538
0.03863 1653 538
0.03864 1653 538
0.03865 1653 538
0.03866 1653 538
0.03867 1653 538
0.03868 1654 538
0.03869 1654 539
0.0387 1653 539
0.03871 1654 539
0.03872 1654 539
0.03873 1655 539
0.03874 1655 539
0.03875 1655 539
0.03876 1656 539
0.03877 1656 539
0.03878 1659 539
0.03879 1659 539
0.0388 1660 539
0.03881 1661 540
0.03882 1661 540
0.03883 1661 540
0.03884 1661 540
0.03885 1661 540
0.03886 1660 540
0.03887 1660 540
0.03888 1660 540
0.03889 1661 540
0.0389 1660 540
0.03891 1659 540
0.03892 1659 540
0.03893 1660 540
0.03894 1661 540
0.03895 1661 540
0.03896 1662 540
0.03897 1663 540
0.03898 1664 540
0.03899 1664 540
0.039 1664 540
0.03901 1664 540
0.03902 1666 540
0.03903 1666 540
0.03904 1666 540
0.03905 1667 540
0.03906 1668 540
0.03907 1668 540
0.03908 1668 540
0.03909 1669 540
0.0391 1669 540
0.03911 1670 540
0.03912 1670 540
0.03913 1670 540
0.03914 1671 540
0.03915 1670 540
0.03916 1670 540
0.03917 1670 540
0.03918 1671 540
0.03919 1671 540
0.0392 1672 540
0.03921 1672 540
0.03922 1671 540
0.03923 1671 540
0.03924 1671 540
0.03925 1671 540
0.03926 1672 540
0.03927 1672 540
0.03928 1672 541
0.03929 1675 541
0.0393 1675 541
0.03931 1675 541
0.03932 1677 541
0.03933 1677 541
0.03934 1677 541
0.03935 1679 541
0.03936 1679 541
0.03937 1679 541
0.03938 1679 541
0.03939 1679 541
0.0394 1680 541
0.03941 1681 543
0.03942 1681 543
0.03943 1682 544
0.03944 1681 544
0.03945 1680 544
0.03946 1680 544
0.03947 1680 544
0.03948 1680 544
0.03949 1681 545
0.0395 1681 546
0.03951 1681 546
0.03952 1681 546
0.03953 1681 546
0.03954 1681 546
0.03955 1681 546
0.03956 1681 546
0.03957 1681 547
0.03958 1682 547
0.03959 1682 547
0.0396 1682 547
0.03961 1681 547
0.03962 1681 547
0.03963 1681 547
0.03964 1681 548
0.03965 1681 548
0.03966 1681 548
0.03967 1681 548
0.03968 1681 548
0.03969 1681 548
0.0397 1681 548
0.03971 1681 549
0.03972 1683 549
0.03973 1683 549
0.03974 1683 550
0.03975 1683 550
0.03976 1684 550
0.03977 1684 550
0.03978 1684 550
0.03979 1683 551
0.0398 1684 551
0.03981 1685 551
0.03982 1685 551
0.03983 1685 551
0.03984 1686 551
0.03985 1687 551
0.03986 1689 551
0.03987 1689 551
0.03988 1689 551
0.03989 1689 551
0.0399 1689 551
0.03991 1689 551
0.03992 1690 551
0.03993 1690 551
0.03994 1692 551
0.03995 1692 551
0.03996 1692 551
0.03997 1692 551
0.03998 1692 551
0.03999 1691 551
0.04 1691 551
0.04001 1691 551
0.04002 1691 552
0.04003 1693 552
0.04004 1694 553
0.04005 1697 553
0.04006 1698 553
0.04007 1698 553
0.04008 1698 553
0.04009 1699 553
0.0401 1699 553
0.04011 1699 553
0.04012 1699 554
0.04013 1699 554
0.04014 1700 554
0.04015 1701 554
0.04016 1701 554
0.04017 1701 554
0.04018 1703 554
0.04019 1704 554
0.0402 1703 554
0.04021 1703 554
0.04022 1703 554
0.04023 1703 554
0.04024 1703 554
0.04025 1704 554
0.04026 1704 554
0.04027 1704 554
0.04028 1704 554
0.04029 1704 555
0.0403 1704 555
0.04031 1704 555
0.04032 1705 555
0.04033 1705 557
0.04034 1705 557
0.04035 1704 557
0.04036 1704 557
0.04037 1706 557
0.04038 1707 557
0.04039 1707 557
0.0404 1707 557
0.04041 1708 557
0.04042 1708 557
0.04043 1708 558
0.04044 1709 558
0.04045 1709 558
0.04046 1709 558
0.04047 1709 558
0.04048 1709 558
0.04049 1709 559
0.0405 1709 559
0.04051 1709 559
0.04052 1710 559
0.04053 1710 559
0.04054 1710 560
0.04055 1710 560
0.04056 1712 560
0.04057 1713 560
0.04058 1715 560
0.04059 1715 560
0.0406 1714 560
0.04061 1715 560
0.04062 1716 560
0.04063 1717 560
0.04064 1719 560
0.04065 1721 560
0.04066 1721 560
0.04067 1721 560
0.04068 1724 561
0.04069 1724 561
0.0407 1725 561
0.04071 1725 562
0.04072 1727 562
0.04073 1727 562
0.04074 1729 562
0.04075 1730 562
0.04076 1730 562
0.04077 1730 562
0.04078 1730 562
0.04079 1731 562
0.0408 1731 562
0.04081 1732 562
0.04082 1732 562
0.04083 1733 562
0.04084 1733 562
0.04085 1733 562
0.04086 1734 562
0.04087 1734 562
0.04088 1735 562
0.04089 1735 562
0.0409 1735 562
0.04091 1736 562
0.04092 1736 562
0.04093 1735 562
0.04094 1735 562
0.04095 1735 562
0.04096 1735 562
0.04097 1736 562
0.04098 1736 562
0.04099 1736 562
0.041 1736 562
0.04101 1736 562
0.04102 1738 562
0.04103 1739 562
0.04104 1740 562
0.04105 1741 562
0.04106 1741 562
0.04107 1743 562
0.04108 1745 562
0.04109 1745 563
0.0411 1746 563
0.04111 1747 563
0.04112 1747 563
0.04113 1748 563
0.04114 1748 564
0.04115 1748 564
0.04116 1748 564
0.04117 1747 564
0.04118 1747 565
0.04119 1747 565
0.0412 1748 565
0.04121 1748 565
0.04122 1750 565
0.04123 1751 565
0.04124 1752 565
0.04125 1752 565
0.04126 1751 565
0.04127 1752 566
0.04128 1752 567
0.04129 1752 567
0.0413 1752 567
0.04131 1752 567
0.04132 1753 567
0.04133 1753 567
0.04134 1753 567
0.04135 1753 568
0.04136 1753 568
0.04137 1754 568
0.04138 1755 568
0.04139 1755 568
0.0414 1756 568
0.04141 1756 568
0.04142 1756 569
0.04143 1758 570
0.04144 1758 571
0.04145 1758 571
0.04146 1760 571
0.04147 1761 571
0.04148 1762 571
0.04149 1762 571
0.0415 1763 572
0.04151 1763 573
0.04152 1764 575
0.04153 1765 575
0.04154 1765 575
0.04155 1765 575
0.04156 1765 575
0.04157 1765 575
0.04158 1765 576
0.04159 1765 576
0.0416 1765 577
0.04161 1765 577
0.04162 1765 577
0.04163 1766 578
0.04164 1766 578
0.04165 1768 578
0.04166 1768 578
0.04167 1768 578
0.04168 1768 578
0.04169 1769 578
0.0417 1769 578
0.04171 1768 578
0.04172 1768 579
0.04173 1768 579
0.04174 1768 579
0.04175 1767 579
0.04176 1767 579
0.04177 1769 579
0.04178 1770 579
0.04179 1770 579
0.0418 1771 579
0.04181 1771 579
0.04182 1772 579
0.04183 1773 579
0.04184 1773 579
0.04185 1774 579
0.04186 1774 579
0.04187 1774 579
0.04188 1774 579
0.04189 1774 579
0.0419 1773 579
0.04191 1773 579
0.04192 1773 579
0.04193 1774 580
0.04194 1775 580
0.04195 1775 580
0.04196 1774 580
0.04197 1774 580
0.04198 1776 580
0.04199 1776 580
0.042 1776 580
0.04201 1776 580
0.04202 1777 580
0.04203 1777 580
0.04204 1778 580
0.04205 1779 580
0.04206 1779 580
0.04207 1779 580
0.04208 1779 580
0.04209 1779 581
0.0421 1779 581
0.04211 1778 581
0.04212 1778 581
0.04213 1778 581
0.04214 1778 581
0.04215 1779 581
0.04216 1779 581
0.04217 1780 581
0.04218 1781 581
0.04219 1781 581
0.0422 1782 581
0.04221 1782 581
0.04222 1781 581
0.04223 1781 581
0.04224 1781 582
0.04225 1781 583
0.04226 1782 583
0.04227 1782 583
0.04228 1781 583
0.04229 1782 583
0.0423 1782 583
0.04231 1782 583
0.04232 1783 583
0.04233 1783 583
0.04234 1783 583
0.04235 1783 583
0.04236 1784 583
0.04237 1784 583
0.04238 1785 583
0.04239 1785 583
0.0424 1785 583
0.04241 1787 583
0.04242 1788 584
0.04243 1788 584
0.04244 1788 584
0.04245 1788 584
0.04246 1788 584
0.04247 1789 584
0.04248 1789 584
0.04249 1790 584
0.0425 1790 585
0.04251 1791 585
0.04252 1792 585
0.04253 1793 585
0.04254 1793 585
0.04255 1793 585
0.04256 1793 585
0.04257 1794 585
0.04258 1794 585
0.04259 1794 585
0.0426 1794 585
0.04261 1794 586
0.04262 1795 586
0.04263 1795 586
0.04264 1796 586
0.04265 1796 587
0.04266 1797 588
0.04267 1797 588
0.04268 1798 588
0.04269 1798 588
0.0427 1798 588
0.04271 1798 588
0.04272 1798 588
0.04273 1798 588
0.04274 1798 589
0.04275 1798 589
0.04276 1798 589
0.04277 1798 589
0.04278 1798 589
0.04279 1798 589
0.0428 1799 589
0.04281 1799 589
0.04282 1800 589
0.04283 1800 589
0.04284 1800 589
0.04285 1800 589
0.04286 1802 589
0.04287 1802 589
0.04288 1802 590
0.04289 1803 590
0.0429 1803 590
0.04291 1803 590
0.04292 1803 590
0.04293 1803 590
0.04294 1803 590
0.04295 1803 590
0.04296 1803 590
0.04297 1803 590
0.04298 1803 590
0.04299 1804 592
0.043 1805 592
0.04301 1805 592
0.04302 1807 593
0.04303 1807 593
0.04304 1808 593
0.04305 1809 593
0.04306 1809 593
0.04307 1809 593
0.04308 1809 593
0.04309 1809 593
0.0431 1810 593
0.04311 1810 593
0.04312 1810 593
0.04313 1810 594
0.04314 1810 594
0.04315 1810 594
0.04316 1810 594
0.04317 1810 594
0.04318 1810 594
0.04319 1810 594
0.0432 1811 595
0.04321 1811 595
0.04322 1811 595
0.04323 1812 595
0.04324 1812 595
0.04325 1813 596
0.04326 1814 596
0.04327 1814 597
0.04328 1816 597
0.04329 1817 597
0.0433 1816 597
0.04331 1816 597
0.04332 1816 597
0.04333 1816 597
0.04334 1816 597
0.04335 1818 597
0.04336 1818 597
0.04337 1819 597
0.04338 1820 597
0.04339 1820 597
0.0434 1820 597
0.04341 1821 597
0.04342 1822 597
0.04343 1825 597
0.04344 1825 597
0.04345 1825 597
0.04346 1825 597
0.04347 1825 597
0.04348 1825 597
0.04349 1827 597
0.0435 1828 597
0.04351 1829 597
0.04352 1829 597
0.04353 1829 597
0.04354 1829 597
0.04355 1830 598
0.04356 1829 598
0.04357 1830 598
0.04358 1830 598
0.04359 1831 598
0.0436 1831 598
0.04361 1831 598
0.04362 1831 599
0.04363 1830 599
0.04364 1831 599
0.04365 1832 599
0.04366 1832 599
0.04367 1833 599
0.04368 1833 599
0.04369 1833 599
0.0437 1835 599
0.04371 1835 599
0.04372 1837 599
0.04373 1837 599
0.04374 1838 599
0.04375 1838 599
0.04376 1839 599
0.04377 1839 600
0.04378 1840 601
0.04379 1840 603
0.0438 1840 603
0.04381 1841 603
0.04382 1842 603
0.04383 1843 603
0.04384 1843 603
0.04385 1843 603
0.04386 1843 603
0.04387 1844 603
0.04388 1844 603
0.04389 1844 603
0.0439 1847 603
0.04391 1847 603
0.04392 1847 604
0.04393 1847 604
0.04394 1847 604
0.04395 1848 604
0.04396 1848 604
0.04397 1849 604
0.04398 1849 604
0.04399 1850 605
0.044 1850 605
0.04401 1850 605
0.04402 1851 605
0.04403 1851 605
0.04404 1852 605
0.04405 1852 605
0.04406 1851 605
0.04407 1850 605
0.04408 1852 605
0.04409 1852 605
0.0441 1853 605
0.04411 1853 606
0.04412 1855 606
0.04413 1855 606
0.04414 1855 607
0.04415 1855 607
0.04416 1855 608
0.04417 1855 608
0.04418 1855 609
0.04419 1855 609
0.0442 1855 609
0.04421 1855 609
0.04422 1855 609
0.04423 1856 610
0.04424 1857 610
0.04425 1857 610
0.04426 1858 610
0.04427 1858 610
0.04428 1859 610
0.04429 1859 610
0.0443 1861 610
0.04431 1860 610
0.04432 1861 610
0.04433 1861 610
0.04434 1860 610
0.04435 1860 610
0.04436 1860 610
0.04437 1862 610
0.04438 1862 610
0.04439 1863 610
0.0444 1864 611
0.04441 1864 611
0.04442 1864 612
0.04443 1864 612
0.04444 1864 613
0.04445 1864 613
0.04446 1865 613
0.04447 1865 613
0.04448 1866 613
0.04449 1866 614
0.0445 1866 614
0.04451 1866 614
0.04452 1867 614
0.04453 1868 614
0.04454 1869 614
0.04455 1871 614
0.04456 1873 614
0.04457 1872 614
0.04458 1872 615
0.04459 1874 616
0.0446 1874 616
0.04461 1875 617
0.04462 1875 617
0.04463 1875 617
0.04464 1876 617
0.04465 1876 617
0.04466 1876 617
0.04467 1876 617
0.04468 1875 618
0.04469 1876 618
0.0447 1876 618
0.04471 1877 618
0.04472 1879 619
0.04473 1879 619
0.04474 1879 620
0.04475 1880 620
0.04476 1880 620
0.04477 1883 620
0.04478 1883 621
0.04479 1883 621
0.0448 1883 621
0.04481 1884 621
0.04482 1884 622
0.04483 1885 622
0.04484 1886 622
0.04485 1886 623
0.04486 1887 623
0.04487 1887 623
0.04488 1889 623
0.04489 1889 624
0.0449 1888 624
0.04491 1890 624
0.04492 1889 624
0.04493 1889 625
0.04494 1889 625
0.04495 1889 625
0.04496 1890 625
0.04497 1890 625
0.04498 1890 625
0.04499 1892 625
0.045 1892 625
0.04501 1894 625
0.04502 1894 625
0.04503 1895 625
0.04504 1895 625
0.04505 1895 625
0.04506 1896 625
0.04507 1896 625
0.04508 1899 626
0.04509 1899 626
0.0451 1901 626
0.04511 1903 626
0.04512 1903 626
0.04513 1904 627
0.04514 1905 627
0.04515 1905 627
0.04516 1905 627
0.04517 1905 627
0.04518 1906 628
0.04519 1907 628
0.0452 1908 628
0.04521 1908 628
0.04522 1908 628
0.04523 1908 628
0.04524 1908 629
0.04525 1908 629
0.04526 1908 629
0.04527 1908 629
0.04528 1908 629
0.04529 1908 629
0.0453 1908 629
0.04531 1908 629
0.04532 1908 629
0.04533 1909 629
0.04534 1910 630
0.04535 1910 630
0.04536 1910 630
0.04537 1911 630
0.04538 1912 630
0.04539 1912 631
0.0454 1914 631
0.04541 1914 632
0.04542 1916 632
0.04543 1917 632
0.04544 1917 632
0.04545 1918 632
0.04546 1918 632
0.04547 1918 633
0.04548 1918 633
0.04549 1919 633
0.0455 1919 633
0.04551 1919 634
0.04552 1918 634
0.04553 1918 634
0.04554 1920 634
0.04555 1920 634
0.04556 1920 634
0.04557 1920 634
0.04558 1921 634
0.04559 1921 634
0.0456 1922 634
0.04561 1922 634
0.04562 1922 634
0.04563 1922 634
0.04564 1922 634
0.04565 1923 634
0.04566 1923 635
0.04567 1923 635
0.04568 1923 635
0.04569 1923 635
0.0457 1923 635
0.04571 1924 635
0.04572 1924 635
0.04573 1925 635
0.04574 1924 635
0.04575 1924 635
0.04576 1924 635
0.04577 1924 635
0.04578 1924 635
0.04579 1924 635
0.0458 1924 635
0.04581 1924 635
0.04582 1924 635
0.04583 1926 635
0.04584 1926 635
0.04585 1926 635
0.04586 1926 635
0.04587 1926 635
0.04588 1928 635
0.04589 1929 636
0.0459 1930 636
0.04591 1930 636
0.04592 1930 636
0.04593 1930 636
0.04594 1930 637
0.04595 1930 637
0.04596 1930 637
0.04597 1932 637
0.04598 1932 637
0.04599 1932 637
0.046 1933 637
0.04601 1934 637
0.04602 1935 637
0.04603 1936 638
0.04604 1938 638
0.04605 1939 638
0.04606 1939 638
0.04607 1938 638
0.04608 1938 638
0.04609 1939 638
0.0461 1939 638
0.04611 1939 638
0.04612 1939 638
0.04613 1940 638
0.04614 1943 638
0.04615 1943 638
0.04616 1944 638
0.04617 1944 638
0.04618 1944 638
0.04619 1944 638
0.0462 1943 638
0.04621 1943 638
0.04622 1943 638
0.04623 1944 638
0.04624 1945 638
0.04625 1945 638
0.04626 1944 638
0.04627 1945 638
0.04628 1946 638
0.04629 1947 638
0.0463 1946 638
0.04631 1946 638
0.04632 1948 638
0.04633 1948 638
0.04634 1948 638
0.04635 1949 638
0.04636 1950 638
0.04637 1950 639
0.04638 1950 639
0.04639 1950 639
0.0464 1950 639
0.04641 1950 640
0.04642 1950 640
0.04643 1950 640
0.04644 1951 640
0.04645 1952 640
0.04646 1952 640
0.04647 1952 640
0.04648 1952 641
0.04649 1952 641
0.0465 1952 641
0.04651 1952 641
0.04652 1952 641
0.04653 1953 641
0.04654 1953 641
0.04655 1953 642
0.04656 1953 642
0.04657 1954 642
0.04658 1954 642
0.04659 1954 642
0.0466 1954 642
0.04661 1955 642
0.04662 1954 642
0.04663 1955 642
0.04664 1955 642
0.04665 1956 642
0.04666 1956 642
0.04667 1956 642
0.04668 1957 642
0.04669 1957 642
0.0467 1957 643
0.04671 1957 643
0.04672 1957 643
0.04673 1956 643
0.04674 1956 643
0.04675 1956 643
0.04676 1956 644
0.04677 1956 644
0.04678 1956 644
0.04679 1956 644
0.0468 1956 644
0.04681 1957 645
0.04682 1959 645
0.04683 1960 645
0.04684 1960 646
0.04685 1960 646
0.04686 1962 646
0.04687 1961 646
0.04688 1961 646
0.04689 1961 646
0.0469 1961 647
0.04691 1961 647
0.04692 1961 648
0.04693 1961 648
0.04694 1961 648
0.04695 1960 648
0.04696 1960 648
0.04697 1960 649
0.04698 1962 649
0.04699 1963 649
0.047 1963 649
0.04701 1964 649
0.04702 1964 649
0.04703 1965 649
0.04704 1966 650
0.04705 1966 651
0.04706 1966 651
0.04707 1966 651
0.04708 1967 651
0.04709 1967 651
0.0471 1967 651
0.04711 1968 651
0.04712 1968 651
0.04713 1971 651
0.04714 1972 651
0.04715 1972 652
0.04716 1972 652
0.04717 1973 652
0.04718 1973 652
0.04719 1973 652
0.0472 1974 652
0.04721 1974 652
0.04722 1975 652
0.04723 1976 652
0.04724 1976 652
0.04725 1976 652
0.04726 1978 652
0.04727 1978 652
0.04728 1978 653
0.04729 1978 653
0.0473 1978 653
0.04731 1979 653
0.04732 1979 654
0.04733 1981 654
0.04734 1982 654
0.04735 1983 654
0.04736 1984 654
0.04737 1984 654
0.04738 1985 654
0.04739 1986 654
0.0474 1986 654
0.04741 1987 654
0.04742 1987 654
0.04743 1988 654
0.04744 1988 654
0.04745 1989 654
0.04746 1989 654
0.04747 1991 654
0.04748 1992 654
0.04749 1993 654
0.0475 1993 654
0.04751 1995 654
0.04752 1995 654
0.04753 1995 654
0.04754 1995 654
0.04755 1995 654
0.04756 1996 654
0.04757 1996 654
0.04758 1997 654
0.04759 1998 655
0.0476 1998 655
0.04761 1999 655
0.04762 2000 655
0.04763 2002 656
0.04764 2001 656
0.04765 2001 656
0.04766 2002 656
0.04767 2002 656
0.04768 2003 656
0.04769 2002 656
0.0477 2002 656
0.04771 2002 656
0.04772 2003 656
0.04773 2005 656
0.04774 2005 656
0.04775 2005 656
0.04776 2005 656
0.04777 2005 656
0.04778 2005 656
0.04779 2004 656
0.0478 2004 656
0.04781 2005 657
0.04782 2005 657
0.04783 2007 657
0.04784 2007 657
0.04785 2007 657
0.04786 2007 657
0.04787 2007 658
0.04788 2007 658
0.04789 2008 658
0.0479 2008 659
0.04791 2009 659
0.04792 2010 659
0.04793 2010 659
0.04794 2011 659
0.04795 2012 659
0.04796 2013 659
0.04797 2013 660
0.04798 2013 661
0.04799 2013 661
0.048 2013 661
0.04801 2013 661
0.04802 2015 661
0.04803 2015 662
0.04804 2016 662
0.04805 2015 662
0.04806 2016 662
0.04807 2016 662
0.04808 2016 662
0.04809 2018 662
0.0481 2019 662
0.04811 2019 662
0.04812 2019 662
0.04813 2019 662
0.04814 2019 664
0.04815 2019 664
0.04816 2019 664
0.04817 2019 664
0.04818 2019 664
0.04819 2019 664
0.0482 2019 664
0.04821 2019 664
0.04822 2019 666
0.04823 2019 667
0.04824 2019 667
0.04825 2019 667
0.04826 2019 667
0.04827 2019 667
0.04828 2019 667
0.04829 2019 667
0.0483 2019 667
0.04831 2019 667
0.04832 2019 667
0.04833 2019 667
0.04834 2020 667
0.04835 2020 668
0.04836 2021 668
0.04837 2021 668
0.04838 2022 668
0.04839 2022 668
0.0484 2022 668
0.04841 2022 668
0.04842 2023 668
0.04843 2023 669
0.04844 2023 669
0.04845 2023 669
0.04846 2023 669
0.04847 2023 669
0.04848 2023 669
0.04849 2023 669
0.0485 2024 669
0.04851 2024 669
0.04852 2024 669
0.04853 2025 669
0.04854 2025 670
0.04855 2025 670
0.04856 2026 670
0.04857 2026 670
0.04858 2027 670
0.04859 2028 670
0.0486 2028 670
0.04861 2028 670
0.04862 2029 670
0.04863 2029 670
0.04864 2029 670
0.04865 2030 670
0.04866 2030 670
0.04867 2030 670
0.04868 2030 671
0.04869 2031 671
0.0487 2031 671
0.04871 2031 671
0.04872 2031 672
0.04873 2032 672
0.04874 2032 673
0.04875 2032 673
0.04876 2032 673
0.04877 2032 673
0.04878 2032 673
0.04879 2032 673
0.0488 2033 673
0.04881 2033 673
0.04882 2033 673
0.04883 2033 673
0.04884 2033 673
0.04885 2033 673
0.04886 2033 673
0.04887 2034 673
0.04888 2037 673
0.04889 2037 673
0.0489 2037 673
0.04891 2037 673
0.04892 2036 673
0.04893 2036 673
0.04894 2036 673
0.04895 2036 673
0.04896 2036 673
0.04897 2037 673
0.04898 2038 673
0.04899 2039 673
0.049 2039 673
0.04901 2038 673
0.04902 2039 674
0.04903 2039 674
0.04904 2039 674
0.04905 2039 674
0.04906 2039 674
0.04907 2039 674
0.04908 2039 674
0.04909 2039 674
0.0491 2038 674
0.04911 2037 674
0.04912 2038 674
0.04913 2039 674
0.04914 2040 674
0.04915 2040 674
0.04916 2041 675
0.04917 2040 675
0.04918 2040 675
0.04919 2042 675
0.0492 2042 675
0.04921 2043 675
0.04922 2044 675
0.04923 2043 675
0.04924 2043 675
0.04925 2043 676
0.04926 2043 676
0.04927 2044 677
0.04928 2046 677
0.04929 2046 677
0.0493 2046 677
0.04931 2046 677
0.04932 2046 677
0.04933 2046 677
0.04934 2046 677
0.04935 2049 677
0.04936 2049 677
0.04937 2049 677
0.04938 2050 677
0.04939 2050 677
0.0494 2049 677
0.04941 2049 678
0.04942 2050 678
0.04943 2051 678
0.04944 2051 678
0.04945 2051 678
0.04946 2051 678
0.04947 2051 678
0.04948 2051 678
0.04949 2053 678
0.0495 2053 678
0.04951 2053 678
0.04952 2054 678
0.04953 2054 678
0.04954 2055 678
0.04955 2055 678
0.04956 2056 679
0.04957 2056 679
0.04958 2058 679
0.04959 2058 679
0.0496 2058 679
0.04961 2058 679
0.04962 2058 679
0.04963 2058 679
0.04964 2058 679
0.04965 2058 679
0.04966 2058 679
0.04967 2060 680
0.04968 2059 681
0.04969 2060 681
0.0497 2059 681
0.04971 2061 681
0.04972 2062 681
0.04973 2063 681
0.04974 2063 681
0.04975 2063 681
0.04976 2063 681
0.04977 2063 681
0.04978 2064 681
0.04979 2064 682
0.0498 2064 682
0.04981 2064 682
0.04982 2064 682
0.04983 2065 682
0.04984 2065 683
0.04985 2066 684
0.04986 2066 684
0.04987 2066 684
0.04988 2067 684
0.04989 2067 684
0.0499 2067 684
0.04991 2067 684
0.04992 2067 684
0.04993 2067 684
0.04994 2067 684
0.04995 2067 685
0.04996 2067 686
0.04997 2068 686
0.04998 2069 686
0.04999 2070 686
0.05 2071 686
