0.037261 -0.0250000004 0.0332303841 0.010988247 synchronous_release_0
0.028474 -0.0250000004 0.0326495077 -0.0126099026 synchronous_release_0
0.033939 -0.0250000004 0.0213806386 0.0277104365 synchronous_release_0
0.029286 -0.0250000004 0.0329757659 0.0117302542 synchronous_release_0
0.015393 -0.0250000004 0.0232184682 -0.0261897448 synchronous_release_0
0.02585 -0.0250000004 0.0112187235 -0.033153284 synchronous_release_0
0.03359 -0.0250000004 0.0115155629 -0.0330513511 synchronous_release_0
0.006891 -0.0250000004 0.00111679577 0.0349821779 synchronous_release_0
0.025638 -0.0250000004 0.0287973939 0.0198924635 synchronous_release_0
0.02372 -0.0250000004 0.0345558429 -0.00555821204 synchronous_release_0
0.028512 -0.0250000004 0.0121549378 -0.0328216009 synchronous_release_0
0.013323 -0.0250000004 0.0266766935 0.0226573173 synchronous_release_0
0.024435 -0.0250000004 0.0247108974 0.0247865195 synchronous_release_0
0.008484 -0.0250000004 0.0349209446 -0.00235109079 synchronous_release_0
0.024938 -0.0250000004 -0.000999781739 -2.08919899e-05 synchronous_release_0
0.040878 -0.0250000004 0.00540599732 0.0345799825 synchronous_release_0
0.023527 -0.0250000004 0.0129032398 0.0325346954 synchronous_release_0
0.033416 -0.0250000004 -0.000145508977 0.000989356931 synchronous_release_0
0.024134 -0.0250000004 -0.0317310951 -0.0147694821 synchronous_release_0
0.028072 -0.0250000004 0.00307480085 0.0348646755 synchronous_release_0
0.028163 -0.0250000004 -0.0343519891 -0.00670379311 synchronous_release_0
0.027724 -0.0250000004 0.000275634942 0.000961262388 synchronous_release_0
0.030114 -0.0250000004 -0.00068722848 0.000726441337 synchronous_release_0
0.025125 -0.0250000004 0.000995088515 -9.89891265e-05 synchronous_release_0
0.007843 -0.0250000004 0.0341324683 -0.00774432724 synchronous_release_0
0.035934 -0.0250000004 0.0196046896 0.0289940709 synchronous_release_1
0.027693 -0.0250000004 -0.0170608197 0.0305602427 synchronous_release_0
0.026145 -0.0250000004 0.0342402521 0.00725293985 synchronous_release_0
0.02444 -0.0250000004 0.0148287684 0.0317034324 synchronous_release_0
0.003339 -0.0250000004 0.034999794 0.000120090865 synchronous_release_0
0.024387 -0.0250000004 0.0173958952 0.0303707561 synchronous_release_1
0.003915 -0.0250000004 0.0222378527 -0.0270273548 synchronous_release_0
0.023799 -0.0250000004 -0.0345253022 -0.00574486799 synchronous_release_0
0.026378 -0.0250000004 -0.00092721155 0.000374538037 synchronous_release_0
0.026269 -0.0250000004 -0.0219998467 0.0272214391 synchronous_release_0
0.042848 -0.0250000004 0.0219998467 -0.0272214391 synchronous_release_0
0.041639 -0.0250000004 -0.0282512323 -0.0206607811 synchronous_release_0
0.028132 -0.0250000004 0.0282512323 0.0206607811 synchronous_release_1
0.015415 -0.0250000004 0.0296189638 -0.0186471709 synchronous_release_0
0.023723 -0.0250000004 0.00327419251 -0.0348465158 synchronous_release_0
0.029824 -0.0250000004 0.0318150642 -0.014587724 synchronous_release_0
0.030875 -0.0250000004 0.0347664015 0.00403699463 synchronous_release_0
0.040964 -0.0250000004 0.0138870609 0.0321270842 synchronous_release_0
0.005995 -0.0250000004 0.0347410669 -0.0042495024 synchronous_release_0
0.005547 -0.0250000004 0.0303790289 0.0173814442 synchronous_release_0
0.029855 -0.0250000004 0.000236878746 -0.0349991984 synchronous_release_1
0.027566 -0.0250000004 0.032392759 0.0132555333 synchronous_release_0
0.009921 -0.0250000004 0.0329431806 -0.0118214574 synchronous_release_1
0.035514 -0.0250000004 -0.0231303208 0.0262676276 synchronous_release_0
0.027549 -0.0250000004 0.0288971601 -0.0197472565 synchronous_release_0
0.011017 -0.0250000004 -0.0348568083 -0.00316273816 synchronous_release_0
0.00629 -0.0250000004 0.000554532801 -0.000832161867 synchronous_release_0
0.010676 -0.0250000004 0.0313712149 -0.015519242 synchronous_release_0
0.02385 -0.0250000004 0.0323796351 0.0132875593 synchronous_release_0
0.023399 -0.0250000004 0.032349822 0.0133599782 synchronous_release_0
0.029032 -0.0250000004 0.000991307336 -0.000131566585 synchronous_release_0
0.027499 -0.0250000004 0.02741992 0.0217519651 synchronous_release_0
0.024722 -0.0250000004 0.0287266363 -0.0199945084 synchronous_release_1
0.024074 -0.0250000004 0.0347951662 -0.00378105892 synchronous_release_0
0.023436 -0.0250000004 -0.0190928814 -0.0293336305 synchronous_release_0
0.029206 -0.0250000004 0.0190928814 0.0293336305 synchronous_release_0
0.042846 -0.0250000004 0.0349501099 -0.00186810507 synchronous_release_0
0.027598 -0.0250000004 -0.0299517394 -0.0181078244 synchronous_release_0
0.046521 -0.0250000004 0.0299517394 0.0181078244 synchronous_release_0
0.004252 -0.0250000004 0.0344720097 -0.00605644699 synchronous_release_0
0.023773 -0.0250000004 0.00923477944 0.0337597223 synchronous_release_0
0.028085 -0.0250000004 0.0338541668 0.00888230755 synchronous_release_0
0.024587 -0.0250000004 0.00063741978 -0.000770516725 synchronous_release_1
0.024807 -0.0250000004 0.0135778481 0.0322589839 synchronous_release_0
0.027667 -0.0250000004 0.0211481755 -0.0278882533 synchronous_release_1
0.003873 -0.0250000004 -0.00922257151 -0.0337630593 synchronous_release_0
0.012409 -0.0250000004 0.0246283813 -0.0248685109 synchronous_release_0
0.034533 -0.0250000004 0.0338509528 0.00889454845 synchronous_release_0
0.036724 -0.0250000004 0.0158054454 0.0312279986 synchronous_release_0
0.023337 -0.0250000004 -0.017527208 0.0302951643 synchronous_release_0
0.025818 -0.0250000004 0.0174727779 0.0303265895 synchronous_release_1
0.007203 -0.0250000004 0.00895595622 -0.033834758 synchronous_release_0
0.024377 -0.0250000004 0.0337797381 -0.0091612934 synchronous_release_0
0.030194 -0.0250000004 0.0347964015 0.00376967393 synchronous_release_1
0.047412 -0.0250000004 0.0335504448 -0.0099683325 synchronous_release_1
0.008902 -0.0250000004 -0.0202636449 0.0285374262 synchronous_release_0
0.009391 -0.0250000004 0.00994035456 -0.0335587448 synchronous_release_0
0.023556 -0.0250000004 0.0187713446 -0.0295404235 synchronous_release_0
0.025963 -0.0250000004 0.0349684295 0.00148624957 synchronous_release_0
0.005064 -0.0250000004 0.0237574611 -0.0257018101 synchronous_release_0
0.027116 -0.0250000004 0.0320399143 0.0140870114 synchronous_release_0
0.03964 -0.0250000004 -0.0282196669 0.020703874 synchronous_release_0
0.032235 -0.0250000004 0.00529787431 0.0345967127 synchronous_release_0
0.025813 -0.0250000004 -0.0324570657 0.0130972855 synchronous_release_0
0.017446 -0.0250000004 0.0313667026 0.01552836 synchronous_release_1
0.023412 -0.0250000004 0.0331880803 -0.0111153645 synchronous_release_0
0.025527 -0.0250000004 0.0346640248 -0.00483791137 synchronous_release_0
0.034233 -0.0250000004 -0.0215217665 -0.0276009704 synchronous_release_0
0.027672 -0.0250000004 -0.0110827143 -0.0331989976 synchronous_release_0
0.023687 -0.0250000004 0.0325654818 -0.012825342 synchronous_release_0
0.026069 -0.0250000004 -0.0238586884 0.0256078696 synchronous_release_0
0.005365 -0.0250000004 0.0341064098 0.0078582955 synchronous_release_1
0.024014 -0.0250000004 -0.0125998323 -0.0326533953 synchronous_release_0
0.032054 -0.0250000004 0.0565573398 -0.0218235497 synchronous_release_0
0.025849 -0.0250000004 0.0231076318 0.0262875893 synchronous_release_0
0.030216 -0.0250000004 -0.0112119043 0.0331555908 synchronous_release_0
0.024165 -0.0250000004 -0.0148921725 0.0316736988 synchronous_release_0
0.02601 -0.0250000004 0.0199841416 0.0287338491 synchronous_release_0
0.030913 -0.0250000004 0.0344483367 0.00618967685 synchronous_release_0
0.026513 -0.0250000004 0.0248708844 0.0246259844 synchronous_release_0
0.026635 -0.0250000004 -0.000226735571 0.000973956355 synchronous_release_0
0.009445 -0.0250000004 -0.000934815925 -0.000355132632 synchronous_release_0
0.024084 -0.0250000004 0.0221202808 0.0271236645 synchronous_release_0
0.028722 -0.0250000004 0.0345499229 -0.00559489287 synchronous_release_1
0.003623 -0.0250000004 0.0334919285 0.0101632043 synchronous_release_0
0.02351 -0.0250000004 -0.0255475574 0.0239232588 synchronous_release_0
0.011986 -0.0250000004 0.00794437113 0.0340864631 synchronous_release_1
0.012817 -0.0250000004 0.0349492325 -0.00188444915 synchronous_release_0
0.024096 -0.0250000004 0.0344558029 0.00614797897 synchronous_release_0
0.031846 -0.0250000004 0.00632564604 0.0344236285 synchronous_release_0
0.038006 -0.0250000004 0.0266489138 -0.0226899844 synchronous_release_0
0.024164 -0.0250000004 -0.0256892459 0.0237710464 synchronous_release_0
0.027012 -0.0250000004 0.00029605761 -0.000955170085 synchronous_release_2
0.027846 -0.0250000004 -0.00993704161 -0.0335597259 synchronous_release_1
0.024746 -0.0250000004 -0.0109018102 -0.0332588414 synchronous_release_0
0.024309 -0.0250000004 0.0336821996 0.00951364433 synchronous_release_1
0.03647 -0.0250000004 -0.00860204214 -0.0339264627 synchronous_release_1
0.03901 -0.0250000004 0.000697509096 0.000716575928 synchronous_release_1
0.024826 -0.0250000004 -0.000939893525 -0.000341467659 synchronous_release_0
0.036876 -0.0250000004 0.0105619563 0.0596945984 synchronous_release_0
0.026518 -0.0250000004 0.0212182537 -0.0278349728 synchronous_release_1
0.03299 -0.0250000004 0.0235858013 -0.0258594273 synchronous_release_0
0.025731 -0.0250000004 0.0106020203 0.0333556167 synchronous_release_1
0.031484 -0.0250000004 -0.000738840779 -0.000673880036 synchronous_release_1
0.024441 -0.0250000004 -0.000289848063 0.000957072672 synchronous_release_0
0.024753 -0.0250000004 0.000471999438 -0.000881598849 synchronous_release_0
0.038243 -0.0250000004 -0.0308559597 -0.0165199803 synchronous_release_0
0.040372 -0.0250000004 0.0297347025 -0.0184620548 synchronous_release_0
0.024036 -0.0250000004 0.0162104875 -0.0310196727 synchronous_release_0
0.035586 -0.0250000004 0.0349690683 -0.00147114237 synchronous_release_1
0.004901 -0.0250000004 0.03496479 0.00156954094 synchronous_release_0
0.031123 -0.0250000004 0.0333500237 -0.0106196007 synchronous_release_0
0.00407 -0.0250000004 0.0346134281 -0.00518754202 synchronous_release_0
0.03409 -0.0250000004 0.0583548683 -0.0164228299 synchronous_release_0
0.003439 -0.0250000004 0.0347929471 0.00380142457 synchronous_release_0
0.030436 -0.0250000004 0.0318199856 -0.0145769859 synchronous_release_0
0.023623 -0.0250000004 -0.0190174154 -0.0293826124 synchronous_release_0
0.036656 -0.0250000004 -0.0346137247 0.00518556317 synchronous_release_1
0.009166 -0.0250000004 0.0167056422 0.0307558371 synchronous_release_0
0.024763 -0.0250000004 0.0343428321 0.00675054693 synchronous_release_1
0.024019 -0.0250000004 0.011312965 -0.0331212443 synchronous_release_0
0.005674 -0.0250000004 -0.000991072229 -0.000133326054 synchronous_release_0
0.024375 -0.0250000004 -0.0323734864 0.0133025328 synchronous_release_0
0.049634 -0.0250000004 0.0277070745 0.0213849952 synchronous_release_0
0.004453 -0.0250000004 0.0330462217 -0.0115302746 synchronous_release_0
0.024411 -0.0250000004 0.0065376001 -0.0343840048 synchronous_release_0
0.00947 -0.0250000004 0.033958346 -0.00847530178 synchronous_release_0
0.022658 -0.0250000004 0.0324782098 0.0130447647 synchronous_release_0
0.025105 -0.0250000004 0.0349998426 0.000104961925 synchronous_release_0
0.025004 -0.0250000004 0.013977112 -0.0320880093 synchronous_release_1
0.024797 -0.0250000004 0.00051959893 -0.000854410295 synchronous_release_0
0.026502 -0.0250000004 -0.0197865067 0.0288702988 synchronous_release_0
0.025701 -0.0250000004 0.0271805737 0.0220503155 synchronous_release_0
0.004961 -0.0250000004 -0.0238740663 0.0255935335 synchronous_release_0
0.034856 -0.0250000004 -0.000731243814 -0.000682116181 synchronous_release_0
0.023697 -0.0250000004 -0.000979455434 -0.000201660737 synchronous_release_0
0.02806 -0.0250000004 0.0261591022 0.0232529863 synchronous_release_0
0.034454 -0.0250000004 -0.0070581258 0.0342809402 synchronous_release_0
0.00703 -0.0250000004 0.000198572664 -0.000980086168 synchronous_release_0
0.033835 -0.0250000004 -0.0111325939 -0.0331823048 synchronous_release_0
0.024851 -0.0250000004 0.00163288115 -0.0349618892 synchronous_release_0
0.004741 -0.0250000004 0.0270538486 0.0222056136 synchronous_release_0
0.025343 -0.0250000004 -0.0193866624 -0.0291403041 synchronous_release_0
0.024645 -0.0250000004 0.0338574027 -0.00886996527 synchronous_release_0
0.040488 -0.0250000004 -0.0338574027 0.00886996527 synchronous_release_0
0.038646 -0.0250000004 0.0349997266 0.000138328599 synchronous_release_0
0.02493 -0.0250000004 0.0291471306 -0.0193763974 synchronous_release_0
0.043337 -0.0250000004 0.0244956567 -0.024999256 synchronous_release_1
0.004147 -0.0250000004 0.025999023 0.0234318331 synchronous_release_0
0.009645 -0.0250000004 0.0329116902 -0.0119088476 synchronous_release_0
0.031057 -0.0250000004 -0.0267692096 -0.0225479359 synchronous_release_0
0.027452 -0.0250000004 -0.0169572725 -0.0306178201 synchronous_release_1
0.030483 -0.0250000004 0.034601605 -0.00526582662 synchronous_release_0
0.006756 -0.0250000004 0.0252042551 0.0242846768 synchronous_release_0
0.024103 -0.0250000004 0.0336332745 -0.00968518681 synchronous_release_0
0.024881 -0.0250000004 0.000370795525 0.00092871453 synchronous_release_0
0.025595 -0.0250000004 0.0274916463 0.0216612415 synchronous_release_0
0.030046 -0.0250000004 0.0293833732 -0.0190162399 synchronous_release_0
0.023635 -0.0250000004 -0.00692572858 0.0343079332 synchronous_release_0
0.026494 -0.0250000004 0.0258364576 0.0236109606 synchronous_release_0
0.026646 -0.0250000004 -0.0349964206 -0.000500542596 synchronous_release_0
0.024144 -0.0250000004 0.0349078531 -0.00253806824 synchronous_release_0
0.02497 -0.0250000004 -0.0181445427 -0.02992951 synchronous_release_1
0.025134 -0.0250000004 0.0281408637 0.0208108576 synchronous_release_0
0.030134 -0.0250000004 0.0320931631 -0.013965274 synchronous_release_0
0.027843 -0.0250000004 -0.00118252821 0.0349800175 synchronous_release_0
0.036317 -0.0250000004 0.0297023197 0.0185141082 synchronous_release_0
0.028721 -0.0250000004 -0.0266475144 0.0226916279 synchronous_release_0
0.025902 -0.0250000004 0.0287650532 -0.0199392004 synchronous_release_0
0.024284 -0.0250000004 0.0322047528 0.0137059803 synchronous_release_0
0.02592 -0.0250000004 -0.00644854467 -0.0344008179 synchronous_release_0
0.041725 -0.0250000004 0.0274562838 -0.021706047 synchronous_release_0
0.029575 -0.0250000004 0.00637897706 0.0344137858 synchronous_release_1
0.0252 -0.0250000004 -0.000156461747 0.000987684019 synchronous_release_0
0.025919 -0.0250000004 0.0349929359 -0.000703163364 synchronous_release_1
0.027681 -0.0250000004 -0.013385465 0.0323392846 synchronous_release_1
0.023929 -0.0250000004 0.028794129 -0.0198971892 synchronous_release_1
0.0102 -0.0250000004 -0.0299420295 0.0181238757 synchronous_release_0
0.036395 -0.0250000004 -0.026537046 0.0228207185 synchronous_release_0
0.028549 -0.0250000004 0.00107454933 0.034983501 synchronous_release_0
0.005156 -0.0250000004 -0.0165156263 -0.0308582904 synchronous_release_0
0.024498 -0.0250000004 0.0349794133 0.00120026828 synchronous_release_0
0.032736 -0.0250000004 0.0189537815 0.0294237008 synchronous_release_0
0.023872 -0.0250000004 0.0335393011 0.0100057624 synchronous_release_0
0.024469 -0.0250000004 0.0349849076 -0.00102773509 synchronous_release_0
0.049601 -0.0250000004 0.0166024091 -0.0308116863 synchronous_release_1
0.007538 -0.0250000004 0.000795479698 0.000605980239 synchronous_release_0
0.027242 -0.0250000004 -0.00161958614 0.0349625076 synchronous_release_0
0.031648 -0.0250000004 0.000539538759 -0.000841960764 synchronous_release_0
0.036273 -0.0250000004 0.0334122727 -0.0104220935 synchronous_release_0
0.034874 -0.0250000004 -0.000337351109 -0.000941378898 synchronous_release_0
0.024535 -0.0250000004 0.0253439625 0.0241388393 synchronous_release_0
0.024233 -0.0250000004 -0.000408991045 0.000912538396 synchronous_release_0
0.037142 -0.0250000004 0.00692806687 -0.0343074611 synchronous_release_0
0.036739 -0.0250000004 3.59714691e-05 0.000999352817 synchronous_release_0
0.02366 -0.0250000004 0.0337625729 0.00922435203 synchronous_release_0
0.026532 -0.0250000004 0.00889276327 0.0338514219 synchronous_release_0
0.025981 -0.0250000004 -0.00889276327 -0.0338514219 synchronous_release_1
0.042402 -0.0250000004 0.00678533745 -0.0343359752 synchronous_release_1
0.026101 -0.0250000004 0.0291735054 0.0193366642 synchronous_release_0
0.024902 -0.0250000004 0.0336562705 -0.00960497023 synchronous_release_0
0.024468 -0.0250000004 0.0339431809 -0.00853583448 synchronous_release_0
0.031627 -0.0250000004 -0.0180820694 -0.029967295 synchronous_release_1
0.024941 -0.0250000004 -0.0231841433 -0.0262201354 synchronous_release_0
0.032431 -0.0250000004 0.0244578982 -0.0250361981 synchronous_release_0
0.024312 -0.0250000004 -0.018519577 0.0296989102 synchronous_release_1
0.033572 -0.0250000004 0.00096294668 0.0349867508 synchronous_release_0
0.003901 -0.0250000004 0.0343111567 0.00690974118 synchronous_release_0
0.031773 -0.0250000004 -0.0231395898 0.0262594628 synchronous_release_0
0.023713 -0.0250000004 0.0341038334 -0.00786946942 synchronous_release_0
0.004232 -0.0250000004 0.0219763465 -0.0272404148 synchronous_release_0
0.0049 -0.0250000004 0.0320817497 0.0139914737 synchronous_release_0
0.034042 -0.0250000004 0.0253567772 0.0241253777 synchronous_release_1
0.023576 -0.0250000004 0.033943963 0.00853272388 synchronous_release_0
0.047563 -0.0250000004 0.00958242585 0.0336626962 synchronous_release_0
0.004072 -0.0250000004 0.0165513669 -0.0308391351 synchronous_release_0
0.033198 -0.0250000004 0.0312207134 0.0158198311 synchronous_release_0
0.02783 -0.0250000004 0.000898329419 0.000439322495 synchronous_release_0
0.007817 -0.0250000004 0.00974279 0.0336166334 synchronous_release_0
0.02447 -0.0250000004 0.0298928474 0.0182048805 synchronous_release_0
0.036346 -0.0250000004 0.0248451538 -0.0246519438 synchronous_release_0
0.024253 -0.0250000004 0.0337717865 0.0091905625 synchronous_release_1
0.02368 -0.0250000004 0.00532831027 -0.0345920382 synchronous_release_0
0.008965 -0.0250000004 0.0336180952 -0.00973774479 synchronous_release_0
0.037182 -0.0250000004 0.0106392989 -0.0333437448 synchronous_release_1
0.0048 -0.0250000004 0.0345572115 0.00554969678 synchronous_release_0
0.025155 -0.0250000004 0.0301895103 -0.0177085705 synchronous_release_0
0.023256 -0.0250000004 0.0118959075 -0.0329163695 synchronous_release_0
0.024582 -0.0250000004 0.0253440595 -0.0241387375 synchronous_release_0
0.023576 -0.0250000004 0.00238313341 0.0349187725 synchronous_release_0
0.024914 -0.0250000004 0.0335736725 -0.00988981863 synchronous_release_0
0.003228 -0.0250000004 0.0349038847 -0.00259207125 synchronous_release_0
0.024292 -0.0250000004 -0.0101853075 0.0334852133 synchronous_release_0
0.029299 -0.0250000004 0.0349247456 0.00229393607 synchronous_release_0
0.023465 -0.0250000004 -0.010943522 -0.0332451399 synchronous_release_0
0.027401 -0.0250000004 0.0575822714 -0.0189547361 synchronous_release_0
0.023752 -0.0250000004 0.000899212059 -0.000437513054 synchronous_release_0
0.026367 -0.0250000004 0.0233857224 -0.0260405067 synchronous_release_0
0.023836 -0.0250000004 -0.0172483278 0.0304548057 synchronous_release_0
0.023367 -0.0250000004 0.0349903184 0.00082317478 synchronous_release_0
0.023836 -0.0250000004 -0.0226624511 0.0266723323 synchronous_release_0
0.029632 -0.0250000004 0.000179716919 -0.000983718369 synchronous_release_0
0.034772 -0.0250000004 0.0346950538 0.00461012417 synchronous_release_0
0.024385 -0.0250000004 0.0323938486 -0.0132528704 synchronous_release_0
0.031914 -0.0250000004 0.000881894219 0.0349888877 synchronous_release_1
0.025067 -0.0250000004 0.0138502311 -0.032142979 synchronous_release_0
0.036801 -0.0250000004 -0.0138502311 0.032142979 synchronous_release_0
0.03724 -0.0250000004 0.0184542443 -0.0297395505 synchronous_release_0
0.028794 -0.0250000004 0.000990743971 -0.000135743815 synchronous_release_0
0.024543 -0.0250000004 0.000172803206 0.000984956371 synchronous_release_1
0.029363 -0.0250000004 0.0337787384 -0.00916497875 synchronous_release_0
0.027447 -0.0250000004 0.0344389782 -0.00624153648 synchronous_release_0
0.023504 -0.0250000004 0.000806820345 0.0349906993 synchronous_release_0
0.02861 -0.0250000004 -0.0298994244 0.0181940766 synchronous_release_1
0.030174 -0.0250000004 0.000250361977 0.0349991045 synchronous_release_1
0.02671 -0.0250000004 -0.00921204895 0.0337659319 synchronous_release_0
0.005047 -0.0250000004 0.0338481792 -0.00890509751 synchronous_release_1
0.01072 -0.0250000004 0.0237777009 0.0256830866 synchronous_release_0
0.02516 -0.0250000004 -0.000733802475 0.000679362883 synchronous_release_0
0.032018 -0.0250000004 0.010353355 -0.0334336364 synchronous_release_0
0.02846 -0.0250000004 0.034850286 0.00323381649 synchronous_release_0
0.023467 -0.0250000004 0.0202257102 -0.0285643247 synchronous_release_1
0.025857 -0.0250000004 0.0308170366 0.0165924758 synchronous_release_1
0.040243 -0.0250000004 0.0344884901 0.00596188288 synchronous_release_0
0.025233 -0.0250000004 -0.0102972383 0.0334509624 synchronous_release_0
0.027647 -0.0250000004 0.0323789998 0.0132891072 synchronous_release_1
0.023997 -0.0250000004 0.0270768502 -0.0221775603 synchronous_release_0
0.00626 -0.0250000004 0.0188875688 0.0294662476 synchronous_release_0
0.021676 -0.0250000004 0.0160747345 -0.0310902382 synchronous_release_1
0.023938 -0.0250000004 0.0142986964 0.0319460057 synchronous_release_0
0.0397 -0.0250000004 0.0220154359 -0.0272088328 synchronous_release_0
0.00661 -0.0250000004 -0.00971767906 0.0336239009 synchronous_release_0
0.023867 -0.0250000004 0.0339779919 -0.00839619354 synchronous_release_0
0.024755 -0.0250000004 0.0271508469 -0.0220869082 synchronous_release_0
0.006506 -0.0250000004 0.00593538796 -0.0344930597 synchronous_release_0
0.028145 -0.0250000004 0.0343230179 -0.00685057959 synchronous_release_1
0.024832 -0.0250000004 0.0319767276 -0.0142298593 synchronous_release_0
0.023601 -0.0250000004 0.0349987502 0.000295778141 synchronous_release_0
0.039159 -0.0250000004 0.0172432237 0.0304576958 synchronous_release_0
0.024164 -0.0250000004 0.0579354682 -0.0178460506 synchronous_release_0
0.006708 -0.0250000004 -0.000578768465 -0.000815491915 synchronous_release_0
0.024384 -0.0250000004 0.028542217 -0.0202568963 synchronous_release_0
0.023954 -0.0250000004 0.0114778919 -0.0330644522 synchronous_release_0
0.035267 -0.0250000004 0.000188345145 0.0009821029 synchronous_release_0
0.032695 -0.0250000004 0.0228957096 0.0264723721 synchronous_release_1
0.022695 -0.0250000004 0.00806020324 0.034059259 synchronous_release_0
0.042291 -0.0250000004 -0.000963407452 -0.000268041195 synchronous_release_0
0.025147 -0.0250000004 0.0307555332 0.0167062018 synchronous_release_1
0.026573 -0.0250000004 0.0303256617 0.0174743881 synchronous_release_0
0.033778 -0.0250000004 -2.95668244e-05 -0.0349999875 synchronous_release_0
0.005556 -0.0250000004 0.0253607919 0.0241211574 synchronous_release_1
0.031745 -0.0250000004 0.0278437329 -0.0212067569 synchronous_release_1
0.025147 -0.0250000004 0.0140969133 -0.0320355589 synchronous_release_0
0.025578 -0.0250000004 0.0217779972 0.0273992489 synchronous_release_0
0.025389 -0.0250000004 0.028251828 0.0206599664 synchronous_release_0
0.003841 -0.0250000004 0.0323543035 0.0133491214 synchronous_release_0
0.024732 -0.0250000004 -0.000386821024 0.000922154811 synchronous_release_0
0.006584 -0.0250000004 0.0294221342 0.0189562133 synchronous_release_0
0.024563 -0.0250000004 -0.0116276358 -0.03301209 synchronous_release_0
0.023702 -0.0250000004 0.031901793 -0.0143970693 synchronous_release_1
0.025617 -0.0250000004 0.0237904584 -0.0256712697 synchronous_release_0
0.023058 -0.0250000004 0.0233549436 0.0260681148 synchronous_release_0
0.026543 -0.0250000004 0.0342531215 -0.00719191703 synchronous_release_1
0.0033 -0.0250000004 0.0326654034 -0.0125686682 synchronous_release_0
0.023607 -0.0250000004 -0.000999715765 -2.38409254e-05 synchronous_release_0
0.026519 -0.0250000004 -0.0173169274 -0.0304158515 synchronous_release_0
0.024351 -0.0250000004 0.0253443035 0.0241384813 synchronous_release_0
0.014817 -0.0250000004 0.000179922014 -0.000983680878 synchronous_release_0
0.024228 -0.0250000004 0.0342711322 -0.00710559615 synchronous_release_0
0.024792 -0.0250000004 -0.0162657446 0.0309907333 synchronous_release_0
0.024537 -0.0250000004 -0.0343109394 -0.00691082055 synchronous_release_0
0.028816 -0.0250000004 0.0215783992 -0.0275567177 synchronous_release_0
0.024731 -0.0250000004 0.0120696079 0.0328530754 synchronous_release_0
0.02626 -0.0250000004 0.0221310689 0.0271148629 synchronous_release_0
0.030679 -0.0250000004 0.0124166257 -0.0327234993 synchronous_release_0
0.02857 -0.0250000004 0.0177179034 0.0579747868 synchronous_release_0
0.039458 -0.0250000004 0.0334717587 -0.0102294363 synchronous_release_0
0.023624 -0.0250000004 0.034194454 0.00746587681 synchronous_release_1
0.024627 -0.0250000004 0.010631588 0.0333462042 synchronous_release_1
0.031331 -0.0250000004 0.018020112 -0.0300045924 synchronous_release_0
0.024339 -0.0250000004 0.0217201188 -0.0274451533 synchronous_release_1
0.023574 -0.0250000004 0.0131394551 -0.0324400173 synchronous_release_0
0.027295 -0.0250000004 -0.000138311621 -0.00099038876 synchronous_release_0
0.037153 -0.0250000004 0.034001232 -0.00830157963 synchronous_release_0
0.029156 -0.0250000004 0.0345542924 -0.00556784325 synchronous_release_0
0.031021 -0.0250000004 -0.000934537618 -0.000355864357 synchronous_release_0
0.006153 -0.0250000004 0.0149260715 -0.0316577382 synchronous_release_0
0.025794 -0.0250000004 -0.0348794413 0.00290251206 synchronous_release_0
0.028661 -0.0250000004 0.0348794413 -0.00290251206 synchronous_release_0
0.024852 -0.0250000004 0.0271282321 -0.0221146789 synchronous_release_1
0.026611 -0.0250000004 -0.000954519561 -0.0002981483 synchronous_release_0
0.031634 -0.0250000004 -0.000997852888 6.54951457e-05 synchronous_release_0
0.023713 -0.0250000004 0.0336896837 0.00948710785 synchronous_release_0
0.023452 -0.0250000004 0.0273605717 -0.021826569 synchronous_release_0
0.025239 -0.0250000004 -0.0052220774 -0.0346082347 synchronous_release_0
0.033831 -0.0250000004 0.0325826491 0.0127816657 synchronous_release_1
0.009678 -0.0250000004 0.0277316173 0.021353159 synchronous_release_0
0.003593 -0.0250000004 0.0349992448 0.000229920787 synchronous_release_0
0.008189 -0.0250000004 0.0176987396 -0.0301952747 synchronous_release_0
0.003974 -0.0250000004 0.00806188076 0.034058862 synchronous_release_0
0.023695 -0.0250000004 0.0335267801 0.0100476374 synchronous_release_0
0.024027 -0.0250000004 0.0250272746 0.0244670293 synchronous_release_0
0.027252 -0.0250000004 0.00867543163 -0.0339077703 synchronous_release_0
0.004206 -0.0250000004 0.030991834 -0.0162636473 synchronous_release_0
0.005639 -0.0250000004 -0.00141118531 0.0349715392 synchronous_release_0
0.028285 -0.0250000004 0.0295806487 0.0187078919 synchronous_release_1
0.029364 -0.0250000004 0.0147888557 0.0317220704 synchronous_release_0
0.035753 -0.0250000004 0.0348665466 0.00305351046 synchronous_release_1
0.038168 -0.0250000004 0.0245796435 0.0249166836 synchronous_release_0
0.026597 -0.0250000004 0.0343661964 0.00663057677 synchronous_release_1
0.038263 -0.0250000004 -0.0345850744 0.00537332545 synchronous_release_0
0.02328 -0.0250000004 0.0126391009 -0.0326382158 synchronous_release_1
0.029168 -0.0250000004 0.034897576 0.00267566611 synchronous_release_1
0.023372 -0.0250000004 -0.00933633817 -0.0337317771 synchronous_release_0
0.035002 -0.0250000004 0.000250868073 -0.000968021286 synchronous_release_0
0.049648 -0.0250000004 0.00933633817 0.0337317771 synchronous_release_0
0.026145 -0.0250000004 0.0257517039 -0.0237033699 synchronous_release_0
0.034643 -0.0250000004 0.0273188288 0.0218787932 synchronous_release_0
0.0237 -0.0250000004 0.0258166152 -0.023632655 synchronous_release_0
0.025633 -0.0250000004 -0.0311388885 -0.0159802886 synchronous_release_0
0.024864 -0.0250000004 -0.0155066658 -0.0313774332 synchronous_release_1
0.023323 -0.0250000004 0.0348186778 0.0035580435 synchronous_release_0
0.023804 -0.0250000004 0.0250307707 -0.0244634527 synchronous_release_0
0.025781 -0.0250000004 -0.0227698716 -0.0265806875 synchronous_release_1
0.026713 -0.0250000004 0.0242251679 -0.0252614576 synchronous_release_0
0.009279 -0.0250000004 0.0163673312 0.030937202 synchronous_release_0
0.03258 -0.0250000004 0.0320025693 0.0141716463 synchronous_release_1
0.028823 -0.0250000004 0.00798305874 -0.0340774232 synchronous_release_0
0.024193 -0.0250000004 0.000509333637 0.000860569141 synchronous_release_0
0.040395 -0.0250000004 -0.000378395422 -0.0349979545 synchronous_release_0
0.028518 -0.0250000004 0.0349149273 0.00243882232 synchronous_release_0
0.047367 -0.0250000004 -0.00115454719 0.0349809523 synchronous_release_0
0.02665 -0.0250000004 0.0308716669 -0.0164906089 synchronous_release_2
0.040241 -0.0250000004 -0.0297171197 -0.0184903433 synchronous_release_2
0.024347 -0.0250000004 0.0274926588 -0.0216599564 synchronous_release_0
0.030352 -0.0250000004 0.0202902544 0.0285185128 synchronous_release_1
0.026005 -0.0250000004 0.0279429025 0.0210759152 synchronous_release_0
0.005755 -0.0250000004 0.0216939989 -0.0274658044 synchronous_release_0
0.029204 -0.0250000004 0.0301530801 -0.0177705307 synchronous_release_1
0.028942 -0.0250000004 0.0347600414 0.00409139649 synchronous_release_0
0.03388 -0.0250000004 -0.0347600414 -0.00409139649 synchronous_release_0
0.02446 -0.0250000004 -0.0163278219 0.0309580722 synchronous_release_0
0.023938 -0.0250000004 0.000962859563 -0.000270002708 synchronous_release_0
0.024461 -0.0250000004 0.0160661557 0.0310946722 synchronous_release_0
0.030346 -0.0250000004 -0.0342137286 0.00737704398 synchronous_release_1
0.006403 -0.0250000004 0.0344293283 -0.00629454958 synchronous_release_0
0.024006 -0.0250000004 0.00445621599 0.0347151572 synchronous_release_0
0.026938 -0.0250000004 -0.0211838588 0.027861158 synchronous_release_0
0.023994 -0.0250000004 -0.0135365412 -0.0322763389 synchronous_release_2
0.024146 -0.0250000004 -0.0223145415 0.0269640731 synchronous_release_0
0.005643 -0.0250000004 0.00684414374 0.0343243018 synchronous_release_0
0.033103 -0.0250000004 0.000659695808 0.000751532728 synchronous_release_0
0.026335 -0.0250000004 -0.0263036455 0.0230893533 synchronous_release_1
0.03605 -0.0250000004 -0.00684414374 -0.0343243018 synchronous_release_1
0.005653 -0.0250000004 0.0344300517 -0.00629059121 synchronous_release_0
0.024563 -0.0250000004 -0.0226628377 -0.0266720038 synchronous_release_0
0.013114 -0.0250000004 0.00329931796 0.0348441459 synchronous_release_0
0.006332 -0.0250000004 0.0340400137 -0.00814109753 synchronous_release_0
0.007479 -0.0250000004 -0.000544712666 -0.000838622747 synchronous_release_0
0.024002 -0.0250000004 0.0311866233 0.0158869294 synchronous_release_0
0.030854 -0.0250000004 0.0297475468 -0.0184413519 synchronous_release_1
0.025805 -0.0250000004 0.0308884493 -0.0164591524 synchronous_release_0
0.008674 -0.0250000004 0.0256284828 0.0238365449 synchronous_release_0
0.009308 -0.0250000004 0.0331356046 0.0112708345 synchronous_release_0
0.027023 -0.0250000004 0.0329365888 -0.0118398107 synchronous_release_0
0.025273 -0.0250000004 0.000916811931 -0.000399319274 synchronous_release_0
0.035563 -0.0250000004 0.0208012975 -0.028147931 synchronous_release_0
0.039439 -0.0250000004 0.0315316899 -0.0151905409 synchronous_release_0
0.003431 -0.0250000004 0.0246511772 -0.0248459144 synchronous_release_0
0.026193 -0.0250000004 0.000709883269 0.000704319349 synchronous_release_0
0.023494 -0.0250000004 0.0344701559 0.00606698858 synchronous_release_0
0.029101 -0.0250000004 -0.0224892442 0.0268185364 synchronous_release_0
0.008763 -0.0250000004 0.0163119697 0.0309664277 synchronous_release_0
0.03974 -0.0250000004 0.0186617282 -0.029609794 synchronous_release_0
0.023799 -0.0250000004 0.0339036404 0.0502547825 synchronous_release_0
0.027049 -0.0250000004 0.0314591263 0.0153402533 synchronous_release_0
0.026273 -0.0250000004 -0.015762996 0.0312494473 synchronous_release_0
0.033516 -0.0250000004 -0.0191813173 -0.0292758786 synchronous_release_0
0.00615 -0.0250000004 -0.000217899731 -0.000975971161 synchronous_release_0
0.027228 -0.0250000004 0.0341589906 -0.00762649058 synchronous_release_1
0.023911 -0.0250000004 0.0309795406 -0.016287052 synchronous_release_1
0.044294 -0.0250000004 0.0290006288 -0.0195949874 synchronous_release_0
0.010794 -0.0250000004 0.0336843269 -0.00950610955 synchronous_release_0
0.023344 -0.0250000004 0.00860963111 -0.0339245376 synchronous_release_0
0.02654 -0.0250000004 0.00955954282 0.0336692017 synchronous_release_1
0.02578 -0.0250000004 0.0204585232 -0.0283980427 synchronous_release_1
0.025058 -0.0250000004 0.00423072239 0.0347433589 synchronous_release_0
0.023302 -0.0250000004 0.0345273058 -0.00573281385 synchronous_release_0
0.02907 -0.0250000004 0.0335470768 0.00997966139 synchronous_release_0
0.040087 -0.0250000004 0.00310875156 -0.0348616647 synchronous_release_1
0.007527 -0.0250000004 -0.000303041912 -0.000952977229 synchronous_release_0
0.043416 -0.0250000004 0.00749163171 -0.0341888206 synchronous_release_1
0.024855 -0.0250000004 0.0320666652 -0.0140260108 synchronous_release_0
0.037994 -0.0250000004 0.0168129753 0.030697294 synchronous_release_1
0.035214 -0.0250000004 -0.00907129412 -0.0338040179 synchronous_release_0
0.010731 -0.0250000004 0.0329537627 -0.0117919264 synchronous_release_0
0.029886 -0.0250000004 0.00626477354 -0.0344347588 synchronous_release_0
0.026687 -0.0250000004 0.0125135864 -0.0326865439 synchronous_release_0
0.038158 -0.0250000004 0.0345641706 -0.00550618822 synchronous_release_0
0.029312 -0.0250000004 0.0134142803 -0.0323273427 synchronous_release_0
0.029495 -0.0250000004 -0.00122532693 0.0349785445 synchronous_release_0
0.023965 -0.0250000004 -0.000795773116 0.0349909523 synchronous_release_0
0.024562 -0.0250000004 0.0273391021 -0.021853455 synchronous_release_1
0.007775 -0.0250000004 0.0263229342 0.0230673609 synchronous_release_0
0.023308 -0.0250000004 0.032757597 0.012326388 synchronous_release_0
0.027682 -0.0250000004 0.0270537636 -0.0222057171 synchronous_release_1
0.004173 -0.0250000004 0.0349979703 -0.00037693099 synchronous_release_0
0.023253 -0.0250000004 -0.0335073674 0.0101121873 synchronous_release_0
0.023315 -0.0250000004 0.00122358822 0.0349786053 synchronous_release_1
0.02723 -0.0250000004 0.0285554877 0.0202381848 synchronous_release_0
0.024128 -0.0250000004 0.0334580465 0.0102741969 synchronous_release_0
0.028822 -0.0250000004 0.0349111485 0.00249233071 synchronous_release_0
0.024451 -0.0250000004 0.031371707 0.0155182474 synchronous_release_0
0.02329 -0.0250000004 0.0296123705 0.0186576396 synchronous_release_0
0.024311 -0.0250000004 0.0013518046 -0.0349738849 synchronous_release_0
0.030169 -0.0250000004 0.0309641751 -0.0163162453 synchronous_release_0
0.025481 -0.0250000004 0.0294844715 0.0188591076 synchronous_release_0
0.02726 -0.0250000004 0.0139404914 -0.0321039359 synchronous_release_0
0.028522 -0.0250000004 -0.00303547168 0.0348681217 synchronous_release_0
0.022626 -0.0250000004 0.0345319941 0.00570450543 synchronous_release_0
0.028925 -0.0250000004 0.031634221 0.0149758492 synchronous_release_0
0.009745 -0.0250000004 0.00882370607 0.0338694879 synchronous_release_0
0.00639 -0.0250000004 0.018861566 -0.0294828989 synchronous_release_0
0.030089 -0.0250000004 4.55184522e-05 -0.000998963498 synchronous_release_1
0.035814 -0.0250000004 0.000965437099 -0.000260636161 synchronous_release_0
0.028213 -0.0250000004 -0.023982669 0.0254917945 synchronous_release_0
0.005204 -0.0250000004 0.0348546356 0.00318659352 synchronous_release_0
0.033525 -0.0250000004 -0.0146676469 -0.0317782966 synchronous_release_0
0.036553 -0.0250000004 0.0296918648 -0.0185308706 synchronous_release_1
0.032847 -0.0250000004 0.0109693666 0.0332366213 synchronous_release_0
0.025232 -0.0250000004 0.0320168327 -0.0141393926 synchronous_release_0
0.023341 -0.0250000004 0.00897093395 -0.0338307899 synchronous_release_0
0.030968 -0.0250000004 0.0337837904 -0.00914633824 synchronous_release_0
0.025141 -0.0250000004 0.0349603165 0.00166621521 synchronous_release_1
0.003465 -0.0250000004 0.0349338045 -0.00215158157 synchronous_release_1
0.005277 -0.0250000004 0.0253921064 -0.0240881908 synchronous_release_0
0.026171 -0.0250000004 0.0329713087 -0.0117427767 synchronous_release_0
0.028428 -0.0250000004 0.0339847931 0.00836862238 synchronous_release_0
0.003414 -0.0250000004 0.0335545114 0.00995463547 synchronous_release_0
0.00356 -0.0250000004 0.000569823604 -0.000821767035 synchronous_release_0
0.033348 -0.0250000004 -0.02840172 -0.0204534179 synchronous_release_1
0.003576 -0.0250000004 8.45217218e-06 -0.034999999 synchronous_release_0
0.030375 -0.0250000004 -8.45217218e-06 0.034999999 synchronous_release_0
0.030635 -0.0250000004 0.0302583188 0.0175907402 synchronous_release_0
0.01098 -0.0250000004 0.0348937175 0.00272552384 synchronous_release_0
0.026398 -0.0250000004 -0.0150864859 -0.0315816077 synchronous_release_0
0.025219 -0.0250000004 -0.0329572671 -0.0117821282 synchronous_release_0
0.03584 -0.0250000004 0.0329572671 0.0117821282 synchronous_release_0
0.042696 -0.0250000004 -0.0158666084 0.0311969668 synchronous_release_0
0.005922 -0.0250000004 0.0186431038 -0.029621524 synchronous_release_0
0.012452 -0.0250000004 0.0163314403 0.0309561635 synchronous_release_0
0.029121 -0.0250000004 -0.000545903976 -0.000837847748 synchronous_release_0
0.042198 -0.0250000004 -0.0327326718 0.012392425 synchronous_release_0
0.005968 -0.0250000004 0.000108182866 -0.000994131011 synchronous_release_0
0.024507 -0.0250000004 0.0141181738 0.032026195 synchronous_release_0
0.006414 -0.0250000004 0.0349702856 -0.00144191752 synchronous_release_0
0.028783 -0.0250000004 0.0348453827 -0.00328622966 synchronous_release_0
0.033893 -0.0250000004 -0.0348453827 0.00328622966 synchronous_release_0
0.024225 -0.0250000004 0.0258783847 -0.0235649996 synchronous_release_0
0.024716 -0.0250000004 -0.0080185656 -0.0340690858 synchronous_release_0
0.027139 -0.0250000004 0.0246031608 0.0248934626 synchronous_release_0
0.024392 -0.0250000004 -0.00258558452 -0.0349043658 synchronous_release_0
0.023554 -0.0250000004 0.0349560965 0.00175251697 synchronous_release_0
0.023705 -0.0250000004 0.033459332 -0.01027001 synchronous_release_0
0.030221 -0.0250000004 0.0330781783 0.0114382743 synchronous_release_1
0.023894 -0.0250000004 0.000796569574 0.000604546867 synchronous_release_0
0.034384 -0.0250000004 0.0343076293 0.00692723412 synchronous_release_0
0.045044 -0.0250000004 0.000197920975 -0.00098021798 synchronous_release_0
0.026074 -0.0250000004 0.0124975061 -0.0326926955 synchronous_release_0
0.027123 -0.0250000004 0.0323054525 0.0134669127 synchronous_release_0
0.028138 -0.0250000004 -0.0125066553 0.0326891966 synchronous_release_0
0.030382 -0.0250000004 0.0345630023 -0.00551351712 synchronous_release_0
0.024341 -0.0250000004 0.0303624947 -0.0174103107 synchronous_release_1
0.027411 -0.0250000004 0.0104831152 -0.0333931774 synchronous_release_0
0.030239 -0.0250000004 -0.0104831152 0.0333931774 synchronous_release_0
0.037384 -0.0250000004 0.000954090782 0.000299517577 synchronous_release_0
0.025483 -0.0250000004 0.0321623551 -0.013805177 synchronous_release_0
0.005429 -0.0250000004 0.0237699884 0.0256902249 synchronous_release_0
0.0289 -0.0250000004 0.0151714485 -0.0315408806 synchronous_release_0
0.023879 -0.0250000004 0.0259077179 0.0235327464 synchronous_release_0
0.008068 -0.0250000004 0.0268317919 -0.0224734275 synchronous_release_0
0.024856 -0.0250000004 0.0328784551 0.0120002996 synchronous_release_0
0.027091 -0.0250000004 0.00809971927 -0.0340498832 synchronous_release_0
0.023484 -0.0250000004 0.032452254 -0.0131092033 synchronous_release_0
0.03229 -0.0250000004 -0.00498083036 0.0346437776 synchronous_release_0
0.012122 -0.0250000004 -0.000611719137 -0.0349946539 synchronous_release_0
0.004355 -0.0250000004 0.017841178 0.0301113329 synchronous_release_0
0.004141 -0.0250000004 0.0139618123 -0.0320946693 synchronous_release_0
0.025127 -0.0250000004 0.0208138928 0.0281386188 synchronous_release_0
0.03621 -0.0250000004 0.000891048146 -0.000453908803 synchronous_release_1
0.026138 -0.0250000004 -0.0311752808 -0.0159091755 synchronous_release_0
0.034711 -0.0250000004 -8.48230028e-05 0.000996396035 synchronous_release_0
0.024331 -0.0250000004 0.0200079912 -0.0287172472 synchronous_release_1
0.033166 -0.0250000004 -0.00797649423 0.0340789604 synchronous_release_0
0.03952 -0.0250000004 -0.0207382879 -0.0281943862 synchronous_release_0
0.02457 -0.0250000004 -0.000794916669 -0.000606718625 synchronous_release_0
0.025318 -0.0250000004 -0.000305312704 0.000952252148 synchronous_release_0
0.024282 -0.0250000004 0.0197072947 0.028924428 synchronous_release_0
0.035388 -0.0250000004 -0.0258899541 0.0235522881 synchronous_release_1
0.023498 -0.0250000004 0.0213126831 0.0277627365 synchronous_release_0
0.031429 -0.0250000004 0.0329276979 0.0118645148 synchronous_release_0
0.004741 -0.0250000004 0.0253181225 -0.0241659404 synchronous_release_0
0.023319 -0.0250000004 0.026248693 0.0231518059 synchronous_release_0
0.02358 -0.0250000004 0.0320206797 0.0141306784 synchronous_release_0
0.043271 -0.0250000004 -0.000778721655 0.000627369576 synchronous_release_0
0.038162 -0.0250000004 0.0343116016 0.00690753162 synchronous_release_0
0.006352 -0.0250000004 0.0345994171 -0.00528018341 synchronous_release_0
0.026593 -0.0250000004 0.0218724815 0.0273238825 synchronous_release_1
0.02531 -0.0250000004 0.00458524321 -0.0346983507 synchronous_release_0
0.025782 -0.0250000004 0.0271780322 0.0220534479 synchronous_release_1
0.032655 -0.0250000004 0.0346592331 0.00487212094 synchronous_release_0
0.036865 -0.0250000004 -0.0346592331 -0.00487212094 synchronous_release_1
0.024236 -0.0250000004 0.0349081987 -0.00253331044 synchronous_release_0
0.033555 -0.0250000004 -0.0196480106 -0.0289647317 synchronous_release_0
0.039366 -0.0250000004 -0.0349081987 0.00253331044 synchronous_release_0
0.035818 -0.0250000004 0.0310347643 0.0161815761 synchronous_release_0
0.027304 -0.0250000004 -0.0227776666 0.026574008 synchronous_release_0
0.004725 -0.0250000004 0.0339303693 0.00858661962 synchronous_release_0
0.032828 -0.0250000004 -0.000867606966 0.000497250593 synchronous_release_1
0.023739 -0.0250000004 0.0292058993 -0.0192877019 synchronous_release_0
0.023267 -0.0250000004 0.0108832789 -0.0332649101 synchronous_release_0
0.025312 -0.0250000004 0.0257216814 0.0237359454 synchronous_release_0
0.026786 -0.0250000004 0.013812266 -0.0321593114 synchronous_release_1
0.033947 -0.0250000004 -0.000999908652 -1.35162082e-05 synchronous_release_0
0.02841 -0.0250000004 0.0349670832 -0.0015175934 synchronous_release_0
0.003849 -0.0250000004 0.0339774923 -0.00839821516 synchronous_release_0
0.026466 -0.0250000004 0.000886864384 0.00046202983 synchronous_release_0
0.024506 -0.0250000004 0.0268119452 0.0224971019 synchronous_release_0
0.028391 -0.0250000004 -0.00437471395 0.034725522 synchronous_release_0
0.023529 -0.0250000004 0.0322605412 -0.0135741476 synchronous_release_1
0.025348 -0.0250000004 0.0041046066 0.0347584839 synchronous_release_0
0.032429 -0.0250000004 0.0321540334 0.0138245484 synchronous_release_0
0.023321 -0.0250000004 0.0341064801 -0.00785799046 synchronous_release_0
0.023852 -0.0250000004 -0.0206134592 0.0282857791 synchronous_release_0
0.025418 -0.0250000004 0.0238299055 -0.0256346563 synchronous_release_2
0.010318 -0.0250000004 0.023092746 0.026300667 synchronous_release_0
0.029097 -0.0250000004 0.0313048334 0.0156527125 synchronous_release_1
0.03442 -0.0250000004 0.0349821011 0.00111919604 synchronous_release_1
0.023587 -0.0250000004 0.0165217984 0.0308549863 synchronous_release_2
0.023138 -0.0250000004 0.0152934183 0.0314819211 synchronous_release_0
0.02356 -0.0250000004 0.0316527505 -0.0149366458 synchronous_release_0
0.029272 -0.0250000004 0.0324114084 -0.0132098678 synchronous_release_0
0.003494 -0.0250000004 0.0341452323 -0.00768785497 synchronous_release_0
0.028086 -0.0250000004 0.000964424751 0.000264357524 synchronous_release_0
0.023591 -0.0250000004 0.0338588284 -0.00886452154 synchronous_release_1
0.023308 -0.0250000004 0.0316774507 0.0148841903 synchronous_release_0
0.024132 -0.0250000004 0.0287099913 0.0200184016 synchronous_release_0
0.024088 -0.0250000004 0.00915151848 0.0337823876 synchronous_release_0
0.02896 -0.0250000004 0.0338321651 0.00896574629 synchronous_release_1
0.03269 -0.0250000004 -0.0345693218 -0.00547375496 synchronous_release_1
0.026322 -0.0250000004 0.0346788646 0.00473036501 synchronous_release_1
0.006355 -0.0250000004 0.0174729385 0.030326497 synchronous_release_0
0.030524 -0.0250000004 -0.0175270475 0.0302952571 synchronous_release_0
0.026491 -0.0250000004 0.00839378461 -0.0339785871 synchronous_release_0
0.0233 -0.0250000004 0.0164008149 -0.0309194643 synchronous_release_0
0.028385 -0.0250000004 -0.034977449 0.00125620982 synchronous_release_0
0.031169 -0.0250000004 0.0337781246 -0.00916724049 synchronous_release_0
0.023833 -0.0250000004 0.0281851741 -0.0207508063 synchronous_release_0
0.008649 -0.0250000004 0.0251733319 0.0243167301 synchronous_release_0
0.02351 -0.0250000004 0.0195254161 0.0290475149 synchronous_release_0
0.027103 -0.0250000004 -0.000992079943 -0.00012560807 synchronous_release_0
0.023465 -0.0250000004 -0.0328734356 0.0120140431 synchronous_release_0
0.031597 -0.0250000004 -0.0292623392 -0.0192019661 synchronous_release_0
0.025004 -0.0250000004 0.0334434595 -0.0103215801 synchronous_release_0
0.004174 -0.0250000004 0.0309191158 -0.0164014719 synchronous_release_0
0.023895 -0.0250000004 0.0304824232 0.0171994732 synchronous_release_0
0.037914 -0.0250000004 -0.0137601387 0.0321816498 synchronous_release_0
0.02467 -0.0250000004 0.0306136102 -0.0169648717 synchronous_release_1
0.024416 -0.0250000004 -0.000979064892 -0.000203548367 synchronous_release_0
0.024055 -0.0250000004 0.0325371465 0.0128970577 synchronous_release_0
0.024498 -0.0250000004 0.034091718 -0.0079217906 synchronous_release_0
0.007767 -0.0250000004 0.0237660665 -0.025693853 synchronous_release_0
0.030392 -0.0250000004 0.0341345627 0.00773509082 synchronous_release_1
0.00399 -0.0250000004 0.0188134645 0.0295136164 synchronous_release_0
0.025277 -0.0250000004 0.0313857326 0.0154898609 synchronous_release_1
0.027465 -0.0250000004 0.0340249883 -0.00820366829 synchronous_release_0
0.025437 -0.0250000004 -0.000928586352 0.000371116407 synchronous_release_0
0.036092 -0.0250000004 0.0216517408 -0.0274991294 synchronous_release_0
0.024151 -0.0250000004 -0.0157384873 0.031261798 synchronous_release_0
0.003804 -0.0250000004 -0.0277178784 -0.0213709901 synchronous_release_0
0.027439 -0.0250000004 0.000610599718 -0.000791939382 synchronous_release_0
0.027317 -0.0250000004 0.0159185944 0.0311704724 synchronous_release_0
0.032845 -0.0250000004 0.000890584926 -0.000454816984 synchronous_release_0
0.038289 -0.0250000004 0.0190434407 -0.0293657516 synchronous_release_0
0.0033 -0.0250000004 0.0311225065 0.0160121701 synchronous_release_0
0.035684 -0.0250000004 -0.00169430721 -0.0349589663 synchronous_release_0
0.026853 -0.0250000004 -4.39050003e-05 -0.000999035711 synchronous_release_0
0.024902 -0.0250000004 0.0345617132 0.00552159243 synchronous_release_0
0.023672 -0.0250000004 -0.0324826281 -0.0130337588 synchronous_release_1
0.012804 -0.0250000004 -0.0124871004 -0.0326966714 synchronous_release_0
0.035724 -0.0250000004 0.0124871004 0.0326966714 synchronous_release_0
0.046217 -0.0250000004 0.000934190613 -0.000356774297 synchronous_release_0
0.024851 -0.0250000004 0.0346590898 -0.00487313985 synchronous_release_0
0.028237 -0.0250000004 0.0104255929 0.033411181 synchronous_release_0
0.008269 -0.0250000004 0.0348868061 -0.00281260695 synchronous_release_0
0.027589 -0.0250000004 -8.03601985e-05 -0.00099676589 synchronous_release_0
0.011867 -0.0250000004 0.0330451602 0.0115333164 synchronous_release_1
0.04263 -0.0250000004 0.025006258 -0.0244885087 synchronous_release_0
0.028047 -0.0250000004 0.0327955188 -0.0122251359 synchronous_release_1
0.018447 -0.0250000004 -0.000388879061 -0.0349978395 synchronous_release_0
0.025653 -0.0250000004 0.0159687594 -0.0311448025 synchronous_release_0
0.032044 -0.0250000004 0.0189878105 0.0294017526 synchronous_release_0
0.003625 -0.0250000004 0.0225489996 -0.0267683137 synchronous_release_0
0.031023 -0.0250000004 -0.0344565395 -0.00614384963 synchronous_release_0
0.034113 -0.0250000004 -0.00666592753 -0.034359357 synchronous_release_1
0.031571 -0.0250000004 -0.000787988966 -0.000615689361 synchronous_release_1
0.0187 -0.0250000004 0.033873354 -0.00880885296 synchronous_release_0
0.02341 -0.0250000004 0.0245653674 0.0249307586 synchronous_release_0
0.036477 -0.0250000004 -0.0332274565 -0.0109970965 synchronous_release_0
0.024532 -0.0250000004 -0.0261374932 0.0232772732 synchronous_release_1
0.004097 -0.0250000004 0.0129809405 0.0325037718 synchronous_release_0
0.023462 -0.0250000004 0.0346395624 0.00501006166 synchronous_release_0
0.01214 -0.0250000004 -0.0153962053 -0.0314317811 synchronous_release_0
0.036835 -0.0250000004 -0.0195226183 0.0290493954 synchronous_release_0
0.024723 -0.0250000004 0.0126383876 -0.032638492 synchronous_release_0
0.020994 -0.0250000004 0.0344277418 0.00630322078 synchronous_release_0
0.035375 -0.0250000004 -0.0317123672 -0.014809651 synchronous_release_1
0.024497 -0.0250000004 0.0349887663 0.000886698307 synchronous_release_0
0.004273 -0.0250000004 0.0338976869 -0.00871474731 synchronous_release_0
0.026856 -0.0250000004 0.0128720647 0.0325470421 synchronous_release_1
0.003906 -0.0250000004 0.0337590497 0.00923723781 synchronous_release_0
0.040783 -0.0250000004 -0.00887984225 -0.0338548136 synchronous_release_0
0.024311 -0.0250000004 -0.0326413364 0.0126310395 synchronous_release_1
0.024757 -0.0250000004 0.0345474478 -0.00561015586 synchronous_release_1
0.023834 -0.0250000004 0.0266969051 0.0226334986 synchronous_release_0
0.023314 -0.0250000004 0.0280721295 0.0209034816 synchronous_release_0
0.029871 -0.0250000004 -0.000993226232 -0.00011619661 synchronous_release_0
0.023503 -0.0250000004 0.0280320476 -0.0209572019 synchronous_release_0
0.023849 -0.0250000004 -0.00361856471 0.0348124402 synchronous_release_0
0.02551 -0.0250000004 -0.0209701807 -0.0280223397 synchronous_release_0
0.024477 -0.0250000004 0.0347531484 -0.00414953936 synchronous_release_1
