0.000050 0.080
0.000100 0.093
0.000150 0.098
0.000200 0.087
0.000250 0.077
0.000300 0.089
0.000350 0.125
0.000400 0.100
0.000450 0.102
0.000500 0.091
0.000550 0.100
0.000600 0.101
0.000650 0.119
0.000700 0.112
0.000750 0.112
0.000800 0.075
0.000850 0.112
0.000900 0.071
0.000950 0.125
0.001000 0.154
0.001050 0.137
0.001100 0.193
0.001150 0.159
0.001200 0.274
0.001250 0.340
0.001300 0.440
0.001350 0.488
0.001400 0.527
0.001450 0.827
0.001500 0.919
0.001550 1.170
0.001600 1.619
0.001650 2.185
0.001700 2.881
0.001750 3.555
0.001800 4.619
0.001850 5.498
0.001900 6.771
0.001950 7.838
0.002000 9.391
0.002050 10.480
0.002100 10.870
0.002150 12.153
0.002200 11.881
0.002250 12.848
0.002300 12.829
0.002350 12.048
0.002400 11.553
0.002450 10.056
0.002500 8.986
0.002550 7.977
0.002600 6.641
0.002650 6.166
0.002700 5.254
0.002750 4.778
0.002800 4.111
0.002850 3.558
0.002900 3.266
0.002950 3.036
0.003000 2.877
0.003050 2.641
0.003100 2.491
0.003150 2.268
0.003200 2.349
0.003250 2.034
0.003300 1.902
0.003350 1.835
0.003400 1.856
0.003450 1.722
0.003500 1.718
0.003550 1.529
0.003600 1.513
0.003650 1.467
0.003700 1.400
0.003750 1.439
0.003800 1.354
0.003850 1.381
0.003900 1.265
0.003950 1.293
0.004000 1.267
0.004050 1.401
0.004100 1.294
0.004150 1.148
0.004200 1.215
0.004250 1.230
0.004300 1.224
0.004350 1.077
0.004400 1.101
0.004450 1.242
0.004500 1.156
0.004550 1.077
0.004600 1.078
0.004650 1.118
0.004700 1.090
0.004750 1.184
0.004800 0.936
0.004850 1.090
0.004900 1.133
0.004950 1.004
0.005000 1.283
0.005050 1.041
0.005100 0.956
0.005150 1.044
0.005200 1.131
0.005250 0.952
0.005300 1.115
0.005350 1.108
0.005400 1.040
0.005450 1.008
0.005500 1.016
0.005550 1.094
0.005600 0.994
0.005650 0.900
0.005700 0.970
0.005750 1.050
0.005800 1.100
0.005850 0.901
0.005900 1.006
0.005950 0.887
0.006000 0.947
0.006050 0.890
0.006100 0.927
0.006150 0.989
0.006200 0.818
0.006250 1.000
0.006300 0.800
0.006350 1.013
0.006400 0.949
0.006450 0.914
0.006500 0.955
0.006550 0.911
0.006600 0.912
0.006650 0.910
0.006700 0.770
0.006750 0.935
0.006800 0.951
0.006850 0.804
0.006900 0.801
0.006950 1.069
0.007000 0.851
0.007050 0.894
0.007100 0.841
0.007150 0.794
0.007200 0.895
0.007250 0.931
0.007300 0.981
0.007350 0.865
0.007400 0.768
0.007450 0.713
0.007500 0.845
0.007550 0.793
0.007600 0.841
0.007650 0.811
0.007700 0.810
0.007750 0.828
0.007800 0.791
0.007850 0.711
0.007900 0.766
0.007950 0.883
0.008000 0.837
0.008050 0.791
0.008100 0.977
0.008150 0.801
0.008200 0.862
0.008250 0.751
0.008300 0.863
0.008350 0.858
0.008400 0.745
0.008450 0.944
0.008500 0.860
0.008550 0.800
0.008600 0.717
0.008650 0.842
0.008700 0.794
0.008750 0.787
0.008800 0.776
0.008850 0.695
0.008900 0.822
0.008950 0.752
0.009000 0.751
0.009050 0.685
0.009100 0.754
0.009150 0.787
0.009200 0.746
0.009250 0.776
0.009300 0.819
0.009350 0.661
0.009400 0.702
0.009450 0.707
0.009500 0.794
0.009550 0.693
0.009600 0.905
0.009650 0.821
0.009700 0.759
0.009750 0.748
0.009800 0.728
0.009850 0.717
0.009900 0.733
0.009950 0.763
0.010000 0.668
0.010050 0.688
0.010100 0.660
0.010150 0.697
0.010200 0.754
0.010250 0.678
0.010300 0.746
0.010350 0.697
0.010400 0.692
0.010450 0.774
0.010500 0.757
0.010550 0.647
0.010600 0.780
0.010650 0.692
0.010700 0.638
0.010750 0.669
0.010800 0.668
0.010850 0.781
0.010900 0.645
0.010950 0.622
0.011000 0.615
0.011050 0.688
0.011100 0.647
0.011150 0.723
0.011200 0.679
0.011250 0.596
0.011300 0.685
0.011350 0.652
0.011400 0.693
0.011450 0.659
0.011500 0.748
0.011550 0.618
0.011600 0.674
0.011650 0.758
0.011700 0.696
0.011750 0.658
0.011800 0.687
0.011850 0.644
0.011900 0.778
0.011950 0.641
0.012000 0.684
0.012050 0.651
0.012100 0.670
0.012150 0.566
0.012200 0.601
0.012250 0.646
0.012300 0.588
0.012350 0.566
0.012400 0.679
0.012450 0.623
0.012500 0.596
0.012550 0.617
0.012600 0.672
0.012650 0.538
0.012700 0.664
0.012750 0.635
0.012800 0.746
0.012850 0.555
0.012900 0.609
0.012950 0.704
0.013000 0.629
0.013050 0.734
0.013100 0.591
0.013150 0.675
0.013200 0.655
0.013250 0.481
0.013300 0.560
0.013350 0.588
0.013400 0.617
0.013450 0.596
0.013500 0.616
0.013550 0.606
0.013600 0.578
0.013650 0.673
0.013700 0.637
0.013750 0.688
0.013800 0.590
0.013850 0.623
0.013900 0.659
0.013950 0.593
0.014000 0.579
0.014050 0.608
0.014100 0.579
0.014150 0.575
0.014200 0.623
0.014250 0.567
0.014300 0.579
0.014350 0.557
0.014400 0.588
0.014450 0.511
0.014500 0.688
0.014550 0.595
0.014600 0.665
0.014650 0.659
0.014700 0.623
0.014750 0.544
0.014800 0.577
0.014850 0.580
0.014900 0.614
0.014950 0.484
0.015000 0.490
0.015050 0.500
0.015100 0.578
0.015150 0.540
0.015200 0.632
0.015250 0.472
0.015300 0.589
0.015350 0.556
0.015400 0.621
0.015450 0.553
0.015500 0.619
0.015550 0.648
0.015600 0.595
0.015650 0.584
0.015700 0.588
0.015750 0.484
0.015800 0.537
0.015850 0.566
0.015900 0.498
0.015950 0.635
0.016000 0.689
0.016050 0.500
0.016100 0.548
0.016150 0.615
0.016200 0.596
0.016250 0.576
0.016300 0.652
0.016350 0.604
0.016400 0.545
0.016450 0.472
0.016500 0.563
0.016550 0.543
0.016600 0.627
0.016650 0.502
0.016700 0.505
0.016750 0.479
0.016800 0.626
0.016850 0.522
0.016900 0.518
0.016950 0.628
0.017000 0.601
0.017050 0.471
0.017100 0.542
0.017150 0.434
0.017200 0.563
0.017250 0.541
0.017300 0.522
0.017350 0.646
0.017400 0.637
0.017450 0.598
0.017500 0.593
0.017550 0.535
0.017600 0.551
0.017650 0.466
0.017700 0.575
0.017750 0.537
0.017800 0.503
0.017850 0.536
0.017900 0.520
0.017950 0.614
0.018000 0.556
0.018050 0.508
0.018100 0.498
0.018150 0.528
0.018200 0.500
0.018250 0.542
0.018300 0.489
0.018350 0.537
0.018400 0.515
0.018450 0.479
0.018500 0.548
0.018550 0.449
0.018600 0.527
0.018650 0.541
0.018700 0.559
0.018750 0.518
0.018800 0.579
0.018850 0.519
0.018900 0.515
0.018950 0.490
0.019000 0.465
0.019050 0.520
0.019100 0.525
0.019150 0.495
0.019200 0.470
0.019250 0.577
0.019300 0.493
0.019350 0.445
0.019400 0.512
0.019450 0.506
0.019500 0.501
0.019550 0.509
0.019600 0.571
0.019650 0.548
0.019700 0.474
0.019750 0.523
0.019800 0.540
0.019850 0.623
0.019900 0.524
0.019950 0.474
0.020000 0.577
0.020050 0.497
0.020100 0.447
0.020150 0.435
0.020200 0.514
0.020250 0.471
0.020300 0.424
0.020350 0.505
0.020400 0.509
0.020450 0.381
0.020500 0.482
0.020550 0.525
0.020600 0.511
0.020650 0.517
0.020700 0.520
0.020750 0.464
0.020800 0.497
0.020850 0.476
0.020900 0.615
0.020950 0.463
0.021000 0.513
0.021050 0.456
0.021100 0.529
0.021150 0.442
0.021200 0.454
0.021250 0.445
0.021300 0.507
0.021350 0.539
0.021400 0.543
0.021450 0.476
0.021500 0.522
0.021550 0.425
0.021600 0.440
0.021650 0.450
0.021700 0.495
0.021750 0.520
0.021800 0.393
0.021850 0.476
0.021900 0.455
0.021950 0.505
0.022000 0.485
0.022050 0.458
0.022100 0.431
0.022150 0.507
0.022200 0.430
0.022250 0.541
0.022300 0.520
0.022350 0.364
0.022400 0.537
0.022450 0.497
0.022500 0.482
0.022550 0.485
0.022600 0.468
0.022650 0.471
0.022700 0.509
0.022750 0.487
0.022800 0.489
0.022850 0.502
0.022900 0.444
0.022950 0.466
0.023000 0.521
0.023050 0.449
0.023100 0.442
0.023150 0.504
0.023200 0.436
0.023250 0.421
0.023300 0.420
0.023350 0.462
0.023400 0.453
0.023450 0.484
0.023500 0.398
0.023550 0.416
0.023600 0.461
0.023650 0.476
0.023700 0.450
0.023750 0.427
0.023800 0.387
0.023850 0.449
0.023900 0.442
0.023950 0.458
0.024000 0.523
0.024050 0.470
0.024100 0.425
0.024150 0.317
0.024200 0.444
0.024250 0.381
0.024300 0.463
0.024350 0.481
0.024400 0.400
0.024450 0.503
0.024500 0.558
0.024550 0.491
0.024600 0.506
0.024650 0.520
0.024700 0.434
0.024750 0.416
0.024800 0.471
0.024850 0.441
0.024900 0.460
0.024950 0.403
0.025000 0.478
0.025050 0.482
0.025100 0.492
0.025150 0.380
0.025200 0.441
0.025250 0.378
0.025300 0.418
0.025350 0.332
0.025400 0.450
0.025450 0.391
0.025500 0.481
0.025550 0.422
0.025600 0.412
0.025650 0.434
0.025700 0.480
0.025750 0.398
0.025800 0.479
0.025850 0.441
0.025900 0.466
0.025950 0.452
0.026000 0.410
0.026050 0.385
0.026100 0.430
0.026150 0.518
0.026200 0.495
0.026250 0.408
0.026300 0.403
0.026350 0.424
0.026400 0.355
0.026450 0.378
0.026500 0.544
0.026550 0.460
0.026600 0.397
0.026650 0.409
0.026700 0.439
0.026750 0.415
0.026800 0.409
0.026850 0.400
0.026900 0.441
0.026950 0.332
0.027000 0.409
0.027050 0.389
0.027100 0.413
0.027150 0.418
0.027200 0.441
0.027250 0.423
0.027300 0.365
0.027350 0.443
0.027400 0.418
0.027450 0.397
0.027500 0.426
0.027550 0.408
0.027600 0.465
0.027650 0.340
0.027700 0.420
0.027750 0.404
0.027800 0.408
0.027850 0.424
0.027900 0.463
0.027950 0.427
0.028000 0.522
0.028050 0.360
0.028100 0.353
0.028150 0.445
0.028200 0.395
0.028250 0.404
0.028300 0.421
0.028350 0.442
0.028400 0.419
0.028450 0.427
0.028500 0.389
0.028550 0.435
0.028600 0.438
0.028650 0.374
0.028700 0.405
0.028750 0.522
0.028800 0.390
0.028850 0.530
0.028900 0.386
0.028950 0.366
0.029000 0.411
0.029050 0.406
0.029100 0.368
0.029150 0.417
0.029200 0.463
0.029250 0.459
0.029300 0.364
0.029350 0.357
0.029400 0.373
0.029450 0.441
0.029500 0.401
0.029550 0.425
0.029600 0.440
0.029650 0.427
0.029700 0.424
0.029750 0.384
0.029800 0.427
0.029850 0.408
0.029900 0.489
0.029950 0.415
0.030000 0.452
0.030050 0.403
0.030100 0.421
0.030150 0.392
0.030200 0.341
0.030250 0.368
0.030300 0.392
0.030350 0.414
0.030400 0.412
0.030450 0.434
0.030500 0.455
0.030550 0.391
0.030600 0.372
0.030650 0.437
0.030700 0.472
0.030750 0.350
0.030800 0.287
0.030850 0.434
0.030900 0.407
0.030950 0.384
0.031000 0.396
0.031050 0.353
0.031100 0.289
0.031150 0.402
0.031200 0.350
0.031250 0.363
0.031300 0.422
0.031350 0.382
0.031400 0.382
0.031450 0.371
0.031500 0.420
0.031550 0.367
0.031600 0.393
0.031650 0.367
0.031700 0.405
0.031750 0.348
0.031800 0.371
0.031850 0.382
0.031900 0.402
0.031950 0.385
0.032000 0.331
0.032050 0.371
0.032100 0.324
0.032150 0.451
0.032200 0.370
0.032250 0.361
0.032300 0.396
0.032350 0.380
0.032400 0.405
0.032450 0.413
0.032500 0.402
0.032550 0.391
0.032600 0.432
0.032650 0.360
0.032700 0.430
0.032750 0.383
0.032800 0.379
0.032850 0.357
0.032900 0.360
0.032950 0.367
0.033000 0.405
0.033050 0.394
0.033100 0.385
0.033150 0.321
0.033200 0.366
0.033250 0.453
0.033300 0.386
0.033350 0.363
0.033400 0.336
0.033450 0.409
0.033500 0.346
0.033550 0.418
0.033600 0.350
0.033650 0.334
0.033700 0.366
0.033750 0.335
0.033800 0.341
0.033850 0.347
0.033900 0.331
0.033950 0.353
0.034000 0.331
0.034050 0.363
0.034100 0.328
0.034150 0.301
0.034200 0.271
0.034250 0.399
0.034300 0.349
0.034350 0.398
0.034400 0.294
0.034450 0.282
0.034500 0.363
0.034550 0.382
0.034600 0.398
0.034650 0.455
0.034700 0.350
0.034750 0.286
0.034800 0.366
0.034850 0.357
0.034900 0.368
0.034950 0.317
0.035000 0.378
0.035050 0.383
0.035100 0.455
0.035150 0.373
0.035200 0.381
0.035250 0.360
0.035300 0.379
0.035350 0.393
0.035400 0.358
0.035450 0.370
0.035500 0.389
0.035550 0.376
0.035600 0.383
0.035650 0.411
0.035700 0.347
0.035750 0.318
0.035800 0.319
0.035850 0.311
0.035900 0.364
0.035950 0.404
0.036000 0.350
0.036050 0.396
0.036100 0.273
0.036150 0.387
0.036200 0.353
0.036250 0.386
0.036300 0.336
0.036350 0.361
0.036400 0.306
0.036450 0.313
0.036500 0.361
0.036550 0.419
0.036600 0.320
0.036650 0.373
0.036700 0.340
0.036750 0.336
0.036800 0.350
0.036850 0.304
0.036900 0.342
0.036950 0.391
0.037000 0.308
0.037050 0.411
0.037100 0.374
0.037150 0.318
0.037200 0.350
0.037250 0.326
0.037300 0.366
0.037350 0.426
0.037400 0.285
0.037450 0.402
0.037500 0.351
0.037550 0.354
0.037600 0.373
0.037650 0.424
0.037700 0.302
0.037750 0.347
0.037800 0.274
0.037850 0.295
0.037900 0.357
0.037950 0.376
0.038000 0.365
0.038050 0.320
0.038100 0.381
0.038150 0.357
0.038200 0.344
0.038250 0.363
0.038300 0.283
0.038350 0.351
0.038400 0.402
0.038450 0.330
0.038500 0.319
0.038550 0.346
0.038600 0.367
0.038650 0.381
0.038700 0.368
0.038750 0.355
0.038800 0.330
0.038850 0.265
0.038900 0.316
0.038950 0.302
0.039000 0.306
0.039050 0.323
0.039100 0.323
0.039150 0.353
0.039200 0.385
0.039250 0.348
0.039300 0.365
0.039350 0.383
0.039400 0.377
0.039450 0.359
0.039500 0.298
0.039550 0.345
0.039600 0.347
0.039650 0.290
0.039700 0.325
0.039750 0.318
0.039800 0.293
0.039850 0.293
0.039900 0.351
0.039950 0.326
0.040000 0.341
0.040050 0.317
0.040100 0.333
0.040150 0.335
0.040200 0.366
0.040250 0.322
0.040300 0.362
0.040350 0.332
0.040400 0.277
0.040450 0.337
0.040500 0.306
0.040550 0.335
0.040600 0.285
0.040650 0.380
0.040700 0.381
0.040750 0.373
0.040800 0.280
0.040850 0.323
0.040900 0.383
0.040950 0.343
0.041000 0.396
0.041050 0.360
0.041100 0.498
0.041150 0.517
0.041200 0.584
0.041250 0.657
0.041300 0.833
0.041350 0.931
0.041400 0.932
0.041450 1.205
0.041500 1.548
0.041550 1.857
0.041600 2.465
0.041650 3.132
0.041700 4.129
0.041750 5.166
0.041800 6.320
0.041850 7.576
0.041900 8.776
0.041950 10.363
0.042000 11.858
0.042050 13.316
0.042100 14.482
0.042150 15.533
0.042200 15.555
0.042250 16.174
0.042300 16.046
0.042350 15.812
0.042400 14.816
0.042450 13.840
0.042500 11.833
0.042550 10.800
0.042600 9.649
0.042650 8.632
0.042700 7.352
0.042750 6.613
0.042800 6.225
0.042850 5.682
0.042900 5.349
0.042950 4.859
0.043000 4.634
0.043050 4.381
0.043100 4.121
0.043150 3.593
0.043200 3.487
0.043250 3.442
0.043300 3.376
0.043350 3.107
0.043400 2.815
0.043450 2.835
0.043500 2.791
0.043550 2.606
0.043600 2.566
0.043650 2.475
0.043700 2.260
0.043750 2.038
0.043800 2.126
0.043850 2.208
0.043900 2.064
0.043950 2.013
0.044000 1.951
0.044050 1.972
0.044100 2.077
0.044150 1.898
0.044200 1.867
0.044250 1.653
0.044300 1.795
0.044350 1.810
0.044400 1.878
0.044450 1.740
0.044500 1.740
0.044550 1.778
0.044600 1.655
0.044650 1.784
0.044700 1.654
0.044750 1.666
0.044800 1.736
0.044850 1.731
0.044900 1.562
0.044950 1.587
0.045000 1.754
0.045050 1.643
0.045100 1.527
0.045150 1.538
0.045200 1.535
0.045250 1.678
0.045300 1.528
0.045350 1.347
0.045400 1.639
0.045450 1.628
0.045500 1.604
0.045550 1.607
0.045600 1.681
0.045650 1.432
0.045700 1.501
0.045750 1.372
0.045800 1.571
0.045850 1.541
0.045900 1.395
0.045950 1.474
0.046000 1.436
0.046050 1.614
0.046100 1.649
0.046150 1.504
0.046200 1.443
0.046250 1.472
0.046300 1.430
0.046350 1.489
0.046400 1.406
0.046450 1.329
0.046500 1.363
0.046550 1.497
0.046600 1.353
0.046650 1.284
0.046700 1.250
0.046750 1.417
0.046800 1.341
0.046850 1.207
0.046900 1.359
0.046950 1.403
0.047000 1.399
0.047050 1.407
0.047100 1.263
0.047150 1.400
0.047200 1.504
0.047250 1.223
0.047300 1.336
0.047350 1.348
0.047400 1.234
0.047450 1.201
0.047500 1.311
0.047550 1.249
0.047600 1.303
0.047650 1.195
0.047700 1.297
0.047750 1.303
0.047800 1.237
0.047850 1.265
0.047900 1.115
0.047950 1.184
0.048000 1.212
0.048050 1.265
0.048100 1.266
0.048150 1.104
0.048200 1.213
0.048250 1.226
0.048300 1.223
0.048350 1.174
0.048400 1.287
0.048450 1.172
0.048500 1.159
0.048550 1.070
0.048600 1.114
0.048650 1.098
0.048700 1.164
0.048750 1.197
0.048800 1.110
0.048850 1.253
0.048900 1.248
0.048950 1.051
0.049000 1.203
0.049050 1.112
0.049100 1.076
0.049150 1.141
0.049200 1.166
0.049250 1.208
0.049300 1.228
0.049350 1.261
0.049400 1.185
0.049450 1.099
0.049500 1.060
0.049550 1.150
0.049600 1.135
0.049650 1.105
0.049700 1.091
0.049750 1.027
0.049800 1.069
0.049850 1.121
0.049900 1.150
0.049950 1.120
0.050000 1.102
0.050050 1.079
0.050100 1.103
0.050150 1.049
0.050200 1.072
0.050250 1.139
0.050300 1.147
0.050350 1.111
0.050400 1.170
0.050450 1.022
0.050500 1.247
0.050550 1.077
0.050600 0.927
0.050650 1.011
0.050700 0.994
0.050750 1.131
0.050800 1.044
0.050850 0.995
0.050900 1.022
0.050950 1.118
0.051000 1.129
0.051050 0.976
0.051100 0.996
0.051150 1.036
0.051200 0.963
0.051250 0.910
0.051300 0.873
0.051350 1.016
0.051400 1.039
0.051450 0.992
0.051500 1.104
0.051550 0.972
0.051600 0.933
0.051650 1.046
0.051700 1.049
0.051750 0.996
0.051800 1.100
0.051850 1.045
0.051900 0.924
0.051950 0.982
0.052000 1.019
0.052050 1.047
0.052100 0.831
0.052150 1.047
0.052200 1.119
0.052250 1.209
0.052300 1.026
0.052350 0.923
0.052400 0.949
0.052450 0.943
0.052500 1.009
0.052550 1.014
0.052600 1.025
0.052650 0.972
0.052700 1.047
0.052750 1.053
0.052800 0.914
0.052850 0.905
0.052900 0.945
0.052950 0.919
0.053000 0.922
0.053050 1.064
0.053100 0.958
0.053150 0.999
0.053200 1.127
0.053250 0.905
0.053300 0.850
0.053350 0.981
0.053400 0.747
0.053450 1.051
0.053500 1.018
0.053550 0.818
0.053600 1.008
0.053650 0.940
0.053700 0.849
0.053750 0.970
0.053800 0.955
0.053850 0.848
0.053900 0.840
0.053950 0.847
0.054000 0.954
0.054050 0.833
0.054100 0.928
0.054150 0.868
0.054200 0.903
0.054250 0.855
0.054300 0.936
0.054350 1.013
0.054400 0.950
0.054450 0.865
0.054500 0.888
0.054550 0.876
0.054600 0.908
0.054650 0.887
0.054700 0.786
0.054750 0.945
0.054800 0.925
0.054850 0.991
0.054900 0.905
0.054950 1.001
0.055000 0.896
0.055050 0.915
0.055100 0.904
0.055150 0.906
0.055200 0.816
0.055250 0.842
0.055300 0.803
0.055350 0.888
0.055400 0.929
0.055450 0.854
0.055500 0.831
0.055550 0.868
0.055600 0.828
0.055650 0.853
0.055700 0.861
0.055750 0.911
0.055800 0.766
0.055850 0.819
0.055900 0.914
0.055950 0.889
0.056000 0.832
0.056050 0.858
0.056100 0.752
0.056150 0.860
0.056200 0.759
0.056250 0.870
0.056300 0.898
0.056350 0.918
0.056400 0.862
0.056450 0.964
0.056500 0.905
0.056550 0.776
0.056600 0.939
0.056650 0.840
0.056700 0.966
0.056750 0.800
0.056800 0.884
0.056850 0.756
0.056900 0.798
0.056950 0.829
0.057000 0.948
0.057050 0.916
0.057100 0.811
0.057150 0.828
0.057200 0.892
0.057250 0.778
0.057300 0.816
0.057350 0.854
0.057400 0.828
0.057450 0.726
0.057500 0.829
0.057550 0.828
0.057600 0.811
0.057650 0.743
0.057700 0.787
0.057750 0.719
0.057800 0.833
0.057850 0.720
0.057900 0.794
0.057950 0.816
0.058000 0.778
0.058050 0.861
0.058100 0.846
0.058150 0.901
0.058200 0.834
0.058250 0.849
0.058300 0.866
0.058350 0.816
0.058400 0.759
0.058450 0.775
0.058500 0.771
0.058550 0.825
0.058600 0.787
0.058650 0.755
0.058700 0.743
0.058750 0.845
0.058800 0.744
0.058850 0.932
0.058900 0.825
0.058950 0.730
0.059000 0.729
0.059050 0.858
0.059100 0.786
0.059150 0.789
0.059200 0.760
0.059250 0.745
0.059300 0.742
0.059350 0.783
0.059400 0.780
0.059450 0.744
0.059500 0.767
0.059550 0.899
0.059600 0.774
0.059650 0.789
0.059700 0.785
0.059750 0.776
0.059800 0.782
0.059850 0.689
0.059900 0.749
0.059950 0.856
0.060000 0.738
0.060050 0.648
0.060100 0.787
0.060150 0.739
0.060200 0.763
0.060250 0.797
0.060300 0.719
0.060350 0.794
0.060400 0.673
0.060450 0.822
0.060500 0.810
0.060550 0.765
0.060600 0.717
0.060650 0.742
0.060700 0.719
0.060750 0.793
0.060800 0.720
0.060850 0.697
0.060900 0.695
0.060950 0.635
0.061000 0.642
0.061050 0.773
0.061100 0.734
0.061150 0.635
0.061200 0.785
0.061250 0.823
0.061300 0.794
0.061350 0.796
0.061400 0.776
0.061450 0.684
0.061500 0.785
0.061550 0.681
0.061600 0.752
0.061650 0.753
0.061700 0.707
0.061750 0.713
0.061800 0.789
0.061850 0.722
0.061900 0.756
0.061950 0.836
0.062000 0.726
0.062050 0.769
0.062100 0.653
0.062150 0.723
0.062200 0.743
0.062250 0.840
0.062300 0.702
0.062350 0.893
0.062400 0.716
0.062450 0.855
0.062500 0.707
0.062550 0.785
0.062600 0.715
0.062650 0.751
0.062700 0.747
0.062750 0.708
0.062800 0.650
0.062850 0.582
0.062900 0.886
0.062950 0.604
0.063000 0.731
0.063050 0.682
0.063100 0.610
0.063150 0.654
0.063200 0.681
0.063250 0.715
0.063300 0.687
0.063350 0.742
0.063400 0.751
0.063450 0.765
0.063500 0.765
0.063550 0.604
0.063600 0.691
0.063650 0.756
0.063700 0.707
0.063750 0.676
0.063800 0.731
0.063850 0.701
0.063900 0.707
0.063950 0.707
0.064000 0.729
0.064050 0.661
0.064100 0.662
0.064150 0.606
0.064200 0.717
0.064250 0.665
0.064300 0.720
0.064350 0.719
0.064400 0.699
0.064450 0.714
0.064500 0.720
0.064550 0.666
0.064600 0.719
0.064650 0.660
0.064700 0.704
0.064750 0.601
0.064800 0.622
0.064850 0.665
0.064900 0.758
0.064950 0.575
0.065000 0.611
0.065050 0.642
0.065100 0.744
0.065150 0.700
0.065200 0.721
0.065250 0.682
0.065300 0.587
0.065350 0.710
0.065400 0.528
0.065450 0.637
0.065500 0.646
0.065550 0.700
0.065600 0.752
0.065650 0.713
0.065700 0.647
0.065750 0.717
0.065800 0.651
0.065850 0.643
0.065900 0.643
0.065950 0.679
0.066000 0.646
0.066050 0.633
0.066100 0.763
0.066150 0.656
0.066200 0.672
0.066250 0.769
0.066300 0.778
0.066350 0.676
0.066400 0.685
0.066450 0.567
0.066500 0.630
0.066550 0.673
0.066600 0.710
0.066650 0.595
0.066700 0.644
0.066750 0.684
0.066800 0.705
0.066850 0.619
0.066900 0.556
0.066950 0.705
0.067000 0.650
0.067050 0.566
0.067100 0.679
0.067150 0.568
0.067200 0.613
0.067250 0.633
0.067300 0.640
0.067350 0.700
0.067400 0.719
0.067450 0.668
0.067500 0.676
0.067550 0.653
0.067600 0.623
0.067650 0.669
0.067700 0.670
0.067750 0.692
0.067800 0.598
0.067850 0.760
0.067900 0.601
0.067950 0.687
0.068000 0.563
0.068050 0.622
0.068100 0.593
0.068150 0.744
0.068200 0.651
0.068250 0.626
0.068300 0.688
0.068350 0.648
0.068400 0.603
0.068450 0.579
0.068500 0.634
0.068550 0.636
0.068600 0.568
0.068650 0.611
0.068700 0.614
0.068750 0.663
0.068800 0.614
0.068850 0.551
0.068900 0.655
0.068950 0.649
0.069000 0.646
0.069050 0.598
0.069100 0.558
0.069150 0.511
0.069200 0.532
0.069250 0.707
0.069300 0.770
0.069350 0.625
0.069400 0.677
0.069450 0.525
0.069500 0.623
0.069550 0.537
0.069600 0.668
0.069650 0.681
0.069700 0.574
0.069750 0.552
0.069800 0.606
0.069850 0.608
0.069900 0.640
0.069950 0.656
0.070000 0.684
0.070050 0.615
0.070100 0.658
0.070150 0.619
0.070200 0.668
0.070250 0.644
0.070300 0.618
0.070350 0.608
0.070400 0.653
0.070450 0.586
0.070500 0.549
0.070550 0.624
0.070600 0.611
0.070650 0.633
0.070700 0.623
0.070750 0.636
0.070800 0.573
0.070850 0.577
0.070900 0.649
0.070950 0.542
0.071000 0.653
0.071050 0.549
0.071100 0.650
0.071150 0.512
0.071200 0.570
0.071250 0.565
0.071300 0.552
0.071350 0.572
0.071400 0.558
0.071450 0.621
0.071500 0.654
0.071550 0.625
0.071600 0.604
0.071650 0.535
0.071700 0.516
0.071750 0.631
0.071800 0.597
0.071850 0.575
0.071900 0.652
0.071950 0.663
0.072000 0.535
0.072050 0.517
0.072100 0.593
0.072150 0.558
0.072200 0.627
0.072250 0.638
0.072300 0.563
0.072350 0.608
0.072400 0.501
0.072450 0.528
0.072500 0.546
0.072550 0.606
0.072600 0.566
0.072650 0.639
0.072700 0.553
0.072750 0.512
0.072800 0.592
0.072850 0.533
0.072900 0.569
0.072950 0.575
0.073000 0.641
0.073050 0.617
0.073100 0.600
0.073150 0.594
0.073200 0.529
0.073250 0.569
0.073300 0.549
0.073350 0.710
0.073400 0.659
0.073450 0.614
0.073500 0.566
0.073550 0.557
0.073600 0.591
0.073650 0.572
0.073700 0.491
0.073750 0.670
0.073800 0.571
0.073850 0.529
0.073900 0.553
0.073950 0.596
0.074000 0.575
0.074050 0.570
0.074100 0.619
0.074150 0.608
0.074200 0.500
0.074250 0.573
0.074300 0.536
0.074350 0.517
0.074400 0.520
0.074450 0.593
0.074500 0.514
0.074550 0.583
0.074600 0.599
0.074650 0.550
0.074700 0.592
0.074750 0.564
0.074800 0.585
0.074850 0.620
0.074900 0.588
0.074950 0.576
0.075000 0.504
0.075050 0.587
0.075100 0.553
0.075150 0.559
0.075200 0.469
0.075250 0.593
0.075300 0.468
0.075350 0.554
0.075400 0.560
0.075450 0.604
0.075500 0.608
0.075550 0.569
0.075600 0.570
0.075650 0.587
0.075700 0.528
0.075750 0.574
0.075800 0.540
0.075850 0.537
0.075900 0.552
0.075950 0.519
0.076000 0.600
0.076050 0.514
0.076100 0.562
0.076150 0.563
0.076200 0.577
0.076250 0.603
0.076300 0.634
0.076350 0.525
0.076400 0.566
0.076450 0.477
0.076500 0.502
0.076550 0.578
0.076600 0.625
0.076650 0.533
0.076700 0.583
0.076750 0.522
0.076800 0.611
0.076850 0.547
0.076900 0.500
0.076950 0.453
0.077000 0.559
0.077050 0.565
0.077100 0.567
0.077150 0.586
0.077200 0.610
0.077250 0.564
0.077300 0.506
0.077350 0.533
0.077400 0.565
0.077450 0.527
0.077500 0.484
0.077550 0.525
0.077600 0.525
0.077650 0.511
0.077700 0.501
0.077750 0.483
0.077800 0.569
0.077850 0.495
0.077900 0.505
0.077950 0.541
0.078000 0.500
0.078050 0.519
0.078100 0.550
0.078150 0.558
0.078200 0.536
0.078250 0.585
0.078300 0.594
0.078350 0.527
0.078400 0.576
0.078450 0.522
0.078500 0.508
0.078550 0.618
0.078600 0.523
0.078650 0.549
0.078700 0.573
0.078750 0.582
0.078800 0.582
0.078850 0.522
0.078900 0.569
0.078950 0.495
0.079000 0.548
0.079050 0.593
0.079100 0.603
0.079150 0.555
0.079200 0.476
0.079250 0.527
0.079300 0.516
0.079350 0.488
0.079400 0.473
0.079450 0.587
0.079500 0.570
0.079550 0.466
0.079600 0.525
0.079650 0.538
0.079700 0.535
0.079750 0.555
0.079800 0.466
0.079850 0.543
0.079900 0.499
0.079950 0.497
0.080000 0.532
