0 0.089479
5e-05 0.094325
0.0001 0.123921
0.00015 0.086019
0.0002 0.097611
0.00025 0.083943
0.0003 0.074246
0.00035 0.100384
0.0004 0.099348
0.00045 0.082724
0.0005 0.091561
0.00055 0.100551
0.0006 0.08117
0.00065 0.073394
0.0007 0.085319
0.00075 0.113541
0.0008 0.131191
0.00085 0.082211
0.0009 0.094321
0.00095 0.069921
0.001 0.102629
0.00105 0.099873
0.0011 0.078742
0.00115 0.097952
0.0012 0.101074
0.00125 0.067678
0.0013 0.090511
0.00135 0.091909
0.0014 0.102462
0.00145 0.10091
0.0015 0.109735
0.00155 0.120449
0.0016 0.078408
0.00165 0.08618
0.0017 0.103683
0.00175 0.112645
0.0018 0.112686
0.00185 0.10782
0.0019 0.095043
0.00195 0.090511
0.002 0.117169
0.00205 0.135169
0.0021 0.1438
0.00215 0.189686
0.0022 0.194721
0.00225 0.259107
0.0023 0.301144
0.00235 0.356708
0.0024 0.409834
0.00245 0.460382
0.0025 0.639159
0.00255 0.733637
0.0026 1.02167
0.00265 1.36904
0.0027 1.66305
0.00275 2.1778
0.0028 2.57846
0.00285 3.16118
0.0029 3.8163
0.00295 4.30866
0.003 4.93834
0.00305 5.36893
0.0031 5.99666
0.00315 6.43693
0.0032 6.54397
0.00325 6.46928
0.0033 6.5067
0.00335 6.19882
0.0034 5.77359
0.00345 4.90147
0.0035 4.49767
0.00355 3.8199
0.0036 3.29761
0.00365 2.81194
0.0037 2.42806
0.00375 2.2769
0.0038 1.9378
0.00385 1.77933
0.0039 1.66202
0.00395 1.50765
0.004 1.37892
0.00405 1.24041
0.0041 1.17946
0.00415 1.13199
0.0042 1.15646
0.00425 1.08639
0.0043 1.03915
0.00435 1.01402
0.0044 0.957605
0.00445 0.847923
0.0045 0.867404
0.00455 0.908804
0.0046 0.851387
0.00465 0.862097
0.0047 0.856498
0.00475 0.843762
0.0048 0.82795
0.00485 0.775422
0.0049 0.815168
0.00495 0.713168
0.005 0.785072
0.00505 0.789812
0.0051 0.704056
0.00515 0.729152
0.0052 0.711633
0.00525 0.669127
0.0053 0.674635
0.00535 0.665509
0.0054 0.663861
0.00545 0.672603
0.0055 0.721185
0.00555 0.643359
0.0056 0.643151
0.00565 0.693505
0.0057 0.633
0.00575 0.631956
0.0058 0.650349
0.00585 0.587473
0.0059 0.617739
0.00595 0.619523
0.006 0.619671
0.00605 0.619217
0.0061 0.599683
0.00615 0.622937
0.0062 0.685992
0.00625 0.624028
0.0063 0.637745
0.00635 0.578783
0.0064 0.565082
0.00645 0.654372
0.0065 0.568699
0.00655 0.600575
0.0066 0.657457
0.00665 0.607007
0.0067 0.599202
0.00675 0.578622
0.0068 0.650244
0.00685 0.57996
0.0069 0.590037
0.00695 0.536527
0.007 0.57806
0.00705 0.591406
0.0071 0.57903
0.00715 0.595784
0.0072 0.56679
0.00725 0.582168
0.0073 0.554064
0.00735 0.523166
0.0074 0.582237
0.00745 0.589555
0.0075 0.542043
0.00755 0.565921
0.0076 0.544208
0.00765 0.542224
0.0077 0.556614
0.00775 0.536786
0.0078 0.535075
0.00785 0.584497
0.0079 0.602074
0.00795 0.464418
0.008 0.513948
0.00805 0.498606
0.0081 0.552054
0.00815 0.536256
0.0082 0.545526
0.00825 0.509428
0.0083 0.498839
0.00835 0.517239
0.0084 0.493495
0.00845 0.493239
0.0085 0.544733
0.00855 0.511413
0.0086 0.555633
0.00865 0.453693
0.0087 0.506188
0.00875 0.552478
0.0088 0.586381
0.00885 0.532659
0.0089 0.482587
0.00895 0.490805
0.009 0.482967
0.00905 0.502029
0.0091 0.496428
0.00915 0.490824
0.0092 0.483552
0.00925 0.496896
0.0093 0.462484
0.00935 0.504308
0.0094 0.530823
0.00945 0.465499
0.0095 0.496628
0.00955 0.497226
0.0096 0.544231
0.00965 0.458959
0.0097 0.485926
0.00975 0.468308
0.0098 0.493638
0.00985 0.495472
0.0099 0.485266
0.00995 0.488176
0.01 0.498637
0.01005 0.460843
0.0101 0.528114
0.01015 0.52811
0.0102 0.507871
0.01025 0.463293
0.0103 0.484988
0.01035 0.468376
0.0104 0.4844
0.01045 0.449898
0.0105 0.512235
0.01055 0.448111
0.0106 0.432551
0.01065 0.478467
0.0107 0.458656
0.01075 0.515954
0.0108 0.506837
0.01085 0.533615
0.0109 0.510005
0.01095 0.485019
0.011 0.479632
0.01105 0.424718
0.0111 0.488642
0.01115 0.483596
0.0112 0.464807
0.01125 0.493277
0.0113 0.495844
0.01135 0.493932
0.0114 0.436623
0.01145 0.472449
0.0115 0.436722
0.01155 0.406146
0.0116 0.452115
0.01165 0.442803
0.0117 0.502509
0.01175 0.454701
0.0118 0.419835
0.01185 0.421939
0.0119 0.429615
0.01195 0.466955
0.012 0.452029
0.01205 0.400175
0.0121 0.467763
0.01215 0.430581
0.0122 0.395922
0.01225 0.419676
0.0123 0.421042
0.01235 0.41974
0.0124 0.420955
0.01245 0.467977
0.0125 0.426249
0.01255 0.432947
0.0126 0.443054
0.01265 0.461702
0.0127 0.485453
0.01275 0.443983
0.0128 0.441124
0.01285 0.410404
0.0129 0.475193
0.01295 0.443791
0.013 0.407622
0.01305 0.405132
0.0131 0.402388
0.01315 0.427898
0.0132 0.4222
0.01325 0.454244
0.0133 0.45411
0.01335 0.446502
0.0134 0.443413
0.01345 0.420341
0.0135 0.440946
0.01355 0.428628
0.0136 0.426579
0.01365 0.413579
0.0137 0.431268
0.01375 0.46105
0.0138 0.451575
0.01385 0.424233
0.0139 0.430104
0.01395 0.401348
0.014 0.422331
0.01405 0.466975
0.0141 0.424676
0.01415 0.496406
0.0142 0.423572
0.01425 0.386316
0.0143 0.398635
0.01435 0.403337
0.0144 0.408117
0.01445 0.376725
0.0145 0.419241
0.01455 0.396817
0.0146 0.390597
0.01465 0.463427
0.0147 0.435548
0.01475 0.384912
0.0148 0.457933
0.01485 0.391361
0.0149 0.392911
0.01495 0.421203
0.015 0.404955
0.01505 0.404877
0.0151 0.429972
0.01515 0.398796
0.0152 0.406375
0.01525 0.413747
0.0153 0.384068
0.01535 0.373218
0.0154 0.398749
0.01545 0.363173
0.0155 0.435815
0.01555 0.348815
0.0156 0.389955
0.01565 0.381589
0.0157 0.353321
0.01575 0.444255
0.0158 0.364263
0.01585 0.386883
0.0159 0.450253
0.01595 0.461121
0.016 0.428132
0.01605 0.358144
0.0161 0.404772
0.01615 0.4133
0.0162 0.379677
0.01625 0.435413
0.0163 0.398488
0.01635 0.357634
0.0164 0.363144
0.01645 0.399416
0.0165 0.359578
0.01655 0.375838
0.0166 0.40159
0.01665 0.379498
0.0167 0.382351
0.01675 0.383233
0.0168 0.468392
0.01685 0.396144
0.0169 0.352423
0.01695 0.429713
0.017 0.389037
0.01705 0.432493
0.0171 0.418038
0.01715 0.379736
0.0172 0.378721
0.01725 0.380829
0.0173 0.336822
0.01735 0.397548
0.0174 0.322009
0.01745 0.383037
0.0175 0.37511
0.01755 0.375932
0.0176 0.355245
0.01765 0.337939
0.0177 0.381209
0.01775 0.377515
0.0178 0.360954
0.01785 0.377922
0.0179 0.37315
0.01795 0.388874
0.018 0.38128
0.01805 0.369294
0.0181 0.388079
0.01815 0.369543
0.0182 0.411824
0.01825 0.377242
0.0183 0.325141
0.01835 0.356533
0.0184 0.345025
0.01845 0.435929
0.0185 0.308696
0.01855 0.366446
0.0186 0.379546
0.01865 0.369578
0.0187 0.331419
0.01875 0.326433
0.0188 0.40097
0.01885 0.375946
0.0189 0.423125
0.01895 0.423571
0.019 0.332592
0.01905 0.316926
0.0191 0.345197
0.01915 0.351049
0.0192 0.357731
0.01925 0.345179
0.0193 0.380531
0.01935 0.377759
0.0194 0.345025
0.01945 0.387321
0.0195 0.33377
0.01955 0.36802
0.0196 0.38604
0.01965 0.367174
0.0197 0.355681
0.01975 0.338173
0.0198 0.348732
0.01985 0.369732
0.0199 0.349407
0.01995 0.341341
0.02 0.355282
0.02005 0.388636
0.0201 0.371473
0.02015 0.377221
0.0202 0.315793
0.02025 0.422817
0.0203 0.349123
0.02035 0.329567
0.0204 0.361413
0.02045 0.350455
0.0205 0.327098
0.02055 0.334482
0.0206 0.391905
0.02065 0.374823
0.0207 0.341027
0.02075 0.397269
0.0208 0.384706
0.02085 0.361612
0.0209 0.340457
0.02095 0.351921
0.021 0.364741
0.02105 0.343481
0.0211 0.386799
0.02115 0.349875
0.0212 0.305899
0.02125 0.341285
0.0213 0.304769
0.02135 0.346331
0.0214 0.31784
0.02145 0.34205
0.0215 0.371181
0.02155 0.353437
0.0216 0.341641
0.02165 0.334981
0.0217 0.32524
0.02175 0.324162
0.0218 0.364602
0.02185 0.35715
0.0219 0.340437
0.02195 0.375099
0.022 0.383547
0.02205 0.375707
0.0221 0.387757
0.02215 0.464721
0.0222 0.454993
0.02225 0.568301
0.0223 0.671649
0.02235 0.731341
0.0224 0.799065
0.02245 0.899639
0.0225 1.08386
0.02255 1.3597
0.0226 1.68901
0.02265 2.06133
0.0227 2.63947
0.02275 3.17076
0.0228 3.84167
0.02285 4.40563
0.0229 5.31422
0.02295 6.24153
0.023 6.9295
0.02305 7.62271
0.0231 8.2295
0.02315 8.6484
0.0232 8.87543
0.02325 9.05198
0.0233 8.88852
0.02335 8.30493
0.0234 7.92468
0.02345 7.32324
0.0235 6.48179
0.02355 5.50076
0.0236 4.96364
0.02365 4.5287
0.0237 4.04054
0.02375 3.72389
0.0238 3.27637
0.02385 2.81879
0.0239 2.72712
0.02395 2.59257
0.024 2.36046
0.02405 2.26278
0.0241 2.09732
0.02415 1.95838
0.0242 1.97424
0.02425 1.79188
0.0243 1.85966
0.02435 1.75362
0.0244 1.62491
0.02445 1.63503
0.0245 1.53767
0.02455 1.49529
0.0246 1.48123
0.02465 1.42904
0.0247 1.4275
0.02475 1.47157
0.0248 1.37674
0.02485 1.35652
0.0249 1.34066
0.02495 1.25269
0.025 1.19375
0.02505 1.22279
0.0251 1.22988
0.02515 1.22289
0.0252 1.24716
0.02525 1.24323
0.0253 1.26209
0.02535 1.16725
0.0254 1.17111
0.02545 1.12858
0.0255 1.10572
0.02555 1.14058
0.0256 1.07663
0.02565 1.15159
0.0257 1.11524
0.02575 1.10395
0.0258 1.13499
0.02585 1.14083
0.0259 1.06469
0.02595 1.03699
0.026 1.04872
0.02605 1.11846
0.0261 1.04529
0.02615 0.963325
0.0262 1.01161
0.02625 1.0486
0.0263 1.03046
0.02635 0.997962
0.0264 1.06314
0.02645 0.950083
0.0265 1.00205
0.02655 0.969197
0.0266 0.978262
0.02665 1.03757
0.0267 0.946349
0.02675 0.982715
0.0268 1.00908
0.02685 0.977492
0.0269 0.976448
0.02695 0.893858
0.027 0.930911
0.02705 1.08795
0.0271 0.918436
0.02715 0.93022
0.0272 1.00311
0.02725 0.886394
0.0273 0.955016
0.02735 0.911676
0.0274 0.926293
0.02745 0.950341
0.0275 0.928788
0.02755 0.959006
0.0276 1.01759
0.02765 0.96071
0.0277 0.950694
0.02775 0.865008
0.0278 0.87912
0.02785 0.865968
0.0279 0.8902
0.02795 0.905604
0.028 0.838625
0.02805 0.878631
0.0281 0.935743
0.02815 0.862877
0.0282 0.925789
0.02825 0.974887
0.0283 0.876259
0.02835 0.887301
0.0284 0.838089
0.02845 0.898059
0.0285 0.790473
0.02855 0.900255
0.0286 0.8433
0.02865 0.842874
0.0287 0.945948
0.02875 0.899226
0.0288 0.843029
0.02885 0.877865
0.0289 0.836456
0.02895 0.812234
0.029 0.868067
0.02905 0.838055
0.0291 0.826546
0.02915 0.8471
0.0292 0.883557
0.02925 0.818239
0.0293 0.837703
0.02935 0.810817
0.0294 0.799699
0.02945 0.773777
0.0295 0.798552
0.02955 0.755968
0.0296 0.803307
0.02965 0.843167
0.0297 0.737456
0.02975 0.883918
0.0298 0.809037
0.02985 0.810923
0.0299 0.778079
0.02995 0.818873
0.03 0.78535
0.03005 0.801026
0.0301 0.764322
0.03015 0.703882
0.0302 0.767775
0.03025 0.756845
0.0303 0.814455
0.03035 0.806689
0.0304 0.834818
0.03045 0.770368
0.0305 0.820471
0.03055 0.753319
0.0306 0.820087
0.03065 0.799997
0.0307 0.823476
0.03075 0.7134
0.0308 0.77555
0.03085 0.695866
0.0309 0.76312
0.03095 0.771184
0.031 0.763765
0.03105 0.643109
0.0311 0.741793
0.03115 0.735501
0.0312 0.686682
0.03125 0.8367
0.0313 0.769872
0.03135 0.722822
0.0314 0.731531
0.03145 0.720755
0.0315 0.783758
0.03155 0.776912
0.0316 0.710534
0.03165 0.729434
0.0317 0.799862
0.03175 0.747878
0.0318 0.761899
0.03185 0.722397
0.0319 0.713384
0.03195 0.728652
0.032 0.695279
0.03205 0.722101
0.0321 0.726547
0.03215 0.716205
0.0322 0.797408
0.03225 0.809224
0.0323 0.733752
0.03235 0.709772
0.0324 0.75967
0.03245 0.737652
0.0325 0.700562
0.03255 0.729156
0.0326 0.78074
0.03265 0.733156
0.0327 0.672256
0.03275 0.75868
0.0328 0.712789
0.03285 0.746309
0.0329 0.719357
0.03295 0.697565
0.033 0.715998
0.03305 0.69215
0.0331 0.804112
0.03315 0.747928
0.0332 0.670212
0.03325 0.69338
0.0333 0.742669
0.03335 0.705343
0.0334 0.679225
0.03345 0.677113
0.0335 0.684389
0.03355 0.699765
0.0336 0.69435
0.03365 0.657236
0.0337 0.694885
0.03375 0.659021
0.0338 0.683931
0.03385 0.674377
0.0339 0.691265
0.03395 0.657231
0.034 0.663229
0.03405 0.632429
0.0341 0.688921
0.03415 0.571245
0.0342 0.666091
0.03425 0.655713
0.0343 0.744221
0.03435 0.679695
0.0344 0.606622
0.03445 0.676064
0.0345 0.667729
0.03455 0.698113
0.0346 0.644779
0.03465 0.720301
0.0347 0.723178
0.03475 0.717718
0.0348 0.672508
0.03485 0.659912
0.0349 0.647265
0.03495 0.656267
0.035 0.621148
0.03505 0.632214
0.0351 0.655282
0.03515 0.678452
0.0352 0.673524
0.03525 0.664342
0.0353 0.626844
0.03535 0.685478
0.0354 0.593347
0.03545 0.667679
0.0355 0.635679
0.03555 0.636299
0.0356 0.66901
0.03565 0.590478
0.0357 0.631739
0.03575 0.651697
0.0358 0.697554
0.03585 0.653856
0.0359 0.611416
0.03595 0.663122
0.036 0.605455
0.03605 0.581485
0.0361 0.58417
0.03615 0.639722
0.0362 0.630983
0.03625 0.673757
0.0363 0.631652
0.03635 0.59156
0.0364 0.640244
0.03645 0.648252
0.0365 0.636559
0.03655 0.687773
0.0366 0.654172
0.03665 0.616032
0.0367 0.568919
0.03675 0.624657
0.0368 0.633458
0.03685 0.666652
0.0369 0.646776
0.03695 0.633482
0.037 0.642367
0.03705 0.580801
0.0371 0.571742
0.03715 0.576786
0.0372 0.605694
0.03725 0.555646
0.0373 0.58757
0.03735 0.58447
0.0374 0.602333
0.03745 0.636021
0.0375 0.622534
0.03755 0.61802
0.0376 0.602949
0.03765 0.579527
0.0377 0.60811
0.03775 0.58767
0.0378 0.620142
0.03785 0.573914
0.0379 0.603406
0.03795 0.589698
0.038 0.684762
0.03805 0.544746
0.0381 0.630029
0.03815 0.649183
0.0382 0.56667
0.03825 0.584948
0.0383 0.633214
0.03835 0.5634
0.0384 0.600976
0.03845 0.629462
0.0385 0.608718
0.03855 0.656604
0.0386 0.620422
0.03865 0.543854
0.0387 0.572392
0.03875 0.590956
0.0388 0.603379
0.03885 0.595625
0.0389 0.558242
0.03895 0.563618
0.039 0.55496
0.03905 0.538452
0.0391 0.579826
0.03915 0.612738
0.0392 0.550009
0.03925 0.535775
0.0393 0.546674
0.03935 0.563922
0.0394 0.52522
0.03945 0.593024
0.0395 0.551931
0.03955 0.532861
0.0396 0.555751
0.03965 0.541413
0.0397 0.558029
0.03975 0.527747
0.0398 0.514888
0.03985 0.518742
0.0399 0.587333
0.03995 0.565785
0.04 0.488089
0.04005 0.547247
0.0401 0.488589
0.04015 0.563983
0.0402 0.515692
0.04025 0.537346
0.0403 0.552628
0.04035 0.532418
0.0404 0.54935
0.04045 0.634388
0.0405 0.545379
0.04055 0.563227
0.0406 0.536429
0.04065 0.539653
0.0407 0.623577
0.04075 0.563381
0.0408 0.539731
0.04085 0.540537
0.0409 0.538892
0.04095 0.542164
0.041 0.579933
0.04105 0.520847
0.0411 0.528211
0.04115 0.541373
0.0412 0.552936
0.04125 0.5695
0.0413 0.526583
0.04135 0.543129
0.0414 0.559738
0.04145 0.57558
0.0415 0.56489
0.04155 0.525876
0.0416 0.534205
0.04165 0.519215
0.0417 0.561789
0.04175 0.577767
0.0418 0.546096
0.04185 0.568784
0.0419 0.572259
0.04195 0.486709
0.042 0.542144
0.04205 0.566626
0.0421 0.517857
0.04215 0.493393
0.0422 0.533065
0.04225 0.533119
0.0423 0.523859
0.04235 0.526441
0.0424 0.49932
0.04245 0.511206
0.0425 0.553773
0.04255 0.509589
0.0426 0.519844
0.04265 0.576254
0.0427 0.533685
0.04275 0.520929
0.0428 0.511559
0.04285 0.501301
0.0429 0.469535
0.04295 0.549461
0.043 0.534098
0.04305 0.502306
0.0431 0.514419
0.04315 0.574097
0.0432 0.52586
0.04325 0.538944
0.0433 0.49312
0.04335 0.505296
0.0434 0.522731
0.04345 0.491509
0.0435 0.503732
0.04355 0.540416
0.0436 0.516119
0.04365 0.480379
0.0437 0.515394
0.04375 0.494468
0.0438 0.569943
0.04385 0.574561
0.0439 0.500966
0.04395 0.502802
0.044 0.48086
0.04405 0.524114
0.0441 0.478335
0.04415 0.498703
0.0442 0.483743
0.04425 0.566195
0.0443 0.489269
0.04435 0.544397
0.0444 0.477032
0.04445 0.505562
0.0445 0.507461
0.04455 0.432657
0.0446 0.423686
0.04465 0.501406
0.0447 0.54001
0.04475 0.495418
0.0448 0.550246
0.04485 0.507378
0.0449 0.471561
0.04495 0.498627
0.045 0.478934
0.04505 0.47361
0.0451 0.558571
0.04515 0.499177
0.0452 0.478503
0.04525 0.523901
0.0453 0.492357
0.04535 0.520639
0.0454 0.486296
0.04545 0.480962
0.0455 0.510231
0.04555 0.437455
0.0456 0.484045
0.04565 0.497887
0.0457 0.537397
0.04575 0.528491
0.0458 0.46087
0.04585 0.477486
0.0459 0.516215
0.04595 0.502633
0.046 0.503745
0.04605 0.494721
0.0461 0.510591
0.04615 0.468303
0.0462 0.515605
0.04625 0.530653
0.0463 0.435439
0.04635 0.517167
0.0464 0.481179
0.04645 0.460887
0.0465 0.419119
0.04655 0.448051
0.0466 0.503203
0.04665 0.453927
0.0467 0.48023
0.04675 0.517852
0.0468 0.46096
0.04685 0.458292
0.0469 0.480032
0.04695 0.506544
0.047 0.485152
0.04705 0.436376
0.0471 0.456286
0.04715 0.447942
0.0472 0.484934
0.04725 0.452988
0.0473 0.50712
0.04735 0.473262
0.0474 0.510474
0.04745 0.455656
0.0475 0.47009
0.04755 0.515036
0.0476 0.48198
0.04765 0.470764
0.0477 0.45283
0.04775 0.467346
0.0478 0.409178
0.04785 0.45142
0.0479 0.447765
0.04795 0.470981
0.048 0.51157
0.04805 0.445506
0.0481 0.453389
0.04815 0.496967
0.0482 0.504013
0.04825 0.483069
0.0483 0.563597
0.04835 0.483689
0.0484 0.449078
0.04845 0.455102
0.0485 0.494161
0.04855 0.424479
0.0486 0.445073
0.04865 0.439435
0.0487 0.457182
0.04875 0.448634
0.0488 0.430292
0.04885 0.456884
0.0489 0.500203
0.04895 0.468197
0.049 0.47043
0.04905 0.44223
0.0491 0.426725
0.04915 0.443647
0.0492 0.462593
0.04925 0.436243
0.0493 0.468048
0.04935 0.425852
0.0494 0.45276
0.04945 0.428272
0.0495 0.491911
0.04955 0.470433
0.0496 0.477689
0.04965 0.439245
0.0497 0.447452
0.04975 0.473614
0.0498 0.444025
0.04985 0.458261
0.0499 0.443571
