0.000050 0.092
0.000100 0.095
0.000150 0.066
0.000200 0.100
0.000250 0.107
0.000300 0.105
0.000350 0.096
0.000400 0.103
0.000450 0.099
0.000500 0.098
0.000550 0.092
0.000600 0.087
0.000650 0.100
0.000700 0.103
0.000750 0.105
0.000800 0.104
0.000850 0.106
0.000900 0.091
0.000950 0.118
0.001000 0.121
0.001050 0.104
0.001100 0.174
0.001150 0.221
0.001200 0.219
0.001250 0.299
0.001300 0.362
0.001350 0.376
0.001400 0.456
0.001450 0.590
0.001500 0.730
0.001550 0.862
0.001600 1.320
0.001650 1.654
0.001700 2.116
0.001750 2.826
0.001800 3.247
0.001850 4.043
0.001900 4.927
0.001950 5.496
0.002000 6.510
0.002050 7.217
0.002100 7.684
0.002150 8.613
0.002200 8.577
0.002250 8.604
0.002300 8.517
0.002350 8.004
0.002400 7.425
0.002450 6.442
0.002500 5.687
0.002550 5.026
0.002600 4.371
0.002650 3.680
0.002700 3.069
0.002750 2.823
0.002800 2.397
0.002850 2.297
0.002900 2.033
0.002950 1.904
0.003000 1.659
0.003050 1.665
0.003100 1.382
0.003150 1.372
0.003200 1.354
0.003250 1.259
0.003300 1.172
0.003350 1.286
0.003400 1.057
0.003450 1.218
0.003500 1.062
0.003550 0.935
0.003600 0.967
0.003650 0.974
0.003700 1.027
0.003750 0.975
0.003800 0.949
0.003850 0.875
0.003900 0.826
0.003950 0.897
0.004000 0.975
0.004050 0.933
0.004100 0.703
0.004150 0.925
0.004200 0.726
0.004250 0.862
0.004300 0.922
0.004350 0.772
0.004400 0.826
0.004450 0.745
0.004500 0.784
0.004550 0.909
0.004600 0.800
0.004650 0.736
0.004700 0.735
0.004750 0.757
0.004800 0.875
0.004850 0.791
0.004900 0.812
0.004950 0.871
0.005000 0.811
0.005050 0.764
0.005100 0.747
0.005150 0.703
0.005200 0.659
0.005250 0.645
0.005300 0.713
0.005350 0.767
0.005400 0.735
0.005450 0.694
0.005500 0.650
0.005550 0.654
0.005600 0.602
0.005650 0.700
0.005700 0.587
0.005750 0.671
0.005800 0.794
0.005850 0.698
0.005900 0.686
0.005950 0.697
0.006000 0.642
0.006050 0.677
0.006100 0.656
0.006150 0.607
0.006200 0.728
0.006250 0.736
0.006300 0.697
0.006350 0.602
0.006400 0.577
0.006450 0.651
0.006500 0.665
0.006550 0.614
0.006600 0.645
0.006650 0.715
0.006700 0.603
0.006750 0.613
0.006800 0.629
0.006850 0.665
0.006900 0.601
0.006950 0.560
0.007000 0.657
0.007050 0.578
0.007100 0.598
0.007150 0.591
0.007200 0.532
0.007250 0.630
0.007300 0.611
0.007350 0.643
0.007400 0.639
0.007450 0.527
0.007500 0.536
0.007550 0.599
0.007600 0.601
0.007650 0.542
0.007700 0.624
0.007750 0.600
0.007800 0.556
0.007850 0.605
0.007900 0.614
0.007950 0.524
0.008000 0.602
0.008050 0.623
0.008100 0.608
0.008150 0.494
0.008200 0.484
0.008250 0.580
0.008300 0.504
0.008350 0.580
0.008400 0.606
0.008450 0.553
0.008500 0.523
0.008550 0.601
0.008600 0.573
0.008650 0.593
0.008700 0.521
0.008750 0.543
0.008800 0.453
0.008850 0.518
0.008900 0.635
0.008950 0.501
0.009000 0.566
0.009050 0.512
0.009100 0.612
0.009150 0.610
0.009200 0.543
0.009250 0.533
0.009300 0.582
0.009350 0.652
0.009400 0.505
0.009450 0.525
0.009500 0.554
0.009550 0.521
0.009600 0.438
0.009650 0.560
0.009700 0.553
0.009750 0.524
0.009800 0.483
0.009850 0.531
0.009900 0.442
0.009950 0.513
0.010000 0.482
0.010050 0.442
0.010100 0.569
0.010150 0.585
0.010200 0.543
0.010250 0.542
0.010300 0.560
0.010350 0.484
0.010400 0.553
0.010450 0.586
0.010500 0.477
0.010550 0.559
0.010600 0.561
0.010650 0.614
0.010700 0.578
0.010750 0.443
0.010800 0.523
0.010850 0.607
0.010900 0.550
0.010950 0.517
0.011000 0.552
0.011050 0.540
0.011100 0.581
0.011150 0.517
0.011200 0.507
0.011250 0.518
0.011300 0.472
0.011350 0.476
0.011400 0.453
0.011450 0.534
0.011500 0.468
0.011550 0.514
0.011600 0.405
0.011650 0.580
0.011700 0.598
0.011750 0.419
0.011800 0.470
0.011850 0.494
0.011900 0.420
0.011950 0.485
0.012000 0.448
0.012050 0.497
0.012100 0.456
0.012150 0.471
0.012200 0.459
0.012250 0.506
0.012300 0.552
0.012350 0.488
0.012400 0.515
0.012450 0.443
0.012500 0.482
0.012550 0.458
0.012600 0.439
0.012650 0.483
0.012700 0.486
0.012750 0.409
0.012800 0.420
0.012850 0.432
0.012900 0.465
0.012950 0.479
0.013000 0.470
0.013050 0.544
0.013100 0.434
0.013150 0.449
0.013200 0.366
0.013250 0.420
0.013300 0.547
0.013350 0.493
0.013400 0.482
0.013450 0.531
0.013500 0.462
0.013550 0.517
0.013600 0.509
0.013650 0.484
0.013700 0.501
0.013750 0.477
0.013800 0.508
0.013850 0.501
0.013900 0.403
0.013950 0.467
0.014000 0.364
0.014050 0.443
0.014100 0.430
0.014150 0.463
0.014200 0.401
0.014250 0.389
0.014300 0.449
0.014350 0.425
0.014400 0.537
0.014450 0.434
0.014500 0.380
0.014550 0.477
0.014600 0.467
0.014650 0.454
0.014700 0.453
0.014750 0.353
0.014800 0.402
0.014850 0.523
0.014900 0.428
0.014950 0.458
0.015000 0.486
0.015050 0.415
0.015100 0.477
0.015150 0.456
0.015200 0.475
0.015250 0.381
0.015300 0.421
0.015350 0.468
0.015400 0.436
0.015450 0.466
0.015500 0.409
0.015550 0.446
0.015600 0.402
0.015650 0.421
0.015700 0.482
0.015750 0.366
0.015800 0.440
0.015850 0.393
0.015900 0.450
0.015950 0.504
0.016000 0.386
0.016050 0.396
0.016100 0.451
0.016150 0.419
0.016200 0.345
0.016250 0.364
0.016300 0.361
0.016350 0.480
0.016400 0.448
0.016450 0.391
0.016500 0.452
0.016550 0.451
0.016600 0.426
0.016650 0.376
0.016700 0.319
0.016750 0.441
0.016800 0.417
0.016850 0.459
0.016900 0.325
0.016950 0.446
0.017000 0.389
0.017050 0.375
0.017100 0.398
0.017150 0.427
0.017200 0.454
0.017250 0.445
0.017300 0.370
0.017350 0.396
0.017400 0.374
0.017450 0.405
0.017500 0.396
0.017550 0.361
0.017600 0.508
0.017650 0.391
0.017700 0.396
0.017750 0.395
0.017800 0.386
0.017850 0.447
0.017900 0.413
0.017950 0.438
0.018000 0.436
0.018050 0.442
0.018100 0.443
0.018150 0.408
0.018200 0.423
0.018250 0.390
0.018300 0.418
0.018350 0.439
0.018400 0.371
0.018450 0.347
0.018500 0.441
0.018550 0.373
0.018600 0.370
0.018650 0.363
0.018700 0.406
0.018750 0.437
0.018800 0.358
0.018850 0.432
0.018900 0.379
0.018950 0.378
0.019000 0.370
0.019050 0.392
0.019100 0.393
0.019150 0.376
0.019200 0.489
0.019250 0.379
0.019300 0.450
0.019350 0.318
0.019400 0.345
0.019450 0.366
0.019500 0.353
0.019550 0.369
0.019600 0.327
0.019650 0.412
0.019700 0.337
0.019750 0.337
0.019800 0.432
0.019850 0.396
0.019900 0.395
0.019950 0.320
0.020000 0.352
0.020050 0.422
0.020100 0.385
0.020150 0.341
0.020200 0.347
0.020250 0.372
0.020300 0.351
0.020350 0.329
0.020400 0.374
0.020450 0.410
0.020500 0.370
0.020550 0.366
0.020600 0.292
0.020650 0.355
0.020700 0.332
0.020750 0.365
0.020800 0.334
0.020850 0.363
0.020900 0.400
0.020950 0.346
0.021000 0.357
0.021050 0.321
0.021100 0.355
0.021150 0.388
0.021200 0.319
0.021250 0.427
0.021300 0.313
0.021350 0.363
0.021400 0.396
0.021450 0.409
0.021500 0.356
0.021550 0.340
0.021600 0.418
0.021650 0.337
0.021700 0.379
0.021750 0.379
0.021800 0.365
0.021850 0.345
0.021900 0.247
0.021950 0.370
0.022000 0.467
0.022050 0.307
0.022100 0.415
0.022150 0.358
0.022200 0.337
0.022250 0.418
0.022300 0.344
0.022350 0.410
0.022400 0.345
0.022450 0.310
0.022500 0.355
0.022550 0.421
0.022600 0.309
0.022650 0.372
0.022700 0.364
0.022750 0.299
0.022800 0.324
0.022850 0.325
0.022900 0.393
0.022950 0.390
0.023000 0.302
0.023050 0.441
0.023100 0.322
0.023150 0.269
0.023200 0.314
0.023250 0.377
0.023300 0.399
0.023350 0.379
0.023400 0.380
0.023450 0.398
0.023500 0.318
0.023550 0.409
0.023600 0.311
0.023650 0.414
0.023700 0.388
0.023750 0.335
0.023800 0.389
0.023850 0.339
0.023900 0.273
0.023950 0.330
0.024000 0.318
0.024050 0.411
0.024100 0.347
0.024150 0.325
0.024200 0.370
0.024250 0.335
0.024300 0.329
0.024350 0.315
0.024400 0.351
0.024450 0.360
0.024500 0.305
0.024550 0.371
0.024600 0.367
0.024650 0.386
0.024700 0.367
0.024750 0.359
0.024800 0.299
0.024850 0.302
0.024900 0.378
0.024950 0.437
0.025000 0.335
0.025050 0.357
0.025100 0.382
0.025150 0.379
0.025200 0.410
0.025250 0.355
0.025300 0.379
0.025350 0.337
0.025400 0.357
0.025450 0.313
0.025500 0.397
0.025550 0.336
0.025600 0.349
0.025650 0.318
0.025700 0.284
0.025750 0.299
0.025800 0.391
0.025850 0.326
0.025900 0.381
0.025950 0.333
0.026000 0.243
0.026050 0.342
0.026100 0.263
0.026150 0.377
0.026200 0.357
0.026250 0.344
0.026300 0.313
0.026350 0.319
0.026400 0.372
0.026450 0.352
0.026500 0.306
0.026550 0.299
0.026600 0.327
0.026650 0.313
0.026700 0.332
0.026750 0.321
0.026800 0.316
0.026850 0.241
0.026900 0.345
0.026950 0.329
0.027000 0.298
0.027050 0.347
0.027100 0.295
0.027150 0.380
0.027200 0.338
0.027250 0.310
0.027300 0.370
0.027350 0.289
0.027400 0.320
0.027450 0.296
0.027500 0.306
0.027550 0.305
0.027600 0.338
0.027650 0.317
0.027700 0.261
0.027750 0.241
0.027800 0.289
0.027850 0.333
0.027900 0.328
0.027950 0.286
0.028000 0.344
0.028050 0.290
0.028100 0.334
0.028150 0.301
0.028200 0.310
0.028250 0.298
0.028300 0.292
0.028350 0.342
0.028400 0.254
0.028450 0.357
0.028500 0.302
0.028550 0.292
0.028600 0.286
0.028650 0.253
0.028700 0.288
0.028750 0.262
0.028800 0.291
0.028850 0.297
0.028900 0.314
0.028950 0.328
0.029000 0.296
0.029050 0.350
0.029100 0.356
0.029150 0.327
0.029200 0.295
0.029250 0.227
0.029300 0.325
0.029350 0.288
0.029400 0.303
0.029450 0.303
0.029500 0.317
0.029550 0.321
0.029600 0.335
0.029650 0.269
0.029700 0.289
0.029750 0.266
0.029800 0.275
0.029850 0.417
0.029900 0.276
0.029950 0.318
0.030000 0.353
0.030050 0.265
0.030100 0.330
0.030150 0.284
0.030200 0.266
0.030250 0.304
0.030300 0.301
0.030350 0.311
0.030400 0.343
0.030450 0.289
0.030500 0.280
0.030550 0.362
0.030600 0.316
0.030650 0.295
0.030700 0.263
0.030750 0.356
0.030800 0.283
0.030850 0.289
0.030900 0.307
0.030950 0.384
0.031000 0.263
0.031050 0.257
0.031100 0.264
0.031150 0.289
0.031200 0.335
0.031250 0.253
0.031300 0.320
0.031350 0.356
0.031400 0.296
0.031450 0.322
0.031500 0.307
0.031550 0.341
0.031600 0.296
0.031650 0.313
0.031700 0.299
0.031750 0.309
0.031800 0.293
0.031850 0.231
0.031900 0.287
0.031950 0.287
0.032000 0.332
0.032050 0.277
0.032100 0.292
0.032150 0.290
0.032200 0.309
0.032250 0.316
0.032300 0.274
0.032350 0.227
0.032400 0.354
0.032450 0.249
0.032500 0.251
0.032550 0.311
0.032600 0.317
0.032650 0.270
0.032700 0.278
0.032750 0.360
0.032800 0.299
0.032850 0.355
0.032900 0.382
0.032950 0.322
0.033000 0.291
0.033050 0.321
0.033100 0.331
0.033150 0.273
0.033200 0.277
0.033250 0.283
0.033300 0.231
0.033350 0.289
0.033400 0.329
0.033450 0.267
0.033500 0.272
0.033550 0.313
0.033600 0.259
0.033650 0.292
0.033700 0.265
0.033750 0.333
0.033800 0.289
0.033850 0.341
0.033900 0.312
0.033950 0.264
0.034000 0.310
0.034050 0.237
0.034100 0.291
0.034150 0.269
0.034200 0.260
0.034250 0.289
0.034300 0.328
0.034350 0.325
0.034400 0.284
0.034450 0.271
0.034500 0.238
0.034550 0.305
0.034600 0.257
0.034650 0.267
0.034700 0.242
0.034750 0.315
0.034800 0.310
0.034850 0.299
0.034900 0.302
0.034950 0.307
0.035000 0.307
0.035050 0.302
0.035100 0.186
0.035150 0.308
0.035200 0.238
0.035250 0.288
0.035300 0.269
0.035350 0.254
0.035400 0.315
0.035450 0.318
0.035500 0.268
0.035550 0.248
0.035600 0.268
0.035650 0.248
0.035700 0.300
0.035750 0.304
0.035800 0.214
0.035850 0.280
0.035900 0.284
0.035950 0.212
0.036000 0.263
0.036050 0.280
0.036100 0.203
0.036150 0.262
0.036200 0.271
0.036250 0.255
0.036300 0.267
0.036350 0.295
0.036400 0.305
0.036450 0.283
0.036500 0.260
0.036550 0.321
0.036600 0.241
0.036650 0.274
0.036700 0.253
0.036750 0.278
0.036800 0.236
0.036850 0.315
0.036900 0.286
0.036950 0.223
0.037000 0.298
0.037050 0.249
0.037100 0.260
0.037150 0.280
0.037200 0.295
0.037250 0.285
0.037300 0.258
0.037350 0.235
0.037400 0.267
0.037450 0.305
0.037500 0.259
0.037550 0.276
0.037600 0.331
0.037650 0.295
0.037700 0.213
0.037750 0.283
0.037800 0.254
0.037850 0.305
0.037900 0.321
0.037950 0.284
0.038000 0.321
0.038050 0.256
0.038100 0.269
0.038150 0.325
0.038200 0.252
0.038250 0.283
0.038300 0.264
0.038350 0.260
0.038400 0.281
0.038450 0.317
0.038500 0.320
0.038550 0.347
0.038600 0.308
0.038650 0.322
0.038700 0.306
0.038750 0.326
0.038800 0.297
0.038850 0.215
0.038900 0.340
0.038950 0.255
0.039000 0.224
0.039050 0.240
0.039100 0.248
0.039150 0.264
0.039200 0.190
0.039250 0.266
0.039300 0.255
0.039350 0.261
0.039400 0.237
0.039450 0.259
0.039500 0.275
0.039550 0.290
0.039600 0.255
0.039650 0.228
0.039700 0.306
0.039750 0.245
0.039800 0.261
0.039850 0.265
0.039900 0.280
0.039950 0.287
0.040000 0.332
0.040050 0.286
0.040100 0.293
0.040150 0.319
0.040200 0.294
0.040250 0.266
0.040300 0.284
0.040350 0.250
0.040400 0.291
0.040450 0.299
0.040500 0.244
0.040550 0.276
0.040600 0.254
0.040650 0.253
0.040700 0.273
0.040750 0.317
0.040800 0.297
0.040850 0.250
0.040900 0.256
0.040950 0.337
0.041000 0.303
0.041050 0.273
0.041100 0.316
0.041150 0.353
0.041200 0.489
0.041250 0.521
0.041300 0.672
0.041350 0.617
0.041400 0.619
0.041450 0.999
0.041500 1.125
0.041550 1.425
0.041600 1.873
0.041650 2.133
0.041700 2.660
0.041750 3.384
0.041800 4.201
0.041850 5.234
0.041900 5.996
0.041950 7.168
0.042000 7.928
0.042050 8.643
0.042100 9.508
0.042150 10.150
0.042200 10.484
0.042250 10.509
0.042300 10.001
0.042350 10.230
0.042400 9.378
0.042450 8.352
0.042500 7.067
0.042550 5.924
0.042600 5.341
0.042650 4.922
0.042700 4.265
0.042750 3.753
0.042800 3.535
0.042850 3.185
0.042900 2.905
0.042950 2.627
0.043000 2.173
0.043050 2.356
0.043100 2.163
0.043150 1.893
0.043200 1.864
0.043250 1.778
0.043300 1.801
0.043350 1.766
0.043400 1.578
0.043450 1.621
0.043500 1.516
0.043550 1.639
0.043600 1.432
0.043650 1.414
0.043700 1.420
0.043750 1.476
0.043800 1.378
0.043850 1.404
0.043900 1.256
0.043950 1.305
0.044000 1.283
0.044050 1.305
0.044100 1.256
0.044150 1.345
0.044200 1.274
0.044250 1.131
0.044300 1.263
0.044350 1.115
0.044400 1.162
0.044450 1.200
0.044500 1.198
0.044550 1.175
0.044600 1.078
0.044650 1.080
0.044700 1.095
0.044750 1.126
0.044800 1.037
0.044850 1.134
0.044900 1.136
0.044950 1.048
0.045000 1.142
0.045050 1.195
0.045100 0.976
0.045150 1.194
0.045200 1.092
0.045250 1.054
0.045300 0.884
0.045350 1.009
0.045400 1.102
0.045450 0.955
0.045500 1.067
0.045550 1.038
0.045600 0.951
0.045650 0.955
0.045700 0.933
0.045750 0.926
0.045800 1.016
0.045850 1.055
0.045900 1.005
0.045950 0.883
0.046000 1.005
0.046050 0.919
0.046100 0.928
0.046150 0.980
0.046200 0.983
0.046250 0.957
0.046300 0.935
0.046350 0.972
0.046400 1.035
0.046450 1.004
0.046500 0.897
0.046550 0.943
0.046600 0.952
0.046650 0.972
0.046700 0.747
0.046750 0.857
0.046800 0.935
0.046850 0.913
0.046900 0.867
0.046950 0.911
0.047000 0.999
0.047050 1.023
0.047100 0.989
0.047150 0.922
0.047200 0.880
0.047250 0.956
0.047300 0.872
0.047350 0.925
0.047400 0.895
0.047450 0.786
0.047500 0.808
0.047550 0.965
0.047600 0.842
0.047650 0.780
0.047700 0.877
0.047750 0.956
0.047800 0.816
0.047850 0.771
0.047900 0.803
0.047950 0.772
0.048000 0.851
0.048050 0.777
0.048100 0.808
0.048150 0.709
0.048200 0.816
0.048250 0.856
0.048300 0.910
0.048350 0.803
0.048400 0.687
0.048450 0.793
0.048500 0.840
0.048550 0.816
0.048600 0.786
0.048650 0.910
0.048700 0.839
0.048750 0.804
0.048800 0.781
0.048850 0.718
0.048900 0.761
0.048950 0.755
0.049000 0.709
0.049050 0.784
0.049100 0.731
0.049150 0.889
0.049200 0.755
0.049250 0.747
0.049300 0.812
0.049350 0.767
0.049400 0.820
0.049450 0.810
0.049500 0.694
0.049550 0.746
0.049600 0.800
0.049650 0.788
0.049700 0.800
0.049750 0.829
0.049800 0.756
0.049850 0.791
0.049900 0.706
0.049950 0.703
0.050000 0.710
0.050050 0.708
0.050100 0.729
0.050150 0.848
0.050200 0.763
0.050250 0.687
0.050300 0.860
0.050350 0.730
0.050400 0.734
0.050450 0.727
0.050500 0.663
0.050550 0.801
0.050600 0.775
0.050650 0.712
0.050700 0.751
0.050750 0.729
0.050800 0.784
0.050850 0.630
0.050900 0.712
0.050950 0.688
0.051000 0.834
0.051050 0.755
0.051100 0.829
0.051150 0.658
0.051200 0.719
0.051250 0.760
0.051300 0.641
0.051350 0.658
0.051400 0.759
0.051450 0.654
0.051500 0.707
0.051550 0.649
0.051600 0.679
0.051650 0.666
0.051700 0.684
0.051750 0.768
0.051800 0.742
0.051850 0.651
0.051900 0.621
0.051950 0.760
0.052000 0.681
0.052050 0.617
0.052100 0.624
0.052150 0.688
0.052200 0.648
0.052250 0.659
0.052300 0.676
0.052350 0.662
0.052400 0.771
0.052450 0.718
0.052500 0.739
0.052550 0.703
0.052600 0.662
0.052650 0.754
0.052700 0.738
0.052750 0.594
0.052800 0.666
0.052850 0.657
0.052900 0.729
0.052950 0.604
0.053000 0.662
0.053050 0.602
0.053100 0.689
0.053150 0.749
0.053200 0.583
0.053250 0.604
0.053300 0.632
0.053350 0.736
0.053400 0.647
0.053450 0.681
0.053500 0.603
0.053550 0.689
0.053600 0.585
0.053650 0.607
0.053700 0.738
0.053750 0.666
0.053800 0.678
0.053850 0.555
0.053900 0.596
0.053950 0.700
0.054000 0.640
0.054050 0.622
0.054100 0.674
0.054150 0.618
0.054200 0.606
0.054250 0.628
0.054300 0.633
0.054350 0.681
0.054400 0.611
0.054450 0.547
0.054500 0.675
0.054550 0.659
0.054600 0.571
0.054650 0.627
0.054700 0.589
0.054750 0.653
0.054800 0.612
0.054850 0.586
0.054900 0.710
0.054950 0.722
0.055000 0.673
0.055050 0.634
0.055100 0.614
0.055150 0.601
0.055200 0.587
0.055250 0.686
0.055300 0.620
0.055350 0.627
0.055400 0.562
0.055450 0.567
0.055500 0.656
0.055550 0.681
0.055600 0.587
0.055650 0.537
0.055700 0.522
0.055750 0.652
0.055800 0.571
0.055850 0.697
0.055900 0.596
0.055950 0.622
0.056000 0.592
0.056050 0.589
0.056100 0.559
0.056150 0.667
0.056200 0.552
0.056250 0.573
0.056300 0.590
0.056350 0.560
0.056400 0.597
0.056450 0.621
0.056500 0.653
0.056550 0.667
0.056600 0.671
0.056650 0.576
0.056700 0.645
0.056750 0.563
0.056800 0.498
0.056850 0.636
0.056900 0.559
0.056950 0.569
0.057000 0.576
0.057050 0.593
0.057100 0.610
0.057150 0.552
0.057200 0.548
0.057250 0.723
0.057300 0.606
0.057350 0.613
0.057400 0.545
0.057450 0.677
0.057500 0.508
0.057550 0.599
0.057600 0.564
0.057650 0.466
0.057700 0.596
0.057750 0.603
0.057800 0.576
0.057850 0.544
0.057900 0.578
0.057950 0.606
0.058000 0.553
0.058050 0.515
0.058100 0.453
0.058150 0.582
0.058200 0.607
0.058250 0.560
0.058300 0.727
0.058350 0.507
0.058400 0.565
0.058450 0.559
0.058500 0.656
0.058550 0.557
0.058600 0.562
0.058650 0.564
0.058700 0.593
0.058750 0.611
0.058800 0.479
0.058850 0.475
0.058900 0.594
0.058950 0.624
0.059000 0.535
0.059050 0.573
0.059100 0.503
0.059150 0.500
0.059200 0.676
0.059250 0.560
0.059300 0.593
0.059350 0.524
0.059400 0.581
0.059450 0.532
0.059500 0.622
0.059550 0.507
0.059600 0.591
0.059650 0.607
0.059700 0.533
0.059750 0.550
0.059800 0.521
0.059850 0.541
0.059900 0.555
0.059950 0.623
0.060000 0.543
0.060050 0.532
0.060100 0.572
0.060150 0.479
0.060200 0.473
0.060250 0.551
0.060300 0.544
0.060350 0.546
0.060400 0.645
0.060450 0.492
0.060500 0.527
0.060550 0.642
0.060600 0.530
0.060650 0.512
0.060700 0.561
0.060750 0.517
0.060800 0.588
0.060850 0.540
0.060900 0.489
0.060950 0.429
0.061000 0.505
0.061050 0.532
0.061100 0.558
0.061150 0.535
0.061200 0.543
0.061250 0.554
0.061300 0.552
0.061350 0.491
0.061400 0.522
0.061450 0.468
0.061500 0.573
0.061550 0.614
0.061600 0.541
0.061650 0.510
0.061700 0.587
0.061750 0.517
0.061800 0.494
0.061850 0.522
0.061900 0.581
0.061950 0.486
0.062000 0.492
0.062050 0.521
0.062100 0.523
0.062150 0.633
0.062200 0.558
0.062250 0.495
0.062300 0.524
0.062350 0.473
0.062400 0.570
0.062450 0.527
0.062500 0.608
0.062550 0.576
0.062600 0.486
0.062650 0.540
0.062700 0.498
0.062750 0.542
0.062800 0.538
0.062850 0.473
0.062900 0.501
0.062950 0.519
0.063000 0.475
0.063050 0.538
0.063100 0.402
0.063150 0.462
0.063200 0.472
0.063250 0.469
0.063300 0.556
0.063350 0.537
0.063400 0.543
0.063450 0.500
0.063500 0.564
0.063550 0.472
0.063600 0.439
0.063650 0.497
0.063700 0.518
0.063750 0.481
0.063800 0.505
0.063850 0.578
0.063900 0.512
0.063950 0.493
0.064000 0.455
0.064050 0.542
0.064100 0.487
0.064150 0.497
0.064200 0.469
0.064250 0.515
0.064300 0.456
0.064350 0.484
0.064400 0.498
0.064450 0.476
0.064500 0.498
0.064550 0.405
0.064600 0.437
0.064650 0.535
0.064700 0.485
0.064750 0.452
0.064800 0.496
0.064850 0.534
0.064900 0.475
0.064950 0.451
0.065000 0.489
0.065050 0.379
0.065100 0.500
0.065150 0.475
0.065200 0.402
0.065250 0.517
0.065300 0.429
0.065350 0.485
0.065400 0.469
0.065450 0.537
0.065500 0.513
0.065550 0.460
0.065600 0.484
0.065650 0.450
0.065700 0.537
0.065750 0.493
0.065800 0.503
0.065850 0.420
0.065900 0.471
0.065950 0.361
0.066000 0.503
0.066050 0.461
0.066100 0.516
0.066150 0.463
0.066200 0.455
0.066250 0.492
0.066300 0.410
0.066350 0.456
0.066400 0.441
0.066450 0.500
0.066500 0.444
0.066550 0.466
0.066600 0.426
0.066650 0.528
0.066700 0.439
0.066750 0.518
0.066800 0.460
0.066850 0.408
0.066900 0.475
0.066950 0.417
0.067000 0.392
0.067050 0.453
0.067100 0.454
0.067150 0.399
0.067200 0.430
0.067250 0.490
0.067300 0.416
0.067350 0.336
0.067400 0.430
0.067450 0.409
0.067500 0.386
0.067550 0.453
0.067600 0.533
0.067650 0.522
0.067700 0.480
0.067750 0.424
0.067800 0.421
0.067850 0.427
0.067900 0.391
0.067950 0.418
0.068000 0.481
0.068050 0.472
0.068100 0.394
0.068150 0.458
0.068200 0.554
0.068250 0.505
0.068300 0.405
0.068350 0.495
0.068400 0.440
0.068450 0.380
0.068500 0.498
0.068550 0.403
0.068600 0.475
0.068650 0.442
0.068700 0.527
0.068750 0.448
0.068800 0.447
0.068850 0.543
0.068900 0.370
0.068950 0.371
0.069000 0.427
0.069050 0.471
0.069100 0.439
0.069150 0.511
0.069200 0.379
0.069250 0.454
0.069300 0.422
0.069350 0.434
0.069400 0.408
0.069450 0.445
0.069500 0.479
0.069550 0.478
0.069600 0.389
0.069650 0.508
0.069700 0.521
0.069750 0.492
0.069800 0.411
0.069850 0.483
0.069900 0.405
0.069950 0.464
0.070000 0.487
0.070050 0.379
0.070100 0.469
0.070150 0.428
0.070200 0.480
0.070250 0.531
0.070300 0.429
0.070350 0.433
0.070400 0.424
0.070450 0.382
0.070500 0.472
0.070550 0.382
0.070600 0.452
0.070650 0.350
0.070700 0.465
0.070750 0.461
0.070800 0.376
0.070850 0.531
0.070900 0.500
0.070950 0.415
0.071000 0.417
0.071050 0.475
0.071100 0.437
0.071150 0.399
0.071200 0.456
0.071250 0.494
0.071300 0.557
0.071350 0.501
0.071400 0.482
0.071450 0.485
0.071500 0.441
0.071550 0.489
0.071600 0.460
0.071650 0.461
0.071700 0.505
0.071750 0.430
0.071800 0.392
0.071850 0.440
0.071900 0.405
0.071950 0.461
0.072000 0.463
0.072050 0.377
0.072100 0.395
0.072150 0.485
0.072200 0.432
0.072250 0.427
0.072300 0.399
0.072350 0.489
0.072400 0.421
0.072450 0.479
0.072500 0.449
0.072550 0.461
0.072600 0.312
0.072650 0.444
0.072700 0.509
0.072750 0.405
0.072800 0.433
0.072850 0.455
0.072900 0.457
0.072950 0.335
0.073000 0.425
0.073050 0.415
0.073100 0.433
0.073150 0.376
0.073200 0.489
0.073250 0.426
0.073300 0.441
0.073350 0.409
0.073400 0.367
0.073450 0.404
0.073500 0.453
0.073550 0.450
0.073600 0.464
0.073650 0.419
0.073700 0.503
0.073750 0.371
0.073800 0.463
0.073850 0.494
0.073900 0.444
0.073950 0.459
0.074000 0.395
0.074050 0.409
0.074100 0.444
0.074150 0.492
0.074200 0.431
0.074250 0.479
0.074300 0.449
0.074350 0.429
0.074400 0.386
0.074450 0.460
0.074500 0.480
0.074550 0.385
0.074600 0.403
0.074650 0.444
0.074700 0.446
0.074750 0.427
0.074800 0.375
0.074850 0.403
0.074900 0.396
0.074950 0.352
0.075000 0.373
0.075050 0.344
0.075100 0.375
0.075150 0.443
0.075200 0.389
0.075250 0.391
0.075300 0.380
0.075350 0.466
0.075400 0.409
0.075450 0.433
0.075500 0.447
0.075550 0.393
0.075600 0.452
0.075650 0.435
0.075700 0.496
0.075750 0.460
0.075800 0.398
0.075850 0.465
0.075900 0.376
0.075950 0.409
0.076000 0.441
0.076050 0.381
0.076100 0.399
0.076150 0.434
0.076200 0.407
0.076250 0.357
0.076300 0.388
0.076350 0.453
0.076400 0.424
0.076450 0.373
0.076500 0.384
0.076550 0.417
0.076600 0.421
0.076650 0.414
0.076700 0.423
0.076750 0.424
0.076800 0.455
0.076850 0.374
0.076900 0.349
0.076950 0.376
0.077000 0.422
0.077050 0.378
0.077100 0.419
0.077150 0.399
0.077200 0.407
0.077250 0.358
0.077300 0.424
0.077350 0.438
0.077400 0.346
0.077450 0.325
0.077500 0.391
0.077550 0.399
0.077600 0.354
0.077650 0.453
0.077700 0.408
0.077750 0.454
0.077800 0.425
0.077850 0.447
0.077900 0.376
0.077950 0.379
0.078000 0.439
0.078050 0.344
0.078100 0.386
0.078150 0.445
0.078200 0.407
0.078250 0.361
0.078300 0.374
0.078350 0.389
0.078400 0.376
0.078450 0.372
0.078500 0.385
0.078550 0.372
0.078600 0.469
0.078650 0.342
0.078700 0.406
0.078750 0.420
0.078800 0.378
0.078850 0.373
0.078900 0.414
0.078950 0.389
0.079000 0.397
0.079050 0.390
0.079100 0.329
0.079150 0.381
0.079200 0.424
0.079250 0.371
0.079300 0.357
0.079350 0.379
0.079400 0.362
0.079450 0.402
0.079500 0.434
0.079550 0.342
0.079600 0.358
0.079650 0.379
0.079700 0.378
0.079750 0.358
0.079800 0.498
0.079850 0.388
0.079900 0.371
0.079950 0.407
0.080000 0.439
