0.0	11866.0
4.0816e-05	11822.1
0.000122449	11727.6
0.000251701	11555.1
0.000292517	11378.1
0.000333333	11252.4
0.00037415	11121.2
0.000414966	10789.8
0.000462585	10546.1
0.000503401	10352.6
0.00052381	10118.8
0.000544218	8725.26
0.000585034	8496.67
0.00062585	7963.35
0.000639456	7381.03
0.000646259	6761.51
0.000659864	6616.97
0.000680272	6270.94
0.00070068	5965.06
0.000734694	5278.69
0.000755102	5046.07
0.00077551	4782.19
0.000789116	4375.39
0.000809524	4174.84
0.000829932	4090.64
0.000843537	3560.11
0.000863946	2927.31
0.000870748	2755.45
0.000891156	2310.88
0.000911565	1993.87
0.000931973	1679.42
0.000952381	1401.52
0.000972789	1173.94
0.0010068	1046.59
0.0010136	1022.95
0.00104082	999.234
0.00105442	983.323
0.00107483	976.667
0.00111565	970.057
0.00122449	976.667
0.0012585	1006.04
0.00129252	1019.17
0.00133333	1042.72
0.00136735	1136.15
0.00140136	1253.34
0.00144218	1387.74
0.00147619	1501.86
0.0015102	1701.33
0.00155102	1852.64
0.00158503	2031.14
0.00161905	2127.4
0.00165986	2339.59
0.00169388	2608.13
0.00172789	2803.5
0.00176871	2993.1
0.00180272	3217.3
0.00183673	3401.13
0.00187075	3765.85
0.00191157	3995.79
0.00194558	4185.16
0.00197959	4394.34
0.00202041	4648.29
0.00205442	4932.11
0.00208843	5162.66
0.00212925	5477.89
0.00216327	5888.22
0.00219728	6392.11
0.00223809	6649.73
0.00227211	7099.46
0.00230612	7532.95
0.00238095	8147.35
0.0024898	8833.66
0.00256463	9309.6
0.00263265	9684.81
0.0027415	10168.9
0.00285034	10546.1
0.00295918	10863.3
0.00306803	11190.0
0.00321088	11448.6
0.00331973	11641.0
0.00342857	11792.9
0.00353742	11946.8
0.00361224	12028.2
0.00372109	12147.6
0.00386395	12222.9
0.00404762	12344.2
0.00419048	12466.7
0.00437415	12551.7
0.00455102	12590.5
0.00484354	12637.2
0.005	12637.2
0.1	11866.0
0.100040816	11822.1
0.100122449	11727.6
0.100251701	11555.1
0.100292517	11378.1
0.100333333	11252.4
0.10037415	11121.2
0.100414966	10789.8
0.100462585	10546.1
0.100503401	10352.6
0.10052381	10118.8
0.100544218	8725.26
0.100585034	8496.67
0.10062585	7963.35
0.100639456	7381.03
0.100646259	6761.51
0.100659864	6616.97
0.100680272	6270.94
0.10070068	5965.06
0.100734694	5278.69
0.100755102	5046.07
0.10077551	4782.19
0.100789116	4375.39
0.100809524	4174.84
0.100829932	4090.64
0.100843537	3560.11
0.100863946	2927.31
0.100870748	2755.45
0.100891156	2310.88
0.100911565	1993.87
0.100931973	1679.42
0.100952381	1401.52
0.100972789	1173.94
0.1010068	1046.59
0.1010136	1022.95
0.10104082	999.234
0.10105442	983.323
0.10107483	976.667
0.10111565	970.057
0.10122449	976.667
0.1012585	1006.04
0.10129252	1019.17
0.10133333	1042.72
0.10136735	1136.15
0.10140136	1253.34
0.10144218	1387.74
0.10147619	1501.86
0.1015102	1701.33
0.10155102	1852.64
0.10158503	2031.14
0.10161905	2127.4
0.10165986	2339.59
0.10169388	2608.13
0.10172789	2803.5
0.10176871	2993.1
0.10180272	3217.3
0.10183673	3401.13
0.10187075	3765.85
0.10191157	3995.79
0.10194558	4185.16
0.10197959	4394.34
0.10202041	4648.29
0.10205442	4932.11
0.10208843	5162.66
0.10212925	5477.89
0.10216327	5888.22
0.10219728	6392.11
0.10223809	6649.73
0.10227211	7099.46
0.10230612	7532.95
0.10238095	8147.35
0.1024898	8833.66
0.10256463	9309.6
0.10263265	9684.81
0.1027415	10168.9
0.10285034	10546.1
0.10295918	10863.3
0.10306803	11190.0
0.10321088	11448.6
0.10331973	11641.0
0.10342857	11792.9
0.10353742	11946.8
0.10361224	12028.2
0.10372109	12147.6
0.10386395	12222.9
0.10404762	12344.2
0.10419048	12466.7
0.10437415	12551.7
0.10455102	12590.5
0.10484354	12637.2
0.105	12637.2
0.2	11866.0
0.200040816	11822.1
0.200122449	11727.6
0.200251701	11555.1
0.200292517	11378.1
0.200333333	11252.4
0.20037415	11121.2
0.200414966	10789.8
0.200462585	10546.1
0.200503401	10352.6
0.20052381	10118.8
0.200544218	8725.26
0.200585034	8496.67
0.20062585	7963.35
0.200639456	7381.03
0.200646259	6761.51
0.200659864	6616.97
0.200680272	6270.94
0.20070068	5965.06
0.200734694	5278.69
0.200755102	5046.07
0.20077551	4782.19
0.200789116	4375.39
0.200809524	4174.84
0.200829932	4090.64
0.200843537	3560.11
0.200863946	2927.31
0.200870748	2755.45
0.200891156	2310.88
0.200911565	1993.87
0.200931973	1679.42
0.200952381	1401.52
0.200972789	1173.94
0.2010068	1046.59
0.2010136	1022.95
0.20104082	999.234
0.20105442	983.323
0.20107483	976.667
0.20111565	970.057
0.20122449	976.667
0.2012585	1006.04
0.20129252	1019.17
0.20133333	1042.72
0.20136735	1136.15
0.20140136	1253.34
0.20144218	1387.74
0.20147619	1501.86
0.2015102	1701.33
0.20155102	1852.64
0.20158503	2031.14
0.20161905	2127.4
0.20165986	2339.59
0.20169388	2608.13
0.20172789	2803.5
0.20176871	2993.1
0.20180272	3217.3
0.20183673	3401.13
0.20187075	3765.85
0.20191157	3995.79
0.20194558	4185.16
0.20197959	4394.34
0.20202041	4648.29
0.20205442	4932.11
0.20208843	5162.66
0.20212925	5477.89
0.20216327	5888.22
0.20219728	6392.11
0.20223809	6649.73
0.20227211	7099.46
0.20230612	7532.95
0.20238095	8147.35
0.2024898	8833.66
0.20256463	9309.6
0.20263265	9684.81
0.2027415	10168.9
0.20285034	10546.1
0.20295918	10863.3
0.20306803	11190.0
0.20321088	11448.6
0.20331973	11641.0
0.20342857	11792.9
0.20353742	11946.8
0.20361224	12028.2
0.20372109	12147.6
0.20386395	12222.9
0.20404762	12344.2
0.20419048	12466.7
0.20437415	12551.7
0.20455102	12590.5
0.20484354	12637.2
0.205	12637.2
0.3	11866.0
0.300040816	11822.1
0.300122449	11727.6
0.300251701	11555.1
0.300292517	11378.1
0.300333333	11252.4
0.30037415	11121.2
0.300414966	10789.8
0.300462585	10546.1
0.300503401	10352.6
0.30052381	10118.8
0.300544218	8725.26
0.300585034	8496.67
0.30062585	7963.35
0.300639456	7381.03
0.300646259	6761.51
0.300659864	6616.97
0.300680272	6270.94
0.30070068	5965.06
0.300734694	5278.69
0.300755102	5046.07
0.30077551	4782.19
0.300789116	4375.39
0.300809524	4174.84
0.300829932	4090.64
0.300843537	3560.11
0.300863946	2927.31
0.300870748	2755.45
0.300891156	2310.88
0.300911565	1993.87
0.300931973	1679.42
0.300952381	1401.52
0.300972789	1173.94
0.3010068	1046.59
0.3010136	1022.95
0.30104082	999.234
0.30105442	983.323
0.30107483	976.667
0.30111565	970.057
0.30122449	976.667
0.3012585	1006.04
0.30129252	1019.17
0.30133333	1042.72
0.30136735	1136.15
0.30140136	1253.34
0.30144218	1387.74
0.30147619	1501.86
0.3015102	1701.33
0.30155102	1852.64
0.30158503	2031.14
0.30161905	2127.4
0.30165986	2339.59
0.30169388	2608.13
0.30172789	2803.5
0.30176871	2993.1
0.30180272	3217.3
0.30183673	3401.13
0.30187075	3765.85
0.30191157	3995.79
0.30194558	4185.16
0.30197959	4394.34
0.30202041	4648.29
0.30205442	4932.11
0.30208843	5162.66
0.30212925	5477.89
0.30216327	5888.22
0.30219728	6392.11
0.30223809	6649.73
0.30227211	7099.46
0.30230612	7532.95
0.30238095	8147.35
0.3024898	8833.66
0.30256463	9309.6
0.30263265	9684.81
0.3027415	10168.9
0.30285034	10546.1
0.30295918	10863.3
0.30306803	11190.0
0.30321088	11448.6
0.30331973	11641.0
0.30342857	11792.9
0.30353742	11946.8
0.30361224	12028.2
0.30372109	12147.6
0.30386395	12222.9
0.30404762	12344.2
0.30419048	12466.7
0.30437415	12551.7
0.30455102	12590.5
0.30484354	12637.2
0.305	12637.2
0.4	11866.0
0.400040816	11822.1
0.400122449	11727.6
0.400251701	11555.1
0.400292517	11378.1
0.400333333	11252.4
0.40037415	11121.2
0.400414966	10789.8
0.400462585	10546.1
0.400503401	10352.6
0.40052381	10118.8
0.400544218	8725.26
0.400585034	8496.67
0.40062585	7963.35
0.400639456	7381.03
0.400646259	6761.51
0.400659864	6616.97
0.400680272	6270.94
0.40070068	5965.06
0.400734694	5278.69
0.400755102	5046.07
0.40077551	4782.19
0.400789116	4375.39
0.400809524	4174.84
0.400829932	4090.64
0.400843537	3560.11
0.400863946	2927.31
0.400870748	2755.45
0.400891156	2310.88
0.400911565	1993.87
0.400931973	1679.42
0.400952381	1401.52
0.400972789	1173.94
0.4010068	1046.59
0.4010136	1022.95
0.40104082	999.234
0.40105442	983.323
0.40107483	976.667
0.40111565	970.057
0.40122449	976.667
0.4012585	1006.04
0.40129252	1019.17
0.40133333	1042.72
0.40136735	1136.15
0.40140136	1253.34
0.40144218	1387.74
0.40147619	1501.86
0.4015102	1701.33
0.40155102	1852.64
0.40158503	2031.14
0.40161905	2127.4
0.40165986	2339.59
0.40169388	2608.13
0.40172789	2803.5
0.40176871	2993.1
0.40180272	3217.3
0.40183673	3401.13
0.40187075	3765.85
0.40191157	3995.79
0.40194558	4185.16
0.40197959	4394.34
0.40202041	4648.29
0.40205442	4932.11
0.40208843	5162.66
0.40212925	5477.89
0.40216327	5888.22
0.40219728	6392.11
0.40223809	6649.73
0.40227211	7099.46
0.40230612	7532.95
0.40238095	8147.35
0.4024898	8833.66
0.40256463	9309.6
0.40263265	9684.81
0.4027415	10168.9
0.40285034	10546.1
0.40295918	10863.3
0.40306803	11190.0
0.40321088	11448.6
0.40331973	11641.0
0.40342857	11792.9
0.40353742	11946.8
0.40361224	12028.2
0.40372109	12147.6
0.40386395	12222.9
0.40404762	12344.2
0.40419048	12466.7
0.40437415	12551.7
0.40455102	12590.5
0.40484354	12637.2
0.405	12637.2
0.5	11866.0
0.500040816	11822.1
0.500122449	11727.6
0.500251701	11555.1
0.500292517	11378.1
0.500333333	11252.4
0.50037415	11121.2
0.500414966	10789.8
0.500462585	10546.1
0.500503401	10352.6
0.50052381	10118.8
0.500544218	8725.26
0.500585034	8496.67
0.50062585	7963.35
0.500639456	7381.03
0.500646259	6761.51
0.500659864	6616.97
0.500680272	6270.94
0.50070068	5965.06
0.500734694	5278.69
0.500755102	5046.07
0.50077551	4782.19
0.500789116	4375.39
0.500809524	4174.84
0.500829932	4090.64
0.500843537	3560.11
0.500863946	2927.31
0.500870748	2755.45
0.500891156	2310.88
0.500911565	1993.87
0.500931973	1679.42
0.500952381	1401.52
0.500972789	1173.94
0.5010068	1046.59
0.5010136	1022.95
0.50104082	999.234
0.50105442	983.323
0.50107483	976.667
0.50111565	970.057
0.50122449	976.667
0.5012585	1006.04
0.50129252	1019.17
0.50133333	1042.72
0.50136735	1136.15
0.50140136	1253.34
0.50144218	1387.74
0.50147619	1501.86
0.5015102	1701.33
0.50155102	1852.64
0.50158503	2031.14
0.50161905	2127.4
0.50165986	2339.59
0.50169388	2608.13
0.50172789	2803.5
0.50176871	2993.1
0.50180272	3217.3
0.50183673	3401.13
0.50187075	3765.85
0.50191157	3995.79
0.50194558	4185.16
0.50197959	4394.34
0.50202041	4648.29
0.50205442	4932.11
0.50208843	5162.66
0.50212925	5477.89
0.50216327	5888.22
0.50219728	6392.11
0.50223809	6649.73
0.50227211	7099.46
0.50230612	7532.95
0.50238095	8147.35
0.5024898	8833.66
0.50256463	9309.6
0.50263265	9684.81
0.5027415	10168.9
0.50285034	10546.1
0.50295918	10863.3
0.50306803	11190.0
0.50321088	11448.6
0.50331973	11641.0
0.50342857	11792.9
0.50353742	11946.8
0.50361224	12028.2
0.50372109	12147.6
0.50386395	12222.9
0.50404762	12344.2
0.50419048	12466.7
0.50437415	12551.7
0.50455102	12590.5
0.50484354	12637.2
0.505	12637.2
0.6	11866.0
0.600040816	11822.1
0.600122449	11727.6
0.600251701	11555.1
0.600292517	11378.1
0.600333333	11252.4
0.60037415	11121.2
0.600414966	10789.8
0.600462585	10546.1
0.600503401	10352.6
0.60052381	10118.8
0.600544218	8725.26
0.600585034	8496.67
0.60062585	7963.35
0.600639456	7381.03
0.600646259	6761.51
0.600659864	6616.97
0.600680272	6270.94
0.60070068	5965.06
0.600734694	5278.69
0.600755102	5046.07
0.60077551	4782.19
0.600789116	4375.39
0.600809524	4174.84
0.600829932	4090.64
0.600843537	3560.11
0.600863946	2927.31
0.600870748	2755.45
0.600891156	2310.88
0.600911565	1993.87
0.600931973	1679.42
0.600952381	1401.52
0.600972789	1173.94
0.6010068	1046.59
0.6010136	1022.95
0.60104082	999.234
0.60105442	983.323
0.60107483	976.667
0.60111565	970.057
0.60122449	976.667
0.6012585	1006.04
0.60129252	1019.17
0.60133333	1042.72
0.60136735	1136.15
0.60140136	1253.34
0.60144218	1387.74
0.60147619	1501.86
0.6015102	1701.33
0.60155102	1852.64
0.60158503	2031.14
0.60161905	2127.4
0.60165986	2339.59
0.60169388	2608.13
0.60172789	2803.5
0.60176871	2993.1
0.60180272	3217.3
0.60183673	3401.13
0.60187075	3765.85
0.60191157	3995.79
0.60194558	4185.16
0.60197959	4394.34
0.60202041	4648.29
0.60205442	4932.11
0.60208843	5162.66
0.60212925	5477.89
0.60216327	5888.22
0.60219728	6392.11
0.60223809	6649.73
0.60227211	7099.46
0.60230612	7532.95
0.60238095	8147.35
0.6024898	8833.66
0.60256463	9309.6
0.60263265	9684.81
0.6027415	10168.9
0.60285034	10546.1
0.60295918	10863.3
0.60306803	11190.0
0.60321088	11448.6
0.60331973	11641.0
0.60342857	11792.9
0.60353742	11946.8
0.60361224	12028.2
0.60372109	12147.6
0.60386395	12222.9
0.60404762	12344.2
0.60419048	12466.7
0.60437415	12551.7
0.60455102	12590.5
0.60484354	12637.2
0.605	12637.2
0.7	11866.0
0.700040816	11822.1
0.700122449	11727.6
0.700251701	11555.1
0.700292517	11378.1
0.700333333	11252.4
0.70037415	11121.2
0.700414966	10789.8
0.700462585	10546.1
0.700503401	10352.6
0.70052381	10118.8
0.700544218	8725.26
0.700585034	8496.67
0.70062585	7963.35
0.700639456	7381.03
0.700646259	6761.51
0.700659864	6616.97
0.700680272	6270.94
0.70070068	5965.06
0.700734694	5278.69
0.700755102	5046.07
0.70077551	4782.19
0.700789116	4375.39
0.700809524	4174.84
0.700829932	4090.64
0.700843537	3560.11
0.700863946	2927.31
0.700870748	2755.45
0.700891156	2310.88
0.700911565	1993.87
0.700931973	1679.42
0.700952381	1401.52
0.700972789	1173.94
0.7010068	1046.59
0.7010136	1022.95
0.70104082	999.234
0.70105442	983.323
0.70107483	976.667
0.70111565	970.057
0.70122449	976.667
0.7012585	1006.04
0.70129252	1019.17
0.70133333	1042.72
0.70136735	1136.15
0.70140136	1253.34
0.70144218	1387.74
0.70147619	1501.86
0.7015102	1701.33
0.70155102	1852.64
0.70158503	2031.14
0.70161905	2127.4
0.70165986	2339.59
0.70169388	2608.13
0.70172789	2803.5
0.70176871	2993.1
0.70180272	3217.3
0.70183673	3401.13
0.70187075	3765.85
0.70191157	3995.79
0.70194558	4185.16
0.70197959	4394.34
0.70202041	4648.29
0.70205442	4932.11
0.70208843	5162.66
0.70212925	5477.89
0.70216327	5888.22
0.70219728	6392.11
0.70223809	6649.73
0.70227211	7099.46
0.70230612	7532.95
0.70238095	8147.35
0.7024898	8833.66
0.70256463	9309.6
0.70263265	9684.81
0.7027415	10168.9
0.70285034	10546.1
0.70295918	10863.3
0.70306803	11190.0
0.70321088	11448.6
0.70331973	11641.0
0.70342857	11792.9
0.70353742	11946.8
0.70361224	12028.2
0.70372109	12147.6
0.70386395	12222.9
0.70404762	12344.2
0.70419048	12466.7
0.70437415	12551.7
0.70455102	12590.5
0.70484354	12637.2
0.705	12637.2
0.8	11866.0
0.800040816	11822.1
0.800122449	11727.6
0.800251701	11555.1
0.800292517	11378.1
0.800333333	11252.4
0.80037415	11121.2
0.800414966	10789.8
0.800462585	10546.1
0.800503401	10352.6
0.80052381	10118.8
0.800544218	8725.26
0.800585034	8496.67
0.80062585	7963.35
0.800639456	7381.03
0.800646259	6761.51
0.800659864	6616.97
0.800680272	6270.94
0.80070068	5965.06
0.800734694	5278.69
0.800755102	5046.07
0.80077551	4782.19
0.800789116	4375.39
0.800809524	4174.84
0.800829932	4090.64
0.800843537	3560.11
0.800863946	2927.31
0.800870748	2755.45
0.800891156	2310.88
0.800911565	1993.87
0.800931973	1679.42
0.800952381	1401.52
0.800972789	1173.94
0.8010068	1046.59
0.8010136	1022.95
0.80104082	999.234
0.80105442	983.323
0.80107483	976.667
0.80111565	970.057
0.80122449	976.667
0.8012585	1006.04
0.80129252	1019.17
0.80133333	1042.72
0.80136735	1136.15
0.80140136	1253.34
0.80144218	1387.74
0.80147619	1501.86
0.8015102	1701.33
0.80155102	1852.64
0.80158503	2031.14
0.80161905	2127.4
0.80165986	2339.59
0.80169388	2608.13
0.80172789	2803.5
0.80176871	2993.1
0.80180272	3217.3
0.80183673	3401.13
0.80187075	3765.85
0.80191157	3995.79
0.80194558	4185.16
0.80197959	4394.34
0.80202041	4648.29
0.80205442	4932.11
0.80208843	5162.66
0.80212925	5477.89
0.80216327	5888.22
0.80219728	6392.11
0.80223809	6649.73
0.80227211	7099.46
0.80230612	7532.95
0.80238095	8147.35
0.8024898	8833.66
0.80256463	9309.6
0.80263265	9684.81
0.8027415	10168.9
0.80285034	10546.1
0.80295918	10863.3
0.80306803	11190.0
0.80321088	11448.6
0.80331973	11641.0
0.80342857	11792.9
0.80353742	11946.8
0.80361224	12028.2
0.80372109	12147.6
0.80386395	12222.9
0.80404762	12344.2
0.80419048	12466.7
0.80437415	12551.7
0.80455102	12590.5
0.80484354	12637.2
0.805	12637.2
0.9	11866.0
0.900040816	11822.1
0.900122449	11727.6
0.900251701	11555.1
0.900292517	11378.1
0.900333333	11252.4
0.90037415	11121.2
0.900414966	10789.8
0.900462585	10546.1
0.900503401	10352.6
0.90052381	10118.8
0.900544218	8725.26
0.900585034	8496.67
0.90062585	7963.35
0.900639456	7381.03
0.900646259	6761.51
0.900659864	6616.97
0.900680272	6270.94
0.90070068	5965.06
0.900734694	5278.69
0.900755102	5046.07
0.90077551	4782.19
0.900789116	4375.39
0.900809524	4174.84
0.900829932	4090.64
0.900843537	3560.11
0.900863946	2927.31
0.900870748	2755.45
0.900891156	2310.88
0.900911565	1993.87
0.900931973	1679.42
0.900952381	1401.52
0.900972789	1173.94
0.9010068	1046.59
0.9010136	1022.95
0.90104082	999.234
0.90105442	983.323
0.90107483	976.667
0.90111565	970.057
0.90122449	976.667
0.9012585	1006.04
0.90129252	1019.17
0.90133333	1042.72
0.90136735	1136.15
0.90140136	1253.34
0.90144218	1387.74
0.90147619	1501.86
0.9015102	1701.33
0.90155102	1852.64
0.90158503	2031.14
0.90161905	2127.4
0.90165986	2339.59
0.90169388	2608.13
0.90172789	2803.5
0.90176871	2993.1
0.90180272	3217.3
0.90183673	3401.13
0.90187075	3765.85
0.90191157	3995.79
0.90194558	4185.16
0.90197959	4394.34
0.90202041	4648.29
0.90205442	4932.11
0.90208843	5162.66
0.90212925	5477.89
0.90216327	5888.22
0.90219728	6392.11
0.90223809	6649.73
0.90227211	7099.46
0.90230612	7532.95
0.90238095	8147.35
0.9024898	8833.66
0.90256463	9309.6
0.90263265	9684.81
0.9027415	10168.9
0.90285034	10546.1
0.90295918	10863.3
0.90306803	11190.0
0.90321088	11448.6
0.90331973	11641.0
0.90342857	11792.9
0.90353742	11946.8
0.90361224	12028.2
0.90372109	12147.6
0.90386395	12222.9
0.90404762	12344.2
0.90419048	12466.7
0.90437415	12551.7
0.90455102	12590.5
0.90484354	12637.2
0.905	12637.2
1.0	11866.0
1.000040816	11822.1
1.000122449	11727.6
1.000251701	11555.1
1.000292517	11378.1
1.000333333	11252.4
1.00037415	11121.2
1.000414966	10789.8
1.000462585	10546.1
1.000503401	10352.6
1.00052381	10118.8
1.000544218	8725.26
1.000585034	8496.67
1.00062585	7963.35
1.000639456	7381.03
1.000646259	6761.51
1.000659864	6616.97
1.000680272	6270.94
1.00070068	5965.06
1.000734694	5278.69
1.000755102	5046.07
1.00077551	4782.19
1.000789116	4375.39
1.000809524	4174.84
1.000829932	4090.64
1.000843537	3560.11
1.000863946	2927.31
1.000870748	2755.45
1.000891156	2310.88
1.000911565	1993.87
1.000931973	1679.42
1.000952381	1401.52
1.000972789	1173.94
1.0010068	1046.59
1.0010136	1022.95
1.00104082	999.234
1.00105442	983.323
1.00107483	976.667
1.00111565	970.057
1.00122449	976.667
1.0012585	1006.04
1.00129252	1019.17
1.00133333	1042.72
1.00136735	1136.15
1.00140136	1253.34
1.00144218	1387.74
1.00147619	1501.86
1.0015102	1701.33
1.00155102	1852.64
1.00158503	2031.14
1.00161905	2127.4
1.00165986	2339.59
1.00169388	2608.13
1.00172789	2803.5
1.00176871	2993.1
1.00180272	3217.3
1.00183673	3401.13
1.00187075	3765.85
1.00191157	3995.79
1.00194558	4185.16
1.00197959	4394.34
1.00202041	4648.29
1.00205442	4932.11
1.00208843	5162.66
1.00212925	5477.89
1.00216327	5888.22
1.00219728	6392.11
1.00223809	6649.73
1.00227211	7099.46
1.00230612	7532.95
1.00238095	8147.35
1.0024898	8833.66
1.00256463	9309.6
1.00263265	9684.81
1.0027415	10168.9
1.00285034	10546.1
1.00295918	10863.3
1.00306803	11190.0
1.00321088	11448.6
1.00331973	11641.0
1.00342857	11792.9
1.00353742	11946.8
1.00361224	12028.2
1.00372109	12147.6
1.00386395	12222.9
1.00404762	12344.2
1.00419048	12466.7
1.00437415	12551.7
1.00455102	12590.5
1.00484354	12637.2
1.005	12637.2
1.1	11866.0
1.100040816	11822.1
1.100122449	11727.6
1.100251701	11555.1
1.100292517	11378.1
1.100333333	11252.4
1.10037415	11121.2
1.100414966	10789.8
1.100462585	10546.1
1.100503401	10352.6
1.10052381	10118.8
1.100544218	8725.26
1.100585034	8496.67
1.10062585	7963.35
1.100639456	7381.03
1.100646259	6761.51
1.100659864	6616.97
1.100680272	6270.94
1.10070068	5965.06
1.100734694	5278.69
1.100755102	5046.07
1.10077551	4782.19
1.100789116	4375.39
1.100809524	4174.84
1.100829932	4090.64
1.100843537	3560.11
1.100863946	2927.31
1.100870748	2755.45
1.100891156	2310.88
1.100911565	1993.87
1.100931973	1679.42
1.100952381	1401.52
1.100972789	1173.94
1.1010068	1046.59
1.1010136	1022.95
1.10104082	999.234
1.10105442	983.323
1.10107483	976.667
1.10111565	970.057
1.10122449	976.667
1.1012585	1006.04
1.10129252	1019.17
1.10133333	1042.72
1.10136735	1136.15
1.10140136	1253.34
1.10144218	1387.74
1.10147619	1501.86
1.1015102	1701.33
1.10155102	1852.64
1.10158503	2031.14
1.10161905	2127.4
1.10165986	2339.59
1.10169388	2608.13
1.10172789	2803.5
1.10176871	2993.1
1.10180272	3217.3
1.10183673	3401.13
1.10187075	3765.85
1.10191157	3995.79
1.10194558	4185.16
1.10197959	4394.34
1.10202041	4648.29
1.10205442	4932.11
1.10208843	5162.66
1.10212925	5477.89
1.10216327	5888.22
1.10219728	6392.11
1.10223809	6649.73
1.10227211	7099.46
1.10230612	7532.95
1.10238095	8147.35
1.1024898	8833.66
1.10256463	9309.6
1.10263265	9684.81
1.1027415	10168.9
1.10285034	10546.1
1.10295918	10863.3
1.10306803	11190.0
1.10321088	11448.6
1.10331973	11641.0
1.10342857	11792.9
1.10353742	11946.8
1.10361224	12028.2
1.10372109	12147.6
1.10386395	12222.9
1.10404762	12344.2
1.10419048	12466.7
1.10437415	12551.7
1.10455102	12590.5
1.10484354	12637.2
1.105	12637.2
1.2	11866.0
1.200040816	11822.1
1.200122449	11727.6
1.200251701	11555.1
1.200292517	11378.1
1.200333333	11252.4
1.20037415	11121.2
1.200414966	10789.8
1.200462585	10546.1
1.200503401	10352.6
1.20052381	10118.8
1.200544218	8725.26
1.200585034	8496.67
1.20062585	7963.35
1.200639456	7381.03
1.200646259	6761.51
1.200659864	6616.97
1.200680272	6270.94
1.20070068	5965.06
1.200734694	5278.69
1.200755102	5046.07
1.20077551	4782.19
1.200789116	4375.39
1.200809524	4174.84
1.200829932	4090.64
1.200843537	3560.11
1.200863946	2927.31
1.200870748	2755.45
1.200891156	2310.88
1.200911565	1993.87
1.200931973	1679.42
1.200952381	1401.52
1.200972789	1173.94
1.2010068	1046.59
1.2010136	1022.95
1.20104082	999.234
1.20105442	983.323
1.20107483	976.667
1.20111565	970.057
1.20122449	976.667
1.2012585	1006.04
1.20129252	1019.17
1.20133333	1042.72
1.20136735	1136.15
1.20140136	1253.34
1.20144218	1387.74
1.20147619	1501.86
1.2015102	1701.33
1.20155102	1852.64
1.20158503	2031.14
1.20161905	2127.4
1.20165986	2339.59
1.20169388	2608.13
1.20172789	2803.5
1.20176871	2993.1
1.20180272	3217.3
1.20183673	3401.13
1.20187075	3765.85
1.20191157	3995.79
1.20194558	4185.16
1.20197959	4394.34
1.20202041	4648.29
1.20205442	4932.11
1.20208843	5162.66
1.20212925	5477.89
1.20216327	5888.22
1.20219728	6392.11
1.20223809	6649.73
1.20227211	7099.46
1.20230612	7532.95
1.20238095	8147.35
1.2024898	8833.66
1.20256463	9309.6
1.20263265	9684.81
1.2027415	10168.9
1.20285034	10546.1
1.20295918	10863.3
1.20306803	11190.0
1.20321088	11448.6
1.20331973	11641.0
1.20342857	11792.9
1.20353742	11946.8
1.20361224	12028.2
1.20372109	12147.6
1.20386395	12222.9
1.20404762	12344.2
1.20419048	12466.7
1.20437415	12551.7
1.20455102	12590.5
1.20484354	12637.2
1.205	12637.2
1.3	11866.0
1.300040816	11822.1
1.300122449	11727.6
1.300251701	11555.1
1.300292517	11378.1
1.300333333	11252.4
1.30037415	11121.2
1.300414966	10789.8
1.300462585	10546.1
1.300503401	10352.6
1.30052381	10118.8
1.300544218	8725.26
1.300585034	8496.67
1.30062585	7963.35
1.300639456	7381.03
1.300646259	6761.51
1.300659864	6616.97
1.300680272	6270.94
1.30070068	5965.06
1.300734694	5278.69
1.300755102	5046.07
1.30077551	4782.19
1.300789116	4375.39
1.300809524	4174.84
1.300829932	4090.64
1.300843537	3560.11
1.300863946	2927.31
1.300870748	2755.45
1.300891156	2310.88
1.300911565	1993.87
1.300931973	1679.42
1.300952381	1401.52
1.300972789	1173.94
1.3010068	1046.59
1.3010136	1022.95
1.30104082	999.234
1.30105442	983.323
1.30107483	976.667
1.30111565	970.057
1.30122449	976.667
1.3012585	1006.04
1.30129252	1019.17
1.30133333	1042.72
1.30136735	1136.15
1.30140136	1253.34
1.30144218	1387.74
1.30147619	1501.86
1.3015102	1701.33
1.30155102	1852.64
1.30158503	2031.14
1.30161905	2127.4
1.30165986	2339.59
1.30169388	2608.13
1.30172789	2803.5
1.30176871	2993.1
1.30180272	3217.3
1.30183673	3401.13
1.30187075	3765.85
1.30191157	3995.79
1.30194558	4185.16
1.30197959	4394.34
1.30202041	4648.29
1.30205442	4932.11
1.30208843	5162.66
1.30212925	5477.89
1.30216327	5888.22
1.30219728	6392.11
1.30223809	6649.73
1.30227211	7099.46
1.30230612	7532.95
1.30238095	8147.35
1.3024898	8833.66
1.30256463	9309.6
1.30263265	9684.81
1.3027415	10168.9
1.30285034	10546.1
1.30295918	10863.3
1.30306803	11190.0
1.30321088	11448.6
1.30331973	11641.0
1.30342857	11792.9
1.30353742	11946.8
1.30361224	12028.2
1.30372109	12147.6
1.30386395	12222.9
1.30404762	12344.2
1.30419048	12466.7
1.30437415	12551.7
1.30455102	12590.5
1.30484354	12637.2
1.305	12637.2
1.4	11866.0
1.400040816	11822.1
1.400122449	11727.6
1.400251701	11555.1
1.400292517	11378.1
1.400333333	11252.4
1.40037415	11121.2
1.400414966	10789.8
1.400462585	10546.1
1.400503401	10352.6
1.40052381	10118.8
1.400544218	8725.26
1.400585034	8496.67
1.40062585	7963.35
1.400639456	7381.03
1.400646259	6761.51
1.400659864	6616.97
1.400680272	6270.94
1.40070068	5965.06
1.400734694	5278.69
1.400755102	5046.07
1.40077551	4782.19
1.400789116	4375.39
1.400809524	4174.84
1.400829932	4090.64
1.400843537	3560.11
1.400863946	2927.31
1.400870748	2755.45
1.400891156	2310.88
1.400911565	1993.87
1.400931973	1679.42
1.400952381	1401.52
1.400972789	1173.94
1.4010068	1046.59
1.4010136	1022.95
1.40104082	999.234
1.40105442	983.323
1.40107483	976.667
1.40111565	970.057
1.40122449	976.667
1.4012585	1006.04
1.40129252	1019.17
1.40133333	1042.72
1.40136735	1136.15
1.40140136	1253.34
1.40144218	1387.74
1.40147619	1501.86
1.4015102	1701.33
1.40155102	1852.64
1.40158503	2031.14
1.40161905	2127.4
1.40165986	2339.59
1.40169388	2608.13
1.40172789	2803.5
1.40176871	2993.1
1.40180272	3217.3
1.40183673	3401.13
1.40187075	3765.85
1.40191157	3995.79
1.40194558	4185.16
1.40197959	4394.34
1.40202041	4648.29
1.40205442	4932.11
1.40208843	5162.66
1.40212925	5477.89
1.40216327	5888.22
1.40219728	6392.11
1.40223809	6649.73
1.40227211	7099.46
1.40230612	7532.95
1.40238095	8147.35
1.4024898	8833.66
1.40256463	9309.6
1.40263265	9684.81
1.4027415	10168.9
1.40285034	10546.1
1.40295918	10863.3
1.40306803	11190.0
1.40321088	11448.6
1.40331973	11641.0
1.40342857	11792.9
1.40353742	11946.8
1.40361224	12028.2
1.40372109	12147.6
1.40386395	12222.9
1.40404762	12344.2
1.40419048	12466.7
1.40437415	12551.7
1.40455102	12590.5
1.40484354	12637.2
1.405	12637.2
1.5	11866.0
1.500040816	11822.1
1.500122449	11727.6
1.500251701	11555.1
1.500292517	11378.1
1.500333333	11252.4
1.50037415	11121.2
1.500414966	10789.8
1.500462585	10546.1
1.500503401	10352.6
1.50052381	10118.8
1.500544218	8725.26
1.500585034	8496.67
1.50062585	7963.35
1.500639456	7381.03
1.500646259	6761.51
1.500659864	6616.97
1.500680272	6270.94
1.50070068	5965.06
1.500734694	5278.69
1.500755102	5046.07
1.50077551	4782.19
1.500789116	4375.39
1.500809524	4174.84
1.500829932	4090.64
1.500843537	3560.11
1.500863946	2927.31
1.500870748	2755.45
1.500891156	2310.88
1.500911565	1993.87
1.500931973	1679.42
1.500952381	1401.52
1.500972789	1173.94
1.5010068	1046.59
1.5010136	1022.95
1.50104082	999.234
1.50105442	983.323
1.50107483	976.667
1.50111565	970.057
1.50122449	976.667
1.5012585	1006.04
1.50129252	1019.17
1.50133333	1042.72
1.50136735	1136.15
1.50140136	1253.34
1.50144218	1387.74
1.50147619	1501.86
1.5015102	1701.33
1.50155102	1852.64
1.50158503	2031.14
1.50161905	2127.4
1.50165986	2339.59
1.50169388	2608.13
1.50172789	2803.5
1.50176871	2993.1
1.50180272	3217.3
1.50183673	3401.13
1.50187075	3765.85
1.50191157	3995.79
1.50194558	4185.16
1.50197959	4394.34
1.50202041	4648.29
1.50205442	4932.11
1.50208843	5162.66
1.50212925	5477.89
1.50216327	5888.22
1.50219728	6392.11
1.50223809	6649.73
1.50227211	7099.46
1.50230612	7532.95
1.50238095	8147.35
1.5024898	8833.66
1.50256463	9309.6
1.50263265	9684.81
1.5027415	10168.9
1.50285034	10546.1
1.50295918	10863.3
1.50306803	11190.0
1.50321088	11448.6
1.50331973	11641.0
1.50342857	11792.9
1.50353742	11946.8
1.50361224	12028.2
1.50372109	12147.6
1.50386395	12222.9
1.50404762	12344.2
1.50419048	12466.7
1.50437415	12551.7
1.50455102	12590.5
1.50484354	12637.2
1.505	12637.2
1.6	11866.0
1.600040816	11822.1
1.600122449	11727.6
1.600251701	11555.1
1.600292517	11378.1
1.600333333	11252.4
1.60037415	11121.2
1.600414966	10789.8
1.600462585	10546.1
1.600503401	10352.6
1.60052381	10118.8
1.600544218	8725.26
1.600585034	8496.67
1.60062585	7963.35
1.600639456	7381.03
1.600646259	6761.51
1.600659864	6616.97
1.600680272	6270.94
1.60070068	5965.06
1.600734694	5278.69
1.600755102	5046.07
1.60077551	4782.19
1.600789116	4375.39
1.600809524	4174.84
1.600829932	4090.64
1.600843537	3560.11
1.600863946	2927.31
1.600870748	2755.45
1.600891156	2310.88
1.600911565	1993.87
1.600931973	1679.42
1.600952381	1401.52
1.600972789	1173.94
1.6010068	1046.59
1.6010136	1022.95
1.60104082	999.234
1.60105442	983.323
1.60107483	976.667
1.60111565	970.057
1.60122449	976.667
1.6012585	1006.04
1.60129252	1019.17
1.60133333	1042.72
1.60136735	1136.15
1.60140136	1253.34
1.60144218	1387.74
1.60147619	1501.86
1.6015102	1701.33
1.60155102	1852.64
1.60158503	2031.14
1.60161905	2127.4
1.60165986	2339.59
1.60169388	2608.13
1.60172789	2803.5
1.60176871	2993.1
1.60180272	3217.3
1.60183673	3401.13
1.60187075	3765.85
1.60191157	3995.79
1.60194558	4185.16
1.60197959	4394.34
1.60202041	4648.29
1.60205442	4932.11
1.60208843	5162.66
1.60212925	5477.89
1.60216327	5888.22
1.60219728	6392.11
1.60223809	6649.73
1.60227211	7099.46
1.60230612	7532.95
1.60238095	8147.35
1.6024898	8833.66
1.60256463	9309.6
1.60263265	9684.81
1.6027415	10168.9
1.60285034	10546.1
1.60295918	10863.3
1.60306803	11190.0
1.60321088	11448.6
1.60331973	11641.0
1.60342857	11792.9
1.60353742	11946.8
1.60361224	12028.2
1.60372109	12147.6
1.60386395	12222.9
1.60404762	12344.2
1.60419048	12466.7
1.60437415	12551.7
1.60455102	12590.5
1.60484354	12637.2
1.605	12637.2
1.7	11866.0
1.700040816	11822.1
1.700122449	11727.6
1.700251701	11555.1
1.700292517	11378.1
1.700333333	11252.4
1.70037415	11121.2
1.700414966	10789.8
1.700462585	10546.1
1.700503401	10352.6
1.70052381	10118.8
1.700544218	8725.26
1.700585034	8496.67
1.70062585	7963.35
1.700639456	7381.03
1.700646259	6761.51
1.700659864	6616.97
1.700680272	6270.94
1.70070068	5965.06
1.700734694	5278.69
1.700755102	5046.07
1.70077551	4782.19
1.700789116	4375.39
1.700809524	4174.84
1.700829932	4090.64
1.700843537	3560.11
1.700863946	2927.31
1.700870748	2755.45
1.700891156	2310.88
1.700911565	1993.87
1.700931973	1679.42
1.700952381	1401.52
1.700972789	1173.94
1.7010068	1046.59
1.7010136	1022.95
1.70104082	999.234
1.70105442	983.323
1.70107483	976.667
1.70111565	970.057
1.70122449	976.667
1.7012585	1006.04
1.70129252	1019.17
1.70133333	1042.72
1.70136735	1136.15
1.70140136	1253.34
1.70144218	1387.74
1.70147619	1501.86
1.7015102	1701.33
1.70155102	1852.64
1.70158503	2031.14
1.70161905	2127.4
1.70165986	2339.59
1.70169388	2608.13
1.70172789	2803.5
1.70176871	2993.1
1.70180272	3217.3
1.70183673	3401.13
1.70187075	3765.85
1.70191157	3995.79
1.70194558	4185.16
1.70197959	4394.34
1.70202041	4648.29
1.70205442	4932.11
1.70208843	5162.66
1.70212925	5477.89
1.70216327	5888.22
1.70219728	6392.11
1.70223809	6649.73
1.70227211	7099.46
1.70230612	7532.95
1.70238095	8147.35
1.7024898	8833.66
1.70256463	9309.6
1.70263265	9684.81
1.7027415	10168.9
1.70285034	10546.1
1.70295918	10863.3
1.70306803	11190.0
1.70321088	11448.6
1.70331973	11641.0
1.70342857	11792.9
1.70353742	11946.8
1.70361224	12028.2
1.70372109	12147.6
1.70386395	12222.9
1.70404762	12344.2
1.70419048	12466.7
1.70437415	12551.7
1.70455102	12590.5
1.70484354	12637.2
1.705	12637.2
1.8	11866.0
1.800040816	11822.1
1.800122449	11727.6
1.800251701	11555.1
1.800292517	11378.1
1.800333333	11252.4
1.80037415	11121.2
1.800414966	10789.8
1.800462585	10546.1
1.800503401	10352.6
1.80052381	10118.8
1.800544218	8725.26
1.800585034	8496.67
1.80062585	7963.35
1.800639456	7381.03
1.800646259	6761.51
1.800659864	6616.97
1.800680272	6270.94
1.80070068	5965.06
1.800734694	5278.69
1.800755102	5046.07
1.80077551	4782.19
1.800789116	4375.39
1.800809524	4174.84
1.800829932	4090.64
1.800843537	3560.11
1.800863946	2927.31
1.800870748	2755.45
1.800891156	2310.88
1.800911565	1993.87
1.800931973	1679.42
1.800952381	1401.52
1.800972789	1173.94
1.8010068	1046.59
1.8010136	1022.95
1.80104082	999.234
1.80105442	983.323
1.80107483	976.667
1.80111565	970.057
1.80122449	976.667
1.8012585	1006.04
1.80129252	1019.17
1.80133333	1042.72
1.80136735	1136.15
1.80140136	1253.34
1.80144218	1387.74
1.80147619	1501.86
1.8015102	1701.33
1.80155102	1852.64
1.80158503	2031.14
1.80161905	2127.4
1.80165986	2339.59
1.80169388	2608.13
1.80172789	2803.5
1.80176871	2993.1
1.80180272	3217.3
1.80183673	3401.13
1.80187075	3765.85
1.80191157	3995.79
1.80194558	4185.16
1.80197959	4394.34
1.80202041	4648.29
1.80205442	4932.11
1.80208843	5162.66
1.80212925	5477.89
1.80216327	5888.22
1.80219728	6392.11
1.80223809	6649.73
1.80227211	7099.46
1.80230612	7532.95
1.80238095	8147.35
1.8024898	8833.66
1.80256463	9309.6
1.80263265	9684.81
1.8027415	10168.9
1.80285034	10546.1
1.80295918	10863.3
1.80306803	11190.0
1.80321088	11448.6
1.80331973	11641.0
1.80342857	11792.9
1.80353742	11946.8
1.80361224	12028.2
1.80372109	12147.6
1.80386395	12222.9
1.80404762	12344.2
1.80419048	12466.7
1.80437415	12551.7
1.80455102	12590.5
1.80484354	12637.2
1.805	12637.2
1.9	11866.0
1.900040816	11822.1
1.900122449	11727.6
1.900251701	11555.1
1.900292517	11378.1
1.900333333	11252.4
1.90037415	11121.2
1.900414966	10789.8
1.900462585	10546.1
1.900503401	10352.6
1.90052381	10118.8
1.900544218	8725.26
1.900585034	8496.67
1.90062585	7963.35
1.900639456	7381.03
1.900646259	6761.51
1.900659864	6616.97
1.900680272	6270.94
1.90070068	5965.06
1.900734694	5278.69
1.900755102	5046.07
1.90077551	4782.19
1.900789116	4375.39
1.900809524	4174.84
1.900829932	4090.64
1.900843537	3560.11
1.900863946	2927.31
1.900870748	2755.45
1.900891156	2310.88
1.900911565	1993.87
1.900931973	1679.42
1.900952381	1401.52
1.900972789	1173.94
1.9010068	1046.59
1.9010136	1022.95
1.90104082	999.234
1.90105442	983.323
1.90107483	976.667
1.90111565	970.057
1.90122449	976.667
1.9012585	1006.04
1.90129252	1019.17
1.90133333	1042.72
1.90136735	1136.15
1.90140136	1253.34
1.90144218	1387.74
1.90147619	1501.86
1.9015102	1701.33
1.90155102	1852.64
1.90158503	2031.14
1.90161905	2127.4
1.90165986	2339.59
1.90169388	2608.13
1.90172789	2803.5
1.90176871	2993.1
1.90180272	3217.3
1.90183673	3401.13
1.90187075	3765.85
1.90191157	3995.79
1.90194558	4185.16
1.90197959	4394.34
1.90202041	4648.29
1.90205442	4932.11
1.90208843	5162.66
1.90212925	5477.89
1.90216327	5888.22
1.90219728	6392.11
1.90223809	6649.73
1.90227211	7099.46
1.90230612	7532.95
1.90238095	8147.35
1.9024898	8833.66
1.90256463	9309.6
1.90263265	9684.81
1.9027415	10168.9
1.90285034	10546.1
1.90295918	10863.3
1.90306803	11190.0
1.90321088	11448.6
1.90331973	11641.0
1.90342857	11792.9
1.90353742	11946.8
1.90361224	12028.2
1.90372109	12147.6
1.90386395	12222.9
1.90404762	12344.2
1.90419048	12466.7
1.90437415	12551.7
1.90455102	12590.5
1.90484354	12637.2
1.905	12637.2
2.0	11866.0
2.000040816	11822.1
2.000122449	11727.6
2.000251701	11555.1
2.000292517	11378.1
2.000333333	11252.4
2.00037415	11121.2
2.000414966	10789.8
2.000462585	10546.1
2.000503401	10352.6
2.00052381	10118.8
2.000544218	8725.26
2.000585034	8496.67
2.00062585	7963.35
2.000639456	7381.03
2.000646259	6761.51
2.000659864	6616.97
2.000680272	6270.94
2.00070068	5965.06
2.000734694	5278.69
2.000755102	5046.07
2.00077551	4782.19
2.000789116	4375.39
2.000809524	4174.84
2.000829932	4090.64
2.000843537	3560.11
2.000863946	2927.31
2.000870748	2755.45
2.000891156	2310.88
2.000911565	1993.87
2.000931973	1679.42
2.000952381	1401.52
2.000972789	1173.94
2.0010068	1046.59
2.0010136	1022.95
2.00104082	999.234
2.00105442	983.323
2.00107483	976.667
2.00111565	970.057
2.00122449	976.667
2.0012585	1006.04
2.00129252	1019.17
2.00133333	1042.72
2.00136735	1136.15
2.00140136	1253.34
2.00144218	1387.74
2.00147619	1501.86
2.0015102	1701.33
2.00155102	1852.64
2.00158503	2031.14
2.00161905	2127.4
2.00165986	2339.59
2.00169388	2608.13
2.00172789	2803.5
2.00176871	2993.1
2.00180272	3217.3
2.00183673	3401.13
2.00187075	3765.85
2.00191157	3995.79
2.00194558	4185.16
2.00197959	4394.34
2.00202041	4648.29
2.00205442	4932.11
2.00208843	5162.66
2.00212925	5477.89
2.00216327	5888.22
2.00219728	6392.11
2.00223809	6649.73
2.00227211	7099.46
2.00230612	7532.95
2.00238095	8147.35
2.0024898	8833.66
2.00256463	9309.6
2.00263265	9684.81
2.0027415	10168.9
2.00285034	10546.1
2.00295918	10863.3
2.00306803	11190.0
2.00321088	11448.6
2.00331973	11641.0
2.00342857	11792.9
2.00353742	11946.8
2.00361224	12028.2
2.00372109	12147.6
2.00386395	12222.9
2.00404762	12344.2
2.00419048	12466.7
2.00437415	12551.7
2.00455102	12590.5
2.00484354	12637.2
2.005	12637.2
2.1	11866.0
2.100040816	11822.1
2.100122449	11727.6
2.100251701	11555.1
2.100292517	11378.1
2.100333333	11252.4
2.10037415	11121.2
2.100414966	10789.8
2.100462585	10546.1
2.100503401	10352.6
2.10052381	10118.8
2.100544218	8725.26
2.100585034	8496.67
2.10062585	7963.35
2.100639456	7381.03
2.100646259	6761.51
2.100659864	6616.97
2.100680272	6270.94
2.10070068	5965.06
2.100734694	5278.69
2.100755102	5046.07
2.10077551	4782.19
2.100789116	4375.39
2.100809524	4174.84
2.100829932	4090.64
2.100843537	3560.11
2.100863946	2927.31
2.100870748	2755.45
2.100891156	2310.88
2.100911565	1993.87
2.100931973	1679.42
2.100952381	1401.52
2.100972789	1173.94
2.1010068	1046.59
2.1010136	1022.95
2.10104082	999.234
2.10105442	983.323
2.10107483	976.667
2.10111565	970.057
2.10122449	976.667
2.1012585	1006.04
2.10129252	1019.17
2.10133333	1042.72
2.10136735	1136.15
2.10140136	1253.34
2.10144218	1387.74
2.10147619	1501.86
2.1015102	1701.33
2.10155102	1852.64
2.10158503	2031.14
2.10161905	2127.4
2.10165986	2339.59
2.10169388	2608.13
2.10172789	2803.5
2.10176871	2993.1
2.10180272	3217.3
2.10183673	3401.13
2.10187075	3765.85
2.10191157	3995.79
2.10194558	4185.16
2.10197959	4394.34
2.10202041	4648.29
2.10205442	4932.11
2.10208843	5162.66
2.10212925	5477.89
2.10216327	5888.22
2.10219728	6392.11
2.10223809	6649.73
2.10227211	7099.46
2.10230612	7532.95
2.10238095	8147.35
2.1024898	8833.66
2.10256463	9309.6
2.10263265	9684.81
2.1027415	10168.9
2.10285034	10546.1
2.10295918	10863.3
2.10306803	11190.0
2.10321088	11448.6
2.10331973	11641.0
2.10342857	11792.9
2.10353742	11946.8
2.10361224	12028.2
2.10372109	12147.6
2.10386395	12222.9
2.10404762	12344.2
2.10419048	12466.7
2.10437415	12551.7
2.10455102	12590.5
2.10484354	12637.2
2.105	12637.2
2.2	11866.0
2.200040816	11822.1
2.200122449	11727.6
2.200251701	11555.1
2.200292517	11378.1
2.200333333	11252.4
2.20037415	11121.2
2.200414966	10789.8
2.200462585	10546.1
2.200503401	10352.6
2.20052381	10118.8
2.200544218	8725.26
2.200585034	8496.67
2.20062585	7963.35
2.200639456	7381.03
2.200646259	6761.51
2.200659864	6616.97
2.200680272	6270.94
2.20070068	5965.06
2.200734694	5278.69
2.200755102	5046.07
2.20077551	4782.19
2.200789116	4375.39
2.200809524	4174.84
2.200829932	4090.64
2.200843537	3560.11
2.200863946	2927.31
2.200870748	2755.45
2.200891156	2310.88
2.200911565	1993.87
2.200931973	1679.42
2.200952381	1401.52
2.200972789	1173.94
2.2010068	1046.59
2.2010136	1022.95
2.20104082	999.234
2.20105442	983.323
2.20107483	976.667
2.20111565	970.057
2.20122449	976.667
2.2012585	1006.04
2.20129252	1019.17
2.20133333	1042.72
2.20136735	1136.15
2.20140136	1253.34
2.20144218	1387.74
2.20147619	1501.86
2.2015102	1701.33
2.20155102	1852.64
2.20158503	2031.14
2.20161905	2127.4
2.20165986	2339.59
2.20169388	2608.13
2.20172789	2803.5
2.20176871	2993.1
2.20180272	3217.3
2.20183673	3401.13
2.20187075	3765.85
2.20191157	3995.79
2.20194558	4185.16
2.20197959	4394.34
2.20202041	4648.29
2.20205442	4932.11
2.20208843	5162.66
2.20212925	5477.89
2.20216327	5888.22
2.20219728	6392.11
2.20223809	6649.73
2.20227211	7099.46
2.20230612	7532.95
2.20238095	8147.35
2.2024898	8833.66
2.20256463	9309.6
2.20263265	9684.81
2.2027415	10168.9
2.20285034	10546.1
2.20295918	10863.3
2.20306803	11190.0
2.20321088	11448.6
2.20331973	11641.0
2.20342857	11792.9
2.20353742	11946.8
2.20361224	12028.2
2.20372109	12147.6
2.20386395	12222.9
2.20404762	12344.2
2.20419048	12466.7
2.20437415	12551.7
2.20455102	12590.5
2.20484354	12637.2
2.205	12637.2
2.3	11866.0
2.300040816	11822.1
2.300122449	11727.6
2.300251701	11555.1
2.300292517	11378.1
2.300333333	11252.4
2.30037415	11121.2
2.300414966	10789.8
2.300462585	10546.1
2.300503401	10352.6
2.30052381	10118.8
2.300544218	8725.26
2.300585034	8496.67
2.30062585	7963.35
2.300639456	7381.03
2.300646259	6761.51
2.300659864	6616.97
2.300680272	6270.94
2.30070068	5965.06
2.300734694	5278.69
2.300755102	5046.07
2.30077551	4782.19
2.300789116	4375.39
2.300809524	4174.84
2.300829932	4090.64
2.300843537	3560.11
2.300863946	2927.31
2.300870748	2755.45
2.300891156	2310.88
2.300911565	1993.87
2.300931973	1679.42
2.300952381	1401.52
2.300972789	1173.94
2.3010068	1046.59
2.3010136	1022.95
2.30104082	999.234
2.30105442	983.323
2.30107483	976.667
2.30111565	970.057
2.30122449	976.667
2.3012585	1006.04
2.30129252	1019.17
2.30133333	1042.72
2.30136735	1136.15
2.30140136	1253.34
2.30144218	1387.74
2.30147619	1501.86
2.3015102	1701.33
2.30155102	1852.64
2.30158503	2031.14
2.30161905	2127.4
2.30165986	2339.59
2.30169388	2608.13
2.30172789	2803.5
2.30176871	2993.1
2.30180272	3217.3
2.30183673	3401.13
2.30187075	3765.85
2.30191157	3995.79
2.30194558	4185.16
2.30197959	4394.34
2.30202041	4648.29
2.30205442	4932.11
2.30208843	5162.66
2.30212925	5477.89
2.30216327	5888.22
2.30219728	6392.11
2.30223809	6649.73
2.30227211	7099.46
2.30230612	7532.95
2.30238095	8147.35
2.3024898	8833.66
2.30256463	9309.6
2.30263265	9684.81
2.3027415	10168.9
2.30285034	10546.1
2.30295918	10863.3
2.30306803	11190.0
2.30321088	11448.6
2.30331973	11641.0
2.30342857	11792.9
2.30353742	11946.8
2.30361224	12028.2
2.30372109	12147.6
2.30386395	12222.9
2.30404762	12344.2
2.30419048	12466.7
2.30437415	12551.7
2.30455102	12590.5
2.30484354	12637.2
2.305	12637.2
2.4	11866.0
2.400040816	11822.1
2.400122449	11727.6
2.400251701	11555.1
2.400292517	11378.1
2.400333333	11252.4
2.40037415	11121.2
2.400414966	10789.8
2.400462585	10546.1
2.400503401	10352.6
2.40052381	10118.8
2.400544218	8725.26
2.400585034	8496.67
2.40062585	7963.35
2.400639456	7381.03
2.400646259	6761.51
2.400659864	6616.97
2.400680272	6270.94
2.40070068	5965.06
2.400734694	5278.69
2.400755102	5046.07
2.40077551	4782.19
2.400789116	4375.39
2.400809524	4174.84
2.400829932	4090.64
2.400843537	3560.11
2.400863946	2927.31
2.400870748	2755.45
2.400891156	2310.88
2.400911565	1993.87
2.400931973	1679.42
2.400952381	1401.52
2.400972789	1173.94
2.4010068	1046.59
2.4010136	1022.95
2.40104082	999.234
2.40105442	983.323
2.40107483	976.667
2.40111565	970.057
2.40122449	976.667
2.4012585	1006.04
2.40129252	1019.17
2.40133333	1042.72
2.40136735	1136.15
2.40140136	1253.34
2.40144218	1387.74
2.40147619	1501.86
2.4015102	1701.33
2.40155102	1852.64
2.40158503	2031.14
2.40161905	2127.4
2.40165986	2339.59
2.40169388	2608.13
2.40172789	2803.5
2.40176871	2993.1
2.40180272	3217.3
2.40183673	3401.13
2.40187075	3765.85
2.40191157	3995.79
2.40194558	4185.16
2.40197959	4394.34
2.40202041	4648.29
2.40205442	4932.11
2.40208843	5162.66
2.40212925	5477.89
2.40216327	5888.22
2.40219728	6392.11
2.40223809	6649.73
2.40227211	7099.46
2.40230612	7532.95
2.40238095	8147.35
2.4024898	8833.66
2.40256463	9309.6
2.40263265	9684.81
2.4027415	10168.9
2.40285034	10546.1
2.40295918	10863.3
2.40306803	11190.0
2.40321088	11448.6
2.40331973	11641.0
2.40342857	11792.9
2.40353742	11946.8
2.40361224	12028.2
2.40372109	12147.6
2.40386395	12222.9
2.40404762	12344.2
2.40419048	12466.7
2.40437415	12551.7
2.40455102	12590.5
2.40484354	12637.2
2.405	12637.2
2.5	11866.0
2.500040816	11822.1
2.500122449	11727.6
2.500251701	11555.1
2.500292517	11378.1
2.500333333	11252.4
2.50037415	11121.2
2.500414966	10789.8
2.500462585	10546.1
2.500503401	10352.6
2.50052381	10118.8
2.500544218	8725.26
2.500585034	8496.67
2.50062585	7963.35
2.500639456	7381.03
2.500646259	6761.51
2.500659864	6616.97
2.500680272	6270.94
2.50070068	5965.06
2.500734694	5278.69
2.500755102	5046.07
2.50077551	4782.19
2.500789116	4375.39
2.500809524	4174.84
2.500829932	4090.64
2.500843537	3560.11
2.500863946	2927.31
2.500870748	2755.45
2.500891156	2310.88
2.500911565	1993.87
2.500931973	1679.42
2.500952381	1401.52
2.500972789	1173.94
2.5010068	1046.59
2.5010136	1022.95
2.50104082	999.234
2.50105442	983.323
2.50107483	976.667
2.50111565	970.057
2.50122449	976.667
2.5012585	1006.04
2.50129252	1019.17
2.50133333	1042.72
2.50136735	1136.15
2.50140136	1253.34
2.50144218	1387.74
2.50147619	1501.86
2.5015102	1701.33
2.50155102	1852.64
2.50158503	2031.14
2.50161905	2127.4
2.50165986	2339.59
2.50169388	2608.13
2.50172789	2803.5
2.50176871	2993.1
2.50180272	3217.3
2.50183673	3401.13
2.50187075	3765.85
2.50191157	3995.79
2.50194558	4185.16
2.50197959	4394.34
2.50202041	4648.29
2.50205442	4932.11
2.50208843	5162.66
2.50212925	5477.89
2.50216327	5888.22
2.50219728	6392.11
2.50223809	6649.73
2.50227211	7099.46
2.50230612	7532.95
2.50238095	8147.35
2.5024898	8833.66
2.50256463	9309.6
2.50263265	9684.81
2.5027415	10168.9
2.50285034	10546.1
2.50295918	10863.3
2.50306803	11190.0
2.50321088	11448.6
2.50331973	11641.0
2.50342857	11792.9
2.50353742	11946.8
2.50361224	12028.2
2.50372109	12147.6
2.50386395	12222.9
2.50404762	12344.2
2.50419048	12466.7
2.50437415	12551.7
2.50455102	12590.5
2.50484354	12637.2
2.505	12637.2
2.6	11866.0
2.600040816	11822.1
2.600122449	11727.6
2.600251701	11555.1
2.600292517	11378.1
2.600333333	11252.4
2.60037415	11121.2
2.600414966	10789.8
2.600462585	10546.1
2.600503401	10352.6
2.60052381	10118.8
2.600544218	8725.26
2.600585034	8496.67
2.60062585	7963.35
2.600639456	7381.03
2.600646259	6761.51
2.600659864	6616.97
2.600680272	6270.94
2.60070068	5965.06
2.600734694	5278.69
2.600755102	5046.07
2.60077551	4782.19
2.600789116	4375.39
2.600809524	4174.84
2.600829932	4090.64
2.600843537	3560.11
2.600863946	2927.31
2.600870748	2755.45
2.600891156	2310.88
2.600911565	1993.87
2.600931973	1679.42
2.600952381	1401.52
2.600972789	1173.94
2.6010068	1046.59
2.6010136	1022.95
2.60104082	999.234
2.60105442	983.323
2.60107483	976.667
2.60111565	970.057
2.60122449	976.667
2.6012585	1006.04
2.60129252	1019.17
2.60133333	1042.72
2.60136735	1136.15
2.60140136	1253.34
2.60144218	1387.74
2.60147619	1501.86
2.6015102	1701.33
2.60155102	1852.64
2.60158503	2031.14
2.60161905	2127.4
2.60165986	2339.59
2.60169388	2608.13
2.60172789	2803.5
2.60176871	2993.1
2.60180272	3217.3
2.60183673	3401.13
2.60187075	3765.85
2.60191157	3995.79
2.60194558	4185.16
2.60197959	4394.34
2.60202041	4648.29
2.60205442	4932.11
2.60208843	5162.66
2.60212925	5477.89
2.60216327	5888.22
2.60219728	6392.11
2.60223809	6649.73
2.60227211	7099.46
2.60230612	7532.95
2.60238095	8147.35
2.6024898	8833.66
2.60256463	9309.6
2.60263265	9684.81
2.6027415	10168.9
2.60285034	10546.1
2.60295918	10863.3
2.60306803	11190.0
2.60321088	11448.6
2.60331973	11641.0
2.60342857	11792.9
2.60353742	11946.8
2.60361224	12028.2
2.60372109	12147.6
2.60386395	12222.9
2.60404762	12344.2
2.60419048	12466.7
2.60437415	12551.7
2.60455102	12590.5
2.60484354	12637.2
2.605	12637.2
2.7	11866.0
2.700040816	11822.1
2.700122449	11727.6
2.700251701	11555.1
2.700292517	11378.1
2.700333333	11252.4
2.70037415	11121.2
2.700414966	10789.8
2.700462585	10546.1
2.700503401	10352.6
2.70052381	10118.8
2.700544218	8725.26
2.700585034	8496.67
2.70062585	7963.35
2.700639456	7381.03
2.700646259	6761.51
2.700659864	6616.97
2.700680272	6270.94
2.70070068	5965.06
2.700734694	5278.69
2.700755102	5046.07
2.70077551	4782.19
2.700789116	4375.39
2.700809524	4174.84
2.700829932	4090.64
2.700843537	3560.11
2.700863946	2927.31
2.700870748	2755.45
2.700891156	2310.88
2.700911565	1993.87
2.700931973	1679.42
2.700952381	1401.52
2.700972789	1173.94
2.7010068	1046.59
2.7010136	1022.95
2.70104082	999.234
2.70105442	983.323
2.70107483	976.667
2.70111565	970.057
2.70122449	976.667
2.7012585	1006.04
2.70129252	1019.17
2.70133333	1042.72
2.70136735	1136.15
2.70140136	1253.34
2.70144218	1387.74
2.70147619	1501.86
2.7015102	1701.33
2.70155102	1852.64
2.70158503	2031.14
2.70161905	2127.4
2.70165986	2339.59
2.70169388	2608.13
2.70172789	2803.5
2.70176871	2993.1
2.70180272	3217.3
2.70183673	3401.13
2.70187075	3765.85
2.70191157	3995.79
2.70194558	4185.16
2.70197959	4394.34
2.70202041	4648.29
2.70205442	4932.11
2.70208843	5162.66
2.70212925	5477.89
2.70216327	5888.22
2.70219728	6392.11
2.70223809	6649.73
2.70227211	7099.46
2.70230612	7532.95
2.70238095	8147.35
2.7024898	8833.66
2.70256463	9309.6
2.70263265	9684.81
2.7027415	10168.9
2.70285034	10546.1
2.70295918	10863.3
2.70306803	11190.0
2.70321088	11448.6
2.70331973	11641.0
2.70342857	11792.9
2.70353742	11946.8
2.70361224	12028.2
2.70372109	12147.6
2.70386395	12222.9
2.70404762	12344.2
2.70419048	12466.7
2.70437415	12551.7
2.70455102	12590.5
2.70484354	12637.2
2.705	12637.2
2.8	11866.0
2.800040816	11822.1
2.800122449	11727.6
2.800251701	11555.1
2.800292517	11378.1
2.800333333	11252.4
2.80037415	11121.2
2.800414966	10789.8
2.800462585	10546.1
2.800503401	10352.6
2.80052381	10118.8
2.800544218	8725.26
2.800585034	8496.67
2.80062585	7963.35
2.800639456	7381.03
2.800646259	6761.51
2.800659864	6616.97
2.800680272	6270.94
2.80070068	5965.06
2.800734694	5278.69
2.800755102	5046.07
2.80077551	4782.19
2.800789116	4375.39
2.800809524	4174.84
2.800829932	4090.64
2.800843537	3560.11
2.800863946	2927.31
2.800870748	2755.45
2.800891156	2310.88
2.800911565	1993.87
2.800931973	1679.42
2.800952381	1401.52
2.800972789	1173.94
2.8010068	1046.59
2.8010136	1022.95
2.80104082	999.234
2.80105442	983.323
2.80107483	976.667
2.80111565	970.057
2.80122449	976.667
2.8012585	1006.04
2.80129252	1019.17
2.80133333	1042.72
2.80136735	1136.15
2.80140136	1253.34
2.80144218	1387.74
2.80147619	1501.86
2.8015102	1701.33
2.80155102	1852.64
2.80158503	2031.14
2.80161905	2127.4
2.80165986	2339.59
2.80169388	2608.13
2.80172789	2803.5
2.80176871	2993.1
2.80180272	3217.3
2.80183673	3401.13
2.80187075	3765.85
2.80191157	3995.79
2.80194558	4185.16
2.80197959	4394.34
2.80202041	4648.29
2.80205442	4932.11
2.80208843	5162.66
2.80212925	5477.89
2.80216327	5888.22
2.80219728	6392.11
2.80223809	6649.73
2.80227211	7099.46
2.80230612	7532.95
2.80238095	8147.35
2.8024898	8833.66
2.80256463	9309.6
2.80263265	9684.81
2.8027415	10168.9
2.80285034	10546.1
2.80295918	10863.3
2.80306803	11190.0
2.80321088	11448.6
2.80331973	11641.0
2.80342857	11792.9
2.80353742	11946.8
2.80361224	12028.2
2.80372109	12147.6
2.80386395	12222.9
2.80404762	12344.2
2.80419048	12466.7
2.80437415	12551.7
2.80455102	12590.5
2.80484354	12637.2
2.805	12637.2
2.9	11866.0
2.900040816	11822.1
2.900122449	11727.6
2.900251701	11555.1
2.900292517	11378.1
2.900333333	11252.4
2.90037415	11121.2
2.900414966	10789.8
2.900462585	10546.1
2.900503401	10352.6
2.90052381	10118.8
2.900544218	8725.26
2.900585034	8496.67
2.90062585	7963.35
2.900639456	7381.03
2.900646259	6761.51
2.900659864	6616.97
2.900680272	6270.94
2.90070068	5965.06
2.900734694	5278.69
2.900755102	5046.07
2.90077551	4782.19
2.900789116	4375.39
2.900809524	4174.84
2.900829932	4090.64
2.900843537	3560.11
2.900863946	2927.31
2.900870748	2755.45
2.900891156	2310.88
2.900911565	1993.87
2.900931973	1679.42
2.900952381	1401.52
2.900972789	1173.94
2.9010068	1046.59
2.9010136	1022.95
2.90104082	999.234
2.90105442	983.323
2.90107483	976.667
2.90111565	970.057
2.90122449	976.667
2.9012585	1006.04
2.90129252	1019.17
2.90133333	1042.72
2.90136735	1136.15
2.90140136	1253.34
2.90144218	1387.74
2.90147619	1501.86
2.9015102	1701.33
2.90155102	1852.64
2.90158503	2031.14
2.90161905	2127.4
2.90165986	2339.59
2.90169388	2608.13
2.90172789	2803.5
2.90176871	2993.1
2.90180272	3217.3
2.90183673	3401.13
2.90187075	3765.85
2.90191157	3995.79
2.90194558	4185.16
2.90197959	4394.34
2.90202041	4648.29
2.90205442	4932.11
2.90208843	5162.66
2.90212925	5477.89
2.90216327	5888.22
2.90219728	6392.11
2.90223809	6649.73
2.90227211	7099.46
2.90230612	7532.95
2.90238095	8147.35
2.9024898	8833.66
2.90256463	9309.6
2.90263265	9684.81
2.9027415	10168.9
2.90285034	10546.1
2.90295918	10863.3
2.90306803	11190.0
2.90321088	11448.6
2.90331973	11641.0
2.90342857	11792.9
2.90353742	11946.8
2.90361224	12028.2
2.90372109	12147.6
2.90386395	12222.9
2.90404762	12344.2
2.90419048	12466.7
2.90437415	12551.7
2.90455102	12590.5
2.90484354	12637.2
2.905	12637.2
3.4	11866.0
3.400040816	11822.1
3.400122449	11727.6
3.400251701	11555.1
3.400292517	11378.1
3.400333333	11252.4
3.40037415	11121.2
3.400414966	10789.8
3.400462585	10546.1
3.400503401	10352.6
3.40052381	10118.8
3.400544218	8725.26
3.400585034	8496.67
3.40062585	7963.35
3.400639456	7381.03
3.400646259	6761.51
3.400659864	6616.97
3.400680272	6270.94
3.40070068	5965.06
3.400734694	5278.69
3.400755102	5046.07
3.40077551	4782.19
3.400789116	4375.39
3.400809524	4174.84
3.400829932	4090.64
3.400843537	3560.11
3.400863946	2927.31
3.400870748	2755.45
3.400891156	2310.88
3.400911565	1993.87
3.400931973	1679.42
3.400952381	1401.52
3.400972789	1173.94
3.4010068	1046.59
3.4010136	1022.95
3.40104082	999.234
3.40105442	983.323
3.40107483	976.667
3.40111565	970.057
3.40122449	976.667
3.4012585	1006.04
3.40129252	1019.17
3.40133333	1042.72
3.40136735	1136.15
3.40140136	1253.34
3.40144218	1387.74
3.40147619	1501.86
3.4015102	1701.33
3.40155102	1852.64
3.40158503	2031.14
3.40161905	2127.4
3.40165986	2339.59
3.40169388	2608.13
3.40172789	2803.5
3.40176871	2993.1
3.40180272	3217.3
3.40183673	3401.13
3.40187075	3765.85
3.40191157	3995.79
3.40194558	4185.16
3.40197959	4394.34
3.40202041	4648.29
3.40205442	4932.11
3.40208843	5162.66
3.40212925	5477.89
3.40216327	5888.22
3.40219728	6392.11
3.40223809	6649.73
3.40227211	7099.46
3.40230612	7532.95
3.40238095	8147.35
3.4024898	8833.66
3.40256463	9309.6
3.40263265	9684.81
3.4027415	10168.9
3.40285034	10546.1
3.40295918	10863.3
3.40306803	11190.0
3.40321088	11448.6
3.40331973	11641.0
3.40342857	11792.9
3.40353742	11946.8
3.40361224	12028.2
3.40372109	12147.6
3.40386395	12222.9
3.40404762	12344.2
3.40419048	12466.7
3.40437415	12551.7
3.40455102	12590.5
3.40484354	12637.2
3.405	12637.2
