0.0	32950.1
4.0816e-05	32807.9
0.000122449	32501.8
0.000251701	31944.2
0.000292517	31373.6
0.000333333	30969.0
0.00037415	30547.6
0.000414966	29487.2
0.000462585	28711.0
0.000503401	28096.6
0.00052381	27356.9
0.000544218	23009.9
0.000585034	22307.4
0.00062585	20680.9
0.000639456	18925.8
0.000646259	17084.0
0.000659864	16658.2
0.000680272	15645.4
0.00070068	14757.8
0.000734694	12794.4
0.000755102	12138.4
0.00077551	11400.3
0.000789116	10276.0
0.000809524	9728.09
0.000829932	9499.36
0.000843537	8076.78
0.000863946	6426.48
0.000870748	5988.06
0.000891156	4875.75
0.000911565	4103.94
0.000931973	3358.53
0.000952381	2718.94
0.000972789	2210.7
0.0010068	1933.24
0.0010136	1882.35
0.00104082	1831.47
0.00105442	1797.46
0.00107483	1783.26
0.00111565	1769.17
0.00122449	1783.26
0.0012585	1846.05
0.00129252	1874.22
0.00133333	1924.89
0.00136735	2127.81
0.00140136	2386.28
0.00144218	2687.75
0.00147619	2947.62
0.0015102	3409.77
0.00155102	3766.5
0.00158503	4193.68
0.00161905	4426.71
0.00165986	4946.57
0.00169388	5615.86
0.00172789	6110.18
0.00176871	6595.48
0.00180272	7176.02
0.00183673	7657.13
0.00187075	8624.49
0.00191157	9242.62
0.00194558	9756.19
0.00197959	10328.0
0.00202041	11028.4
0.00205442	11818.8
0.00208843	12466.6
0.00212925	13360.1
0.00216327	14536.0
0.00219728	15999.0
0.00223809	16754.6
0.00227211	18085.3
0.00230612	19381.5
0.00238095	21240.1
0.0024898	23344.1
0.00256463	24819.6
0.00263265	25991.7
0.0027415	27515.2
0.00285034	28711.0
0.00295918	29722.0
0.00306803	30768.7
0.00321088	31600.6
0.00331973	32221.8
0.00342857	32713.4
0.00353742	33212.5
0.00361224	33477.0
0.00372109	33865.4
0.00386395	34110.5
0.00404762	34506.3
0.00419048	34906.7
0.00437415	35184.6
0.00455102	35311.7
0.00484354	35464.8
0.005	35464.8
0.05	32950.1
0.050040816	32807.9
0.050122449	32501.8
0.050251701	31944.2
0.050292517	31373.6
0.050333333	30969.0
0.05037415	30547.6
0.050414966	29487.2
0.050462585	28711.0
0.050503401	28096.6
0.05052381	27356.9
0.050544218	23009.9
0.050585034	22307.4
0.05062585	20680.9
0.050639456	18925.8
0.050646259	17084.0
0.050659864	16658.2
0.050680272	15645.4
0.05070068	14757.8
0.050734694	12794.4
0.050755102	12138.4
0.05077551	11400.3
0.050789116	10276.0
0.050809524	9728.09
0.050829932	9499.36
0.050843537	8076.78
0.050863946	6426.48
0.050870748	5988.06
0.050891156	4875.75
0.050911565	4103.94
0.050931973	3358.53
0.050952381	2718.94
0.050972789	2210.7
0.0510068	1933.24
0.0510136	1882.35
0.05104082	1831.47
0.05105442	1797.46
0.05107483	1783.26
0.05111565	1769.17
0.05122449	1783.26
0.0512585	1846.05
0.05129252	1874.22
0.05133333	1924.89
0.05136735	2127.81
0.05140136	2386.28
0.05144218	2687.75
0.05147619	2947.62
0.0515102	3409.77
0.05155102	3766.5
0.05158503	4193.68
0.05161905	4426.71
0.05165986	4946.57
0.05169388	5615.86
0.05172789	6110.18
0.05176871	6595.48
0.05180272	7176.02
0.05183673	7657.13
0.05187075	8624.49
0.05191157	9242.62
0.05194558	9756.19
0.05197959	10328.0
0.05202041	11028.4
0.05205442	11818.8
0.05208843	12466.6
0.05212925	13360.1
0.05216327	14536.0
0.05219728	15999.0
0.05223809	16754.6
0.05227211	18085.3
0.05230612	19381.5
0.05238095	21240.1
0.0524898	23344.1
0.05256463	24819.6
0.05263265	25991.7
0.0527415	27515.2
0.05285034	28711.0
0.05295918	29722.0
0.05306803	30768.7
0.05321088	31600.6
0.05331973	32221.8
0.05342857	32713.4
0.05353742	33212.5
0.05361224	33477.0
0.05372109	33865.4
0.05386395	34110.5
0.05404762	34506.3
0.05419048	34906.7
0.05437415	35184.6
0.05455102	35311.7
0.05484354	35464.8
0.055	35464.8
0.1	32950.1
0.100040816	32807.9
0.100122449	32501.8
0.100251701	31944.2
0.100292517	31373.6
0.100333333	30969.0
0.10037415	30547.6
0.100414966	29487.2
0.100462585	28711.0
0.100503401	28096.6
0.10052381	27356.9
0.100544218	23009.9
0.100585034	22307.4
0.10062585	20680.9
0.100639456	18925.8
0.100646259	17084.0
0.100659864	16658.2
0.100680272	15645.4
0.10070068	14757.8
0.100734694	12794.4
0.100755102	12138.4
0.10077551	11400.3
0.100789116	10276.0
0.100809524	9728.09
0.100829932	9499.36
0.100843537	8076.78
0.100863946	6426.48
0.100870748	5988.06
0.100891156	4875.75
0.100911565	4103.94
0.100931973	3358.53
0.100952381	2718.94
0.100972789	2210.7
0.1010068	1933.24
0.1010136	1882.35
0.10104082	1831.47
0.10105442	1797.46
0.10107483	1783.26
0.10111565	1769.17
0.10122449	1783.26
0.1012585	1846.05
0.10129252	1874.22
0.10133333	1924.89
0.10136735	2127.81
0.10140136	2386.28
0.10144218	2687.75
0.10147619	2947.62
0.1015102	3409.77
0.10155102	3766.5
0.10158503	4193.68
0.10161905	4426.71
0.10165986	4946.57
0.10169388	5615.86
0.10172789	6110.18
0.10176871	6595.48
0.10180272	7176.02
0.10183673	7657.13
0.10187075	8624.49
0.10191157	9242.62
0.10194558	9756.19
0.10197959	10328.0
0.10202041	11028.4
0.10205442	11818.8
0.10208843	12466.6
0.10212925	13360.1
0.10216327	14536.0
0.10219728	15999.0
0.10223809	16754.6
0.10227211	18085.3
0.10230612	19381.5
0.10238095	21240.1
0.1024898	23344.1
0.10256463	24819.6
0.10263265	25991.7
0.1027415	27515.2
0.10285034	28711.0
0.10295918	29722.0
0.10306803	30768.7
0.10321088	31600.6
0.10331973	32221.8
0.10342857	32713.4
0.10353742	33212.5
0.10361224	33477.0
0.10372109	33865.4
0.10386395	34110.5
0.10404762	34506.3
0.10419048	34906.7
0.10437415	35184.6
0.10455102	35311.7
0.10484354	35464.8
0.105	35464.8
0.15	32950.1
0.150040816	32807.9
0.150122449	32501.8
0.150251701	31944.2
0.150292517	31373.6
0.150333333	30969.0
0.15037415	30547.6
0.150414966	29487.2
0.150462585	28711.0
0.150503401	28096.6
0.15052381	27356.9
0.150544218	23009.9
0.150585034	22307.4
0.15062585	20680.9
0.150639456	18925.8
0.150646259	17084.0
0.150659864	16658.2
0.150680272	15645.4
0.15070068	14757.8
0.150734694	12794.4
0.150755102	12138.4
0.15077551	11400.3
0.150789116	10276.0
0.150809524	9728.09
0.150829932	9499.36
0.150843537	8076.78
0.150863946	6426.48
0.150870748	5988.06
0.150891156	4875.75
0.150911565	4103.94
0.150931973	3358.53
0.150952381	2718.94
0.150972789	2210.7
0.1510068	1933.24
0.1510136	1882.35
0.15104082	1831.47
0.15105442	1797.46
0.15107483	1783.26
0.15111565	1769.17
0.15122449	1783.26
0.1512585	1846.05
0.15129252	1874.22
0.15133333	1924.89
0.15136735	2127.81
0.15140136	2386.28
0.15144218	2687.75
0.15147619	2947.62
0.1515102	3409.77
0.15155102	3766.5
0.15158503	4193.68
0.15161905	4426.71
0.15165986	4946.57
0.15169388	5615.86
0.15172789	6110.18
0.15176871	6595.48
0.15180272	7176.02
0.15183673	7657.13
0.15187075	8624.49
0.15191157	9242.62
0.15194558	9756.19
0.15197959	10328.0
0.15202041	11028.4
0.15205442	11818.8
0.15208843	12466.6
0.15212925	13360.1
0.15216327	14536.0
0.15219728	15999.0
0.15223809	16754.6
0.15227211	18085.3
0.15230612	19381.5
0.15238095	21240.1
0.1524898	23344.1
0.15256463	24819.6
0.15263265	25991.7
0.1527415	27515.2
0.15285034	28711.0
0.15295918	29722.0
0.15306803	30768.7
0.15321088	31600.6
0.15331973	32221.8
0.15342857	32713.4
0.15353742	33212.5
0.15361224	33477.0
0.15372109	33865.4
0.15386395	34110.5
0.15404762	34506.3
0.15419048	34906.7
0.15437415	35184.6
0.15455102	35311.7
0.15484354	35464.8
0.155	35464.8
0.2	32950.1
0.200040816	32807.9
0.200122449	32501.8
0.200251701	31944.2
0.200292517	31373.6
0.200333333	30969.0
0.20037415	30547.6
0.200414966	29487.2
0.200462585	28711.0
0.200503401	28096.6
0.20052381	27356.9
0.200544218	23009.9
0.200585034	22307.4
0.20062585	20680.9
0.200639456	18925.8
0.200646259	17084.0
0.200659864	16658.2
0.200680272	15645.4
0.20070068	14757.8
0.200734694	12794.4
0.200755102	12138.4
0.20077551	11400.3
0.200789116	10276.0
0.200809524	9728.09
0.200829932	9499.36
0.200843537	8076.78
0.200863946	6426.48
0.200870748	5988.06
0.200891156	4875.75
0.200911565	4103.94
0.200931973	3358.53
0.200952381	2718.94
0.200972789	2210.7
0.2010068	1933.24
0.2010136	1882.35
0.20104082	1831.47
0.20105442	1797.46
0.20107483	1783.26
0.20111565	1769.17
0.20122449	1783.26
0.2012585	1846.05
0.20129252	1874.22
0.20133333	1924.89
0.20136735	2127.81
0.20140136	2386.28
0.20144218	2687.75
0.20147619	2947.62
0.2015102	3409.77
0.20155102	3766.5
0.20158503	4193.68
0.20161905	4426.71
0.20165986	4946.57
0.20169388	5615.86
0.20172789	6110.18
0.20176871	6595.48
0.20180272	7176.02
0.20183673	7657.13
0.20187075	8624.49
0.20191157	9242.62
0.20194558	9756.19
0.20197959	10328.0
0.20202041	11028.4
0.20205442	11818.8
0.20208843	12466.6
0.20212925	13360.1
0.20216327	14536.0
0.20219728	15999.0
0.20223809	16754.6
0.20227211	18085.3
0.20230612	19381.5
0.20238095	21240.1
0.2024898	23344.1
0.20256463	24819.6
0.20263265	25991.7
0.2027415	27515.2
0.20285034	28711.0
0.20295918	29722.0
0.20306803	30768.7
0.20321088	31600.6
0.20331973	32221.8
0.20342857	32713.4
0.20353742	33212.5
0.20361224	33477.0
0.20372109	33865.4
0.20386395	34110.5
0.20404762	34506.3
0.20419048	34906.7
0.20437415	35184.6
0.20455102	35311.7
0.20484354	35464.8
0.205	35464.8
0.25	32950.1
0.250040816	32807.9
0.250122449	32501.8
0.250251701	31944.2
0.250292517	31373.6
0.250333333	30969.0
0.25037415	30547.6
0.250414966	29487.2
0.250462585	28711.0
0.250503401	28096.6
0.25052381	27356.9
0.250544218	23009.9
0.250585034	22307.4
0.25062585	20680.9
0.250639456	18925.8
0.250646259	17084.0
0.250659864	16658.2
0.250680272	15645.4
0.25070068	14757.8
0.250734694	12794.4
0.250755102	12138.4
0.25077551	11400.3
0.250789116	10276.0
0.250809524	9728.09
0.250829932	9499.36
0.250843537	8076.78
0.250863946	6426.48
0.250870748	5988.06
0.250891156	4875.75
0.250911565	4103.94
0.250931973	3358.53
0.250952381	2718.94
0.250972789	2210.7
0.2510068	1933.24
0.2510136	1882.35
0.25104082	1831.47
0.25105442	1797.46
0.25107483	1783.26
0.25111565	1769.17
0.25122449	1783.26
0.2512585	1846.05
0.25129252	1874.22
0.25133333	1924.89
0.25136735	2127.81
0.25140136	2386.28
0.25144218	2687.75
0.25147619	2947.62
0.2515102	3409.77
0.25155102	3766.5
0.25158503	4193.68
0.25161905	4426.71
0.25165986	4946.57
0.25169388	5615.86
0.25172789	6110.18
0.25176871	6595.48
0.25180272	7176.02
0.25183673	7657.13
0.25187075	8624.49
0.25191157	9242.62
0.25194558	9756.19
0.25197959	10328.0
0.25202041	11028.4
0.25205442	11818.8
0.25208843	12466.6
0.25212925	13360.1
0.25216327	14536.0
0.25219728	15999.0
0.25223809	16754.6
0.25227211	18085.3
0.25230612	19381.5
0.25238095	21240.1
0.2524898	23344.1
0.25256463	24819.6
0.25263265	25991.7
0.2527415	27515.2
0.25285034	28711.0
0.25295918	29722.0
0.25306803	30768.7
0.25321088	31600.6
0.25331973	32221.8
0.25342857	32713.4
0.25353742	33212.5
0.25361224	33477.0
0.25372109	33865.4
0.25386395	34110.5
0.25404762	34506.3
0.25419048	34906.7
0.25437415	35184.6
0.25455102	35311.7
0.25484354	35464.8
0.255	35464.8
0.5	32950.1
0.500040816	32807.9
0.500122449	32501.8
0.500251701	31944.2
0.500292517	31373.6
0.500333333	30969.0
0.50037415	30547.6
0.500414966	29487.2
0.500462585	28711.0
0.500503401	28096.6
0.50052381	27356.9
0.500544218	23009.9
0.500585034	22307.4
0.50062585	20680.9
0.500639456	18925.8
0.500646259	17084.0
0.500659864	16658.2
0.500680272	15645.4
0.50070068	14757.8
0.500734694	12794.4
0.500755102	12138.4
0.50077551	11400.3
0.500789116	10276.0
0.500809524	9728.09
0.500829932	9499.36
0.500843537	8076.78
0.500863946	6426.48
0.500870748	5988.06
0.500891156	4875.75
0.500911565	4103.94
0.500931973	3358.53
0.500952381	2718.94
0.500972789	2210.7
0.5010068	1933.24
0.5010136	1882.35
0.50104082	1831.47
0.50105442	1797.46
0.50107483	1783.26
0.50111565	1769.17
0.50122449	1783.26
0.5012585	1846.05
0.50129252	1874.22
0.50133333	1924.89
0.50136735	2127.81
0.50140136	2386.28
0.50144218	2687.75
0.50147619	2947.62
0.5015102	3409.77
0.50155102	3766.5
0.50158503	4193.68
0.50161905	4426.71
0.50165986	4946.57
0.50169388	5615.86
0.50172789	6110.18
0.50176871	6595.48
0.50180272	7176.02
0.50183673	7657.13
0.50187075	8624.49
0.50191157	9242.62
0.50194558	9756.19
0.50197959	10328.0
0.50202041	11028.4
0.50205442	11818.8
0.50208843	12466.6
0.50212925	13360.1
0.50216327	14536.0
0.50219728	15999.0
0.50223809	16754.6
0.50227211	18085.3
0.50230612	19381.5
0.50238095	21240.1
0.5024898	23344.1
0.50256463	24819.6
0.50263265	25991.7
0.5027415	27515.2
0.50285034	28711.0
0.50295918	29722.0
0.50306803	30768.7
0.50321088	31600.6
0.50331973	32221.8
0.50342857	32713.4
0.50353742	33212.5
0.50361224	33477.0
0.50372109	33865.4
0.50386395	34110.5
0.50404762	34506.3
0.50419048	34906.7
0.50437415	35184.6
0.50455102	35311.7
0.50484354	35464.8
0.505	35464.8
