0 0.07996
5e-05 0.110076
0.0001 0.082037
0.00015 0.098651
0.0002 0.087921
0.00025 0.064387
0.0003 0.075804
0.00035 0.121844
0.0004 0.066802
0.00045 0.092428
0.0005 0.096923
0.00055 0.084111
0.0006 0.114919
0.00065 0.130841
0.0007 0.120111
0.00075 0.068193
0.0008 0.083085
0.00085 0.098985
0.0009 0.098662
0.00095 0.1343
0.001 0.115956
0.00105 0.138474
0.0011 0.15715
0.00115 0.189332
0.0012 0.271373
0.00125 0.241267
0.0013 0.290415
0.00135 0.369701
0.0014 0.400159
0.00145 0.569733
0.0015 0.646625
0.00155 1.12637
0.0016 1.24475
0.00165 1.45762
0.0017 1.85603
0.00175 2.52653
0.0018 2.9305
0.00185 3.59511
0.0019 4.09181
0.00195 4.80105
0.002 5.3795
0.00205 5.80491
0.0021 6.21439
0.00215 6.14168
0.0022 6.3217
0.00225 6.00047
0.0023 5.93539
0.00235 5.42276
0.0024 4.92779
0.00245 4.08732
0.0025 3.57706
0.00255 2.85468
0.0026 2.61066
0.00265 2.35866
0.0027 1.91907
0.00275 1.65318
0.0028 1.55803
0.00285 1.39011
0.0029 1.35935
0.00295 1.18276
0.003 1.05783
0.00305 1.02388
0.0031 1.00591
0.00315 0.901412
0.0032 0.890929
0.00325 0.882339
0.0033 0.781244
0.00335 0.780908
0.0034 0.842885
0.00345 0.772969
0.0035 0.825891
0.00355 0.787499
0.0036 0.790288
0.00365 0.667682
0.0037 0.701295
0.00375 0.765307
0.0038 0.738379
0.00385 0.629647
0.0039 0.769492
0.00395 0.67739
0.004 0.635868
0.00405 0.719964
0.0041 0.619944
0.00415 0.661488
0.0042 0.625206
0.00425 0.60193
0.0043 0.581156
0.00435 0.664292
0.0044 0.650027
0.00445 0.682955
0.0045 0.721397
0.00455 0.640677
0.0046 0.569827
0.00465 0.648953
0.0047 0.605116
0.00475 0.685392
0.0048 0.670143
0.00485 0.574905
0.0049 0.597087
0.00495 0.630733
0.005 0.633835
0.00505 0.555145
0.0051 0.625554
0.00515 0.591862
0.0052 0.548354
0.00525 0.585308
0.0053 0.571507
0.00535 0.574551
0.0054 0.547976
0.00545 0.604748
0.0055 0.569756
0.00555 0.533032
0.0056 0.572506
0.00565 0.6217
0.0057 0.625821
0.00575 0.568049
0.0058 0.589795
0.00585 0.554933
0.0059 0.611693
0.00595 0.604655
0.006 0.549664
0.00605 0.580552
0.0061 0.559705
0.00615 0.469411
0.0062 0.548188
0.00625 0.531742
0.0063 0.494324
0.00635 0.547534
0.0064 0.536586
0.00645 0.592564
0.0065 0.545263
0.00655 0.544735
0.0066 0.527919
0.00665 0.447955
0.0067 0.478328
0.00675 0.527834
0.0068 0.600571
0.00685 0.609273
0.0069 0.591925
0.00695 0.477347
0.007 0.595386
0.00705 0.472178
0.0071 0.579043
0.00715 0.477381
0.0072 0.364042
0.00725 0.514406
0.0073 0.528273
0.00735 0.474211
0.0074 0.574617
0.00745 0.545513
0.0075 0.62544
0.00755 0.484266
0.0076 0.455175
0.00765 0.506517
0.0077 0.510502
0.00775 0.541382
0.0078 0.531389
0.00785 0.498739
0.0079 0.483882
0.00795 0.508238
0.008 0.531253
0.00805 0.538623
0.0081 0.44421
0.00815 0.510206
0.0082 0.574243
0.00825 0.519543
0.0083 0.53994
0.00835 0.462198
0.0084 0.531216
0.00845 0.434128
0.0085 0.483173
0.00855 0.509291
0.0086 0.449646
0.00865 0.526006
0.0087 0.506144
0.00875 0.442388
0.0088 0.517826
0.00885 0.522738
0.0089 0.568994
0.00895 0.518914
0.009 0.504278
0.00905 0.532074
0.0091 0.481909
0.00915 0.464123
0.0092 0.478326
0.00925 0.569482
0.0093 0.51914
0.00935 0.423128
0.0094 0.462686
0.00945 0.475604
0.0095 0.442015
0.00955 0.487083
0.0096 0.492603
0.00965 0.460649
0.0097 0.45382
0.00975 0.481264
0.0098 0.524966
0.00985 0.480108
0.0099 0.430257
0.00995 0.474325
0.01 0.477926
0.01005 0.52205
0.0101 0.478389
0.01015 0.451687
0.0102 0.521623
0.01025 0.407869
0.0103 0.431827
0.01035 0.438941
0.0104 0.477158
0.01045 0.45026
0.0105 0.456587
0.01055 0.502923
0.0106 0.537622
0.01065 0.473568
0.0107 0.48069
0.01075 0.469392
0.0108 0.507468
0.01085 0.44541
0.0109 0.424815
0.01095 0.479015
0.011 0.507714
0.01105 0.551506
0.0111 0.467043
0.01115 0.471309
0.0112 0.461508
0.01125 0.495696
0.0113 0.500424
0.01135 0.444612
0.0114 0.42017
0.01145 0.445138
0.0115 0.433986
0.01155 0.44037
0.0116 0.517019
0.01165 0.460855
0.0117 0.400015
0.01175 0.458803
0.0118 0.401548
0.01185 0.405254
0.0119 0.548632
0.01195 0.448338
0.012 0.531911
0.01205 0.451765
0.0121 0.482925
0.01215 0.500115
0.0122 0.447974
0.01225 0.488464
0.0123 0.520102
0.01235 0.470568
0.0124 0.450347
0.01245 0.442669
0.0125 0.408582
0.01255 0.465098
0.0126 0.437826
0.01265 0.440238
0.0127 0.534516
0.01275 0.456372
0.0128 0.459837
0.01285 0.481179
0.0129 0.448672
0.01295 0.49044
0.013 0.459383
0.01305 0.476993
0.0131 0.492207
0.01315 0.475681
0.0132 0.424016
0.01325 0.48458
0.0133 0.477776
0.01335 0.381948
0.0134 0.50996
0.01345 0.523606
0.0135 0.4564
0.01355 0.461642
0.0136 0.441036
0.01365 0.418862
0.0137 0.498225
0.01375 0.562477
0.0138 0.423303
0.01385 0.421919
0.0139 0.453751
0.01395 0.464115
0.014 0.447641
0.01405 0.442015
0.0141 0.494654
0.01415 0.462962
0.0142 0.438653
0.01425 0.424123
0.0143 0.546653
0.01435 0.456219
0.0144 0.430175
0.01445 0.481895
0.0145 0.428543
0.01455 0.445911
0.0146 0.485751
0.01465 0.481335
0.0147 0.48191
0.01475 0.475408
0.0148 0.418965
0.01485 0.426341
0.0149 0.492719
0.01495 0.476987
0.015 0.570079
0.01505 0.469329
0.0151 0.513638
0.01515 0.461734
0.0152 0.4743
0.01525 0.389396
0.0153 0.477748
0.01535 0.407136
0.0154 0.521873
0.01545 0.430667
0.0155 0.53017
0.01555 0.43191
0.0156 0.406275
0.01565 0.457031
0.0157 0.433009
0.01575 0.400561
0.0158 0.401427
0.01585 0.397235
0.0159 0.480431
0.01595 0.482831
0.016 0.450602
0.01605 0.404242
0.0161 0.433696
0.01615 0.513988
0.0162 0.459517
0.01625 0.479211
0.0163 0.422585
0.01635 0.451063
0.0164 0.511733
0.01645 0.471003
0.0165 0.451762
0.01655 0.485814
0.0166 0.477899
0.01665 0.464249
0.0167 0.382486
0.01675 0.394086
0.0168 0.475231
0.01685 0.473631
0.0169 0.464234
0.01695 0.434368
0.017 0.449265
0.01705 0.422927
0.0171 0.451939
0.01715 0.473653
0.0172 0.548011
0.01725 0.488435
0.0173 0.458194
0.01735 0.46668
0.0174 0.459548
0.01745 0.421568
0.0175 0.393806
0.01755 0.39363
0.0176 0.433358
0.01765 0.399808
0.0177 0.523253
0.01775 0.449821
0.0178 0.448965
0.01785 0.466015
0.0179 0.353263
0.01795 0.415261
0.018 0.468768
0.01805 0.465538
0.0181 0.486977
0.01815 0.407049
0.0182 0.480503
0.01825 0.449899
0.0183 0.543468
0.01835 0.50607
0.0184 0.490884
0.01845 0.423044
0.0185 0.388425
0.01855 0.376231
0.0186 0.385214
0.01865 0.438416
0.0187 0.433559
0.01875 0.400099
0.0188 0.394659
0.01885 0.423209
0.0189 0.506575
0.01895 0.456093
0.019 0.406745
0.01905 0.455957
0.0191 0.401009
0.01915 0.369065
0.0192 0.477794
0.01925 0.457302
0.0193 0.490066
0.01935 0.461014
0.0194 0.41463
0.01945 0.419768
0.0195 0.464057
0.01955 0.431865
0.0196 0.454063
0.01965 0.455559
0.0197 0.529756
0.01975 0.444542
0.0198 0.449205
0.01985 0.392621
0.0199 0.462502
0.01995 0.51172
0.02 0.473898
0.02005 0.398816
0.0201 0.316331
0.02015 0.488975
0.0202 0.420725
0.02025 0.359691
0.0203 0.423165
0.02035 0.441015
0.0204 0.385795
0.02045 0.424479
0.0205 0.405095
0.02055 0.458091
0.0206 0.38304
0.02065 0.392736
0.0207 0.432393
0.02075 0.428667
0.0208 0.364458
0.02085 0.44526
0.0209 0.385031
0.02095 0.344959
0.021 0.354289
0.02105 0.516883
0.0211 0.456031
0.02115 0.485065
0.0212 0.418262
0.02125 0.488592
0.0213 0.373681
0.02135 0.470685
0.0214 0.416513
0.02145 0.414859
0.0215 0.383894
0.02155 0.428754
0.0216 0.46744
0.02165 0.375334
0.0217 0.445723
0.02175 0.452951
0.0218 0.444941
0.02185 0.464915
0.0219 0.383624
0.02195 0.415304
0.022 0.456029
0.02205 0.489525
0.0221 0.463893
0.02215 0.419889
0.0222 0.414309
0.02225 0.389967
0.0223 0.462468
0.02235 0.4266
0.0224 0.469073
0.02245 0.429037
0.0225 0.468567
0.02255 0.388135
0.0226 0.426767
0.02265 0.437969
0.0227 0.444702
0.02275 0.410902
0.0228 0.429441
0.02285 0.307503
0.0229 0.455583
0.02295 0.422941
0.023 0.422823
0.02305 0.359417
0.0231 0.465527
0.02315 0.428493
0.0232 0.481435
0.02325 0.326889
0.0233 0.404853
0.02335 0.414531
0.0234 0.42803
0.02345 0.461362
0.0235 0.379989
0.02355 0.341999
0.0236 0.447567
0.02365 0.446215
0.0237 0.417785
0.02375 0.364905
0.0238 0.426178
0.02385 0.3932
0.0239 0.406963
0.02395 0.394419
0.024 0.379398
0.02405 0.480452
0.0241 0.38701
0.02415 0.4198
0.0242 0.41885
0.02425 0.422274
0.0243 0.371668
0.02435 0.41494
0.0244 0.430123
0.02445 0.383175
0.0245 0.348711
0.02455 0.475419
0.0246 0.405214
0.02465 0.436844
0.0247 0.436992
0.02475 0.446074
0.0248 0.399552
0.02485 0.512612
0.0249 0.439234
0.02495 0.353418
0.025 0.399356
0.02505 0.429512
0.0251 0.435207
0.02515 0.402637
0.0252 0.463303
0.02525 0.479807
0.0253 0.408702
0.02535 0.397124
0.0254 0.423149
0.02545 0.450863
0.0255 0.434799
0.02555 0.425301
0.0256 0.415752
0.02565 0.406666
0.0257 0.440277
0.02575 0.431777
0.0258 0.4253
0.02585 0.47318
0.0259 0.404048
0.02595 0.43852
0.026 0.431516
0.02605 0.409338
0.0261 0.391221
0.02615 0.402873
0.0262 0.386772
0.02625 0.387416
0.0263 0.401771
0.02635 0.467429
0.0264 0.403331
0.02645 0.373853
0.0265 0.452537
0.02655 0.368879
0.0266 0.341251
0.02665 0.377553
0.0267 0.38357
0.02675 0.38641
0.0268 0.448878
0.02685 0.443374
0.0269 0.386099
0.02695 0.418149
0.027 0.35192
0.02705 0.415408
0.0271 0.425496
0.02715 0.397564
0.0272 0.447417
0.02725 0.457691
0.0273 0.463102
0.02735 0.484986
0.0274 0.388958
0.02745 0.445858
0.0275 0.428688
0.02755 0.452828
0.0276 0.464384
0.02765 0.442766
0.0277 0.404384
0.02775 0.417506
0.0278 0.413436
0.02785 0.356338
0.0279 0.376638
0.02795 0.460892
0.028 0.393571
0.02805 0.463021
0.0281 0.384214
0.02815 0.421174
0.0282 0.41483
0.02825 0.386382
0.0283 0.457579
0.02835 0.462701
0.0284 0.401849
0.02845 0.405089
0.0285 0.369522
0.02855 0.42472
0.0286 0.42062
0.02865 0.399282
0.0287 0.477886
0.02875 0.496424
0.0288 0.392737
0.02885 0.448619
0.0289 0.452106
0.02895 0.446914
0.029 0.406838
0.02905 0.475974
0.0291 0.430036
0.02915 0.335976
0.0292 0.426881
0.02925 0.464931
0.0293 0.460915
0.02935 0.452765
0.0294 0.422194
0.02945 0.38144
0.0295 0.464001
0.02955 0.474761
0.0296 0.437545
0.02965 0.467265
0.0297 0.365643
0.02975 0.424431
0.0298 0.356358
0.02985 0.380038
0.0299 0.415222
0.02995 0.450586
0.03 0.395379
0.03005 0.437423
0.0301 0.463399
0.03015 0.406155
0.0302 0.396424
0.03025 0.421796
0.0303 0.466721
0.03035 0.421279
0.0304 0.421899
0.03045 0.401175
0.0305 0.407847
0.03055 0.461679
0.0306 0.50597
0.03065 0.426452
0.0307 0.459707
0.03075 0.438303
0.0308 0.410627
0.03085 0.444619
0.0309 0.418117
0.03095 0.410709
0.031 0.346757
0.03105 0.426803
0.0311 0.487926
0.03115 0.46573
0.0312 0.412804
0.03125 0.415966
0.0313 0.442972
0.03135 0.36335
0.0314 0.343734
0.03145 0.474598
0.0315 0.476103
0.03155 0.375233
0.0316 0.437833
0.03165 0.404999
0.0317 0.482502
0.03175 0.42427
0.0318 0.403348
0.03185 0.463994
0.0319 0.3639
0.03195 0.450858
0.032 0.381823
0.03205 0.425459
0.0321 0.388284
0.03215 0.421778
0.0322 0.454141
0.03225 0.440791
0.0323 0.39956
0.03235 0.3873
0.0324 0.431449
0.03245 0.410155
0.0325 0.46363
0.03255 0.451502
0.0326 0.471317
0.03265 0.433673
0.0327 0.400443
0.03275 0.377559
0.0328 0.451152
0.03285 0.38493
0.0329 0.437028
0.03295 0.389706
0.033 0.393729
0.03305 0.449409
0.0331 0.462249
0.03315 0.452573
0.0332 0.38899
0.03325 0.429684
0.0333 0.437881
0.03335 0.388001
0.0334 0.479058
0.03345 0.414416
0.0335 0.530656
0.03355 0.383322
0.0336 0.384064
0.03365 0.377398
0.0337 0.419305
0.03375 0.379605
0.0338 0.386444
0.03385 0.427894
0.0339 0.42879
0.03395 0.417452
0.034 0.463951
0.03405 0.432227
0.0341 0.474129
0.03415 0.424561
0.0342 0.430262
0.03425 0.499102
0.0343 0.453516
0.03435 0.413924
0.0344 0.474066
0.03445 0.413722
0.0345 0.447784
0.03455 0.532512
0.0346 0.381989
0.03465 0.407091
0.0347 0.441339
0.03475 0.453465
0.0348 0.347852
0.03485 0.479106
0.0349 0.396334
0.03495 0.372708
0.035 0.377023
0.03505 0.475427
0.0351 0.447011
0.03515 0.428331
0.0352 0.473023
0.03525 0.445189
0.0353 0.396735
0.03535 0.425957
0.0354 0.455305
0.03545 0.425139
0.0355 0.442484
0.03555 0.435696
0.0356 0.401074
0.03565 0.416288
0.0357 0.441578
0.03575 0.359576
0.0358 0.43784
0.03585 0.427402
0.0359 0.414046
0.03595 0.380476
0.036 0.366235
0.03605 0.490561
0.0361 0.360187
0.03615 0.428373
0.0362 0.472194
0.03625 0.472638
0.0363 0.41856
0.03635 0.429052
0.0364 0.401681
0.03645 0.393179
0.0365 0.411691
0.03655 0.458097
0.0366 0.443856
0.03665 0.421484
0.0367 0.438712
0.03675 0.38094
0.0368 0.415796
0.03685 0.438988
0.0369 0.409807
0.03695 0.399749
0.037 0.339264
0.03705 0.474424
0.0371 0.398378
0.03715 0.442554
0.0372 0.472755
0.03725 0.402369
0.0373 0.368304
0.03735 0.408156
0.0374 0.442178
0.03745 0.382588
0.0375 0.451182
0.03755 0.407252
0.0376 0.412846
0.03765 0.508944
0.0377 0.452916
0.03775 0.408006
0.0378 0.484796
0.03785 0.442128
0.0379 0.456976
0.03795 0.404244
0.038 0.422839
0.03805 0.413315
0.0381 0.431986
0.03815 0.498864
0.0382 0.481856
0.03825 0.458654
0.0383 0.45377
0.03835 0.378212
0.0384 0.396947
0.03845 0.381877
0.0385 0.512469
0.03855 0.434359
0.0386 0.437884
0.03865 0.431362
0.0387 0.420941
0.03875 0.407377
0.0388 0.371229
0.03885 0.412743
0.0389 0.424817
0.03895 0.400279
0.039 0.40845
0.03905 0.433858
0.0391 0.435875
0.03915 0.389293
0.0392 0.403764
0.03925 0.384494
0.0393 0.377744
0.03935 0.389094
0.0394 0.428893
0.03945 0.368515
0.0395 0.413112
0.03955 0.364424
0.0396 0.454328
0.03965 0.442148
0.0397 0.490343
0.03975 0.459121
0.0398 0.456474
0.03985 0.48095
0.0399 0.439202
0.03995 0.380498
0.04 0.484979
0.04005 0.374115
0.0401 0.441103
0.04015 0.420707
0.0402 0.354351
0.04025 0.454591
0.0403 0.37121
0.04035 0.406296
0.0404 0.445559
0.04045 0.436369
0.0405 0.479861
0.04055 0.381415
0.0406 0.392361
0.04065 0.410675
0.0407 0.420908
0.04075 0.494012
0.0408 0.448104
0.04085 0.40939
0.0409 0.43196
0.04095 0.434934
0.041 0.508526
0.04105 0.506764
0.0411 0.423519
0.04115 0.376227
0.0412 0.486339
0.04125 0.439087
0.0413 0.471056
0.04135 0.455946
0.0414 0.365343
0.04145 0.448713
0.0415 0.466737
0.04155 0.409947
0.0416 0.42709
0.04165 0.465146
0.0417 0.37141
0.04175 0.431998
0.0418 0.437563
0.04185 0.369405
0.0419 0.508237
0.04195 0.444287
0.042 0.491121
0.04205 0.451397
0.0421 0.478972
0.04215 0.42309
0.0422 0.41602
0.04225 0.465608
0.0423 0.479799
0.04235 0.440617
0.0424 0.477707
0.04245 0.421429
0.0425 0.390483
0.04255 0.416513
0.0426 0.416193
0.04265 0.431245
0.0427 0.389921
0.04275 0.423781
0.0428 0.492898
0.04285 0.430984
0.0429 0.508871
0.04295 0.483831
0.043 0.370021
0.04305 0.410975
0.0431 0.436539
0.04315 0.367153
0.0432 0.500802
0.04325 0.450458
0.0433 0.401674
0.04335 0.436918
0.0434 0.402765
0.04345 0.389375
0.0435 0.513558
0.04355 0.401858
0.0436 0.38755
0.04365 0.457972
0.0437 0.376387
0.04375 0.435559
0.0438 0.383556
0.04385 0.37352
0.0439 0.456625
0.04395 0.454655
0.044 0.414796
0.04405 0.363336
0.0441 0.433556
0.04415 0.401472
0.0442 0.426805
0.04425 0.363625
0.0443 0.369418
0.04435 0.392992
0.0444 0.408646
0.04445 0.431474
0.0445 0.411612
0.04455 0.37652
0.0446 0.408286
0.04465 0.392778
0.0447 0.441659
0.04475 0.361681
0.0448 0.391767
0.04485 0.449793
0.0449 0.420811
0.04495 0.428633
0.045 0.397739
0.04505 0.486709
0.0451 0.426078
0.04515 0.422198
0.0452 0.452696
0.04525 0.433466
0.0453 0.401475
0.04535 0.438387
0.0454 0.391794
0.04545 0.391458
0.0455 0.414808
0.04555 0.44006
0.0456 0.384139
0.04565 0.401155
0.0457 0.441103
0.04575 0.363935
0.0458 0.476334
0.04585 0.385306
0.0459 0.3868
0.04595 0.37082
0.046 0.387024
0.04605 0.326756
0.0461 0.360439
0.04615 0.471849
0.0462 0.432847
0.04625 0.453909
0.0463 0.415712
0.04635 0.515664
0.0464 0.456152
0.04645 0.482938
0.0465 0.493053
0.04655 0.413729
0.0466 0.426517
0.04665 0.409459
0.0467 0.425072
0.04675 0.49128
0.0468 0.463064
0.04685 0.465712
0.0469 0.472125
0.04695 0.408999
0.047 0.385194
0.04705 0.442326
0.0471 0.403455
0.04715 0.464525
0.0472 0.445465
0.04725 0.400803
0.0473 0.413767
0.04735 0.472277
0.0474 0.428481
0.04745 0.391197
0.0475 0.429876
0.04755 0.415366
0.0476 0.440837
0.04765 0.405333
0.0477 0.362078
0.04775 0.475472
0.0478 0.39878
0.04785 0.442556
0.0479 0.415504
0.04795 0.469008
0.048 0.454449
0.04805 0.410985
0.0481 0.436722
0.04815 0.445188
0.0482 0.450786
0.04825 0.381054
0.0483 0.408773
0.04835 0.464651
0.0484 0.418958
0.04845 0.420654
0.0485 0.460225
0.04855 0.449375
0.0486 0.477412
0.04865 0.344826
0.0487 0.365882
0.04875 0.42702
0.0488 0.420934
0.04885 0.471554
0.0489 0.44401
0.04895 0.441862
0.049 0.421069
0.04905 0.446367
0.0491 0.484522
0.04915 0.489338
0.0492 0.468559
0.04925 0.423067
0.0493 0.431722
0.04935 0.512528
0.0494 0.430395
0.04945 0.423253
0.0495 0.402216
0.04955 0.40294
0.0496 0.446366
0.04965 0.443206
0.0497 0.466902
0.04975 0.35123
0.0498 0.455547
0.04985 0.437425
0.0499 0.437231
0.04995 0.490037
0.05 0.411871
0.05005 0.417639
0.0501 0.406374
0.05015 0.400096
0.0502 0.42395
0.05025 0.35633
0.0503 0.549322
0.05035 0.438474
0.0504 0.487727
0.05045 0.445217
0.0505 0.368207
0.05055 0.404313
0.0506 0.474969
0.05065 0.411987
0.0507 0.427989
0.05075 0.447087
0.0508 0.383865
0.05085 0.354051
0.0509 0.386309
0.05095 0.374803
0.051 0.428608
0.05105 0.458044
0.0511 0.430279
0.05115 0.371713
0.0512 0.426751
0.05125 0.376273
0.0513 0.336945
0.05135 0.424975
0.0514 0.461813
0.05145 0.441079
0.0515 0.448122
0.05155 0.376754
0.0516 0.469426
0.05165 0.397962
0.0517 0.451526
0.05175 0.448266
0.0518 0.440849
0.05185 0.486349
0.0519 0.441588
0.05195 0.418538
0.052 0.453718
0.05205 0.367086
0.0521 0.365731
0.05215 0.456245
0.0522 0.456105
0.05225 0.379607
0.0523 0.385603
0.05235 0.384281
0.0524 0.384005
0.05245 0.371129
0.0525 0.358217
0.05255 0.378933
0.0526 0.427087
0.05265 0.415301
0.0527 0.414032
0.05275 0.414872
0.0528 0.424171
0.05285 0.428207
0.0529 0.365538
0.05295 0.405512
0.053 0.383001
0.05305 0.412465
0.0531 0.432446
0.05315 0.445036
0.0532 0.445947
0.05325 0.414881
0.0533 0.442413
0.05335 0.511675
0.0534 0.398333
0.05345 0.358503
0.0535 0.484567
0.05355 0.420169
0.0536 0.353445
0.05365 0.434747
0.0537 0.432427
0.05375 0.457001
0.0538 0.380406
0.05385 0.455596
0.0539 0.385331
0.05395 0.436911
0.054 0.445395
0.05405 0.411705
0.0541 0.404997
0.05415 0.438379
0.0542 0.414349
0.05425 0.429349
0.0543 0.459609
0.05435 0.370273
0.0544 0.438596
0.05445 0.414458
0.0545 0.487353
0.05455 0.469813
0.0546 0.427086
0.05465 0.417062
0.0547 0.421246
0.05475 0.375026
0.0548 0.465805
0.05485 0.397623
0.0549 0.47762
0.05495 0.474236
0.055 0.441116
0.05505 0.435456
0.0551 0.439708
0.05515 0.426308
0.0552 0.443812
0.05525 0.417124
0.0553 0.344977
0.05535 0.391191
0.0554 0.379863
0.05545 0.385155
0.0555 0.537114
0.05555 0.428164
0.0556 0.422429
0.05565 0.417793
0.0557 0.480045
0.05575 0.365021
0.0558 0.518885
0.05585 0.369067
0.0559 0.43929
0.05595 0.388742
0.056 0.436707
0.05605 0.485923
0.0561 0.411741
0.05615 0.356469
0.0562 0.441675
0.05625 0.450541
0.0563 0.441399
0.05635 0.439001
0.0564 0.468209
0.05645 0.383365
0.0565 0.374073
0.05655 0.503993
0.0566 0.460909
0.05665 0.484617
0.0567 0.405103
0.05675 0.429891
0.0568 0.424046
0.05685 0.384046
0.0569 0.463536
0.05695 0.376796
0.057 0.425607
0.05705 0.372909
0.0571 0.408084
0.05715 0.421616
0.0572 0.368774
0.05725 0.396014
0.0573 0.410709
0.05735 0.481695
0.0574 0.428775
0.05745 0.407917
0.0575 0.477934
0.05755 0.472102
0.0576 0.423594
0.05765 0.40958
0.0577 0.405925
0.05775 0.449657
0.0578 0.42524
0.05785 0.507296
0.0579 0.499163
0.05795 0.429529
0.058 0.399189
0.05805 0.426871
0.0581 0.388334
0.05815 0.467262
0.0582 0.485814
0.05825 0.374988
0.0583 0.410919
0.05835 0.415407
0.0584 0.466667
0.05845 0.391699
0.0585 0.464085
0.05855 0.387813
0.0586 0.440376
0.05865 0.41559
0.0587 0.451841
0.05875 0.512881
0.0588 0.411651
0.05885 0.396157
0.0589 0.445469
0.05895 0.398147
0.059 0.422746
0.05905 0.40722
0.0591 0.428328
0.05915 0.41397
0.0592 0.437496
0.05925 0.453966
0.0593 0.431307
0.05935 0.476307
0.0594 0.464349
0.05945 0.382151
0.0595 0.409318
0.05955 0.329274
0.0596 0.417242
0.05965 0.437374
0.0597 0.475482
0.05975 0.39289
0.0598 0.448943
0.05985 0.465603
0.0599 0.429549
0.05995 0.455805
0.06 0.408866
0.06005 0.395466
0.0601 0.459025
0.06015 0.426423
0.0602 0.479295
0.06025 0.479235
0.0603 0.48521
0.06035 0.41872
0.0604 0.43065
0.06045 0.38453
0.0605 0.404901
0.06055 0.348967
0.0606 0.453011
0.06065 0.446839
0.0607 0.457662
0.06075 0.498912
0.0608 0.445338
0.06085 0.439134
0.0609 0.415849
0.06095 0.433987
0.061 0.417982
0.06105 0.42149
0.0611 0.382202
0.06115 0.408914
0.0612 0.423442
0.06125 0.44291
0.0613 0.435432
0.06135 0.384956
0.0614 0.436364
0.06145 0.352598
0.0615 0.416348
0.06155 0.42235
0.0616 0.433299
0.06165 0.456615
0.0617 0.398478
0.06175 0.483576
0.0618 0.413019
0.06185 0.375717
0.0619 0.436206
0.06195 0.405082
0.062 0.427246
0.06205 0.379912
0.0621 0.416988
0.06215 0.513866
0.0622 0.459088
0.06225 0.43782
0.0623 0.420242
0.06235 0.471262
0.0624 0.385015
0.06245 0.468561
0.0625 0.452228
0.06255 0.449628
0.0626 0.465817
0.06265 0.395519
0.0627 0.358938
0.06275 0.471734
0.0628 0.450301
0.06285 0.448945
0.0629 0.406039
0.06295 0.415951
0.063 0.457412
0.06305 0.482566
0.0631 0.380217
0.06315 0.425513
0.0632 0.454472
0.06325 0.402476
0.0633 0.390901
0.06335 0.474399
0.0634 0.396932
0.06345 0.443742
0.0635 0.495747
0.06355 0.446115
0.0636 0.466381
0.06365 0.408981
0.0637 0.407546
0.06375 0.388244
0.0638 0.453179
0.06385 0.478649
0.0639 0.441508
0.06395 0.44012
0.064 0.442572
0.06405 0.45785
0.0641 0.375656
0.06415 0.456338
0.0642 0.404854
0.06425 0.42398
0.0643 0.445725
0.06435 0.455929
0.0644 0.455845
0.06445 0.507361
0.0645 0.458299
0.06455 0.429795
0.0646 0.421913
0.06465 0.477419
0.0647 0.454059
0.06475 0.398245
0.0648 0.431795
0.06485 0.460231
0.0649 0.382215
0.06495 0.463919
0.065 0.435227
0.06505 0.476777
0.0651 0.457182
0.06515 0.438846
0.0652 0.463533
0.06525 0.408611
0.0653 0.467272
0.06535 0.516912
0.0654 0.468491
0.06545 0.419959
0.0655 0.456531
0.06555 0.440707
0.0656 0.405152
0.06565 0.41682
0.0657 0.44824
0.06575 0.517896
0.0658 0.396746
0.06585 0.442706
0.0659 0.350276
0.06595 0.390956
0.066 0.448902
0.06605 0.451456
0.0661 0.459308
0.06615 0.445994
0.0662 0.407475
0.06625 0.400693
0.0663 0.437687
0.06635 0.441565
0.0664 0.449439
0.06645 0.474621
0.0665 0.505184
0.06655 0.399952
0.0666 0.451777
0.06665 0.438353
0.0667 0.436914
0.06675 0.43948
0.0668 0.424671
0.06685 0.468701
0.0669 0.456592
0.06695 0.382816
0.067 0.394699
0.06705 0.484445
0.0671 0.428005
0.06715 0.386223
0.0672 0.382008
0.06725 0.340096
0.0673 0.521693
0.06735 0.395003
0.0674 0.400233
0.06745 0.425725
0.0675 0.399936
0.06755 0.39437
0.0676 0.400969
0.06765 0.411645
0.0677 0.43183
0.06775 0.441212
0.0678 0.458757
0.06785 0.480415
0.0679 0.464069
0.06795 0.440887
0.068 0.491148
0.06805 0.436646
0.0681 0.474708
0.06815 0.420102
0.0682 0.470481
0.06825 0.407593
0.0683 0.418385
0.06835 0.426465
0.0684 0.398969
0.06845 0.463203
0.0685 0.508384
0.06855 0.389024
0.0686 0.468488
0.06865 0.4121
0.0687 0.479339
0.06875 0.413253
0.0688 0.479215
0.06885 0.415789
0.0689 0.382563
0.06895 0.542465
0.069 0.408562
0.06905 0.40013
0.0691 0.333594
0.06915 0.39701
0.0692 0.442559
0.06925 0.472961
0.0693 0.422983
0.06935 0.382613
0.0694 0.36438
0.06945 0.422558
0.0695 0.42244
0.06955 0.348546
0.0696 0.409614
0.06965 0.473602
0.0697 0.378698
0.06975 0.434358
0.0698 0.471977
0.06985 0.452359
0.0699 0.40332
0.06995 0.446576
0.07 0.449296
0.07005 0.428188
0.0701 0.475782
0.07015 0.442046
0.0702 0.422288
0.07025 0.44748
0.0703 0.444586
0.07035 0.420566
0.0704 0.413403
0.07045 0.455575
0.0705 0.428698
0.07055 0.485072
0.0706 0.407331
0.07065 0.426991
0.0707 0.510368
0.07075 0.402762
0.0708 0.415373
0.07085 0.374127
0.0709 0.429286
0.07095 0.439122
0.071 0.409191
0.07105 0.414747
0.0711 0.494311
0.07115 0.460123
0.0712 0.417313
0.07125 0.452843
0.0713 0.499864
0.07135 0.52128
0.0714 0.45843
0.07145 0.432628
0.0715 0.399617
0.07155 0.448161
0.0716 0.402229
0.07165 0.419297
0.0717 0.445011
0.07175 0.506679
0.0718 0.41328
0.07185 0.463486
0.0719 0.398677
0.07195 0.502213
0.072 0.447455
0.07205 0.401235
0.0721 0.411196
0.07215 0.500598
0.0722 0.434126
0.07225 0.464398
0.0723 0.462899
0.07235 0.444021
0.0724 0.462778
0.07245 0.467074
0.0725 0.513458
0.07255 0.477174
0.0726 0.459704
0.07265 0.414572
0.0727 0.439187
0.07275 0.427453
0.0728 0.453577
0.07285 0.453511
0.0729 0.41697
0.07295 0.425614
0.073 0.467879
0.07305 0.431283
0.0731 0.486781
0.07315 0.417953
0.0732 0.403189
0.07325 0.442637
0.0733 0.489501
0.07335 0.465997
0.0734 0.411596
0.07345 0.401184
0.0735 0.40399
0.07355 0.521618
0.0736 0.408225
0.07365 0.503909
0.0737 0.436063
0.07375 0.421215
0.0738 0.437354
0.07385 0.483086
0.0739 0.425381
0.07395 0.422319
0.074 0.408884
0.07405 0.355408
0.0741 0.445675
0.07415 0.393661
0.0742 0.449947
0.07425 0.494459
0.0743 0.478094
0.07435 0.425984
0.0744 0.43184
0.07445 0.486878
0.0745 0.522644
0.07455 0.394362
0.0746 0.398699
0.07465 0.444877
0.0747 0.456763
0.07475 0.425289
0.0748 0.422195
0.07485 0.435573
0.0749 0.433988
0.07495 0.4549
0.075 0.382792
0.07505 0.465246
0.0751 0.486242
0.07515 0.415536
0.0752 0.451544
0.07525 0.418348
0.0753 0.445366
0.07535 0.473946
0.0754 0.424115
0.07545 0.466295
0.0755 0.496471
0.07555 0.484371
0.0756 0.438961
0.07565 0.531235
0.0757 0.434317
0.07575 0.476679
0.0758 0.417486
0.07585 0.455328
0.0759 0.370206
0.07595 0.421716
0.076 0.403362
0.07605 0.433676
0.0761 0.467096
0.07615 0.460958
0.0762 0.488358
0.07625 0.468506
0.0763 0.431818
0.07635 0.40881
0.0764 0.405634
0.07645 0.494252
0.0765 0.405448
0.07655 0.442094
0.0766 0.400629
0.07665 0.386695
0.0767 0.438739
0.07675 0.520069
0.0768 0.450932
0.07685 0.440104
0.0769 0.480042
0.07695 0.410718
0.077 0.415227
0.07705 0.441333
0.0771 0.455146
0.07715 0.435018
0.0772 0.459656
0.07725 0.495164
0.0773 0.507536
0.07735 0.423956
0.0774 0.462585
0.07745 0.470289
0.0775 0.491967
0.07755 0.422119
0.0776 0.39562
0.07765 0.439
0.0777 0.421819
0.07775 0.454397
0.0778 0.448113
0.07785 0.420005
0.0779 0.485383
0.07795 0.407367
0.078 0.419739
0.07805 0.585211
0.0781 0.407141
0.07815 0.488353
0.0782 0.482081
0.07825 0.375573
0.0783 0.438097
0.07835 0.398821
0.0784 0.400264
0.07845 0.46922
0.0785 0.379637
0.07855 0.469091
0.0786 0.410854
0.07865 0.478426
0.0787 0.489427
0.07875 0.390129
0.0788 0.393147
0.07885 0.407217
0.0789 0.448157
0.07895 0.411755
0.079 0.454334
0.07905 0.53338
0.0791 0.425782
0.07915 0.4843
0.0792 0.450999
0.07925 0.438253
0.0793 0.479441
0.07935 0.444483
0.0794 0.474608
0.07945 0.43006
0.0795 0.48407
0.07955 0.463358
0.0796 0.426677
0.07965 0.431371
0.0797 0.408959
0.07975 0.420021
0.0798 0.403955
0.07985 0.464563
0.0799 0.464523
0.07995 0.445283
0.08 0.365169
0.08005 0.435493
0.0801 0.440226
0.08015 0.3776
0.0802 0.436837
0.08025 0.414279
0.0803 0.523453
0.08035 0.394847
0.0804 0.484825
0.08045 0.439731
0.0805 0.400997
0.08055 0.413775
0.0806 0.457224
0.08065 0.42651
0.0807 0.415119
0.08075 0.457035
0.0808 0.419796
0.08085 0.455298
0.0809 0.406678
0.08095 0.416288
0.081 0.451852
0.08105 0.385296
0.0811 0.36893
0.08115 0.44023
0.0812 0.386537
0.08125 0.391281
0.0813 0.431828
0.08135 0.490358
0.0814 0.351887
0.08145 0.434841
0.0815 0.442922
0.08155 0.42817
0.0816 0.46728
0.08165 0.434566
0.0817 0.437762
0.08175 0.494952
0.0818 0.418013
0.08185 0.440851
0.0819 0.422756
0.08195 0.458748
0.082 0.440653
0.08205 0.399537
0.0821 0.466784
0.08215 0.402634
0.0822 0.520962
0.08225 0.47326
0.0823 0.468293
0.08235 0.420469
0.0824 0.4682
0.08245 0.484668
0.0825 0.402106
0.08255 0.413558
0.0826 0.408501
0.08265 0.433207
0.0827 0.396723
0.08275 0.540677
0.0828 0.431371
0.08285 0.389845
0.0829 0.479305
0.08295 0.422847
0.083 0.43771
0.08305 0.366176
0.0831 0.376
0.08315 0.420786
0.0832 0.470648
0.08325 0.422306
0.0833 0.395548
0.08335 0.483834
0.0834 0.485491
0.08345 0.408661
0.0835 0.391849
0.08355 0.512111
0.0836 0.463616
0.08365 0.44684
0.0837 0.445109
0.08375 0.460135
0.0838 0.443325
0.08385 0.392925
0.0839 0.399521
0.08395 0.396049
0.084 0.478302
0.08405 0.426142
0.0841 0.493382
0.08415 0.41255
0.0842 0.398974
0.08425 0.414036
0.0843 0.395385
0.08435 0.363197
0.0844 0.516742
0.08445 0.4441
0.0845 0.430514
0.08455 0.454128
0.0846 0.432073
0.08465 0.394733
0.0847 0.498012
0.08475 0.421698
0.0848 0.41822
0.08485 0.46228
0.0849 0.423167
0.08495 0.465585
0.085 0.363493
0.08505 0.470567
0.0851 0.484165
0.08515 0.473931
0.0852 0.492664
0.08525 0.444896
0.0853 0.446547
0.08535 0.451617
0.0854 0.372955
0.08545 0.359135
0.0855 0.405176
0.08555 0.399938
0.0856 0.404969
0.08565 0.481997
0.0857 0.447685
0.08575 0.418461
0.0858 0.480187
0.08585 0.511097
0.0859 0.462987
0.08595 0.425113
0.086 0.390615
0.08605 0.426659
0.0861 0.447259
0.08615 0.421347
0.0862 0.50579
0.08625 0.457478
0.0863 0.479889
0.08635 0.433219
0.0864 0.502311
0.08645 0.469453
0.0865 0.420959
0.08655 0.424341
0.0866 0.382671
0.08665 0.441501
0.0867 0.429298
0.08675 0.528178
0.0868 0.469162
0.08685 0.46566
0.0869 0.451718
0.08695 0.496912
0.087 0.392458
0.08705 0.376666
0.0871 0.39745
0.08715 0.51419
0.0872 0.447906
0.08725 0.432142
0.0873 0.412857
0.08735 0.418011
0.0874 0.391692
0.08745 0.423078
0.0875 0.463273
0.08755 0.494777
0.0876 0.450956
0.08765 0.46845
0.0877 0.405244
0.08775 0.410414
0.0878 0.412079
0.08785 0.535049
0.0879 0.542135
0.08795 0.382033
0.088 0.425934
0.08805 0.42586
0.0881 0.420497
0.08815 0.371025
0.0882 0.459139
0.08825 0.439677
0.0883 0.383075
0.08835 0.402401
0.0884 0.465985
0.08845 0.407547
0.0885 0.449957
0.08855 0.453455
0.0886 0.497738
0.08865 0.476458
0.0887 0.407217
0.08875 0.485267
0.0888 0.417735
0.08885 0.460325
0.0889 0.415816
0.08895 0.495832
0.089 0.385416
0.08905 0.401336
0.0891 0.45116
0.08915 0.474308
0.0892 0.468935
0.08925 0.354607
0.0893 0.370538
0.08935 0.407952
0.0894 0.454374
0.08945 0.447174
0.0895 0.371904
0.08955 0.473916
0.0896 0.375283
0.08965 0.434357
0.0897 0.405575
0.08975 0.407277
0.0898 0.437734
0.08985 0.396322
0.0899 0.453786
0.08995 0.423146
0.09 0.43748
0.09005 0.432016
0.0901 0.440967
0.09015 0.476993
0.0902 0.536544
0.09025 0.4174
0.0903 0.444425
0.09035 0.475111
0.0904 0.449769
0.09045 0.386375
0.0905 0.404371
0.09055 0.480381
0.0906 0.456802
0.09065 0.473092
0.0907 0.467629
0.09075 0.422205
0.0908 0.391242
0.09085 0.398406
0.0909 0.449238
0.09095 0.467394
0.091 0.407277
0.09105 0.487355
0.0911 0.480061
0.09115 0.461811
0.0912 0.359581
0.09125 0.408741
0.0913 0.445193
0.09135 0.472565
0.0914 0.489008
0.09145 0.379208
0.0915 0.4743
0.09155 0.393676
0.0916 0.454061
0.09165 0.461359
0.0917 0.408114
0.09175 0.358454
0.0918 0.4024
0.09185 0.450094
0.0919 0.481315
0.09195 0.488667
0.092 0.442642
0.09205 0.411278
0.0921 0.446211
0.09215 0.392689
0.0922 0.407345
0.09225 0.514325
0.0923 0.462637
0.09235 0.409017
0.0924 0.473646
0.09245 0.44218
0.0925 0.429173
0.09255 0.332805
0.0926 0.471612
0.09265 0.371478
0.0927 0.384337
0.09275 0.484449
0.0928 0.402737
0.09285 0.371059
0.0929 0.508499
0.09295 0.467601
0.093 0.383834
0.09305 0.411652
0.0931 0.422748
0.09315 0.435726
0.0932 0.418885
0.09325 0.394553
0.0933 0.403788
0.09335 0.416774
0.0934 0.435388
0.09345 0.427852
0.0935 0.472692
0.09355 0.390308
0.0936 0.46887
0.09365 0.435118
0.0937 0.429437
0.09375 0.373095
0.0938 0.451807
0.09385 0.564449
0.0939 0.440517
0.09395 0.453627
0.094 0.408447
0.09405 0.462941
0.0941 0.427138
0.09415 0.536346
0.0942 0.423298
0.09425 0.523188
0.0943 0.440198
0.09435 0.519444
0.0944 0.479809
0.09445 0.379631
0.0945 0.470285
0.09455 0.419183
0.0946 0.350963
0.09465 0.390593
0.0947 0.441656
0.09475 0.37904
0.0948 0.377029
0.09485 0.458527
0.0949 0.418618
0.09495 0.414746
0.095 0.391858
0.09505 0.370836
0.0951 0.408774
0.09515 0.389652
0.0952 0.376215
0.09525 0.404689
0.0953 0.450371
0.09535 0.354933
0.0954 0.429246
0.09545 0.400536
0.0955 0.364137
0.09555 0.432841
0.0956 0.472958
0.09565 0.398298
0.0957 0.432676
0.09575 0.438368
0.0958 0.409563
0.09585 0.407565
0.0959 0.449701
0.09595 0.370943
0.096 0.463031
0.09605 0.439943
0.0961 0.412973
0.09615 0.460997
0.0962 0.437871
0.09625 0.470563
0.0963 0.453204
0.09635 0.447386
0.0964 0.424198
0.09645 0.482034
0.0965 0.422169
0.09655 0.400851
0.0966 0.491614
0.09665 0.412326
0.0967 0.3929
0.09675 0.466372
0.0968 0.410179
0.09685 0.410101
0.0969 0.363487
0.09695 0.406041
0.097 0.400136
0.09705 0.361208
0.0971 0.429085
0.09715 0.382371
0.0972 0.483405
0.09725 0.403617
0.0973 0.413268
0.09735 0.469686
0.0974 0.366373
0.09745 0.409151
0.0975 0.368102
0.09755 0.440206
0.0976 0.424536
0.09765 0.436198
0.0977 0.451788
0.09775 0.377426
0.0978 0.38123
0.09785 0.457486
0.0979 0.441786
0.09795 0.455462
0.098 0.500535
0.09805 0.431881
0.0981 0.431827
0.09815 0.439629
0.0982 0.492638
0.09825 0.423836
0.0983 0.364764
0.09835 0.463042
0.0984 0.474834
0.09845 0.354654
0.0985 0.399855
0.09855 0.451041
0.0986 0.431277
0.09865 0.452937
0.0987 0.34428
0.09875 0.403418
0.0988 0.468577
0.09885 0.432957
0.0989 0.42301
0.09895 0.387308
0.099 0.48626
0.09905 0.452568
0.0991 0.456502
0.09915 0.476314
0.0992 0.458441
0.09925 0.398835
0.0993 0.462333
0.09935 0.390743
0.0994 0.44833
0.09945 0.422424
0.0995 0.39847
0.09955 0.438224
0.0996 0.458108
0.09965 0.527872
0.0997 0.378291
0.09975 0.466009
0.0998 0.414069
0.09985 0.475937
0.0999 0.507913
0.09995 0.459937
0.1 0.437902
0.10005 0.36178
0.1001 0.397712
0.10015 0.45975
0.1002 0.401581
0.10025 0.365391
0.1003 0.44756
0.10035 0.383268
0.1004 0.383168
0.10045 0.362968
0.1005 0.403068
0.10055 0.405
0.1006 0.386805
0.10065 0.426989
0.1007 0.505518
0.10075 0.43498
0.1008 0.479306
0.10085 0.442978
0.1009 0.4389
0.10095 0.461076
0.101 0.471159
0.10105 0.456993
0.1011 0.543956
0.10115 0.513656
0.1012 0.687836
0.10125 0.659674
0.1013 0.759171
0.10135 0.824339
0.1014 0.968734
0.10145 1.13973
0.1015 1.35769
0.10155 1.61459
0.1016 2.12598
0.10165 2.55474
0.1017 3.11436
0.10175 3.75421
0.1018 4.53148
0.10185 5.22429
0.1019 6.03434
0.10195 6.68033
0.102 7.59464
0.10205 7.91198
0.1021 8.50966
0.10215 8.55837
0.1022 8.57443
0.10225 8.49842
0.1023 8.00676
0.10235 7.24812
0.1024 6.6953
0.10245 5.81367
0.1025 5.1666
0.10255 4.39136
0.1026 3.91061
0.10265 3.4045
0.1027 2.9593
0.10275 2.63475
0.1028 2.5401
0.10285 2.37329
0.1029 2.2021
0.10295 2.07599
0.103 1.92909
0.10305 1.75103
0.1031 1.78314
0.10315 1.57381
0.1032 1.581
0.10325 1.36507
0.1033 1.54982
0.10335 1.35846
0.1034 1.39027
0.10345 1.41799
0.1035 1.2635
0.10355 1.46103
0.1036 1.24424
0.10365 1.24283
0.1037 1.18125
0.10375 1.29811
0.1038 1.25728
0.10385 1.15198
0.1039 1.26898
0.10395 1.25718
0.104 1.23913
0.10405 1.21897
0.1041 1.26335
0.10415 1.13898
0.1042 1.13746
0.10425 1.1255
0.1043 1.1803
0.10435 1.09947
0.1044 1.12505
0.10445 1.11096
0.1045 1.1094
0.10455 1.10156
0.1046 1.16277
0.10465 1.02515
0.1047 1.15129
0.10475 1.09736
0.1048 0.940595
0.10485 1.18642
0.1049 1.13035
0.10495 0.983888
0.105 1.0095
0.10505 1.03095
0.1051 1.06084
0.10515 1.14757
0.1052 1.08498
0.10525 0.950692
0.1053 0.95106
0.10535 1.0758
0.1054 1.0088
0.10545 0.96491
0.1055 1.03495
0.10555 1.08609
0.1056 0.976705
0.10565 1.04263
0.1057 1.0452
0.10575 0.952546
0.1058 1.13921
0.10585 0.91736
0.1059 1.04695
0.10595 1.04316
0.106 0.984227
0.10605 1.02706
0.1061 1.10817
0.10615 1.02372
0.1062 0.903024
0.10625 0.982002
0.1063 1.05896
0.10635 0.997714
0.1064 1.00025
0.10645 0.917583
0.1065 0.952007
0.10655 0.945971
0.1066 0.965522
0.10665 0.897606
0.1067 0.968369
0.10675 0.926023
0.1068 0.90285
0.10685 0.945922
0.1069 0.986915
0.10695 1.00656
0.107 0.987704
0.10705 1.05878
0.1071 0.88351
0.10715 0.971706
0.1072 1.0493
0.10725 0.871628
0.1073 0.972817
0.10735 0.887271
0.1074 0.954184
0.10745 0.87284
0.1075 0.866667
0.10755 0.980997
0.1076 1.00291
0.10765 0.899915
0.1077 0.861429
0.10775 0.913441
0.1078 1.00651
0.10785 0.836428
0.1079 0.836672
0.10795 0.912516
0.108 0.925796
0.10805 0.941256
0.1081 0.876706
0.10815 0.870494
0.1082 0.846953
0.10825 0.812549
0.1083 0.856109
0.10835 0.895393
0.1084 0.891351
0.10845 0.869943
0.1085 1.01567
0.10855 0.837974
0.1086 0.968596
0.10865 0.881998
0.1087 0.849655
0.10875 0.819443
0.1088 0.841437
0.10885 0.861283
0.1089 0.979211
0.10895 0.890201
0.109 0.825059
0.10905 0.871109
0.1091 0.834268
0.10915 0.834504
0.1092 0.84348
0.10925 0.904932
0.1093 0.843996
0.10935 0.885812
0.1094 0.951764
0.10945 0.914876
0.1095 0.921757
0.10955 1.00098
0.1096 0.922421
0.10965 0.854721
0.1097 0.762783
0.10975 0.879339
0.1098 0.88181
0.10985 0.912858
0.1099 0.897769
0.10995 0.902459
0.11 0.865336
0.11005 0.819354
0.1101 0.762294
0.11015 0.877068
0.1102 0.961128
0.11025 0.82029
0.1103 0.794024
0.11035 0.71473
0.1104 0.922498
0.11045 0.770318
0.1105 0.823554
0.11055 0.81935
0.1106 0.766454
0.11065 0.731198
0.1107 0.746839
0.11075 0.913189
0.1108 0.69844
0.11085 0.862678
0.1109 0.789705
0.11095 0.938633
0.111 0.79459
0.11105 0.774784
0.1111 0.810526
0.11115 0.84854
0.1112 0.82208
0.11125 0.780002
0.1113 0.797996
0.11135 0.978658
0.1114 0.87648
0.11145 0.800924
0.1115 0.798889
0.11155 0.839259
0.1116 0.759101
0.11165 0.752557
0.1117 0.851049
0.11175 0.853525
0.1118 0.804553
0.11185 0.780133
0.1119 0.68851
0.11195 0.775964
0.112 0.814233
0.11205 0.870489
0.1121 0.915605
0.11215 0.702721
0.1122 0.848752
0.11225 0.788346
0.1123 0.768305
0.11235 0.865133
0.1124 0.752933
0.11245 0.825083
0.1125 0.870317
0.11255 0.784995
0.1126 0.758137
0.11265 0.774069
0.1127 0.794532
0.11275 0.817278
0.1128 0.792657
0.11285 0.774777
0.1129 0.813348
0.11295 0.79999
0.113 0.856705
0.11305 0.856945
0.1131 0.850396
0.11315 0.88459
0.1132 0.771604
0.11325 0.916792
0.1133 0.781064
0.11335 0.758556
0.1134 0.795012
0.11345 0.754336
0.1135 0.759026
0.11355 0.768266
0.1136 0.768426
0.11365 0.81634
0.1137 0.734642
0.11375 0.816708
0.1138 0.712168
0.11385 0.8239
0.1139 0.742064
0.11395 0.79008
0.114 0.783415
0.11405 0.772177
0.1141 0.799735
0.11415 0.797637
0.1142 0.763546
0.11425 0.77513
0.1143 0.70211
0.11435 0.754834
0.1144 0.805338
0.11445 0.743698
0.1145 0.720924
0.11455 0.700412
0.1146 0.7693
0.11465 0.813044
0.1147 0.76275
0.11475 0.710094
0.1148 0.705606
0.11485 0.836694
0.1149 0.692073
0.11495 0.680663
0.115 0.793492
0.11505 0.673966
0.1151 0.768463
0.11515 0.830827
0.1152 0.775717
0.11525 0.840447
0.1153 0.75992
0.11535 0.773916
0.1154 0.817947
0.11545 0.753465
0.1155 0.799827
0.11555 0.781513
0.1156 0.730793
0.11565 0.642983
0.1157 0.719424
0.11575 0.772804
0.1158 0.800766
0.11585 0.701274
0.1159 0.766302
0.11595 0.891734
0.116 0.706314
0.11605 0.745888
0.1161 0.741376
0.11615 0.808902
0.1162 0.690515
0.11625 0.723165
0.1163 0.760511
0.11635 0.707113
0.1164 0.78407
0.11645 0.756276
0.1165 0.777397
0.11655 0.733249
0.1166 0.745036
0.11665 0.749836
0.1167 0.712612
0.11675 0.682348
0.1168 0.689437
0.11685 0.771351
0.1169 0.694318
0.11695 0.715466
0.117 0.661729
0.11705 0.767179
0.1171 0.704068
0.11715 0.73698
0.1172 0.711309
0.11725 0.662145
0.1173 0.680981
0.11735 0.821937
0.1174 0.770455
0.11745 0.735357
0.1175 0.76134
0.11755 0.681516
0.1176 0.603943
0.11765 0.832291
0.1177 0.77833
0.11775 0.835032
0.1178 0.740958
0.11785 0.576024
0.1179 0.818987
0.11795 0.852219
0.118 0.814663
0.11805 0.748715
0.1181 0.711039
0.11815 0.678043
0.1182 0.71359
0.11825 0.595392
0.1183 0.706643
0.11835 0.704371
0.1184 0.657085
0.11845 0.761419
0.1185 0.699915
0.11855 0.621729
0.1186 0.69057
0.11865 0.62418
0.1187 0.700206
0.11875 0.754944
0.1188 0.785981
0.11885 0.660109
0.1189 0.691092
0.11895 0.662614
0.119 0.662672
0.11905 0.648438
0.1191 0.722357
0.11915 0.655713
0.1192 0.674845
0.11925 0.720247
0.1193 0.684548
0.11935 0.66552
0.1194 0.656024
0.11945 0.749286
0.1195 0.692032
0.11955 0.737562
0.1196 0.730503
0.11965 0.687525
0.1197 0.663653
0.11975 0.687671
0.1198 0.666176
0.11985 0.699808
0.1199 0.687901
0.11995 0.709579
0.12 0.647249
0.12005 0.743373
0.1201 0.726676
0.12015 0.604182
0.1202 0.659505
0.12025 0.657153
0.1203 0.729415
0.12035 0.727119
0.1204 0.563417
0.12045 0.691121
0.1205 0.64057
0.12055 0.664728
0.1206 0.669612
0.12065 0.742094
0.1207 0.619051
0.12075 0.730207
0.1208 0.594967
0.12085 0.706195
0.1209 0.689354
0.12095 0.648292
0.121 0.742755
0.12105 0.580603
0.1211 0.711433
0.12115 0.689713
0.1212 0.617041
0.12125 0.779601
0.1213 0.719078
0.12135 0.67062
0.1214 0.736265
0.12145 0.714511
0.1215 0.549301
0.12155 0.712207
0.1216 0.63688
0.12165 0.678292
0.1217 0.554175
0.12175 0.619913
0.1218 0.724724
0.12185 0.649252
0.1219 0.610272
0.12195 0.681044
0.122 0.683555
0.12205 0.678743
0.1221 0.66171
0.12215 0.654432
0.1222 0.583575
0.12225 0.705865
0.1223 0.652121
0.12235 0.664407
0.1224 0.750178
0.12245 0.689054
0.1225 0.686679
0.12255 0.637713
0.1226 0.623029
0.12265 0.596057
0.1227 0.578872
0.12275 0.593594
0.1228 0.753297
0.12285 0.576449
0.1229 0.667416
0.12295 0.679774
0.123 0.667537
0.12305 0.743917
0.1231 0.692314
0.12315 0.761384
0.1232 0.675243
0.12325 0.739423
0.1233 0.732138
0.12335 0.727312
0.1234 0.658286
0.12345 0.663276
0.1235 0.626265
0.12355 0.683145
0.1236 0.688161
0.12365 0.690709
0.1237 0.66851
0.12375 0.584384
0.1238 0.698316
0.12385 0.653794
0.1239 0.574512
0.12395 0.762974
0.124 0.81769
0.12405 0.629236
0.1241 0.683888
0.12415 0.82803
0.1242 0.604566
0.12425 0.666722
0.1243 0.694135
0.12435 0.634501
0.1244 0.627064
0.12445 0.639538
0.1245 0.691883
0.12455 0.639627
0.1246 0.709465
0.12465 0.687109
0.1247 0.659736
0.12475 0.767114
0.1248 0.632412
0.12485 0.74485
0.1249 0.809942
0.12495 0.662612
0.125 0.690175
0.12505 0.675237
0.1251 0.647766
0.12515 0.66283
0.1252 0.680417
0.12525 0.718073
0.1253 0.647973
0.12535 0.663061
0.1254 0.575298
0.12545 0.60038
0.1255 0.700822
0.12555 0.680808
0.1256 0.628101
0.12565 0.638181
0.1257 0.595458
0.12575 0.537588
0.1258 0.66339
0.12585 0.625672
0.1259 0.688669
0.12595 0.655981
0.126 0.630817
0.12605 0.633365
0.1261 0.633393
0.12615 0.577893
0.1262 0.615752
0.12625 0.60061
0.1263 0.638517
0.12635 0.613269
0.1264 0.507063
0.12645 0.706861
0.1265 0.63861
0.12655 0.646238
0.1266 0.633611
0.12665 0.689387
0.1267 0.580454
0.12675 0.615944
0.1268 0.623569
0.12685 0.615975
0.1269 0.590599
0.12695 0.600753
0.127 0.7151
0.12705 0.6491
0.1271 0.656769
0.12715 0.738223
0.1272 0.608538
0.12725 0.651828
0.1273 0.644229
0.12735 0.608593
0.1274 0.61115
0.12745 0.58056
0.1275 0.720851
0.12755 0.578035
0.1276 0.59589
0.12765 0.659738
0.1277 0.598466
0.12775 0.590798
0.1278 0.611248
0.12785 0.618932
0.1279 0.6906
0.12795 0.621552
0.128 0.636936
0.12805 0.634404
0.1281 0.670314
0.12815 0.667806
0.1282 0.72429
0.12825 0.711558
0.1283 0.629502
0.12835 0.565326
0.1284 0.655215
0.12845 0.652689
0.1285 0.59874
0.12855 0.621888
0.1286 0.696523
0.12865 0.668285
0.1287 0.681214
0.12875 0.701886
0.1288 0.647849
0.12885 0.629841
0.1289 0.609233
0.12895 0.609241
0.129 0.676355
0.12905 0.663505
0.1291 0.655806
0.12915 0.61709
0.1292 0.586084
0.12925 0.748992
0.1293 0.645628
0.12935 0.684484
0.1294 0.692317
0.12945 0.604329
0.1295 0.575832
0.12955 0.58359
0.1296 0.604322
0.12965 0.583574
0.1297 0.656222
0.12975 0.635498
0.1298 0.53684
0.12985 0.635516
0.1299 0.648539
0.12995 0.653777
0.13 0.695435
0.13005 0.620051
0.1301 0.614861
0.13015 0.586229
0.1302 0.661764
0.13025 0.588844
0.1303 0.667046
0.13035 0.627978
0.1304 0.614955
0.13045 0.667167
0.1305 0.638498
0.13055 0.648976
0.1306 0.696048
0.13065 0.534054
0.1307 0.633374
0.13075 0.630784
0.1308 0.599404
0.13085 0.609876
0.1309 0.662264
0.13095 0.591572
0.131 0.62826
0.13105 0.575842
0.1311 0.588939
0.13115 0.615171
0.1312 0.557433
0.13125 0.565279
0.1313 0.615166
0.13135 0.628318
0.1314 0.557357
0.13145 0.565215
0.1315 0.552034
0.13155 0.54147
0.1316 0.680975
0.13165 0.580945
0.1317 0.599376
0.13175 0.612556
0.1318 0.620477
0.13185 0.520249
0.1319 0.488521
0.13195 0.620437
0.132 0.564992
0.13205 0.549114
0.1321 0.562291
0.13215 0.601923
0.1322 0.6416
0.13225 0.615172
0.1323 0.567538
0.13235 0.633714
0.1324 0.668177
0.13245 0.588729
0.1325 0.633788
0.13255 0.61525
0.1326 0.663016
0.13265 0.599368
0.1327 0.588748
0.13275 0.570148
0.1328 0.586068
0.13285 0.562136
0.1329 0.601993
0.13295 0.633915
0.133 0.588704
0.13305 0.676542
0.1331 0.607362
0.13315 0.663312
0.1332 0.591405
0.13325 0.516751
0.1333 0.634037
0.13335 0.634063
0.1334 0.521991
0.13345 0.556643
0.1335 0.602018
0.13355 0.6421
0.1336 0.561942
0.13365 0.655504
0.1337 0.561921
0.13375 0.602033
0.1338 0.524402
0.13385 0.516312
0.1339 0.62341
0.13395 0.521588
0.134 0.518849
0.13405 0.596567
0.1341 0.634127
0.13415 0.556317
0.1342 0.54823
0.13425 0.626086
0.1343 0.615358
0.13435 0.666442
0.1344 0.548176
0.13445 0.655738
0.1345 0.631561
0.13455 0.604665
0.1346 0.585818
0.13465 0.575032
0.1347 0.623524
0.13475 0.542662
0.1348 0.56959
0.13485 0.58036
0.1349 0.529065
0.13495 0.512813
0.135 0.599181
0.13505 0.650519
0.1351 0.531625
0.13515 0.569431
0.1352 0.480144
0.13525 0.51794
0.1353 0.547657
0.13535 0.528663
0.1354 0.523193
0.13545 0.580047
0.1355 0.596299
0.13555 0.495953
0.1356 0.593545
0.13565 0.517549
0.1357 0.636949
0.13575 0.620681
0.1358 0.579942
0.13585 0.544594
0.1359 0.590777
0.13595 0.552691
0.136 0.596193
0.13605 0.631577
0.1361 0.53085
0.13615 0.560764
0.1362 0.558011
0.13625 0.612501
0.1363 0.533428
0.13635 0.549748
0.1364 0.484216
0.13645 0.538732
0.1365 0.57146
0.13655 0.574172
0.1366 0.541358
0.13665 0.601464
0.1367 0.626081
0.13675 0.606949
0.1368 0.494738
0.13685 0.53847
0.1369 0.606901
0.13695 0.497307
0.137 0.532866
0.13705 0.620562
0.1371 0.63155
0.13715 0.524558
0.1372 0.584894
0.13725 0.543694
0.1373 0.604088
0.13735 0.543636
0.1374 0.565588
0.13745 0.595814
0.1375 0.568302
0.13755 0.606808
0.1376 0.562766
0.13765 0.579264
0.1377 0.59027
0.13775 0.595776
0.1378 0.61783
0.13785 0.584748
0.1379 0.626123
0.13795 0.524023
0.138 0.615082
0.13805 0.631666
0.1381 0.664846
0.13815 0.568154
0.1382 0.670437
0.13825 0.640063
0.1383 0.53218
0.13835 0.579188
0.1384 0.584712
0.13845 0.595782
0.1385 0.617948
0.13855 0.562522
0.1386 0.598545
0.13865 0.562483
0.1387 0.543032
0.13875 0.629048
0.1388 0.587415
0.13885 0.551293
0.1389 0.670756
0.13895 0.565168
0.139 0.723661
0.13905 0.540139
0.1391 0.612455
0.13915 0.648657
0.1392 0.545648
0.13925 0.537252
0.1393 0.662623
0.13935 0.537209
0.1394 0.620835
0.13945 0.576211
0.1395 0.573404
0.13955 0.539882
0.1396 0.545426
0.13965 0.5398
0.1397 0.573298
0.13975 0.570484
0.1398 0.601231
0.13985 0.497707
0.1399 0.657178
0.13995 0.56202
0.14 0.60681
0.14005 0.606816
0.1401 0.550762
0.14015 0.494648
0.1402 0.536649
0.14025 0.559053
0.1403 0.528148
0.14035 0.612338
0.1404 0.542123
0.14045 0.519603
0.1405 0.575767
0.14055 0.589811
0.1406 0.581366
0.14065 0.56447
0.1407 0.634821
0.14075 0.643295
0.1408 0.58417
0.14085 0.603886
0.1409 0.533415
0.14095 0.606689
0.141 0.674399
0.14105 0.474091
0.1411 0.617976
0.14115 0.465494
0.1412 0.57275
0.14125 0.586862
0.1413 0.533141
0.14135 0.490675
0.1414 0.550008
0.14145 0.558464
0.1415 0.600901
0.14155 0.510279
0.1416 0.501718
0.14165 0.58667
0.1417 0.572487
0.14175 0.558289
0.1418 0.583794
0.14185 0.549728
0.1419 0.518465
0.14195 0.543969
0.142 0.546772
0.14205 0.640522
0.1421 0.592221
0.14215 0.575153
0.1422 0.609277
0.14225 0.552365
0.1423 0.543792
0.14235 0.512426
0.1424 0.575044
0.14245 0.535128
0.1425 0.515127
0.14255 0.643409
0.1426 0.586381
0.14265 0.554979
0.1427 0.632034
0.14275 0.49497
0.1428 0.486327
0.14285 0.531977
0.1429 0.597688
0.14295 0.603408
0.143 0.614856
0.14305 0.580524
0.1431 0.537567
0.14315 0.563301
0.1432 0.583332
0.14325 0.60625
0.1433 0.546049
0.14335 0.560353
0.1434 0.594755
0.14345 0.548833
0.1435 0.543057
0.14355 0.565995
0.1436 0.53437
0.14365 0.462476
0.1437 0.534257
0.14375 0.551469
0.1438 0.539929
0.14385 0.513987
0.1439 0.519687
0.14395 0.519633
0.144 0.528222
0.14405 0.505118
0.1441 0.59731
0.14415 0.55405
0.1442 0.487665
0.14425 0.605915
0.1443 0.577051
0.14435 0.490397
0.1444 0.519213
0.14445 0.536499
0.1445 0.548021
0.14455 0.530635
0.1446 0.556626
0.14465 0.605796
0.1447 0.504477
0.14475 0.544957
0.1448 0.510157
0.14485 0.608629
0.1449 0.556455
0.14495 0.611527
0.145 0.547715
0.14505 0.538975
0.1451 0.588286
0.14515 0.55924
0.1452 0.460444
0.14525 0.509752
0.1453 0.582367
0.14535 0.538737
0.1454 0.687056
0.14545 0.521248
0.1455 0.547395
0.14555 0.559009
0.1456 0.55607
0.14565 0.541472
0.1457 0.483134
0.14575 0.544292
0.1458 0.474248
0.14585 0.526688
0.1459 0.538316
0.14595 0.579156
0.146 0.573302
0.14605 0.5353
0.1461 0.485567
0.14615 0.456251
0.1462 0.520505
0.14625 0.573121
0.1463 0.599448
0.14635 0.593594
0.1464 0.57016
0.14645 0.581862
0.1465 0.534956
0.14655 0.605282
0.1466 0.482102
0.14665 0.528968
0.1467 0.540662
0.14675 0.561176
0.1468 0.564089
0.14685 0.517059
0.1469 0.522883
0.14695 0.508133
0.147 0.55807
0.14705 0.578638
0.1471 0.584512
0.14715 0.549176
0.1472 0.560924
0.14725 0.499034
0.1473 0.569696
0.14735 0.557886
0.1474 0.658126
0.14745 0.549018
0.1475 0.572594
0.14755 0.572578
0.1476 0.513502
0.14765 0.587296
0.1477 0.613885
0.14775 0.613897
0.1478 0.551812
0.14785 0.557698
0.1479 0.578385
0.14795 0.572453
0.148 0.49249
0.14805 0.510192
0.1481 0.510134
0.14815 0.60196
0.1482 0.533769
0.14825 0.590081
0.1483 0.673153
0.14835 0.486221
0.1484 0.563341
0.14845 0.569259
0.1485 0.512792
0.14855 0.569204
0.1486 0.515672
0.14865 0.61376
0.1487 0.494772
0.14875 0.581008
0.1488 0.533366
0.14885 0.572038
0.1489 0.512442
0.14895 0.574966
0.149 0.536199
0.14905 0.470555
0.1491 0.565927
0.14915 0.494291
0.1492 0.565863
0.14925 0.521053
0.1493 0.521003
0.14935 0.473145
0.1494 0.544799
0.14945 0.511875
0.1495 0.598558
0.14955 0.562656
0.1496 0.490802
0.14965 0.532648
0.1497 0.571541
0.14975 0.637437
0.1498 0.556546
0.14985 0.517546
0.1499 0.496501
0.14995 0.415435
0.15 0.499343
0.15005 0.526297
0.1501 0.496221
0.15015 0.496155
0.1502 0.535154
0.15025 0.499042
0.1503 0.441845
0.15035 0.492879
0.1504 0.568036
0.15045 0.577048
0.1505 0.540904
0.15055 0.459544
0.1506 0.534779
0.15065 0.471445
0.1507 0.576888
0.15075 0.504492
0.1508 0.522534
0.15085 0.495324
0.1509 0.510353
0.15095 0.525397
0.151 0.549519
0.15105 0.483005
0.1511 0.504092
0.15115 0.488912
0.1512 0.446492
0.15125 0.500862
0.1513 0.515935
0.15135 0.543135
0.1514 0.476463
0.15145 0.488505
0.1515 0.591489
0.15155 0.530847
0.1516 0.609663
0.15165 0.530789
0.1517 0.567167
0.15175 0.491249
0.1518 0.491181
0.15185 0.497189
0.1519 0.524476
0.15195 0.55483
0.152 0.493984
0.15205 0.545632
0.1521 0.554729
0.15215 0.548615
0.1522 0.499865
0.15225 0.524171
0.1523 0.557642
0.15235 0.511898
0.1524 0.487452
0.15245 0.572782
0.1525 0.551411
0.15255 0.475083
0.1526 0.508588
0.15265 0.487154
0.1527 0.532909
0.15275 0.483973
0.1528 0.499186
0.15285 0.45937
0.1529 0.511285
0.15295 0.526531
0.153 0.465267
0.15305 0.532547
0.1531 0.50494
0.15315 0.547778
0.1532 0.517098
0.15325 0.52318
0.1533 0.504732
0.15335 0.52615
0.1534 0.501554
0.15345 0.470794
0.1535 0.599696
0.15355 0.47682
0.1536 0.559715
0.15365 0.488991
0.1537 0.553498
0.15375 0.522712
0.1538 0.49805
0.15385 0.451818
0.1539 0.516385
0.15395 0.571775
0.154 0.544032
0.15405 0.550164
0.1541 0.584049
0.15415 0.584043
0.1542 0.531592
0.15425 0.553154
0.1543 0.519171
0.15435 0.596323
0.1544 0.534545
0.15445 0.506697
0.1545 0.481913
0.15455 0.497301
0.1546 0.58075
0.15465 0.429136
0.1547 0.524975
0.15475 0.487779
0.1548 0.497002
0.15485 0.540312
0.1549 0.509288
0.15495 0.499934
0.155 0.493672
0.15505 0.478098
0.1551 0.4532
0.15515 0.477942
0.1552 0.574123
0.15525 0.508885
0.1553 0.527473
0.15535 0.518107
0.1554 0.508732
0.15545 0.514898
0.1555 0.52107
0.15555 0.440112
0.1556 0.53963
0.15565 0.54271
0.1557 0.483493
0.15575 0.545743
0.1558 0.51766
0.15585 0.47396
0.1559 0.545621
0.15595 0.554951
0.156 0.53308
0.15605 0.526798
0.1561 0.526756
0.15615 0.41425
0.1562 0.489136
0.15625 0.445306
0.1563 0.470228
0.15635 0.488918
0.1564 0.504497
0.15645 0.457491
0.1565 0.573252
0.15655 0.476148
0.1566 0.545
0.15665 0.472888
0.1567 0.516702
0.15675 0.59819
0.1568 0.52918
0.15685 0.579348
0.1569 0.507143
0.15695 0.488249
0.157 0.554144
0.15705 0.47557
0.1571 0.431494
0.15715 0.519424
0.1572 0.434463
0.15725 0.487845
0.1573 0.503514
0.15735 0.475126
0.1574 0.525436
0.15745 0.553744
0.1575 0.474945
0.15755 0.518999
0.1576 0.553636
0.15765 0.462146
0.1577 0.540939
0.15775 0.515659
0.1578 0.493512
0.15785 0.436606
0.1579 0.509165
0.15795 0.534393
0.158 0.502747
0.15805 0.553283
0.1581 0.48051
0.15815 0.489932
0.1582 0.499363
0.15825 0.553127
0.1583 0.55627
0.15835 0.540408
0.1584 0.492841
0.15845 0.502289
0.1585 0.416616
0.15855 0.575106
0.1586 0.556058
0.15865 0.514774
0.1587 0.524251
0.15875 0.476569
0.1588 0.517798
0.15885 0.45737
0.1589 0.495434
0.15895 0.517634
0.159 0.444425
0.15905 0.520701
0.1591 0.558853
0.15915 0.447393
0.1592 0.479153
0.15925 0.536431
0.1593 0.504527
0.15935 0.571421
0.1594 0.510818
0.15945 0.529908
0.1595 0.488387
0.15955 0.513859
0.1596 0.507425
0.15965 0.516955
0.1597 0.459399
0.15975 0.532825
0.1598 0.507213
0.15985 0.519953
0.1599 0.555098
0.15995 0.465476
0.16 0.548624
0.16005 0.522982
0.1601 0.417241
0.16015 0.506845
0.1602 0.516408
0.16025 0.503538
0.1603 0.56121
0.16035 0.445704
0.1604 0.535466
0.16045 0.561112
0.1605 0.551461
0.16055 0.535377
0.1606 0.541769
0.16065 0.606019
0.1607 0.506364
0.16075 0.51596
0.1608 0.496612
0.16085 0.531952
0.1609 0.51904
0.16095 0.515776
0.161 0.589813
0.16105 0.422269
0.1611 0.441503
0.16115 0.489771
0.1612 0.467134
0.16125 0.496092
0.1613 0.515396
0.16135 0.525034
0.1614 0.60249
0.16145 0.495908
0.1615 0.440923
0.16155 0.505471
0.1616 0.479555
0.16165 0.508593
0.1617 0.515013
0.16175 0.518203
0.1618 0.521396
0.16185 0.514878
0.1619 0.443574
0.16195 0.518004
0.162 0.466104
0.16205 0.456302
0.1621 0.48865
0.16215 0.452904
0.1622 0.4658
0.16225 0.504676
0.1623 0.420202
0.16235 0.478562
0.1624 0.488241
0.16245 0.468679
0.1625 0.6149
0.16255 0.546624
0.1626 0.533586
0.16265 0.422916
0.1627 0.504189
0.16275 0.393433
0.1628 0.451939
0.16285 0.536563
0.1629 0.53979
0.16295 0.4876
0.163 0.464711
0.16305 0.549447
0.1631 0.520056
0.16315 0.542862
0.1632 0.529774
0.16325 0.542802
0.1633 0.532973
0.16335 0.493723
0.1634 0.536162
0.16345 0.42822
0.1635 0.487
0.16355 0.444402
0.1636 0.526139
0.16365 0.555567
0.1637 0.486772
0.16375 0.509642
0.1638 0.493209
0.16385 0.404645
0.1639 0.51274
0.16395 0.509414
0.164 0.417498
0.16405 0.50929
0.1641 0.482978
0.16415 0.49605
0.1642 0.476284
0.16425 0.433498
0.1643 0.4597
0.16435 0.469486
0.1644 0.518749
0.16445 0.512127
0.1645 0.502208
0.16455 0.472528
0.1646 0.469165
0.16465 0.485563
0.1647 0.544811
0.16475 0.478865
0.1648 0.551333
0.16485 0.511735
0.1649 0.488596
0.16495 0.485236
0.165 0.422455
0.16505 0.432261
0.1651 0.491621
0.16515 0.465131
0.1652 0.590647
0.16525 0.478245
0.1653 0.527784
0.16535 0.501284
0.1654 0.392035
0.16545 0.521007
0.1655 0.434881
0.16555 0.491093
0.1656 0.44134
0.16565 0.490962
0.1657 0.474329
0.16575 0.500789
0.1658 0.457616
0.16585 0.467492
0.1659 0.484015
0.16595 0.527113
0.166 0.427447
0.16605 0.480503
0.1661 0.510346
0.16615 0.470412
0.1662 0.397192
0.16625 0.500184
0.1663 0.550037
0.16635 0.466815
0.1664 0.563284
0.16645 0.48335
0.1665 0.446647
0.16655 0.576511
0.1666 0.473182
0.16665 0.483116
0.1667 0.563094
0.16675 0.51304
0.1668 0.489637
0.16685 0.489579
0.1669 0.466148
0.16695 0.459396
0.167 0.489389
0.16705 0.479305
0.1671 0.502642
0.16715 0.515968
0.1672 0.546031
0.16725 0.472395
0.1673 0.485715
0.16735 0.499047
0.1674 0.44876
0.16745 0.529078
0.1675 0.535746
0.16755 0.522308
0.1676 0.498799
0.16765 0.455145
0.1677 0.458422
0.16775 0.408006
0.1678 0.528752
0.16785 0.44141
0.1679 0.481632
0.16795 0.51181
0.168 0.508405
0.16805 0.457929
0.1681 0.444401
0.16815 0.471229
0.1682 0.498081
0.16825 0.423977
0.1683 0.524891
0.16835 0.568639
0.1684 0.470928
0.16845 0.53152
0.1685 0.47081
0.16855 0.447138
0.1686 0.47404
0.16865 0.45373
0.1687 0.538027
0.16875 0.463727
0.1688 0.483917
0.16885 0.450077
0.1689 0.483787
0.16895 0.507387
0.169 0.409292
0.16905 0.48021
0.1691 0.480148
0.16915 0.503774
0.1692 0.463106
0.16925 0.473192
0.1693 0.483287
0.16935 0.500167
0.1694 0.537396
0.16945 0.428888
0.1695 0.449142
0.16955 0.37783
0.1696 0.499856
0.16965 0.48623
0.1697 0.459012
0.16975 0.469126
0.1698 0.503028
0.16985 0.516572
0.1699 0.441754
0.16995 0.48247
0.17 0.468806
0.17005 0.461934
0.1701 0.455056
0.17015 0.485616
0.1702 0.458318
0.17025 0.454838
0.1703 0.444541
0.17035 0.396747
0.1704 0.515952
0.17045 0.420432
0.1705 0.512433
0.17055 0.485095
0.1706 0.464559
0.17065 0.450833
0.1707 0.48832
0.17075 0.419944
0.1708 0.481354
0.17085 0.546236
0.1709 0.505186
0.17095 0.48804
0.171 0.460616
0.17105 0.484498
0.1711 0.477594
0.17115 0.429596
0.1712 0.508281
0.17125 0.436291
0.1713 0.504745
0.17135 0.484131
0.1714 0.487502
0.17145 0.542326
0.1715 0.487406
0.17155 0.394686
0.1716 0.459803
0.17165 0.490637
0.1717 0.487148
0.17175 0.408064
0.1718 0.531694
0.17185 0.511036
0.1719 0.438775
0.17195 0.397411
0.172 0.462682
0.17205 0.431634
0.1721 0.455647
0.17215 0.445241
0.1722 0.534731
0.17225 0.400309
0.1723 0.520848
0.17235 0.52426
0.1724 0.417307
0.17245 0.410311
0.1725 0.47578
0.17255 0.517142
0.1726 0.520557
0.17265 0.423809
0.1727 0.496272
0.17275 0.48931
0.1728 0.454686
0.17285 0.485734
0.1729 0.482219
0.17295 0.523681
0.173 0.482115
0.17305 0.440513
0.1731 0.45082
0.17315 0.374536
0.1732 0.478366
0.17325 0.478306
0.1733 0.467845
0.17335 0.464311
0.1734 0.485057
0.17345 0.457241
0.1735 0.550886
0.17355 0.464068
0.1736 0.432743
0.17365 0.536877
0.1737 0.436076
0.17375 0.488132
0.1738 0.446354
0.17385 0.43932
0.1739 0.460112
0.17395 0.421762
0.174 0.494771
0.17405 0.435527
0.1741 0.414545
0.17415 0.459741
0.1742 0.511946
0.17425 0.445672
0.1743 0.497899
0.17435 0.459483
0.1744 0.483836
0.17445 0.48378
0.1745 0.546562
0.17455 0.50813
0.1746 0.473158
0.17465 0.448638
0.1747 0.392642
0.17475 0.43099
0.1748 0.448389
0.17485 0.388847
0.1749 0.507703
0.17495 0.441161
0.175 0.420075
0.17505 0.479517
0.1751 0.447932
0.17515 0.500416
0.1752 0.4513
0.17525 0.43019
0.1753 0.454653
0.17535 0.479137
0.1754 0.412408
0.17545 0.447412
0.1755 0.475424
0.17555 0.436732
0.1756 0.499884
0.17565 0.4401
0.1757 0.49626
0.17575 0.478632
0.1758 0.376581
0.17585 0.464415
0.1759 0.478425
0.17595 0.386847
0.176 0.418426
0.17605 0.44651
0.1761 0.386543
0.17615 0.456913
0.1762 0.502668
0.17625 0.481468
0.1763 0.463777
0.17635 0.421375
0.1764 0.481278
0.17645 0.452982
0.1765 0.544716
0.17655 0.537632
0.1766 0.474014
0.17665 0.449216
0.1767 0.498632
0.17675 0.473834
0.1768 0.548051
0.17685 0.477273
0.1769 0.49491
0.17695 0.385122
0.177 0.434586
0.17705 0.455756
0.1771 0.4486
0.17715 0.430806
0.1772 0.437812
0.17725 0.441278
0.1773 0.437653
0.17735 0.451765
0.1774 0.448144
0.17745 0.39837
0.1775 0.40537
0.17755 0.483416
0.1776 0.415855
0.17765 0.515275
0.1777 0.397924
0.17775 0.468942
0.1778 0.436867
0.17785 0.515063
0.1779 0.458083
0.17795 0.411735
0.178 0.482861
0.17805 0.482807
0.1781 0.432871
0.17815 0.468429
0.1782 0.436282
0.17825 0.436202
0.1783 0.400452
0.17835 0.407488
0.1784 0.489479
0.17845 0.421599
0.1785 0.442937
0.17855 0.478581
0.1786 0.417784
0.17865 0.428416
0.1787 0.456932
0.17875 0.464016
0.1788 0.44249
0.17885 0.41379
0.1789 0.420856
0.17895 0.438668
0.179 0.413523
0.17905 0.456415
0.1791 0.49576
0.17915 0.556642
0.1792 0.43474
0.17925 0.509966
0.1793 0.481232
0.17935 0.398654
0.1794 0.434444
0.17945 0.437954
0.1795 0.423512
0.17955 0.495266
0.1796 0.484441
0.17965 0.495171
0.1797 0.502315
0.17975 0.390797
0.1798 0.459036
0.17985 0.498548
0.1799 0.469712
0.17995 0.491252
0.18 0.40478
0.18005 0.50554
0.1801 0.404616
0.18015 0.436956
0.1802 0.487348
0.18025 0.49451
0.1803 0.436752
0.18035 0.339258
0.1804 0.429351
0.18045 0.458149
0.1805 0.429195
0.18055 0.439949
0.1806 0.418195
0.18065 0.515685
0.1807 0.389126
0.18075 0.468574
0.1808 0.468514
0.18085 0.425038
0.1809 0.443049
0.18095 0.403155
0.181 0.44289
0.18105 0.421084
0.1811 0.453605
0.18115 0.471657
0.1812 0.478849
0.18125 0.442535
0.1813 0.420699
0.18135 0.475033
0.1814 0.413284
0.18145 0.453124
0.1815 0.445794
0.18155 0.49657
0.1816 0.471095
0.18165 0.398357
0.1817 0.463689
0.18175 0.467263
0.1818 0.441744
0.18185 0.521706
0.1819 0.394311
0.18195 0.467011
0.182 0.408695
0.18205 0.455949
0.1821 0.455883
0.18215 0.408445
0.1822 0.554153
0.18225 0.426531
0.1823 0.444684
0.18235 0.440964
0.1824 0.502923
0.18245 0.459083
0.1825 0.429811
0.18255 0.422427
0.1826 0.49175
0.18265 0.46978
0.1827 0.473377
0.18275 0.487945
0.1828 0.44767
0.18285 0.46589
0.1829 0.374355
0.18295 0.451105
0.183 0.557206
0.18305 0.50959
0.1831 0.498565
0.18315 0.509515
0.1832 0.535134
0.18325 0.476456
0.1833 0.461734
0.18335 0.424992
0.1834 0.377213
0.18345 0.439495
0.1835 0.465118
0.18355 0.483418
0.1836 0.398889
0.18365 0.494317
0.1837 0.380348
0.18375 0.394946
0.1838 0.45368
0.18385 0.494072
0.1839 0.48667
0.18395 0.416702
0.184 0.405573
0.18405 0.438619
0.1841 0.45696
0.18415 0.486368
0.1842 0.49369
0.18425 0.408868
0.1843 0.390343
0.18435 0.438187
0.1844 0.478692
0.18445 0.48233
0.1845 0.526572
0.18455 0.489626
0.1846 0.463729
0.18465 0.530161
0.1847 0.467322
0.18475 0.408128
0.1848 0.485675
0.18485 0.507815
0.1849 0.433799
0.18495 0.411523
0.185 0.42994
0.18505 0.492796
0.1851 0.452019
0.18515 0.448249
0.1852 0.414836
0.18525 0.492576
0.1853 0.47029
0.18535 0.407198
0.1854 0.418235
0.18545 0.418151
0.1855 0.403223
0.18555 0.436539
0.1856 0.440178
0.18565 0.44382
0.1857 0.402885
0.18575 0.480829
0.1858 0.517949
0.18585 0.439841
0.1859 0.488116
0.18595 0.43971
0.186 0.402428
0.18605 0.402336
0.1861 0.424582
0.18615 0.405882
0.1862 0.387167
0.18625 0.420601
0.1863 0.405611
0.18635 0.435345
0.1864 0.506122
0.18645 0.405376
0.1865 0.394093
0.18655 0.397729
0.1866 0.405101
0.18665 0.461021
0.1867 0.468431
0.18675 0.524415
0.1868 0.427227
0.18685 0.445839
0.1869 0.453249
0.18695 0.363425
0.187 0.460579
0.18705 0.423099
0.1871 0.423019
0.18715 0.426683
0.1872 0.366685
0.18725 0.374067
0.1873 0.377708
0.18735 0.430076
0.1874 0.444996
0.18745 0.384928
0.1875 0.452346
0.18755 0.380994
0.1876 0.485976
0.18765 0.437128
0.1877 0.463341
0.18775 0.519623
0.1878 0.384343
0.18785 0.425581
0.1879 0.448057
0.18795 0.380311
0.188 0.440385
0.18805 0.361313
0.1881 0.376253
0.18815 0.436373
0.1882 0.368531
0.18825 0.424913
0.1883 0.466272
0.18835 0.387088
0.1884 0.409604
0.18845 0.439678
0.1885 0.435837
0.18855 0.401817
0.1886 0.511144
0.18865 0.40544
0.1887 0.416677
0.18875 0.443027
0.1888 0.420297
0.18885 0.416439
0.1889 0.465484
0.18895 0.472988
0.189 0.465374
0.18905 0.389678
0.1891 0.41228
0.18915 0.408412
0.1892 0.453746
0.18925 0.465042
0.1893 0.430903
0.18935 0.411889
0.1894 0.498952
0.18945 0.400374
0.1895 0.449567
0.18955 0.441919
0.1896 0.441851
0.18965 0.445577
0.1897 0.502436
0.18975 0.380928
0.1898 0.392219
0.18985 0.384529
0.1899 0.399627
0.18995 0.464137
0.19 0.433673
0.19005 0.418393
0.1901 0.441131
0.19015 0.494319
0.1902 0.425789
0.19025 0.501833
0.1903 0.45992
0.19035 0.448438
0.1904 0.444565
0.19045 0.372109
0.1905 0.364383
0.19055 0.421455
0.1906 0.558645
0.19065 0.356497
0.1907 0.38309
0.19075 0.405888
0.1908 0.455423
0.19085 0.443909
0.1909 0.482033
0.19095 0.439967
0.191 0.355837
0.19105 0.424521
0.1911 0.325047
0.19115 0.409047
0.1912 0.416613
0.19125 0.473923
0.1913 0.343755
0.19135 0.439337
0.1914 0.416295
0.19145 0.488985
0.1915 0.385506
0.19155 0.496538
0.1916 0.492667
0.19165 0.431283
0.1917 0.450386
0.19175 0.438816
0.1918 0.473281
0.19185 0.431013
0.1919 0.384873
0.19195 0.430857
0.192 0.365488
0.19205 0.45759
0.1921 0.511334
0.19215 0.415204
0.1922 0.426659
0.19225 0.441969
0.1923 0.461138
0.19235 0.495714
0.1924 0.457186
0.19245 0.372428
0.1925 0.472452
0.19255 0.433882
0.1926 0.372164
0.19265 0.387478
0.1927 0.445209
0.19275 0.418153
0.1928 0.406504
0.19285 0.460432
0.1929 0.394773
0.19295 0.487323
0.193 0.425505
0.19305 0.382949
0.1931 0.448524
0.19315 0.463918
0.1932 0.487054
0.19325 0.475414
0.1933 0.428962
0.19335 0.394078
0.1934 0.444285
0.19345 0.490661
0.1935 0.451911
0.19355 0.455723
0.1936 0.51376
0.19365 0.436252
0.1937 0.494309
0.19375 0.412875
0.1938 0.467073
0.19385 0.432119
0.1939 0.366106
0.19395 0.408682
0.194 0.400838
0.19405 0.470628
0.1941 0.427865
0.19415 0.447213
0.1942 0.451036
0.19425 0.416002
0.1943 0.400376
0.19435 0.40029
0.1944 0.489651
0.19445 0.505171
0.1945 0.411755
0.19455 0.470055
0.1946 0.415503
0.19465 0.403743
0.1947 0.407554
0.19475 0.454224
0.1948 0.524312
0.19485 0.430738
0.1949 0.481355
0.19495 0.391611
0.195 0.407125
0.19505 0.410945
0.1951 0.414768
0.19515 0.410786
0.1952 0.406801
0.19525 0.441873
0.1953 0.426181
0.19535 0.437833
0.1954 0.449494
0.19545 0.488534
0.1955 0.441562
0.19555 0.433674
0.1956 0.457084
0.19565 0.406146
0.1957 0.429554
0.19575 0.409904
0.1958 0.374571
0.19585 0.413653
0.1959 0.39398
0.19595 0.413492
0.196 0.440861
0.19605 0.413343
0.1961 0.362266
0.19615 0.40925
0.1962 0.483745
0.19625 0.467999
0.1963 0.416898
0.19635 0.397182
0.1964 0.452102
0.19645 0.463834
0.1965 0.373369
0.19655 0.416523
0.1966 0.491174
0.19665 0.420324
0.1967 0.408445
0.19675 0.337517
0.1968 0.447637
0.19685 0.396383
0.1969 0.419931
0.19695 0.380457
0.197 0.411891
0.19705 0.384219
0.1971 0.380184
0.19715 0.407698
0.1972 0.462848
0.19725 0.470688
0.1973 0.518004
0.19735 0.462708
0.1974 0.431064
0.19745 0.375696
0.1975 0.419061
0.19755 0.391323
0.1976 0.458436
0.19765 0.319992
0.1977 0.375238
0.19775 0.442394
0.1978 0.33945
0.19785 0.347252
0.1979 0.378814
0.19795 0.39852
0.198 0.442007
0.19805 0.350819
0.1981 0.473564
0.19815 0.310994
0.1982 0.398096
0.19825 0.4694
0.1983 0.393979
0.19835 0.421669
0.1984 0.461287
0.19845 0.409625
0.1985 0.469112
0.19855 0.417428
0.1986 0.445165
0.19865 0.461001
0.1987 0.472874
0.19875 0.393308
0.1988 0.40913
0.19885 0.43292
0.1989 0.416938
0.19895 0.436764
0.199 0.408833
0.19905 0.428665
0.1991 0.404699
0.19915 0.392667
0.1992 0.400551
0.19925 0.408441
0.1993 0.432285
0.19935 0.456147
0.1994 0.452104
0.19945 0.471998
0.1995 0.392132
0.19955 0.483862
0.1996 0.435906
0.19965 0.419866
0.1997 0.351879
0.19975 0.431693
0.1998 0.407645
0.19985 0.463539
0.1999 0.431497
