0.060442 -0.0250000004 0.0288812276 0.0197705512 asynchronous_release_0
0.069771 -0.0250000004 0.0155686016 -0.0313467486 asynchronous_release_0
0.063596 -0.0250000004 0.000282293529 -0.0349988616 asynchronous_release_0
0.058461 -0.0250000004 0.00876380888 0.0338850358 asynchronous_release_4
0.071966 -0.0250000004 -0.0282301695 -0.0206895512 asynchronous_release_0
0.051905 -0.0250000004 -0.00975624043 0.0336127323 asynchronous_release_0
0.043776 -0.0250000004 0.034253919 -0.00718811729 asynchronous_release_3
0.07254 -0.0250000004 -0.00602357036 -0.0344777697 asynchronous_release_0
0.050198 -0.0250000004 -0.0177157493 0.0301852982 asynchronous_release_0
0.077895 -0.0250000004 0.0349029227 -0.00260499205 asynchronous_release_0
0.057527 -0.0250000004 0.0314333985 0.0153929029 asynchronous_release_0
0.043733 -0.0250000004 -0.0216439012 0.0275053002 asynchronous_release_0
0.020519 -0.0250000004 0.0306209958 -0.0169515373 asynchronous_release_0
0.071926 -0.0250000004 0.0346519051 0.00492396908 asynchronous_release_0
0.045711 -0.0250000004 -0.0119572256 0.0328941447 asynchronous_release_0
0.055466 -0.0250000004 0.0335506673 0.00996758361 asynchronous_release_0
0.050552 -0.0250000004 0.034342018 -0.00675468736 asynchronous_release_4
0.059031 -0.0250000004 -0.0341506779 0.00766362841 asynchronous_release_0
0.054772 -0.0250000004 0.0349968114 -0.000472434049 asynchronous_release_0
0.043976 -0.0250000004 0.0164658688 0.0308848695 asynchronous_release_2
0.074227 -0.0250000004 0.00338403073 -0.0348360207 asynchronous_release_0
0.075997 -0.0250000004 0.000783348715 0.000621582489 asynchronous_release_2
0.078421 -0.0250000004 -0.00820116775 0.0340255911 asynchronous_release_0
0.062773 -0.0250000004 -0.000174254948 0.00098470057 asynchronous_release_0
0.056777 -0.0250000004 -0.0270789569 0.022174988 asynchronous_release_0
0.049402 -0.0250000004 -0.0226920866 -0.0266471238 asynchronous_release_3
0.048196 -0.0250000004 -0.00613503995 0.0344581091 asynchronous_release_0
0.066773 -0.0250000004 0.00526545559 -0.0346016615 asynchronous_release_0
0.046025 -0.0250000004 0.0347049328 0.00453515564 asynchronous_release_0
0.068587 -0.0250000004 0.0293575527 -0.0190560778 asynchronous_release_0
0.07038 -0.0250000004 0.00527743608 -0.0345998362 asynchronous_release_0
0.01652 -0.0250000004 -0.000901355359 0.000433080265 asynchronous_release_0
0.04911 -0.0250000004 -0.00740234443 -0.0342082636 asynchronous_release_0
0.020002 -0.0250000004 0.0259527496 0.0234830745 asynchronous_release_0
0.027805 -0.0250000004 -0.0347487637 0.0041860982 asynchronous_release_0
0.02183 -0.0250000004 0.0341680794 0.00758566742 asynchronous_release_0
0.045663 -0.0250000004 0.00864330245 0.0339159744 asynchronous_release_0
0.072971 -0.0250000004 0.018431791 0.0297534718 asynchronous_release_0
0.021536 -0.0250000004 0.0320002556 0.01417687 asynchronous_release_0
0.054844 -0.0250000004 -0.000751438997 0.0349919325 asynchronous_release_0
0.030149 -0.0250000004 0.0321879205 -0.0137454637 asynchronous_release_0
0.062769 -0.0250000004 0.0323008455 -0.013477959 asynchronous_release_0
0.063525 -0.0250000004 0.0238207641 0.0256431511 asynchronous_release_0
0.059248 -0.0250000004 -0.0158412771 0.0312098373 asynchronous_release_1
0.067815 -0.0250000004 -0.0349776084 -0.00125176166 asynchronous_release_0
0.063534 -0.0250000004 0.000502389787 0.000864641256 asynchronous_release_0
0.07676 -0.0250000004 0.030262444 -0.0175836425 asynchronous_release_0
0.047652 -0.0250000004 -0.0288940033 -0.0197518752 asynchronous_release_0
0.050348 -0.0250000004 0.0319143343 0.0143692472 asynchronous_release_0
0.060297 -0.0250000004 0.0258245277 -0.0236240083 asynchronous_release_0
0.053392 -0.0250000004 -0.0348139096 0.00360439943 asynchronous_release_0
0.076611 -0.0250000004 0.0341076156 -0.00785306062 asynchronous_release_0
0.067851 -0.0250000004 -0.00050980082 0.000860292464 asynchronous_release_0
0.058593 -0.0250000004 -0.0253443035 -0.0241384813 asynchronous_release_0
0.079138 -0.0250000004 -0.0082278448 -0.03401915 asynchronous_release_0
0.075645 -0.0250000004 -0.00971636344 -0.0336242811 asynchronous_release_0
0.044481 -0.0250000004 0.0220390849 -0.0271896807 asynchronous_release_1
0.030488 -0.0250000004 0.0181015063 -0.0299555582 asynchronous_release_0
0.060548 -0.0250000004 0.0153447572 0.0314569297 asynchronous_release_0
0.075899 -0.0250000004 -0.0230269659 0.0263582784 asynchronous_release_0
0.028208 -0.0250000004 0.0346008272 0.00527093496 asynchronous_release_0
0.073664 -0.0250000004 -0.0268883235 0.0224057595 asynchronous_release_0
0.055859 -0.0250000004 0.000994850544 0.000101352827 asynchronous_release_0
0.023884 -0.0250000004 0.0339771315 -0.00839967467 asynchronous_release_0
0.05204 -0.0250000004 -0.0301530801 0.0177705307 asynchronous_release_0
0.054169 -0.0250000004 -0.034713196 0.00447146747 asynchronous_release_0
0.076681 -0.0250000004 0.00191077424 -0.0349478031 asynchronous_release_0
0.003083 -0.0250000004 0.0179863497 -0.0300248435 asynchronous_release_0
0.060896 -0.0250000004 0.0349942208 -0.000636013333 asynchronous_release_0
0.058509 -0.0250000004 -0.0148983642 0.0316707869 asynchronous_release_0
0.07944 -0.0250000004 0.0166198988 -0.0308022558 asynchronous_release_0
0.062301 -0.0250000004 0.0296297416 0.0186300406 asynchronous_release_0
0.037341 -0.0250000004 0.0076565825 0.0341522583 asynchronous_release_0
0.05389 -0.0250000004 -0.000863540603 -0.000504279315 asynchronous_release_0
0.048814 -0.0250000004 0.00097029353 0.000241930706 asynchronous_release_0
0.008132 -0.0250000004 0.0137374759 -0.0321913304 asynchronous_release_0
0.069302 -0.0250000004 -0.021009772 -0.0279926684 asynchronous_release_0
0.031711 -0.0250000004 -0.0116096177 -0.0330184309 asynchronous_release_0
0.059638 -0.0250000004 -0.0338404774 0.00893432087 asynchronous_release_0
0.073901 -0.0250000004 0.0302295962 0.0176400542 asynchronous_release_0
0.031814 -0.0250000004 -0.000743440253 0.000668802355 asynchronous_release_0
0.074814 -0.0250000004 0.021810177 0.0273736402 asynchronous_release_0
0.040255 -0.0250000004 0.000867515218 -0.000497410642 asynchronous_release_0
