0.028411 -0.0250000004 0.030207597 0.0176777001 asynchronous_release_0
0.03564 -0.0250000004 -0.0346455232 -0.00496867376 asynchronous_release_0
0.005266 -0.0250000004 0.00118363858 0.03497998 asynchronous_release_0
0.034162 -0.0250000004 -0.000478293991 -0.000878199783 asynchronous_release_0
0.03191 -0.0250000004 -0.0305362059 0.0171038045 asynchronous_release_0
0.026369 -0.0250000004 0.0191780139 -0.0292780426 asynchronous_release_0
0.024041 -0.0250000004 0.0254722525 -0.0240034237 asynchronous_release_0
0.028209 -0.0250000004 -0.0136461151 0.0322301651 asynchronous_release_0
0.027952 -0.0250000004 -0.0034384575 -0.0348306906 asynchronous_release_0
0.041205 -0.0250000004 0.0318834917 0.0144375538 asynchronous_release_0
0.048609 -0.0250000004 -0.026683211 -0.0226496413 asynchronous_release_0
0.04652 -0.0250000004 -0.0211833693 -0.0278615302 asynchronous_release_0
0.046216 -0.0250000004 0.0227246546 -0.0266193552 asynchronous_release_0
0.022537 -0.0250000004 0.0221132284 -0.0271294144 asynchronous_release_0
0.040722 -0.0250000004 0.0119919273 0.0328815097 asynchronous_release_0
0.043346 -0.0250000004 -0.000995348322 -9.63416686e-05 asynchronous_release_0
0.029288 -0.0250000004 -0.000550798178 0.000834638465 asynchronous_release_0
0.032429 -0.0250000004 -0.000941773469 -0.000336248024 asynchronous_release_0
0.034229 -0.0250000004 0.0282185557 -0.0207053885 asynchronous_release_0
0.033407 -0.0250000004 -0.006483089 -0.0343943245 asynchronous_release_1
0.049484 -0.0250000004 -0.00567746474 0.0345364502 asynchronous_release_0
0.029364 -0.0250000004 0.00433031455 -0.0347310866 asynchronous_release_0
0.043469 -0.0250000004 0.0346584497 -0.00487769081 asynchronous_release_0
0.034562 -0.0250000004 -0.0347493803 -0.00418097734 asynchronous_release_0
0.032122 -0.0250000004 0.0320559163 -0.0140505598 asynchronous_release_0
0.006573 -0.0250000004 -0.000747945587 -0.000663760047 asynchronous_release_0
0.034828 -0.0250000004 0.0280620927 -0.0209169538 asynchronous_release_0
0.036503 -0.0250000004 -0.017587919 -0.0302599588 asynchronous_release_0
0.044749 -0.0250000004 0.000999402724 3.45571267e-05 asynchronous_release_0
0.037008 -0.0250000004 0.000998099973 -6.1615284e-05 asynchronous_release_1
0.027288 -0.0250000004 0.0291750302 -0.0193343636 asynchronous_release_4
0.034034 -0.0250000004 0.00758626241 -0.0341679473 asynchronous_release_0
0.04232 -0.0250000004 0.0310829374 0.0160888471 asynchronous_release_0
0.032084 -0.0250000004 0.0305396708 -0.0170976169 asynchronous_release_0
0.049149 -0.0250000004 -0.0337781246 0.00916724049 asynchronous_release_0
0.0202 -0.0250000004 0.00331035221 -0.0348430993 asynchronous_release_0
0.036148 -0.0250000004 0.000976269467 -0.000216559295 asynchronous_release_0
0.037745 -0.0250000004 -0.012939898 -0.0325201328 asynchronous_release_0
0.026656 -0.0250000004 0.0313132428 0.0156358826 asynchronous_release_0
0.046727 -0.0250000004 0.0341350906 0.00773276066 asynchronous_release_0
0.030825 -0.0250000004 0.0101344895 -0.0335006287 asynchronous_release_0
0.044509 -0.0250000004 -0.00221397572 -0.0349299057 asynchronous_release_0
0.044327 -0.0250000004 -0.0006006402 0.00079951945 asynchronous_release_0
0.049128 -0.0250000004 0.0315089647 0.0152376226 asynchronous_release_0
0.033622 -0.0250000004 -0.0347253178 -0.00437633472 asynchronous_release_0
0.009192 -0.0250000004 0.0334708628 -0.0102323675 asynchronous_release_0
0.028803 -0.0250000004 0.000200478801 -0.00097969804 asynchronous_release_1
0.046971 -0.0250000004 -0.00778469446 -0.0341232843 asynchronous_release_1
0.047202 -0.0250000004 -0.0295953436 -0.0186846363 asynchronous_release_0
0.045533 -0.0250000004 -0.0158319895 0.0312145497 asynchronous_release_0
0.044257 -0.0250000004 -0.0270867821 -0.0221654289 asynchronous_release_0
0.043268 -0.0250000004 -0.0173792297 -0.0303802958 asynchronous_release_0
0.04805 -0.0250000004 -0.0100660438 0.0335212584 asynchronous_release_0
0.028201 -0.0250000004 0.00485750641 0.0346612843 asynchronous_release_0
0.025206 -0.0250000004 0.00192245685 0.0349471624 asynchronous_release_0
0.047935 -0.0250000004 -0.0311639148 0.0159314286 asynchronous_release_0
0.020338 -0.0250000004 0.000351089831 -0.000936341781 asynchronous_release_0
0.019074 -0.0250000004 -0.0214256559 0.027675644 asynchronous_release_0
0.046209 -0.0250000004 -0.0320573882 -0.0140472012 asynchronous_release_0
0.011978 -0.0250000004 -0.0276828714 0.021416317 asynchronous_release_0
0.041079 -0.0250000004 -0.00673764174 0.0343453663 asynchronous_release_0
0.039113 -0.0250000004 0.0110977082 0.0331939885 asynchronous_release_0
0.033931 -0.0250000004 -0.0161777073 -0.0310367812 asynchronous_release_0
0.049439 -0.0250000004 -0.013282601 -0.0323816694 asynchronous_release_0
0.0483 -0.0250000004 0.0183491845 0.0298044867 asynchronous_release_0
0.033172 -0.0250000004 0.0331080786 0.0113514374 asynchronous_release_0
0.035815 -0.0250000004 0.0347828554 0.00389268151 asynchronous_release_0
0.029477 -0.0250000004 0.000868352889 -0.000495946833 asynchronous_release_0
0.032192 -0.0250000004 0.0224296189 -0.0268684238 asynchronous_release_4
0.044925 -0.0250000004 -0.00488984969 0.0346567363 asynchronous_release_0
0.049127 -0.0250000004 0.032539057 -0.0128922368 asynchronous_release_0
0.028171 -0.0250000004 -0.00222409541 -0.0349292628 asynchronous_release_0
0.027585 -0.0250000004 0.000772625728 0.000634861784 asynchronous_release_0
0.022235 -0.0250000004 0.0202133113 -0.0285731001 asynchronous_release_0
0.034425 -0.0250000004 -0.0150583354 -0.0315950397 asynchronous_release_0
0.0423 -0.0250000004 -0.0149493973 -0.03164673 asynchronous_release_0
0.027476 -0.0250000004 0.00879412357 -0.033877181 asynchronous_release_0
0.022201 -0.0250000004 -9.01516237e-05 0.000995928052 asynchronous_release_0
0.044906 -0.0250000004 -0.000792944378 -0.000609294029 asynchronous_release_0
0.033767 -0.0250000004 0.0348991205 0.00265544547 asynchronous_release_0
0.044916 -0.0250000004 -0.000492055255 -0.00087056397 asynchronous_release_0
0.02533 -0.0250000004 0.0168890027 -0.0306555311 asynchronous_release_2
0.033701 -0.0250000004 0.00443117961 0.0347183618 asynchronous_release_0
0.048426 -0.0250000004 -0.0164034837 0.0309180485 asynchronous_release_0
0.027448 -0.0250000004 0.00099006079 -0.00014064008 asynchronous_release_0
0.042185 -0.0250000004 0.0178128531 0.0301280976 asynchronous_release_0
0.014927 -0.0250000004 0.0280880153 0.020882131 asynchronous_release_0
