0 0.065076
5e-05 0.056422
0.0001 0.059885
0.00015 0.085845
0.0002 0.069572
0.00025 0.110422
0.0003 0.07719
0.00035 0.075812
0.0004 0.093109
0.00045 0.094847
0.0005 0.069578
0.00055 0.104534
0.0006 0.10142
0.00065 0.094844
0.0007 0.095189
0.00075 0.111455
0.0008 0.121501
0.00085 0.144693
0.0009 0.064394
0.00095 0.108672
0.001 0.147112
0.00105 0.176202
0.0011 0.178252
0.00115 0.23159
0.0012 0.223259
0.00125 0.266539
0.0013 0.323988
0.00135 0.336114
0.0014 0.403601
0.00145 0.590893
0.0015 0.714098
0.00155 1.0045
0.0016 1.27592
0.00165 1.57566
0.0017 1.93462
0.00175 2.57016
0.0018 3.20394
0.00185 3.60476
0.0019 4.43418
0.00195 4.71002
0.002 5.60207
0.00205 6.08355
0.0021 6.23548
0.00215 6.2975
0.0022 6.5955
0.00225 6.43663
0.0023 6.14688
0.00235 5.69447
0.0024 4.76095
0.00245 4.22682
0.0025 3.52998
0.00255 2.99319
0.0026 2.5272
0.00265 2.22159
0.0027 1.94849
0.00275 1.98304
0.0028 1.68196
0.00285 1.39114
0.0029 1.2697
0.00295 1.29731
0.003 1.07099
0.00305 0.997949
0.0031 0.932878
0.00315 0.90901
0.0032 0.907587
0.00325 0.850847
0.0033 0.877808
0.00335 0.892706
0.0034 0.794777
0.00345 0.783667
0.0035 0.878507
0.00355 0.767421
0.0036 0.761199
0.00365 0.714755
0.0037 0.717223
0.00375 0.710687
0.0038 0.652111
0.00385 0.743895
0.0039 0.76148
0.00395 0.629682
0.004 0.737614
0.00405 0.653536
0.0041 0.704077
0.00415 0.628969
0.0042 0.597799
0.00425 0.659425
0.0043 0.740401
0.00435 0.736235
0.0044 0.606142
0.00445 0.707502
0.0045 0.737276
0.00455 0.589836
0.0046 0.59779
0.00465 0.61065
0.0047 0.732043
0.00475 0.586049
0.0048 0.655947
0.00485 0.642501
0.0049 0.525369
0.00495 0.599559
0.005 0.63277
0.00505 0.617864
0.0051 0.600586
0.00515 0.700964
0.0052 0.546891
0.00525 0.550321
0.0053 0.581246
0.00535 0.565614
0.0054 0.627221
0.00545 0.523053
0.0055 0.491539
0.00555 0.588699
0.0056 0.6197
0.00565 0.472426
0.0057 0.557341
0.00575 0.583597
0.0058 0.598105
0.00585 0.577419
0.0059 0.586725
0.00595 0.472839
0.006 0.498442
0.00605 0.571484
0.0061 0.571842
0.00615 0.574956
0.0062 0.568031
0.00625 0.528559
0.0063 0.530942
0.00635 0.615176
0.0064 0.480788
0.00645 0.58737
0.0065 0.501218
0.00655 0.626224
0.0066 0.52861
0.00665 0.566872
0.0067 0.490516
0.00675 0.559818
0.0068 0.506065
0.00685 0.545861
0.0069 0.472473
0.00695 0.520893
0.007 0.465657
0.00705 0.529853
0.0071 0.558
0.00715 0.510598
0.0072 0.555902
0.00725 0.443474
0.0073 0.490745
0.00735 0.563591
0.0074 0.520228
0.00745 0.479442
0.0075 0.529203
0.00755 0.458063
0.0076 0.475939
0.00765 0.536527
0.0077 0.518473
0.00775 0.622669
0.0078 0.511251
0.00785 0.503361
0.0079 0.501501
0.00795 0.452543
0.008 0.53128
0.00805 0.430998
0.0081 0.5549
0.00815 0.595618
0.0082 0.533079
0.00825 0.535241
0.0083 0.510168
0.00835 0.43822
0.0084 0.558945
0.00845 0.417251
0.0085 0.492892
0.00855 0.430496
0.0086 0.524206
0.00865 0.557544
0.0087 0.486032
0.00875 0.42025
0.0088 0.511158
0.00885 0.493718
0.0089 0.548217
0.00895 0.472867
0.009 0.524495
0.00905 0.505369
0.0091 0.505596
0.00915 0.543084
0.0092 0.543161
0.00925 0.435811
0.0093 0.447236
0.00935 0.439576
0.0094 0.505029
0.00945 0.534183
0.0095 0.413178
0.00955 0.55281
0.0096 0.425867
0.00965 0.527491
0.0097 0.529959
0.00975 0.422383
0.0098 0.438127
0.00985 0.520525
0.0099 0.4355
0.00995 0.57646
0.01 0.536502
0.01005 0.446514
0.0101 0.502629
0.01015 0.518439
0.0102 0.529626
0.01025 0.485006
0.0103 0.516799
0.01035 0.518749
0.0104 0.455996
0.01045 0.47514
0.0105 0.464028
0.01055 0.457908
0.0106 0.416619
0.01065 0.529961
0.0107 0.477474
0.01075 0.467506
0.0108 0.40299
0.01085 0.50441
0.0109 0.466912
0.01095 0.466572
0.011 0.422967
0.01105 0.450753
0.0111 0.547881
0.01115 0.468739
0.0112 0.41468
0.01125 0.471822
0.0113 0.395169
0.01135 0.459369
0.0114 0.410201
0.01145 0.400229
0.0115 0.401501
0.01155 0.383821
0.0116 0.481535
0.01165 0.433143
0.0117 0.4911
0.01175 0.511142
0.0118 0.562291
0.01185 0.502505
0.0119 0.450842
0.01195 0.46721
0.012 0.470813
0.01205 0.420537
0.0121 0.46129
0.01215 0.441104
0.0122 0.518221
0.01225 0.510225
0.0123 0.52983
0.01235 0.4577
0.0124 0.453703
0.01245 0.473697
0.0125 0.415407
0.01255 0.507909
0.0126 0.412057
0.01265 0.438545
0.0127 0.493692
0.01275 0.403094
0.0128 0.453588
0.01285 0.464722
0.0129 0.438207
0.01295 0.354479
0.013 0.403975
0.01305 0.464301
0.0131 0.441722
0.01315 0.429742
0.0132 0.4166
0.01325 0.421964
0.0133 0.427424
0.01335 0.450668
0.0134 0.401845
0.01345 0.395709
0.0135 0.408781
0.01355 0.375793
0.0136 0.423556
0.01365 0.415162
0.0137 0.448783
0.01375 0.486391
0.0138 0.483995
0.01385 0.505785
0.0139 0.45418
0.01395 0.455804
0.014 0.441456
0.01405 0.482254
0.0141 0.408333
0.01415 0.396417
0.0142 0.403785
0.01425 0.407257
0.0143 0.379799
0.01435 0.383475
0.0144 0.465539
0.01445 0.475695
0.0145 0.468229
0.01455 0.449321
0.0146 0.409732
0.01465 0.4218
0.0147 0.429593
0.01475 0.415883
0.0148 0.363152
0.01485 0.418982
0.0149 0.434739
0.01495 0.398779
0.015 0.37061
0.01505 0.424934
0.0151 0.388016
0.01515 0.42098
0.0152 0.46863
0.01525 0.479134
0.0153 0.429282
0.01535 0.479986
0.0154 0.417803
0.01545 0.483995
0.0155 0.416809
0.01555 0.437289
0.0156 0.436704
0.01565 0.44053
0.0157 0.406613
0.01575 0.482361
0.0158 0.422223
0.01585 0.436263
0.0159 0.496711
0.01595 0.341107
0.016 0.39913
0.01605 0.477362
0.0161 0.397428
0.01615 0.388048
0.0162 0.465702
0.01625 0.39609
0.0163 0.450768
0.01635 0.43184
0.0164 0.396964
0.01645 0.418218
0.0165 0.46451
0.01655 0.465756
0.0166 0.394102
0.01665 0.438384
0.0167 0.411728
0.01675 0.388882
0.0168 0.352707
0.01685 0.441289
0.0169 0.362195
0.01695 0.361297
0.017 0.397239
0.01705 0.360671
0.0171 0.475406
0.01715 0.450812
0.0172 0.429812
0.01725 0.4557
0.0173 0.489809
0.01735 0.392683
0.0174 0.405016
0.01745 0.416072
0.0175 0.371781
0.01755 0.421815
0.0176 0.421108
0.01765 0.42218
0.0177 0.388131
0.01775 0.436045
0.0178 0.436184
0.01785 0.432042
0.0179 0.422135
0.01795 0.416119
0.018 0.431005
0.01805 0.401141
0.0181 0.415692
0.01815 0.414726
0.0182 0.391136
0.01825 0.440566
0.0183 0.408942
0.01835 0.34248
0.0184 0.402426
0.01845 0.368526
0.0185 0.373691
0.01855 0.409045
0.0186 0.417843
0.01865 0.445051
0.0187 0.412115
0.01875 0.431191
0.0188 0.405192
0.01885 0.392606
0.0189 0.378417
0.01895 0.416949
0.019 0.39141
0.01905 0.485248
0.0191 0.438509
0.01915 0.447093
0.0192 0.39377
0.01925 0.440402
0.0193 0.417362
0.01935 0.437998
0.0194 0.455693
0.01945 0.332745
0.0195 0.401233
0.01955 0.370693
0.0196 0.366655
0.01965 0.435095
0.0197 0.417169
0.01975 0.366645
0.0198 0.353861
0.01985 0.376415
0.0199 0.439052
0.01995 0.373372
0.02 0.396632
0.02005 0.495252
0.0201 0.392716
0.02015 0.431228
0.0202 0.406047
0.02025 0.351051
0.0203 0.365663
0.02035 0.386515
0.0204 0.439843
0.02045 0.327933
0.0205 0.322484
0.02055 0.408884
0.0206 0.38359
0.02065 0.471972
0.0207 0.33815
0.02075 0.341896
0.0208 0.397806
0.02085 0.357154
0.0209 0.394573
0.02095 0.373891
0.021 0.329495
0.02105 0.347671
0.0211 0.399405
0.02115 0.390461
0.0212 0.383163
0.02125 0.394141
0.0213 0.44449
0.02135 0.407462
0.0214 0.335862
0.02145 0.44265
0.0215 0.375639
0.02155 0.382041
0.0216 0.357754
0.02165 0.336346
0.0217 0.34438
0.02175 0.33068
0.0218 0.413473
0.02185 0.429831
0.0219 0.354119
0.02195 0.393617
0.022 0.377387
0.02205 0.381829
0.0221 0.356186
0.02215 0.363234
0.0222 0.394814
0.02225 0.42394
0.0223 0.366105
0.02235 0.354929
0.0224 0.349973
0.02245 0.392243
0.0225 0.386547
0.02255 0.416077
0.0226 0.405947
0.02265 0.390763
0.0227 0.427356
0.02275 0.340166
0.0228 0.41373
0.02285 0.441528
0.0229 0.405714
0.02295 0.409692
0.023 0.422923
0.02305 0.315203
0.0231 0.324392
0.02315 0.432018
0.0232 0.386434
0.02325 0.339164
0.0233 0.2958
0.02335 0.421114
0.0234 0.289291
0.02345 0.391161
0.0235 0.340616
0.02355 0.367164
0.0236 0.377807
0.02365 0.442561
0.0237 0.350032
0.02375 0.365452
0.0238 0.374776
0.02385 0.409022
0.0239 0.38601
0.02395 0.41422
0.024 0.383931
0.02405 0.387199
0.0241 0.333017
0.02415 0.372885
0.0242 0.365478
0.02425 0.375528
0.0243 0.41438
0.02435 0.369054
0.0244 0.317098
0.02445 0.39321
0.0245 0.419223
0.02455 0.434577
0.0246 0.388405
0.02465 0.313799
0.0247 0.392196
0.02475 0.420484
0.0248 0.341597
0.02485 0.369309
0.0249 0.399191
0.02495 0.340759
0.025 0.363144
0.02505 0.286776
0.0251 0.447877
0.02515 0.358955
0.0252 0.405353
0.02525 0.405987
0.0253 0.343255
0.02535 0.396489
0.0254 0.335519
0.02545 0.420565
0.0255 0.403407
0.02555 0.360553
0.0256 0.344129
0.02565 0.366165
0.0257 0.364131
0.02575 0.419367
0.0258 0.370496
0.02585 0.353462
0.0259 0.389792
0.02595 0.332218
0.026 0.345173
0.02605 0.375435
0.0261 0.336841
0.02615 0.315847
0.0262 0.379264
0.02625 0.334168
0.0263 0.315697
0.02635 0.331975
0.0264 0.366867
0.02645 0.387653
0.0265 0.339001
0.02655 0.326255
0.0266 0.348088
0.02665 0.411168
0.0267 0.388473
0.02675 0.382807
0.0268 0.419537
0.02685 0.369859
0.0269 0.354404
0.02695 0.352368
0.027 0.399557
0.02705 0.351621
0.0271 0.397363
0.02715 0.305731
0.0272 0.330228
0.02725 0.37616
0.0273 0.29107
0.02735 0.355122
0.0274 0.331691
0.02745 0.453337
0.0275 0.354701
0.02755 0.317907
0.0276 0.358338
0.02765 0.341378
0.0277 0.344311
0.02775 0.322245
0.0278 0.308977
0.02785 0.342515
0.0279 0.271706
0.02795 0.310282
0.028 0.312606
0.02805 0.439712
0.0281 0.320908
0.02815 0.405078
0.0282 0.332631
0.02825 0.369607
0.0283 0.361424
0.02835 0.302082
0.0284 0.357369
0.02845 0.355953
0.0285 0.421912
0.02855 0.366386
0.0286 0.397095
0.02865 0.355645
0.0287 0.404832
0.02875 0.362696
0.0288 0.395354
0.02885 0.342642
0.0289 0.329611
0.02895 0.320577
0.029 0.281289
0.02905 0.401853
0.0291 0.352808
0.02915 0.309938
0.0292 0.322427
0.02925 0.387725
0.0293 0.340658
0.02935 0.34451
0.0294 0.38137
0.02945 0.444972
0.0295 0.397202
0.02955 0.350968
0.0296 0.431405
0.02965 0.391077
0.0297 0.386843
0.02975 0.314647
0.0298 0.274926
0.02985 0.328896
0.0299 0.411894
0.02995 0.345312
0.03 0.339702
0.03005 0.359352
0.0301 0.274182
0.03015 0.352276
0.0302 0.331543
0.03025 0.302227
0.0303 0.348038
0.03035 0.35456
0.0304 0.391568
0.03045 0.417172
0.0305 0.398302
0.03055 0.315694
0.0306 0.392064
0.03065 0.33803
0.0307 0.3397
0.03075 0.39251
0.0308 0.365371
0.03085 0.314001
0.0309 0.378757
0.03095 0.361991
0.031 0.355083
0.03105 0.406613
0.0311 0.378028
0.03115 0.363036
0.0312 0.329225
0.03125 0.344083
0.0313 0.347103
0.03135 0.339465
0.0314 0.3406
0.03145 0.419864
0.0315 0.419372
0.03155 0.335456
0.0316 0.281528
0.03165 0.33703
0.0317 0.340729
0.03175 0.374977
0.0318 0.333587
0.03185 0.362823
0.0319 0.316798
0.03195 0.3064
0.032 0.416465
0.03205 0.261903
0.0321 0.407545
0.03215 0.332335
0.0322 0.317407
0.03225 0.301767
0.0323 0.333289
0.03235 0.386345
0.0324 0.342949
0.03245 0.352655
0.0325 0.352644
0.03255 0.34742
0.0326 0.342175
0.03265 0.361107
0.0327 0.313974
0.03275 0.365028
0.0328 0.39201
0.03285 0.35924
0.0329 0.337526
0.03295 0.321656
0.033 0.323564
0.03305 0.336076
0.0331 0.426882
0.03315 0.358742
0.0332 0.372091
0.03325 0.354867
0.0333 0.351575
0.03335 0.370983
0.0334 0.392488
0.03345 0.333692
0.0335 0.327644
0.03355 0.37466
0.0336 0.281232
0.03365 0.367348
0.0337 0.356651
0.03375 0.335769
0.0338 0.338492
0.03385 0.346654
0.0339 0.379978
0.03395 0.323012
0.034 0.329811
0.03405 0.325731
0.0341 0.346224
0.03415 0.310038
0.0342 0.376446
0.03425 0.33476
0.0343 0.377395
0.03435 0.335595
0.0344 0.363893
0.03445 0.351607
0.0345 0.333051
0.03455 0.351785
0.0346 0.299917
0.03465 0.397731
0.0347 0.317356
0.03475 0.324332
0.0348 0.325765
0.03485 0.352335
0.0349 0.40139
0.03495 0.399558
0.035 0.390009
0.03505 0.417627
0.0351 0.30828
0.03515 0.342084
0.0352 0.35277
0.03525 0.355738
0.0353 0.324078
0.03535 0.310694
0.0354 0.276695
0.03545 0.305745
0.0355 0.312169
0.03555 0.374159
0.0356 0.358696
0.03565 0.327462
0.0357 0.408354
0.03575 0.317032
0.0358 0.3422
0.03585 0.333012
0.0359 0.318036
0.03595 0.3282
0.036 0.295149
0.03605 0.333441
0.0361 0.336468
0.03615 0.275798
0.0362 0.341754
0.03625 0.3637
0.0363 0.359567
0.03635 0.324843
0.0364 0.321325
0.03645 0.344805
0.0365 0.309173
0.03655 0.296821
0.0366 0.310076
0.03665 0.414404
0.0367 0.317036
0.03675 0.270792
0.0368 0.346704
0.03685 0.386766
0.0369 0.336835
0.03695 0.354043
0.037 0.336496
0.03705 0.347076
0.0371 0.30792
0.03715 0.325152
0.0372 0.351396
0.03725 0.297926
0.0373 0.337618
0.03735 0.357276
0.0374 0.338816
0.03745 0.348784
0.0375 0.343023
0.03755 0.334985
0.0376 0.344989
0.03765 0.364837
0.0377 0.326631
0.03775 0.317003
0.0378 0.287657
0.03785 0.338545
0.0379 0.302352
0.03795 0.256138
0.038 0.346724
0.03805 0.39195
0.0381 0.345033
0.03815 0.295641
0.0382 0.315672
0.03825 0.365658
0.0383 0.325336
0.03835 0.343994
0.0384 0.301207
0.03845 0.357585
0.0385 0.352505
0.03855 0.391411
0.0386 0.305244
0.03865 0.387476
0.0387 0.386329
0.03875 0.281971
0.0388 0.313186
0.03885 0.335188
0.0389 0.351824
0.03895 0.348246
0.039 0.320445
0.03905 0.287847
0.0391 0.28488
0.03915 0.291312
0.0392 0.335451
0.03925 0.292515
0.0393 0.383994
0.03935 0.34344
0.0394 0.32088
0.03945 0.269796
0.0395 0.342707
0.03955 0.314521
0.0396 0.351256
0.03965 0.29047
0.0397 0.333601
0.03975 0.377693
0.0398 0.321531
0.03985 0.272341
0.0399 0.390758
0.03995 0.334422
0.04 0.335548
0.04005 0.378384
0.0401 0.325022
0.04015 0.293974
0.0402 0.361827
0.04025 0.284049
0.0403 0.347208
0.04035 0.348388
0.0404 0.310742
0.04045 0.322368
0.0405 0.289434
0.04055 0.34164
0.0406 0.314367
0.04065 0.302461
0.0407 0.304368
0.04075 0.29894
0.0408 0.344965
0.04085 0.364985
0.0409 0.332664
0.04095 0.328926
0.041 0.37772
0.04105 0.366688
0.0411 0.304591
0.04115 0.344445
0.0412 0.266471
0.04125 0.331939
0.0413 0.283521
0.04135 0.287093
0.0414 0.333788
0.04145 0.305124
0.0415 0.287161
0.04155 0.242511
0.0416 0.33598
0.04165 0.288842
0.0417 0.255731
0.04175 0.231699
0.0418 0.312208
0.04185 0.30418
0.0419 0.348143
0.04195 0.277185
0.042 0.342217
0.04205 0.345175
0.0421 0.292507
0.04215 0.340089
0.0422 0.294892
0.04225 0.257996
0.0423 0.335316
0.04235 0.332352
0.0424 0.338718
0.04245 0.359558
0.0425 0.379622
0.04255 0.337562
0.0426 0.256117
0.04265 0.274305
0.0427 0.325904
0.04275 0.32547
0.0428 0.363601
0.04285 0.333227
0.0429 0.338826
0.04295 0.385726
0.043 0.28556
0.04305 0.317794
0.0431 0.362224
0.04315 0.314362
0.0432 0.356295
0.04325 0.293589
0.0433 0.30783
0.04335 0.316046
0.0434 0.33472
0.04345 0.28212
0.0435 0.302504
0.04355 0.317728
0.0436 0.328641
0.04365 0.359695
0.0437 0.318232
0.04375 0.318676
0.0438 0.327016
0.04385 0.369628
0.0439 0.325366
0.04395 0.302954
0.044 0.322755
0.04405 0.386725
0.0441 0.33789
0.04415 0.409114
0.0442 0.315086
0.04425 0.296936
0.0443 0.316867
0.04435 0.364395
0.0444 0.324963
0.04445 0.406439
0.0445 0.33583
0.04455 0.295312
0.0446 0.325206
0.04465 0.288152
0.0447 0.31094
0.04475 0.340974
0.0448 0.347788
0.04485 0.305236
0.0449 0.342554
0.04495 0.304398
0.045 0.309364
0.04505 0.248502
0.0451 0.354494
0.04515 0.363208
0.0452 0.374667
0.04525 0.262043
0.0453 0.305051
0.04535 0.318239
0.0454 0.386012
0.04545 0.26109
0.0455 0.409057
0.04555 0.308537
0.0456 0.288944
0.04565 0.277514
0.0457 0.316373
0.04575 0.259181
0.0458 0.333851
0.04585 0.323393
0.0459 0.336796
0.04595 0.349324
0.046 0.349921
0.04605 0.311797
0.0461 0.275396
0.04615 0.330354
0.0462 0.289292
0.04625 0.348106
0.0463 0.325536
0.04635 0.364142
0.0464 0.317406
0.04645 0.35329
0.0465 0.337155
0.04655 0.291145
0.0466 0.344819
0.04665 0.342627
0.0467 0.363804
0.04675 0.30549
0.0468 0.304147
0.04685 0.322499
0.0469 0.309924
0.04695 0.33491
0.047 0.295048
0.04705 0.327594
0.0471 0.302722
0.04715 0.299484
0.0472 0.296237
0.04725 0.329875
0.0473 0.324794
0.04735 0.30453
0.0474 0.337347
0.04745 0.349369
0.0475 0.325292
0.04755 0.284956
0.0476 0.344559
0.04765 0.294641
0.0477 0.328607
0.04775 0.388493
0.0478 0.303104
0.04785 0.273012
0.0479 0.34544
0.04795 0.352816
0.048 0.352528
0.04805 0.314722
0.0481 0.286429
0.04815 0.294681
0.0482 0.31647
0.04825 0.231102
0.0483 0.295355
0.04835 0.293017
0.0484 0.260634
0.04845 0.372682
0.0485 0.309327
0.04855 0.322565
0.0486 0.332926
0.04865 0.370592
0.0487 0.31965
0.04875 0.323208
0.0488 0.328732
0.04885 0.275594
0.0489 0.340753
0.04895 0.337513
0.049 0.360751
0.04905 0.260329
0.0491 0.299187
0.04915 0.297821
0.0492 0.336837
0.04925 0.284275
0.0493 0.346046
0.04935 0.27265
0.0494 0.313756
0.04945 0.285688
0.0495 0.316996
0.04955 0.248208
0.0496 0.268583
0.04965 0.319835
0.0497 0.313533
0.04975 0.303229
0.0498 0.265976
0.04985 0.332404
0.0499 0.296136
0.04995 0.32176
0.05 0.363478
0.05005 0.307126
0.0501 0.334858
0.05015 0.262274
0.0502 0.358314
0.05025 0.297706
0.0503 0.339632
0.05035 0.266772
0.0504 0.302668
0.05045 0.328572
0.0505 0.344444
0.05055 0.28244
0.0506 0.265838
0.05065 0.32828
0.0507 0.275198
0.05075 0.3134
0.0508 0.303917
0.05085 0.273029
0.0509 0.248165
0.05095 0.380309
0.051 0.339273
0.05105 0.359437
0.0511 0.260993
0.05115 0.296405
0.0512 0.378047
0.05125 0.317315
0.0513 0.341647
0.05135 0.324931
0.0514 0.336979
0.05145 0.376873
0.0515 0.342652
0.05155 0.34858
0.0516 0.294612
0.05165 0.296324
0.0517 0.366352
0.05175 0.337128
0.0518 0.249748
0.05185 0.276296
0.0519 0.282142
0.05195 0.275526
0.052 0.305327
0.05205 0.298745
0.0521 0.253554
0.05215 0.282358
0.0522 0.310201
0.05225 0.254445
0.0523 0.288572
0.05235 0.304982
0.0524 0.369694
0.05245 0.336942
0.0525 0.294638
0.05255 0.367934
0.0526 0.3572
0.05265 0.28425
0.0527 0.282833
0.05275 0.267685
0.0528 0.318029
0.05285 0.273297
0.0529 0.298333
0.05295 0.305421
0.053 0.337994
0.05305 0.315436
0.0531 0.323642
0.05315 0.304208
0.0532 0.321995
0.05325 0.266279
0.0533 0.384328
0.05335 0.244254
0.0534 0.293
0.05345 0.302294
0.0535 0.342674
0.05355 0.304912
0.0536 0.333571
0.05365 0.265651
0.0537 0.268492
0.05375 0.327294
0.0538 0.257021
0.05385 0.270637
0.0539 0.312346
0.05395 0.359572
0.054 0.322612
0.05405 0.362372
0.0541 0.33618
0.05415 0.320756
0.0542 0.325905
0.05425 0.275683
0.0543 0.314457
0.05435 0.300027
0.0544 0.324762
0.05445 0.290706
0.0545 0.293651
0.05455 0.340285
0.0546 0.27119
0.05465 0.314588
0.0547 0.311021
0.05475 0.286621
0.0548 0.352109
0.05485 0.329937
0.0549 0.264844
0.05495 0.283174
0.055 0.291646
0.05505 0.257164
0.0551 0.27443
0.05515 0.309408
0.0552 0.357742
0.05525 0.382982
0.0553 0.310875
0.05535 0.285109
0.0554 0.277018
0.05545 0.325516
0.0555 0.259713
0.05555 0.287141
0.0556 0.307966
0.05565 0.36004
0.0557 0.29518
0.05575 0.333934
0.0558 0.26221
0.05585 0.29315
0.0559 0.252558
0.05595 0.327218
0.056 0.274285
0.05605 0.278433
0.0561 0.307299
0.05615 0.328375
0.0562 0.305633
0.05625 0.304225
0.0563 0.377196
0.05635 0.272138
0.0564 0.239057
0.05645 0.287249
0.0565 0.292592
0.05655 0.285498
0.0566 0.319174
0.05665 0.286034
0.0567 0.317502
0.05675 0.311566
0.0568 0.307889
0.05685 0.231371
0.0569 0.27083
0.05695 0.244274
0.057 0.257584
0.05705 0.314326
0.0571 0.3415
0.05715 0.268074
0.0572 0.300941
0.05725 0.362545
0.0573 0.301582
0.05735 0.344928
0.0574 0.290723
0.05745 0.334127
0.0575 0.271753
0.05755 0.333633
0.0576 0.284987
0.05765 0.266219
0.0577 0.314393
0.05775 0.286397
0.0578 0.28494
0.05785 0.268426
0.0579 0.312138
0.05795 0.314204
0.058 0.2977
0.05805 0.340416
0.0581 0.294855
0.05815 0.278277
0.0582 0.331557
0.05825 0.329007
0.0583 0.272769
0.05835 0.284131
0.0584 0.323579
0.05845 0.253149
0.0585 0.311349
0.05855 0.329851
0.0586 0.301481
0.05865 0.292997
0.0587 0.312692
0.05875 0.288926
0.0588 0.275693
0.05885 0.343709
0.0589 0.349412
0.05895 0.33389
0.059 0.280537
0.05905 0.261327
0.0591 0.271644
0.05915 0.292644
0.0592 0.294738
0.05925 0.247026
0.0593 0.283471
0.05935 0.278429
0.0594 0.294777
0.05945 0.314737
0.0595 0.354995
0.05955 0.295227
0.0596 0.274678
0.05965 0.306614
0.0597 0.280076
0.05975 0.315664
0.0598 0.253188
0.05985 0.316346
0.0599 0.325708
0.05995 0.260694
0.06 0.308412
0.06005 0.274514
0.0601 0.294667
0.06015 0.310055
0.0602 0.278487
0.06025 0.342115
0.0603 0.26589
0.06035 0.270412
0.0604 0.2822
0.06045 0.290388
0.0605 0.291331
0.06055 0.358937
0.0606 0.289642
0.06065 0.303942
0.0607 0.291548
0.06075 0.343572
0.0608 0.356781
0.06085 0.305469
0.0609 0.318638
0.06095 0.29524
0.061 0.270564
0.06105 0.300818
0.0611 0.292011
0.06115 0.366415
0.0612 0.295227
0.06125 0.268001
0.0613 0.319237
0.06135 0.389019
0.0614 0.320095
0.06145 0.337103
0.0615 0.32584
0.06155 0.244326
0.0616 0.253856
0.06165 0.273282
0.0617 0.271761
0.06175 0.325857
0.0618 0.294732
0.06185 0.346478
0.0619 0.319054
0.06195 0.281644
0.062 0.335978
0.06205 0.271212
0.0621 0.270926
0.06215 0.296764
0.0622 0.287805
0.06225 0.260135
0.0623 0.332159
0.06235 0.279557
0.0624 0.271793
0.06245 0.290261
0.0625 0.271244
0.06255 0.262198
0.0626 0.248119
0.06265 0.315517
0.0627 0.340407
0.06275 0.277437
0.0628 0.257055
0.06285 0.284429
0.0629 0.303056
0.06295 0.346928
0.063 0.291286
0.06305 0.280944
0.0631 0.340043
0.06315 0.348723
0.0632 0.247369
0.06325 0.321749
0.0633 0.281009
0.06335 0.255389
0.0634 0.250013
0.06345 0.261135
0.0635 0.260845
0.06355 0.294899
0.0636 0.273022
0.06365 0.304602
0.0637 0.361757
0.06375 0.299103
0.0638 0.287382
0.06385 0.288414
0.0639 0.270264
0.06395 0.326312
0.064 0.276169
0.06405 0.274625
0.0641 0.269229
0.06415 0.345997
0.0642 0.25718
0.06425 0.291612
0.0643 0.305533
0.06435 0.302743
0.0644 0.263855
0.06445 0.266157
0.0645 0.316232
0.06455 0.251436
0.0646 0.304153
0.06465 0.257355
0.0647 0.267429
0.06475 0.258087
0.0648 0.303198
0.06485 0.267938
0.0649 0.291052
0.06495 0.29992
0.065 0.291896
0.06505 0.289062
0.0651 0.329221
0.06515 0.286017
0.0652 0.240104
0.06525 0.285506
0.0653 0.31925
0.06535 0.300752
0.0654 0.262577
0.06545 0.247895
0.0655 0.310529
0.06555 0.339195
0.0656 0.349545
0.06565 0.338895
0.0657 0.309811
0.06575 0.278029
0.0658 0.404215
0.06585 0.261817
0.0659 0.294522
0.06595 0.315422
0.066 0.327123
0.06605 0.299191
0.0661 0.291041
0.06615 0.285521
0.0662 0.291914
0.06625 0.299648
0.0663 0.263609
0.06635 0.262017
0.0664 0.268396
0.06645 0.3107
0.0665 0.297198
0.06655 0.282334
0.0666 0.300762
0.06665 0.287216
0.0667 0.312355
0.06675 0.293463
0.0668 0.263833
0.06685 0.294347
0.0669 0.31154
0.06695 0.265792
0.067 0.359406
0.06705 0.294874
0.0671 0.254372
0.06715 0.303828
0.0672 0.31977
0.06725 0.23749
0.0673 0.299156
0.06735 0.274688
0.0674 0.248817
0.06745 0.337639
0.0675 0.307771
0.06755 0.294061
0.0676 0.320911
0.06765 0.299077
0.0677 0.30836
0.06775 0.248508
0.0678 0.237376
0.06785 0.268318
0.0679 0.288457
0.06795 0.263761
0.068 0.286646
0.06805 0.323202
0.0681 0.286237
0.06815 0.280563
0.0682 0.283067
0.06825 0.306067
0.0683 0.327751
0.06835 0.289291
0.0684 0.284972
0.06845 0.284754
0.0685 0.281794
0.06855 0.2459
0.0686 0.218166
0.06865 0.292048
0.0687 0.311092
0.06875 0.26413
0.0688 0.276277
0.06885 0.287073
0.0689 0.296514
0.06895 0.299076
0.069 0.294739
0.06905 0.272427
0.0691 0.269429
0.06915 0.332857
0.0692 0.335483
0.06925 0.328413
0.0693 0.31578
0.06935 0.273972
0.0694 0.304302
0.06945 0.279098
0.0695 0.302525
0.06955 0.305123
0.0696 0.318871
0.06965 0.303375
0.0697 0.332486
0.06975 0.310008
0.0698 0.283291
0.06985 0.287273
0.0699 0.288466
0.06995 0.277062
0.07 0.239015
0.07005 0.254163
0.0701 0.297404
0.07015 0.28879
0.0702 0.245033
0.07025 0.274295
0.0703 0.283922
0.07035 0.317506
0.0704 0.273667
0.07045 0.241015
0.0705 0.316941
0.07055 0.337961
0.0706 0.289789
0.07065 0.281107
0.0707 0.275237
0.07075 0.335907
0.0708 0.279095
0.07085 0.277465
0.0709 0.305631
0.07095 0.218837
0.071 0.400429
0.07105 0.299427
0.0711 0.33482
0.07115 0.244976
0.0712 0.253268
0.07125 0.302932
0.0713 0.301329
0.07135 0.305435
0.0714 0.240958
0.07145 0.220676
0.0715 0.257592
0.07155 0.257354
0.0716 0.317302
0.07165 0.269826
0.0717 0.301176
0.07175 0.341208
0.0718 0.283608
0.07185 0.319358
0.0719 0.304818
0.07195 0.323368
0.072 0.292963
0.07205 0.250959
0.0721 0.305549
0.07215 0.247621
0.0722 0.342743
0.07225 0.318045
0.0723 0.261462
0.07235 0.294538
0.0724 0.28856
0.07245 0.35797
0.0725 0.256306
0.07255 0.256072
0.0726 0.266009
0.07265 0.270151
0.0727 0.268482
0.07275 0.26681
0.0728 0.24328
0.07285 0.296976
0.0729 0.264702
0.07295 0.321422
0.073 0.284755
0.07305 0.315265
0.0731 0.27854
0.07315 0.3003
0.0732 0.222485
0.07325 0.254461
0.0733 0.295305
0.07335 0.240813
0.0734 0.267005
0.07345 0.280021
0.0735 0.251876
0.07355 0.263418
0.0736 0.261727
0.07365 0.245293
0.0737 0.261276
0.07375 0.300908
0.0738 0.334713
0.07385 0.254781
0.0739 0.285612
0.07395 0.310586
0.074 0.279333
0.07405 0.290995
0.0741 0.267089
0.07415 0.315851
0.0742 0.275612
0.07425 0.265012
0.0743 0.267774
0.07435 0.292862
0.0744 0.277798
0.07445 0.296974
0.0745 0.271459
0.07455 0.304081
0.0746 0.278542
0.07465 0.302254
0.0747 0.315549
0.07475 0.266039
0.0748 0.26134
0.07485 0.217684
0.0749 0.298358
0.07495 0.307194
0.075 0.295034
0.07505 0.26032
0.0751 0.24207
0.07515 0.32756
0.0752 0.294326
0.07525 0.325784
0.0753 0.272913
0.07535 0.245573
0.0754 0.267976
0.07545 0.249654
0.0755 0.334044
0.07555 0.28857
0.0756 0.291422
0.07565 0.27157
0.0757 0.288039
0.07575 0.262093
0.0758 0.251266
0.07585 0.296584
0.0759 0.25389
0.07595 0.250632
0.076 0.286914
0.07605 0.333922
0.0761 0.292689
0.07615 0.234611
0.0762 0.302994
0.07625 0.304368
0.0763 0.29811
0.07635 0.232248
0.0764 0.287048
0.07645 0.285346
0.0765 0.308137
0.07655 0.286545
0.0766 0.257246
0.07665 0.3276
0.0767 0.301387
0.07675 0.315059
0.0768 0.278037
0.07685 0.260937
0.0769 0.346917
0.07695 0.308325
0.077 0.325134
0.07705 0.315762
0.0771 0.236937
0.07715 0.279935
0.0772 0.326107
0.07725 0.250235
0.0773 0.30107
0.07735 0.333428
0.0774 0.265164
0.07745 0.243268
0.0775 0.320594
0.07755 0.27391
0.0776 0.331187
0.07765 0.301551
0.0777 0.346498
0.07775 0.290392
0.0778 0.293344
0.07785 0.269816
0.0779 0.269628
0.07795 0.2398
0.078 0.281721
0.07805 0.303417
0.0781 0.295458
0.07815 0.307816
0.0782 0.281073
0.07825 0.269939
0.0783 0.279155
0.07835 0.280549
0.0784 0.281946
0.07845 0.306896
0.0785 0.298903
0.07855 0.267315
0.0786 0.274992
0.07865 0.292128
0.0787 0.243147
0.07875 0.294937
0.0788 0.2869
0.07885 0.26149
0.0789 0.247085
0.07895 0.275313
0.079 0.267232
0.07905 0.308178
0.0791 0.252639
0.07915 0.258771
0.0792 0.23797
0.07925 0.317048
0.0793 0.283599
0.07935 0.254851
0.0794 0.22446
0.07945 0.284642
0.0795 0.251069
0.07955 0.314545
0.0796 0.265038
0.07965 0.330206
0.0797 0.277467
0.07975 0.299641
0.0798 0.278738
0.07985 0.27857
0.0799 0.31358
0.07995 0.351856
0.08 0.274932
0.08005 0.301994
0.0801 0.271399
0.08015 0.268015
0.0802 0.31759
0.08025 0.335138
0.0803 0.256299
0.08035 0.289873
0.0804 0.25915
0.08045 0.22676
0.0805 0.295803
0.08055 0.292435
0.0806 0.237445
0.08065 0.279193
0.0807 0.332324
0.08075 0.27405
0.0808 0.291667
0.08085 0.335205
0.0809 0.343206
0.08095 0.273462
0.081 0.297607
0.08105 0.294223
0.0811 0.290833
0.08115 0.298805
0.0812 0.241792
0.08125 0.304998
0.0813 0.264193
0.08135 0.301457
0.0814 0.250824
0.08145 0.307678
0.0815 0.299397
0.08155 0.302525
0.0816 0.31709
0.08165 0.297368
0.0817 0.282515
0.08175 0.213647
0.0818 0.280524
0.08185 0.295108
0.0819 0.24252
0.08195 0.275116
0.082 0.283157
0.08205 0.283003
0.0821 0.291064
0.08215 0.309004
0.0822 0.280917
0.08225 0.244549
0.0823 0.33164
0.08235 0.321658
0.0824 0.250645
0.08245 0.262003
0.0825 0.232107
0.08255 0.307885
0.0826 0.246602
0.08265 0.262946
0.0827 0.29256
0.08275 0.265924
0.0828 0.267409
0.08285 0.277187
0.0829 0.296937
0.08295 0.276883
0.083 0.28503
0.08305 0.281558
0.0831 0.317992
0.08315 0.309564
0.0832 0.301121
0.08325 0.282667
0.0833 0.344196
0.08335 0.270728
0.0834 0.297268
0.08345 0.268746
0.0835 0.280277
0.08355 0.288485
0.0836 0.249864
0.08365 0.311614
0.0837 0.279675
0.08375 0.301311
0.0838 0.260937
0.08385 0.240627
0.0839 0.250503
0.08395 0.273837
0.084 0.265274
0.08405 0.34416
0.0841 0.271717
0.08415 0.242929
0.0842 0.30171
0.08425 0.279668
0.0843 0.311571
0.08435 0.294579
0.0844 0.291069
0.08445 0.258823
0.0845 0.297542
0.08455 0.24327
0.0846 0.237999
0.08465 0.258129
0.0847 0.28677
0.08475 0.237446
0.0848 0.28137
0.08485 0.247264
0.0849 0.253874
0.08495 0.328496
0.085 0.280778
0.08505 0.301056
0.0851 0.266874
0.08515 0.276936
0.0852 0.292131
0.08525 0.280057
0.0853 0.271376
0.08535 0.189236
0.0854 0.323995
0.08545 0.226431
0.0855 0.188581
0.08555 0.323577
0.0856 0.278945
0.08565 0.273657
0.0857 0.27522
0.08575 0.269922
0.0858 0.30754
0.08585 0.281658
0.0859 0.207599
0.08595 0.248651
0.086 0.310427
0.08605 0.189779
0.0861 0.248113
0.08615 0.225521
0.0862 0.27534
0.08625 0.251028
0.0863 0.230128
0.08635 0.28004
0.0864 0.266066
0.08645 0.234768
0.0865 0.3142
0.08655 0.28985
0.0866 0.251594
0.08665 0.258356
0.0867 0.25472
0.08675 0.294478
0.0868 0.29088
0.08685 0.287276
0.0869 0.229757
0.08695 0.266099
0.087 0.288576
0.08705 0.241412
0.0871 0.272602
0.08715 0.265478
0.0872 0.268812
0.08725 0.263422
0.0873 0.303445
0.08735 0.243901
0.0874 0.273454
0.08745 0.303058
0.0875 0.252167
0.08755 0.294045
0.0876 0.29217
0.08765 0.221886
0.0877 0.249762
0.08775 0.251346
0.0878 0.265232
0.08785 0.330124
0.0879 0.261443
0.08795 0.333445
0.088 0.322803
0.08805 0.262807
0.0881 0.312015
0.08815 0.304859
0.0882 0.227091
0.08825 0.274577
0.0883 0.288571
0.08835 0.329109
0.0884 0.306032
0.08845 0.265216
0.0885 0.243812
0.08855 0.2649
0.0886 0.36049
0.08865 0.250458
0.0887 0.255615
0.08875 0.223485
0.0888 0.20374
0.08885 0.288864
0.0889 0.249602
0.08895 0.338434
0.089 0.227944
0.08905 0.311506
0.0891 0.268616
0.08915 0.261334
0.0892 0.22548
0.08925 0.280652
0.0893 0.257289
0.08935 0.233887
0.0894 0.210446
0.08945 0.224556
0.0895 0.253018
0.08955 0.254648
0.0896 0.31545
0.08965 0.28486
0.0897 0.291914
0.08975 0.304368
0.0898 0.340204
0.08985 0.275412
0.0899 0.241095
0.08995 0.251721
0.09 0.283977
0.09005 0.238801
0.0901 0.249443
0.09015 0.299791
0.0902 0.263583
0.09025 0.276077
0.0903 0.210891
0.09035 0.288429
0.0904 0.215949
0.09045 0.279099
0.0905 0.255426
0.09055 0.27339
0.0906 0.256937
0.09065 0.249527
0.0907 0.29474
0.09075 0.301892
0.0908 0.298154
0.09085 0.272594
0.0909 0.299743
0.09095 0.248677
0.091 0.246694
0.09105 0.25564
0.0911 0.250017
0.09115 0.275393
0.0912 0.273436
0.09125 0.24226
0.0913 0.234784
0.09135 0.234608
0.0914 0.206997
0.09145 0.301951
0.0915 0.256074
0.09155 0.243098
0.0916 0.281425
0.09165 0.246455
0.0917 0.323363
0.09175 0.288401
0.0918 0.275426
0.09185 0.297352
0.0919 0.273339
0.09195 0.245607
0.092 0.322767
0.09205 0.296901
0.0921 0.278365
0.09215 0.281927
0.0922 0.267045
0.09225 0.242909
0.0923 0.244592
0.09235 0.257366
0.0924 0.259067
0.09245 0.260771
0.0925 0.316157
0.09255 0.279033
0.0926 0.290027
0.09265 0.291769
0.0927 0.241574
0.09275 0.282242
0.0928 0.296978
0.09285 0.276436
0.0929 0.259579
0.09295 0.279895
0.093 0.305827
0.09305 0.348559
0.0931 0.231142
0.09315 0.247744
0.0932 0.266238
0.09325 0.297824
0.0933 0.269717
0.09335 0.243433
0.0934 0.284391
0.09345 0.295495
0.0935 0.241132
0.09355 0.23161
0.0936 0.268898
0.09365 0.309994
0.0937 0.223656
0.09375 0.238484
0.0938 0.309646
0.09385 0.245706
0.0939 0.331984
0.09395 0.27552
0.094 0.273515
0.09405 0.222575
0.0941 0.256289
0.09415 0.214697
0.0942 0.265404
0.09425 0.301104
0.0943 0.251946
0.09435 0.29711
0.0944 0.208227
0.09445 0.268513
0.0945 0.311876
0.09455 0.3099
0.0946 0.249238
0.09465 0.271816
0.0947 0.300115
0.09475 0.284851
0.0948 0.286636
0.09485 0.24477
0.0949 0.29399
0.09495 0.223588
0.095 0.210105
0.09505 0.270779
0.0951 0.238302
0.09515 0.266702
0.0952 0.222757
0.09525 0.230205
0.0953 0.249107
0.09535 0.260407
0.0954 0.235454
0.09545 0.304052
0.0955 0.267653
0.09555 0.233109
0.0956 0.250162
0.09565 0.301694
0.0957 0.247982
0.09575 0.232506
0.0958 0.243844
0.09585 0.218758
0.0959 0.251203
0.09595 0.224179
0.096 0.279716
0.09605 0.289212
0.0961 0.231418
0.09615 0.263962
0.0962 0.288857
0.09625 0.269493
0.0963 0.277077
0.09635 0.230689
0.0964 0.305756
0.09645 0.28251
0.0965 0.257297
0.09655 0.247501
0.0966 0.270551
0.09665 0.276231
0.0967 0.303205
0.09675 0.301181
0.0968 0.303028
0.09685 0.238986
0.0969 0.28149
0.09695 0.27168
0.097 0.267678
0.09705 0.261728
0.0971 0.214966
0.09715 0.271164
0.0972 0.311889
0.09725 0.249539
0.0973 0.270814
0.09735 0.292122
0.0974 0.254993
0.09745 0.276307
0.0975 0.262536
0.09755 0.324872
0.0976 0.264265
0.09765 0.289541
0.0977 0.279666
0.09775 0.261952
0.0978 0.1992
0.09785 0.291034
0.0979 0.241961
0.09795 0.298653
0.098 0.249538
0.09805 0.26117
0.0981 0.235523
0.09815 0.262865
0.0982 0.309899
0.09825 0.248875
0.0983 0.229065
0.09835 0.282041
0.0984 0.279966
0.09845 0.277888
0.0985 0.200909
0.09855 0.267769
0.0986 0.253838
0.09865 0.25173
0.0987 0.285169
0.09875 0.251475
0.0988 0.318557
0.09885 0.219589
0.0989 0.253064
0.09895 0.30837
0.099 0.294425
0.09905 0.256675
0.0991 0.248613
0.09915 0.256411
0.0992 0.284071
0.09925 0.242263
0.0993 0.261989
0.09935 0.295661
0.0994 0.291593
0.09945 0.261649
0.0995 0.297363
0.09955 0.213611
0.0996 0.241341
0.09965 0.231227
0.0997 0.245038
0.09975 0.314758
0.0998 0.240799
0.09985 0.228667
0.0999 0.298476
0.09995 0.23839
0.1 0.252251
0.10005 0.244111
0.1001 0.24998
0.10015 0.225798
0.1002 0.215615
0.10025 0.309729
0.1003 0.283564
0.10035 0.275432
0.1004 0.251216
0.10045 0.241034
0.1005 0.263013
0.10055 0.281001
0.1006 0.278886
0.10065 0.294894
0.1007 0.234356
0.10075 0.264448
0.1008 0.280466
0.10085 0.270274
0.1009 0.258048
0.10095 0.227624
0.101 0.330541
0.10105 0.328467
0.1011 0.360781
0.10115 0.466007
0.1012 0.478239
0.10125 0.524931
0.1013 0.622367
0.10135 0.713863
0.1014 0.807523
0.10145 0.887111
0.1015 1.04602
0.10155 1.54249
0.1016 1.84044
0.10165 2.20799
0.1017 2.72261
0.10175 3.5617
0.1018 3.99462
0.10185 4.58511
0.1019 5.57202
0.10195 6.23602
0.102 6.89283
0.10205 7.65677
0.1021 7.92334
0.10215 8.20868
0.1022 8.00364
0.10225 8.07653
0.1023 7.97348
0.10235 7.08998
0.1024 6.32607
0.10245 5.47903
0.1025 4.63074
0.10255 4.28189
0.1026 3.87914
0.10265 3.14922
0.1027 2.96074
0.10275 2.71031
0.1028 2.23324
0.10285 2.09092
0.1029 1.89691
0.10295 1.59551
0.103 1.69968
0.10305 1.74832
0.1031 1.65469
0.10315 1.4123
0.1032 1.37194
0.10325 1.22822
0.1033 1.2207
0.10335 1.27315
0.1034 1.16843
0.10345 1.11117
0.1035 1.0766
0.10355 1.16216
0.1036 1.11931
0.10365 1.10959
0.1037 1.13513
0.10375 1.0652
0.1038 1.01387
0.10385 0.960383
0.1039 1.01493
0.10395 1.08411
0.104 0.9661
0.10405 1.06028
0.1041 1.09211
0.10415 0.953099
0.1042 1.03072
0.10425 0.918634
0.1043 0.990038
0.10435 1.01352
0.1044 0.867826
0.10445 0.924652
0.1045 0.881191
0.10455 0.979923
0.1046 0.88624
0.10465 0.897122
0.1047 0.960394
0.10475 0.839308
0.1048 0.866935
0.10485 0.942855
0.1049 0.934923
0.10495 0.868179
0.105 0.904288
0.10505 0.852164
0.1051 0.890394
0.10515 0.907638
0.1052 0.819656
0.10525 0.85159
0.1053 0.814038
0.10535 0.86286
0.1054 0.911751
0.10545 0.952271
0.1055 0.956961
0.10555 0.830713
0.1056 0.854308
0.10565 0.94347
0.1057 0.859328
0.10575 0.965506
0.1058 0.817794
0.10585 0.824486
0.1059 0.805759
0.10595 0.814565
0.106 0.842472
0.10605 0.815246
0.1061 0.864409
0.10615 0.826557
0.1062 0.801401
0.10625 0.810225
0.1063 0.906268
0.10635 0.744958
0.1064 0.877222
0.10645 0.775372
0.1065 0.831072
0.10655 0.786646
0.1066 0.735758
0.10665 0.76589
0.1067 0.806739
0.10675 0.721621
0.1068 0.850083
0.10685 0.852583
0.1069 0.737441
0.10695 0.833997
0.107 0.744421
0.10705 0.659003
0.1071 0.766335
0.10715 0.805209
0.1072 0.784077
0.10725 0.758623
0.1073 0.748162
0.10735 0.735538
0.1074 0.742237
0.10745 0.748945
0.1075 0.736303
0.10755 0.773139
0.1076 0.777731
0.10765 0.775867
0.1077 0.71366
0.10775 0.69233
0.1078 0.755093
0.10785 0.720833
0.1079 0.820383
0.10795 0.697591
0.108 0.723737
0.10805 0.752081
0.1081 0.730715
0.10815 0.605447
0.1082 0.770115
0.10825 0.664261
0.1083 0.77496
0.10835 0.67118
0.1084 0.745114
0.10845 0.69546
0.1085 0.691328
0.10855 0.71977
0.1086 0.693926
0.10865 0.685438
0.1087 0.820488
0.10875 0.77294
0.1088 0.651308
0.10885 0.75602
0.1089 0.675661
0.10895 0.776131
0.109 0.641191
0.10905 0.641349
0.1091 0.674252
0.10915 0.659152
0.1092 0.569741
0.10925 0.633227
0.1093 0.733979
0.10935 0.756101
0.1094 0.767308
0.10945 0.67779
0.1095 0.658261
0.10955 0.675969
0.1096 0.595016
0.10965 0.687278
0.1097 0.694061
0.10975 0.733793
0.1098 0.654941
0.10985 0.710059
0.1099 0.639909
0.10995 0.681863
0.11 0.638035
0.11005 0.627177
0.1101 0.605289
0.11015 0.700183
0.1102 0.715826
0.11025 0.691782
0.1103 0.694189
0.11035 0.667895
0.1104 0.714462
0.11045 0.701422
0.1105 0.639722
0.11055 0.730566
0.1106 0.617937
0.11065 0.662349
0.1107 0.655876
0.11075 0.738034
0.1108 0.758227
0.11085 0.711907
0.1109 0.623363
0.11095 0.685659
0.111 0.712503
0.11105 0.626061
0.1111 0.628422
0.11115 0.617442
0.1112 0.561947
0.11125 0.688909
0.1113 0.773729
0.11135 0.693791
0.1114 0.578081
0.11145 0.743195
0.1115 0.620732
0.11155 0.573992
0.1116 0.663402
0.11165 0.706018
0.1117 0.663761
0.11175 0.536479
0.1118 0.554431
0.11185 0.585835
0.1119 0.650866
0.11195 0.624144
0.112 0.702713
0.11205 0.577365
0.1121 0.539326
0.11215 0.6269
0.1122 0.710101
0.11225 0.615979
0.1123 0.539707
0.11235 0.634181
0.1124 0.643319
0.11245 0.539969
0.1125 0.562537
0.11255 0.659451
0.1126 0.69341
0.11265 0.62373
0.1127 0.682492
0.11275 0.664628
0.1128 0.606114
0.11285 0.579134
0.1129 0.59278
0.11295 0.570284
0.113 0.559063
0.11305 0.633783
0.1131 0.656553
0.11315 0.640865
0.1132 0.554941
0.11325 0.632055
0.1133 0.559649
0.11335 0.525703
0.1134 0.643735
0.11345 0.630263
0.1135 0.578166
0.11355 0.580528
0.1136 0.548798
0.11365 0.580698
0.1137 0.63994
0.11375 0.535388
0.1138 0.658398
0.11385 0.706396
0.1139 0.692924
0.11395 0.531234
0.114 0.586026
0.11405 0.69794
0.1141 0.599965
0.11415 0.508713
0.1142 0.620706
0.11425 0.611688
0.1143 0.604945
0.11435 0.568449
0.1144 0.660089
0.11445 0.616739
0.1145 0.534385
0.11455 0.582567
0.1146 0.612468
0.11465 0.596528
0.1147 0.553027
0.11475 0.555389
0.1148 0.617476
0.11485 0.504996
0.1149 0.649857
0.11495 0.574107
0.115 0.638619
0.11505 0.687101
0.1151 0.544497
0.11515 0.491563
0.1152 0.60913
0.11525 0.671506
0.1153 0.549403
0.11535 0.579469
0.1154 0.556467
0.11545 0.577325
0.1155 0.545057
0.11555 0.531243
0.1156 0.563671
0.11565 0.542919
0.1157 0.510565
0.11575 0.519857
0.1158 0.626475
0.11585 0.552427
0.1159 0.536258
0.11595 0.591988
0.116 0.524777
0.11605 0.529461
0.1161 0.501629
0.11615 0.564397
0.1162 0.559821
0.11625 0.494763
0.1163 0.552952
0.11635 0.54836
0.1164 0.574039
0.11645 0.548491
0.1165 0.590509
0.11655 0.474005
0.1166 0.497331
0.11665 0.467005
0.1167 0.476335
0.11675 0.520717
0.1168 0.586189
0.11685 0.581605
0.1169 0.54193
0.11695 0.565384
0.117 0.567799
0.11705 0.556165
0.1171 0.537487
0.11715 0.525817
0.1172 0.553997
0.11725 0.561099
0.1173 0.554128
0.11735 0.570628
0.1174 0.483793
0.11745 0.469697
0.1175 0.479093
0.11755 0.497909
0.1176 0.601457
0.11765 0.596853
0.1177 0.533368
0.11775 0.531058
0.1178 0.571171
0.11785 0.580681
0.1179 0.613793
0.11795 0.559627
0.118 0.507753
0.11805 0.500691
0.1181 0.533791
0.11815 0.548021
0.1182 0.588284
0.11825 0.56235
0.1183 0.564787
0.11835 0.534075
0.1184 0.541228
0.11845 0.59105
0.1185 0.48682
0.11855 0.53901
0.1186 0.588893
0.11865 0.569993
0.1187 0.456069
0.11875 0.463177
0.1188 0.612914
0.11885 0.420408
0.1189 0.506002
0.11895 0.544104
0.119 0.5013
0.11905 0.489408
0.1191 0.515629
0.11915 0.436987
0.1192 0.456031
0.11925 0.510889
0.1193 0.489432
0.11935 0.496604
0.1194 0.544398
0.11945 0.477532
0.1195 0.489485
0.11955 0.434477
0.1196 0.549303
0.11965 0.551755
0.1197 0.57337
0.11975 0.472816
0.1198 0.511162
0.11985 0.432054
0.1199 0.482393
0.11995 0.547195
0.12 0.506434
0.12005 0.504054
0.1201 0.463223
0.12015 0.501673
0.1202 0.506501
0.12025 0.542613
0.1203 0.516188
0.12035 0.53789
0.1204 0.525893
0.12045 0.494601
0.1205 0.528367
0.12055 0.480167
0.1206 0.552557
0.12065 0.545375
0.1207 0.514034
0.12075 0.46091
0.1208 0.472979
0.12085 0.417359
0.1209 0.477782
0.12095 0.5044
0.121 0.50442
0.12105 0.453578
0.1211 0.514131
0.12115 0.502039
0.1212 0.451132
0.12125 0.543296
0.1213 0.543348
0.12135 0.606528
0.1214 0.504614
0.12145 0.485194
0.1215 0.507077
0.12155 0.463323
0.1216 0.50467
0.12165 0.482784
0.1217 0.485221
0.12175 0.543689
0.1218 0.499875
0.12185 0.580345
0.1219 0.480428
0.12195 0.575588
0.122 0.436529
0.12205 0.531731
0.1221 0.507343
0.12215 0.397385
0.1222 0.475557
0.12225 0.455985
0.1223 0.529375
0.12235 0.480455
0.1224 0.526986
0.12245 0.556424
0.1225 0.495211
0.12255 0.578591
0.1226 0.478098
0.12265 0.524722
0.1227 0.473203
0.12275 0.517405
0.1228 0.463381
0.12285 0.534649
0.1229 0.512562
0.12295 0.512588
0.123 0.524919
0.12305 0.495411
0.1231 0.458478
0.12315 0.468316
0.1232 0.414076
0.12325 0.463342
0.1233 0.470729
0.12335 0.455913
0.1234 0.446017
0.12345 0.490449
0.1235 0.475631
0.12355 0.465739
0.1236 0.44347
0.12365 0.50529
0.1237 0.522635
0.12375 0.488005
0.1238 0.497919
0.12385 0.545015
0.1239 0.435991
0.12395 0.520275
0.124 0.408662
0.12405 0.445834
0.1241 0.492983
0.12415 0.463185
0.1242 0.450746
0.12425 0.430834
0.1243 0.45069
0.12435 0.455642
0.1244 0.520336
0.12445 0.480528
0.1245 0.473055
0.12455 0.483017
0.1246 0.45061
0.12465 0.485502
0.1247 0.537901
0.12475 0.488027
0.1248 0.413123
0.12485 0.370603
0.1249 0.422994
0.12495 0.507948
0.125 0.505469
0.12505 0.500485
0.1251 0.430417
0.12515 0.425369
0.1252 0.47793
0.12525 0.535566
0.1253 0.472935
0.12535 0.417753
0.1254 0.477919
0.12545 0.470387
0.1255 0.420159
0.12555 0.523103
0.1256 0.543241
0.12565 0.415077
0.1257 0.440175
0.12575 0.492979
0.1258 0.467819
0.12585 0.465291
0.1259 0.422456
0.12595 0.53329
0.126 0.492996
0.12605 0.538402
0.1261 0.49808
0.12615 0.40723
0.1262 0.429897
0.12625 0.457643
0.1263 0.472787
0.12635 0.450029
0.1264 0.356432
0.12645 0.439824
0.1265 0.480288
0.12655 0.424584
0.1266 0.401743
0.12665 0.477701
0.1267 0.391509
0.12675 0.444695
0.1268 0.459889
0.12685 0.462411
0.1269 0.431929
0.12695 0.436971
0.127 0.439478
0.12705 0.403858
0.1271 0.459744
0.12715 0.426656
0.1272 0.452064
0.12725 0.47241
0.1273 0.408729
0.12735 0.449441
0.1274 0.439221
0.12745 0.436639
0.1275 0.413646
0.12755 0.469738
0.1276 0.395693
0.12765 0.362425
0.1277 0.441538
0.12775 0.482404
0.1278 0.459393
0.12785 0.408217
0.1279 0.418397
0.12795 0.423469
0.128 0.492572
0.12805 0.466962
0.1281 0.446448
0.12815 0.441294
0.1282 0.410484
0.12825 0.438656
0.1283 0.45916
0.12835 0.495096
0.1284 0.482263
0.12845 0.507965
0.1285 0.410289
0.12855 0.392231
0.1286 0.371579
0.12865 0.428123
0.1287 0.466708
0.12875 0.477002
0.1288 0.443499
0.12885 0.407379
0.1289 0.489851
0.12895 0.427939
0.129 0.518234
0.12905 0.365926
0.1291 0.378753
0.12915 0.471699
0.1292 0.482033
0.12925 0.432901
0.1293 0.438039
0.12935 0.546703
0.1294 0.450962
0.12945 0.40691
0.1295 0.44831
0.12955 0.463838
0.1296 0.448268
0.12965 0.502718
0.1297 0.440456
0.12975 0.458598
0.1298 0.476761
0.12985 0.406613
0.1299 0.427349
0.12995 0.429909
0.13 0.476689
0.13005 0.370005
0.1301 0.390745
0.13015 0.429737
0.1302 0.450539
0.13025 0.484395
0.1303 0.421831
0.13035 0.440043
0.1304 0.416532
0.13045 0.460854
0.1305 0.421675
0.13055 0.424243
0.1306 0.369328
0.13065 0.447664
0.1307 0.39534
0.13075 0.387428
0.1308 0.486804
0.13085 0.418742
0.1309 0.502504
0.13095 0.408202
0.131 0.478915
0.13105 0.389767
0.1311 0.455274
0.13115 0.455256
0.1312 0.452613
0.13125 0.410577
0.1313 0.436795
0.13135 0.426251
0.1314 0.426211
0.13145 0.397241
0.1315 0.405072
0.13155 0.4366
0.1316 0.465531
0.13165 0.370697
0.1317 0.465475
0.13175 0.391657
0.1318 0.41005
0.13185 0.42055
0.1319 0.499676
0.13195 0.409932
0.132 0.372906
0.13205 0.446802
0.1321 0.399204
0.13215 0.452024
0.1322 0.454649
0.13225 0.428171
0.1323 0.40431
0.13235 0.38307
0.1324 0.425382
0.13245 0.372342
0.1325 0.382866
0.13255 0.43053
0.1326 0.403964
0.13265 0.454334
0.1327 0.369356
0.13275 0.374586
0.1328 0.395764
0.13285 0.408992
0.1329 0.432871
0.13295 0.507317
0.133 0.448797
0.13305 0.342295
0.1331 0.411431
0.13315 0.406053
0.1332 0.339374
0.13325 0.413918
0.1333 0.400535
0.13335 0.400477
0.1334 0.453799
0.13345 0.397711
0.1335 0.416348
0.13355 0.38691
0.1336 0.405553
0.13365 0.343997
0.1337 0.359947
0.13375 0.429435
0.1338 0.434753
0.13385 0.418653
0.1339 0.41593
0.13395 0.386404
0.134 0.485533
0.13405 0.429217
0.1341 0.43723
0.13415 0.402308
0.1342 0.412992
0.13425 0.447862
0.1343 0.326925
0.13435 0.431645
0.1344 0.415477
0.13445 0.399291
0.1345 0.44498
0.13455 0.428804
0.1346 0.388373
0.13465 0.474515
0.1347 0.409833
0.13475 0.409783
0.1348 0.401642
0.13485 0.40968
0.1349 0.38264
0.13495 0.41767
0.135 0.466244
0.13505 0.371666
0.1351 0.390509
0.13515 0.420189
0.1352 0.433672
0.13525 0.355166
0.1353 0.390267
0.13535 0.466027
0.1354 0.392876
0.13545 0.352164
0.1355 0.354783
0.13555 0.406221
0.1356 0.417021
0.13565 0.408835
0.1357 0.425075
0.13575 0.463061
0.1358 0.425013
0.13585 0.460309
0.1359 0.416793
0.13595 0.362349
0.136 0.359544
0.13605 0.33496
0.1361 0.413823
0.13615 0.430121
0.1362 0.331987
0.13625 0.481811
0.1363 0.421821
0.13635 0.432693
0.1364 0.391726
0.13645 0.435344
0.1365 0.356115
0.13655 0.416131
0.1366 0.394223
0.13665 0.388695
0.1367 0.410511
0.13675 0.366687
0.1368 0.372081
0.13685 0.399385
0.1369 0.385634
0.13695 0.421188
0.137 0.448558
0.13705 0.421118
0.1371 0.506111
0.13715 0.404605
0.1372 0.360633
0.13725 0.456659
0.1373 0.365994
0.13735 0.434614
0.1374 0.343867
0.13745 0.393271
0.1375 0.376705
0.13755 0.354617
0.1376 0.431613
0.13765 0.373747
0.1377 0.354388
0.13775 0.467296
0.1378 0.456262
0.13785 0.35696
0.1379 0.42309
0.13795 0.354052
0.138 0.359486
0.13805 0.447786
0.1381 0.342772
0.13815 0.378608
0.1382 0.392363
0.13825 0.447623
0.1383 0.334156
0.13835 0.42263
0.1384 0.461358
0.13845 0.422568
0.1385 0.400362
0.13855 0.386448
0.1386 0.444617
0.13865 0.464013
0.1387 0.33913
0.13875 0.452848
0.1388 0.366745
0.13885 0.377779
0.1389 0.361035
0.13895 0.327593
0.139 0.383107
0.13905 0.463719
0.1391 0.383004
0.13915 0.43305
0.1392 0.474795
0.13925 0.343853
0.1393 0.391138
0.13935 0.399442
0.1394 0.416122
0.13945 0.38539
0.1395 0.360207
0.13955 0.410381
0.1396 0.404749
0.13965 0.474549
0.1397 0.438214
0.13975 0.38786
0.1398 0.390595
0.13985 0.404525
0.1399 0.3345
0.13995 0.3792
0.14 0.356724
0.14005 0.387462
0.1401 0.33134
0.14015 0.33965
0.1402 0.460169
0.14025 0.359143
0.1403 0.398359
0.14035 0.384265
0.1404 0.403864
0.14045 0.395384
0.1405 0.325053
0.14055 0.381187
0.1406 0.369869
0.14065 0.406377
0.1407 0.369734
0.14075 0.423164
0.1408 0.425945
0.14085 0.378005
0.1409 0.437136
0.14095 0.36661
0.141 0.400386
0.14105 0.374936
0.1411 0.324052
0.14115 0.394546
0.1412 0.46229
0.14125 0.352068
0.1413 0.337847
0.14135 0.334923
0.1414 0.425353
0.14145 0.382869
0.1415 0.377143
0.14155 0.362915
0.1416 0.371336
0.14165 0.362762
0.1417 0.416549
0.14175 0.439197
0.1418 0.297323
0.14185 0.399367
0.1419 0.447578
0.14195 0.45608
0.142 0.359474
0.14205 0.350868
0.1421 0.441758
0.14215 0.3877
0.1422 0.401865
0.14225 0.353433
0.1423 0.347655
0.14235 0.404527
0.1424 0.364593
0.14245 0.361667
0.1425 0.39295
0.14255 0.335854
0.1426 0.34717
0.14265 0.369914
0.1427 0.438362
0.14275 0.366938
0.1428 0.38972
0.14285 0.418242
0.1429 0.37246
0.14295 0.41529
0.143 0.338003
0.14305 0.483871
0.1431 0.375085
0.14315 0.412249
0.1432 0.409342
0.14325 0.38637
0.1433 0.394911
0.14335 0.371913
0.1434 0.35176
0.14345 0.340196
0.1435 0.377427
0.14355 0.380233
0.1436 0.339947
0.14365 0.405957
0.1437 0.357036
0.14375 0.377088
0.1438 0.379899
0.14385 0.362567
0.1439 0.333701
0.14395 0.299045
0.144 0.362307
0.14405 0.416989
0.1441 0.356408
0.14415 0.399588
0.1442 0.370688
0.14425 0.379276
0.1443 0.408082
0.14435 0.40515
0.1444 0.393548
0.14445 0.399274
0.1445 0.364532
0.14455 0.416514
0.1446 0.419369
0.14465 0.375923
0.1447 0.341117
0.14475 0.390259
0.1448 0.367027
0.14485 0.398833
0.1449 0.401682
0.14495 0.375534
0.145 0.433488
0.14505 0.363814
0.1451 0.407285
0.14515 0.349161
0.1452 0.308407
0.14525 0.357697
0.1453 0.39541
0.14535 0.328474
0.1454 0.406919
0.14545 0.345765
0.1455 0.430098
0.14555 0.339798
0.1456 0.386316
0.14565 0.342548
0.1457 0.345375
0.14575 0.324877
0.1458 0.421038
0.14585 0.444348
0.1459 0.350922
0.14595 0.4034
0.146 0.365381
0.14605 0.330245
0.1461 0.371071
0.14615 0.391471
0.1462 0.300742
0.14625 0.435222
0.1463 0.379585
0.14635 0.382451
0.1464 0.382391
0.14645 0.332521
0.1465 0.42915
0.14655 0.417394
0.1466 0.367497
0.14665 0.355691
0.1467 0.376158
0.14675 0.361414
0.1468 0.346655
0.14685 0.346571
0.1469 0.302402
0.14695 0.349328
0.147 0.346305
0.14705 0.363873
0.1471 0.40206
0.14715 0.36963
0.1472 0.404902
0.14725 0.363614
0.1473 0.390065
0.14735 0.446023
0.1474 0.345741
0.14745 0.366307
0.1475 0.386894
0.14755 0.380934
0.1476 0.35725
0.14765 0.386714
0.1477 0.433938
0.14775 0.351146
0.1478 0.430905
0.14785 0.374677
0.1479 0.356859
0.14795 0.439663
0.148 0.368579
0.14805 0.377397
0.1481 0.312149
0.14815 0.362431
0.1482 0.332709
0.14825 0.347447
0.1483 0.424507
0.14835 0.400733
0.1484 0.439284
0.14845 0.373924
0.1485 0.448135
0.14855 0.326269
0.1486 0.367795
0.14865 0.346909
0.1487 0.388477
0.14875 0.450919
0.1488 0.308011
0.14885 0.337683
0.1489 0.385259
0.14895 0.349443
0.149 0.352344
0.14905 0.37314
0.1491 0.328331
0.14915 0.367029
0.1492 0.369946
0.14925 0.348978
0.1493 0.330976
0.14935 0.324908
0.1494 0.324812
0.14945 0.318736
0.1495 0.378456
0.14955 0.357452
0.1496 0.342413
0.14965 0.357299
0.1497 0.303315
0.14975 0.354137
0.1498 0.416998
0.14985 0.363
0.1499 0.293953
0.14995 0.317837
0.15 0.317737
0.15005 0.434715
0.1501 0.389648
0.15015 0.398608
0.1502 0.416592
0.15025 0.368462
0.1503 0.365389
0.15035 0.356297
0.1504 0.350205
0.15045 0.268857
0.1505 0.371099
0.15055 0.389107
0.1506 0.34386
0.15065 0.331722
0.1507 0.328617
0.15075 0.358685
0.1508 0.343528
0.15085 0.385698
0.1509 0.361492
0.15095 0.331222
0.151 0.306964
0.15105 0.343122
0.1511 0.349086
0.15115 0.352032
0.1512 0.403381
0.15125 0.291377
0.1513 0.315477
0.15135 0.306293
0.1514 0.312245
0.15145 0.357593
0.1515 0.387831
0.15155 0.357459
0.1516 0.363453
0.15165 0.375521
0.1517 0.427056
0.15175 0.363274
0.1518 0.378391
0.15185 0.335801
0.1519 0.360027
0.15195 0.402517
0.152 0.35686
0.15205 0.3142
0.1521 0.3141
0.15215 0.353572
0.1522 0.368723
0.15225 0.374751
0.1523 0.292422
0.15235 0.313644
0.1524 0.313544
0.15245 0.337844
0.1525 0.359117
0.15255 0.337683
0.1526 0.352864
0.15265 0.331412
0.1527 0.355764
0.15275 0.27318
0.1528 0.312795
0.15285 0.395261
0.1529 0.367684
0.15295 0.3462
0.153 0.395098
0.15305 0.355246
0.1531 0.42256
0.15315 0.318356
0.1532 0.33665
0.15325 0.312038
0.1533 0.345675
0.15335 0.333325
0.1534 0.327101
0.15345 0.354641
0.1535 0.330001
0.15355 0.339129
0.1536 0.409726
0.15365 0.338988
0.1537 0.292781
0.15375 0.326505
0.1538 0.298722
0.15385 0.387876
0.1539 0.338562
0.15395 0.37236
0.154 0.344571
0.15405 0.381477
0.1541 0.307431
0.15415 0.353589
0.1542 0.325752
0.15425 0.347264
0.1543 0.362623
0.15435 0.313149
0.1544 0.362475
0.15445 0.331509
0.1545 0.312877
0.15455 0.300411
0.1546 0.430211
0.15465 0.328087
0.1547 0.297049
0.15475 0.433165
0.1548 0.309265
0.15485 0.299871
0.1549 0.361745
0.15495 0.349279
0.155 0.343003
0.15505 0.377047
0.1551 0.342858
0.15515 0.395548
0.1552 0.305459
0.15525 0.379901
0.1553 0.351884
0.15535 0.358028
0.1554 0.314434
0.15545 0.258358
0.1555 0.370222
0.15555 0.317258
0.1556 0.301599
0.15565 0.323293
0.1557 0.419768
0.15575 0.335608
0.1558 0.382281
0.15585 0.372875
0.1559 0.291723
0.15595 0.347773
0.156 0.335215
0.15605 0.375719
0.1561 0.316326
0.15615 0.397456
0.1562 0.350539
0.15625 0.319207
0.1563 0.322242
0.15635 0.290872
0.1564 0.368987
0.15645 0.372057
0.1565 0.321903
0.15655 0.368793
0.1566 0.368733
0.15665 0.359271
0.1567 0.340395
0.15675 0.352861
0.1568 0.37475
0.15685 0.36528
0.1569 0.333828
0.15695 0.421666
0.157 0.314846
0.15705 0.339888
0.1571 0.342953
0.15715 0.361741
0.1572 0.339662
0.15725 0.314416
0.1573 0.336351
0.15735 0.339419
0.1574 0.333043
0.15745 0.405411
0.1575 0.317147
0.15755 0.354879
0.1576 0.326434
0.15765 0.291654
0.1577 0.351491
0.15775 0.326173
0.1578 0.300831
0.15785 0.325993
0.1579 0.37961
0.15795 0.360598
0.158 0.275187
0.15805 0.322499
0.1581 0.338226
0.15815 0.316
0.1582 0.315908
0.15825 0.322148
0.1583 0.337895
0.15835 0.410681
0.1584 0.366283
0.15845 0.290143
0.1585 0.362968
0.15855 0.36925
0.1586 0.327943
0.15865 0.283423
0.1587 0.375386
0.15875 0.28958
0.1588 0.356189
0.15885 0.352945
0.1589 0.37513
0.15895 0.343276
0.159 0.359107
0.15905 0.314495
0.1591 0.358965
0.15915 0.336613
0.1592 0.311055
0.15925 0.365123
0.1593 0.40012
0.15935 0.412834
0.1594 0.36178
0.15945 0.371288
0.1595 0.304221
0.15955 0.345619
0.1596 0.355126
0.15965 0.319926
0.1597 0.316643
0.15975 0.319749
0.1598 0.316464
0.15985 0.309978
0.1599 0.316282
0.15995 0.328992
0.16 0.280895
0.16005 0.322409
0.1601 0.347947
0.16015 0.322245
0.1602 0.338184
0.16025 0.299636
0.1603 0.331606
0.16035 0.334734
0.1604 0.350701
0.16045 0.318533
0.1605 0.369821
0.16055 0.292677
0.1606 0.366472
0.16065 0.318204
0.1607 0.321331
0.16075 0.356621
0.1608 0.334038
0.16085 0.330742
0.1609 0.317786
0.16095 0.378878
0.161 0.349839
0.16105 0.301441
0.1611 0.36258
0.16115 0.349624
0.1612 0.336656
0.16125 0.339806
0.1613 0.346186
0.16135 0.349344
0.1614 0.30407
0.16145 0.303974
0.1615 0.355574
0.16155 0.365206
0.1616 0.374847
0.16165 0.335987
0.1617 0.310031
0.16175 0.313175
0.1618 0.39401
0.16185 0.368066
0.1619 0.277318
0.16195 0.325806
0.162 0.332206
0.16205 0.36779
0.1621 0.383949
0.16215 0.354707
0.1622 0.280008
0.16225 0.35131
0.1623 0.37722
0.16235 0.34469
0.1624 0.341371
0.16245 0.354299
0.1625 0.37049
0.16255 0.324908
0.1626 0.308561
0.16265 0.363787
0.1627 0.370239
0.16275 0.334369
0.1628 0.308237
0.16285 0.327693
0.1629 0.386275
0.16295 0.402531
0.163 0.337277
0.16305 0.373085
0.1631 0.320825
0.16315 0.330533
0.1632 0.34678
0.16325 0.353244
0.1633 0.294374
0.16335 0.34983
0.1634 0.290922
0.16345 0.33333
0.1635 0.375777
0.16355 0.329919
0.1636 0.280746
0.16365 0.310104
0.1637 0.323114
0.16375 0.326308
0.1638 0.322951
0.16385 0.349093
0.1639 0.319516
0.16395 0.325992
0.164 0.358722
0.16405 0.260202
0.1641 0.322459
0.16415 0.365069
0.1642 0.368298
0.16425 0.397818
0.1643 0.305746
0.16435 0.364838
0.1644 0.328603
0.16445 0.295625
0.1645 0.27249
0.16455 0.315174
0.1646 0.354604
0.16465 0.315014
0.1647 0.374238
0.16475 0.374188
0.1648 0.314792
0.16485 0.380666
0.1649 0.291547
0.16495 0.327747
0.165 0.377184
0.16505 0.360626
0.1651 0.360568
0.16515 0.317558
0.1652 0.330694
0.16525 0.300864
0.1653 0.323919
0.16535 0.327147
0.1654 0.340305
0.16545 0.303825
0.1655 0.290489
0.16555 0.310261
0.1656 0.313486
0.16565 0.303458
0.1657 0.333201
0.16575 0.362971
0.1658 0.389451
0.16585 0.309779
0.1659 0.296415
0.16595 0.302959
0.166 0.395855
0.16605 0.266261
0.1661 0.322638
0.16615 0.335854
0.1662 0.295882
0.16625 0.30909
0.1663 0.362234
0.16635 0.288962
0.1664 0.335468
0.16645 0.295436
0.1665 0.308664
0.16655 0.338564
0.1666 0.31183
0.16665 0.278404
0.1667 0.288303
0.16675 0.248171
0.1668 0.301439
0.16685 0.298009
0.1669 0.371373
0.16695 0.364643
0.167 0.287746
0.16705 0.37788
0.1671 0.287573
0.16715 0.354353
0.1672 0.360983
0.16725 0.350889
0.1673 0.307316
0.16735 0.33736
0.1674 0.293753
0.16745 0.297007
0.1675 0.360582
0.16755 0.276726
0.1676 0.256502
0.16765 0.313402
0.1677 0.340158
0.16775 0.30653
0.1678 0.31987
0.16785 0.313074
0.1679 0.326426
0.16795 0.33307
0.168 0.316193
0.16805 0.359817
0.1681 0.289138
0.16815 0.252036
0.1682 0.275471
0.16825 0.295561
0.1683 0.332504
0.16835 0.292016
0.1684 0.345824
0.16845 0.30532
0.1685 0.328829
0.16855 0.318639
0.1686 0.301694
0.16865 0.318474
0.1687 0.308269
0.16875 0.287927
0.1688 0.267567
0.16885 0.291103
0.1689 0.328176
0.16895 0.311202
0.169 0.321261
0.16905 0.250161
0.1691 0.304169
0.16915 0.314233
0.1692 0.300611
0.16925 0.314065
0.1693 0.290274
0.16935 0.28679
0.1694 0.317193
0.16945 0.323893
0.1695 0.286516
0.16955 0.269458
0.1696 0.343996
0.16965 0.29981
0.1697 0.27935
0.16975 0.316604
0.1698 0.27576
0.16985 0.289248
0.1699 0.360531
0.16995 0.302677
0.17 0.34
0.17005 0.322924
0.1701 0.356878
0.17015 0.309166
0.1702 0.343132
0.17025 0.274948
0.1703 0.37024
0.17035 0.312256
0.1704 0.332628
0.17045 0.353018
0.1705 0.301795
0.17055 0.400655
0.1706 0.284583
0.17065 0.352765
0.1707 0.280992
0.17075 0.263812
0.1708 0.301289
0.17085 0.383233
0.1709 0.314813
0.17095 0.304473
0.171 0.328334
0.17105 0.287198
0.1711 0.30764
0.17115 0.358916
0.1712 0.334887
0.17125 0.317689
0.1713 0.334746
0.17135 0.33125
0.1714 0.29689
0.17145 0.32081
0.1715 0.317303
0.17155 0.313793
0.1716 0.334311
0.17165 0.323941
0.1717 0.341042
0.17175 0.29631
0.1718 0.306531
0.17185 0.313323
0.1719 0.35795
0.17195 0.309736
0.172 0.271803
0.17205 0.299235
0.1721 0.333577
0.17215 0.309401
0.1722 0.316209
0.17225 0.354037
0.1723 0.333299
0.17235 0.319439
0.1724 0.240036
0.17245 0.298564
0.1725 0.301927
0.17255 0.346717
0.1726 0.367375
0.17265 0.322425
0.1727 0.287801
0.17275 0.374107
0.1728 0.27381
0.17285 0.308288
0.1729 0.287452
0.17295 0.311578
0.173 0.31842
0.17305 0.301034
0.1731 0.290559
0.17315 0.269683
0.1732 0.318089
0.17325 0.297217
0.1733 0.286728
0.17335 0.27623
0.1734 0.31082
0.17345 0.3038
0.1735 0.314129
0.17355 0.320995
0.1736 0.29661
0.17365 0.331262
0.1737 0.296444
0.17375 0.272024
0.1738 0.289307
0.17385 0.369209
0.1739 0.34481
0.17395 0.28211
0.174 0.327267
0.17405 0.323715
0.1741 0.334092
0.17415 0.33751
0.1742 0.368811
0.17425 0.306017
0.1743 0.340805
0.17435 0.344231
0.1744 0.281369
0.17445 0.281273
0.1745 0.288159
0.17455 0.350923
0.1746 0.326416
0.17465 0.34731
0.1747 0.305312
0.17475 0.32271
0.1748 0.280674
0.17485 0.361032
0.1749 0.242016
0.17495 0.308398
0.175 0.399344
0.17505 0.273244
0.1751 0.290659
0.17515 0.301081
0.1752 0.311512
0.17525 0.335976
0.1753 0.335912
0.17535 0.29726
0.1754 0.31121
0.17545 0.276032
0.1755 0.318066
0.17555 0.36716
0.1756 0.33901
0.17565 0.29678
0.1757 0.300209
0.17575 0.296609
0.1758 0.30004
0.17585 0.306992
0.1759 0.324507
0.17595 0.306837
0.176 0.239858
0.17605 0.313702
0.1761 0.331241
0.17615 0.302983
0.1762 0.288801
0.17625 0.323971
0.1763 0.341536
0.17635 0.249748
0.1764 0.277868
0.17645 0.362492
0.1765 0.34832
0.17655 0.312944
0.1766 0.295203
0.17665 0.295117
0.1767 0.330381
0.17675 0.337387
0.1768 0.287807
0.17685 0.301869
0.1769 0.333638
0.17695 0.315874
0.177 0.329964
0.17705 0.365318
0.1771 0.308584
0.17715 0.414826
0.1772 0.333273
0.17725 0.333209
0.1773 0.290581
0.17735 0.347261
0.1774 0.379146
0.17745 0.318758
0.1775 0.304482
0.17755 0.304402
0.1776 0.322087
0.17765 0.322017
0.1777 0.307727
0.17775 0.300537
0.1778 0.28267
0.17785 0.27902
0.1779 0.318075
0.17795 0.250363
0.178 0.325034
0.17805 0.31428
0.1781 0.360525
0.17815 0.321273
0.1782 0.317638
0.17825 0.33183
0.1783 0.321065
0.17835 0.381651
0.1784 0.270976
0.17845 0.352988
0.1785 0.363649
0.17855 0.324311
0.1786 0.281367
0.17865 0.291997
0.1787 0.381286
0.17875 0.302578
0.1788 0.331114
0.17885 0.27738
0.1789 0.223601
0.17895 0.295077
0.179 0.28425
0.17905 0.273414
0.1791 0.273318
0.17915 0.273222
0.1792 0.316146
0.17925 0.362692
0.1793 0.29808
0.17935 0.337466
0.1794 0.269215
0.17945 0.322967
0.1795 0.308535
0.17955 0.322827
0.1796 0.31198
0.17965 0.322688
0.1797 0.28667
0.17975 0.290178
0.1798 0.300883
0.17985 0.254029
0.1799 0.322304
0.17995 0.325836
0.18 0.282558
0.18005 0.26806
0.1801 0.32561
0.18015 0.314732
0.1802 0.303845
0.18025 0.289343
0.1803 0.24958
0.18035 0.34328
0.1804 0.364878
0.18045 0.325124
0.1805 0.33228
0.18055 0.252754
0.1806 0.321295
0.18065 0.339297
0.1807 0.400694
0.18075 0.331966
0.1808 0.339138
0.18085 0.306518
0.1809 0.273871
0.18095 0.309977
0.181 0.324387
0.18105 0.335187
0.1811 0.298897
0.18115 0.287945
0.1812 0.266109
0.18125 0.313149
0.1813 0.298569
0.18135 0.342025
0.1814 0.312937
0.18145 0.287455
0.1815 0.32731
0.18155 0.247342
0.1816 0.308995
0.18165 0.279849
0.1817 0.305204
0.18175 0.345124
0.1818 0.337796
0.18185 0.286806
0.1819 0.344944
0.18195 0.25389
0.182 0.301119
0.18205 0.217275
0.1821 0.333727
0.18215 0.384683
0.1822 0.333621
0.18225 0.340853
0.1823 0.293386
0.18235 0.296952
0.1824 0.315117
0.18245 0.329647
0.1825 0.282122
0.18255 0.289338
0.1826 0.329437
0.18265 0.296489
0.1827 0.285444
0.18275 0.31095
0.1828 0.340134
0.18285 0.394948
0.1829 0.321742
0.18295 0.314356
0.183 0.252049
0.18305 0.343495
0.1831 0.259192
0.18315 0.3397
0.1832 0.295664
0.18325 0.258924
0.1833 0.28816
0.18335 0.310084
0.1834 0.324688
0.18345 0.302604
0.1835 0.364935
0.18355 0.254733
0.1836 0.287688
0.18365 0.291278
0.1837 0.291196
0.18375 0.342578
0.1838 0.287369
0.18385 0.272573
0.1839 0.375493
0.18395 0.309217
0.184 0.323869
0.18405 0.298031
0.1841 0.286904
0.18415 0.3605
0.1842 0.312551
0.18425 0.279307
0.1843 0.319776
0.18435 0.286518
0.1844 0.327013
0.18445 0.290051
0.1845 0.275205
0.18455 0.297267
0.1846 0.300882
0.18465 0.297112
0.1847 0.319204
0.18475 0.285874
0.1848 0.252517
0.18485 0.285697
0.1849 0.285613
0.18495 0.315129
0.185 0.307659
0.18505 0.233547
0.1851 0.303792
0.18515 0.307422
0.1852 0.296235
0.18525 0.296157
0.1853 0.322028
0.18535 0.284884
0.1854 0.314472
0.18545 0.332954
0.1855 0.329185
0.18555 0.258597
0.1856 0.332759
0.18565 0.276991
0.1857 0.276903
0.18575 0.269383
0.1858 0.261857
0.18585 0.239453
0.1859 0.276535
0.18595 0.306207
0.186 0.328461
0.18605 0.380509
0.1861 0.30974
0.18615 0.287326
0.1862 0.317044
0.18625 0.335608
0.1863 0.283374
0.18635 0.298202
0.1864 0.294397
0.18645 0.327889
0.1865 0.316636
0.18655 0.268054
0.1866 0.323957
0.18665 0.308959
0.1867 0.282744
0.18675 0.305076
0.1868 0.219053
0.18685 0.286219
0.1869 0.316049
0.18695 0.338423
0.187 0.338369
0.18705 0.308379
0.1871 0.289594
0.18715 0.308234
0.1872 0.319399
0.18725 0.293113
0.1873 0.296782
0.18735 0.255478
0.1874 0.304117
0.18745 0.262795
0.1875 0.330219
0.18755 0.300145
0.1876 0.202493
0.18765 0.322495
0.1877 0.243578
0.18775 0.292302
0.1878 0.307252
0.18785 0.27336
0.1879 0.28079
0.18795 0.288226
0.188 0.276863
0.18805 0.227871
0.1881 0.223996
0.18815 0.329274
0.1882 0.321686
0.18825 0.299028
0.1883 0.32909
0.18835 0.25744
0.1884 0.31011
0.18845 0.347742
0.1885 0.317526
0.18855 0.29483
0.1886 0.34003
0.18865 0.309786
0.1887 0.313493
0.18875 0.286995
0.1888 0.298246
0.18885 0.26417
0.1889 0.313205
0.18895 0.260219
0.189 0.226096
0.18905 0.25624
0.1891 0.271276
0.18915 0.312812
0.1892 0.335456
0.18925 0.320258
0.1893 0.312622
0.18935 0.308768
0.1894 0.3087
0.18945 0.323792
0.1895 0.308568
0.18955 0.32746
0.1896 0.281886
0.18965 0.24007
0.1897 0.334841
0.18975 0.319603
0.1898 0.315744
0.18985 0.323276
0.1899 0.357407
0.18995 0.269965
0.19 0.266076
0.19005 0.319214
0.1901 0.330561
0.19015 0.326701
0.1902 0.284788
0.19025 0.31135
0.1903 0.257986
0.19035 0.292164
0.1904 0.24638
0.19045 0.22723
0.1905 0.295718
0.19055 0.280396
0.1906 0.28794
0.19065 0.322188
0.1907 0.295423
0.19075 0.348773
0.1908 0.295289
0.19085 0.295215
0.1909 0.287503
0.19095 0.214845
0.191 0.352285
0.19105 0.271979
0.1911 0.348353
0.19115 0.283299
0.1912 0.271744
0.19125 0.306092
0.1913 0.286889
0.19135 0.302123
0.1914 0.256105
0.19145 0.301971
0.1915 0.313394
0.19155 0.366978
0.1916 0.263451
0.19165 0.301701
0.1917 0.309301
0.19175 0.316907
0.1918 0.286149
0.19185 0.312937
0.1919 0.278322
0.19195 0.332
0.192 0.285854
0.19205 0.301144
0.1921 0.297231
0.19215 0.281783
0.1922 0.339378
0.19225 0.281638
0.1923 0.250782
0.19235 0.246838
0.1924 0.32372
0.19245 0.319812
0.1925 0.342858
0.19255 0.273474
0.1926 0.281096
0.19265 0.257892
0.1927 0.277075
0.19275 0.315553
0.1928 0.327062
0.19285 0.307716
0.1929 0.311509
0.19295 0.299865
0.193 0.326822
0.19305 0.288146
0.1931 0.257166
0.19315 0.361402
0.1932 0.330444
0.19325 0.280132
0.1933 0.33419
0.19335 0.268382
0.1934 0.248951
0.19345 0.275945
0.1935 0.260379
0.19355 0.322241
0.1936 0.248596
0.19365 0.333728
0.1937 0.349176
0.19375 0.256108
0.1938 0.399465
0.19385 0.263717
0.1939 0.345088
0.19395 0.279082
0.194 0.294526
0.19405 0.28669
0.1941 0.309912
0.19415 0.30208
0.1942 0.317552
0.19425 0.247544
0.1943 0.340736
0.19435 0.262928
0.1944 0.293952
0.19445 0.25498
0.1945 0.30158
0.19455 0.2587
0.1946 0.29754
0.19465 0.281894
0.1947 0.235076
0.19475 0.29731
0.1948 0.355695
0.19485 0.312777
0.1949 0.304917
0.19495 0.265851
0.195 0.257963
0.19505 0.238363
0.1951 0.304614
0.19515 0.339684
0.1952 0.331826
0.19525 0.27709
0.1953 0.273103
0.19535 0.288653
0.1954 0.296397
0.19545 0.339337
0.1955 0.358844
0.19555 0.34707
0.1956 0.280505
0.19565 0.339137
0.1957 0.284279
0.19575 0.303783
0.1958 0.256713
0.19585 0.225279
0.1959 0.283958
0.19595 0.268202
0.196 0.307328
0.19605 0.29942
0.1961 0.260122
0.19615 0.37383
0.1962 0.275675
0.19625 0.299151
0.1963 0.295156
0.19635 0.302942
0.1964 0.377527
0.19645 0.247809
0.1965 0.26737
0.19655 0.322334
0.1966 0.263283
0.19665 0.282867
0.1967 0.294596
0.19675 0.282718
0.1968 0.286579
0.19685 0.278629
0.1969 0.294307
0.19695 0.298177
0.197 0.298109
0.19705 0.274389
0.1971 0.266423
0.19715 0.317611
0.1972 0.234708
0.19725 0.266176
0.1973 0.297668
0.19735 0.301548
0.1974 0.301482
0.19745 0.261916
0.1975 0.289487
0.19755 0.289415
0.1976 0.28539
0.19765 0.332764
0.1977 0.308984
0.19775 0.273318
0.1978 0.320722
0.19785 0.308792
0.1979 0.324566
0.19795 0.352232
0.198 0.26505
0.19805 0.284776
0.1981 0.296591
0.19815 0.332199
0.1982 0.284569
0.19825 0.300359
0.1983 0.260623
0.19835 0.268473
0.1984 0.296174
0.19845 0.284196
0.1985 0.268238
0.19855 0.264184
0.1986 0.279992
0.19865 0.279916
0.1987 0.28779
0.19875 0.271814
0.1988 0.275711
0.19885 0.267677
0.1989 0.315343
0.19895 0.331205
0.199 0.295326
0.19905 0.247474
0.1991 0.267297
0.19915 0.319007
0.1992 0.303011
0.19925 0.207283
0.1993 0.298872
0.19935 0.282854
0.1994 0.24289
0.19945 0.282696
0.1995 0.318541
0.19955 0.306509
0.1996 0.302454
0.19965 0.306384
0.1997 0.314312
0.19975 0.27829
0.1998 0.370145
0.19985 0.270165
0.1999 0.246091
