0.000050 0.097
0.000100 0.061
0.000150 0.090
0.000200 0.080
0.000250 0.077
0.000300 0.092
0.000350 0.094
0.000400 0.074
0.000450 0.106
0.000500 0.083
0.000550 0.073
0.000600 0.093
0.000650 0.131
0.000700 0.081
0.000750 0.088
0.000800 0.080
0.000850 0.101
0.000900 0.082
0.000950 0.102
0.001000 0.124
0.001050 0.169
0.001100 0.143
0.001150 0.235
0.001200 0.247
0.001250 0.344
0.001300 0.395
0.001350 0.375
0.001400 0.449
0.001450 0.524
0.001500 0.715
0.001550 1.043
0.001600 1.365
0.001650 1.580
0.001700 2.113
0.001750 2.669
0.001800 3.437
0.001850 4.247
0.001900 5.053
0.001950 6.011
0.002000 6.694
0.002050 7.710
0.002100 8.178
0.002150 8.440
0.002200 8.824
0.002250 9.492
0.002300 9.526
0.002350 8.821
0.002400 8.202
0.002450 7.223
0.002500 6.264
0.002550 5.496
0.002600 4.638
0.002650 3.988
0.002700 3.367
0.002750 3.020
0.002800 2.544
0.002850 2.363
0.002900 2.032
0.002950 1.892
0.003000 1.734
0.003050 1.562
0.003100 1.617
0.003150 1.477
0.003200 1.424
0.003250 1.239
0.003300 1.269
0.003350 1.071
0.003400 1.154
0.003450 1.137
0.003500 0.933
0.003550 1.005
0.003600 1.017
0.003650 0.885
0.003700 0.997
0.003750 1.012
0.003800 0.979
0.003850 0.941
0.003900 0.908
0.003950 0.960
0.004000 0.982
0.004050 0.959
0.004100 0.982
0.004150 0.844
0.004200 0.881
0.004250 0.830
0.004300 0.827
0.004350 0.882
0.004400 0.711
0.004450 0.826
0.004500 0.758
0.004550 0.760
0.004600 0.807
0.004650 0.808
0.004700 0.813
0.004750 0.834
0.004800 0.787
0.004850 0.798
0.004900 0.864
0.004950 0.771
0.005000 0.693
0.005050 0.679
0.005100 0.766
0.005150 0.666
0.005200 0.688
0.005250 0.770
0.005300 0.667
0.005350 0.684
0.005400 0.694
0.005450 0.748
0.005500 0.749
0.005550 0.674
0.005600 0.703
0.005650 0.720
0.005700 0.720
0.005750 0.768
0.005800 0.729
0.005850 0.702
0.005900 0.738
0.005950 0.726
0.006000 0.707
0.006050 0.650
0.006100 0.739
0.006150 0.772
0.006200 0.633
0.006250 0.698
0.006300 0.553
0.006350 0.634
0.006400 0.655
0.006450 0.622
0.006500 0.664
0.006550 0.622
0.006600 0.696
0.006650 0.696
0.006700 0.642
0.006750 0.602
0.006800 0.756
0.006850 0.615
0.006900 0.597
0.006950 0.586
0.007000 0.544
0.007050 0.624
0.007100 0.596
0.007150 0.600
0.007200 0.637
0.007250 0.579
0.007300 0.601
0.007350 0.618
0.007400 0.589
0.007450 0.612
0.007500 0.542
0.007550 0.655
0.007600 0.541
0.007650 0.682
0.007700 0.585
0.007750 0.598
0.007800 0.632
0.007850 0.652
0.007900 0.644
0.007950 0.587
0.008000 0.522
0.008050 0.668
0.008100 0.652
0.008150 0.601
0.008200 0.565
0.008250 0.582
0.008300 0.646
0.008350 0.533
0.008400 0.674
0.008450 0.577
0.008500 0.612
0.008550 0.673
0.008600 0.560
0.008650 0.618
0.008700 0.587
0.008750 0.545
0.008800 0.581
0.008850 0.459
0.008900 0.535
0.008950 0.535
0.009000 0.513
0.009050 0.531
0.009100 0.543
0.009150 0.657
0.009200 0.571
0.009250 0.615
0.009300 0.576
0.009350 0.670
0.009400 0.548
0.009450 0.608
0.009500 0.553
0.009550 0.573
0.009600 0.489
0.009650 0.486
0.009700 0.508
0.009750 0.491
0.009800 0.546
0.009850 0.531
0.009900 0.614
0.009950 0.506
0.010000 0.541
0.010050 0.495
0.010100 0.519
0.010150 0.602
0.010200 0.605
0.010250 0.543
0.010300 0.584
0.010350 0.552
0.010400 0.594
0.010450 0.564
0.010500 0.475
0.010550 0.517
0.010600 0.463
0.010650 0.477
0.010700 0.549
0.010750 0.577
0.010800 0.488
0.010850 0.541
0.010900 0.479
0.010950 0.482
0.011000 0.485
0.011050 0.487
0.011100 0.525
0.011150 0.490
0.011200 0.595
0.011250 0.506
0.011300 0.506
0.011350 0.452
0.011400 0.459
0.011450 0.484
0.011500 0.524
0.011550 0.495
0.011600 0.444
0.011650 0.447
0.011700 0.503
0.011750 0.526
0.011800 0.513
0.011850 0.508
0.011900 0.488
0.011950 0.463
0.012000 0.511
0.012050 0.508
0.012100 0.523
0.012150 0.507
0.012200 0.513
0.012250 0.499
0.012300 0.489
0.012350 0.525
0.012400 0.486
0.012450 0.576
0.012500 0.457
0.012550 0.511
0.012600 0.429
0.012650 0.470
0.012700 0.478
0.012750 0.564
0.012800 0.493
0.012850 0.486
0.012900 0.404
0.012950 0.480
0.013000 0.462
0.013050 0.397
0.013100 0.499
0.013150 0.463
0.013200 0.448
0.013250 0.422
0.013300 0.583
0.013350 0.380
0.013400 0.482
0.013450 0.461
0.013500 0.475
0.013550 0.449
0.013600 0.415
0.013650 0.453
0.013700 0.486
0.013750 0.484
0.013800 0.450
0.013850 0.452
0.013900 0.440
0.013950 0.528
0.014000 0.528
0.014050 0.503
0.014100 0.405
0.014150 0.398
0.014200 0.503
0.014250 0.467
0.014300 0.485
0.014350 0.450
0.014400 0.420
0.014450 0.407
0.014500 0.493
0.014550 0.410
0.014600 0.437
0.014650 0.417
0.014700 0.448
0.014750 0.435
0.014800 0.434
0.014850 0.451
0.014900 0.479
0.014950 0.476
0.015000 0.528
0.015050 0.493
0.015100 0.430
0.015150 0.416
0.015200 0.388
0.015250 0.424
0.015300 0.440
0.015350 0.440
0.015400 0.449
0.015450 0.461
0.015500 0.437
0.015550 0.468
0.015600 0.394
0.015650 0.481
0.015700 0.473
0.015750 0.447
0.015800 0.402
0.015850 0.402
0.015900 0.501
0.015950 0.426
0.016000 0.433
0.016050 0.454
0.016100 0.403
0.016150 0.409
0.016200 0.412
0.016250 0.403
0.016300 0.421
0.016350 0.429
0.016400 0.444
0.016450 0.426
0.016500 0.455
0.016550 0.421
0.016600 0.505
0.016650 0.444
0.016700 0.427
0.016750 0.431
0.016800 0.476
0.016850 0.457
0.016900 0.386
0.016950 0.446
0.017000 0.375
0.017050 0.436
0.017100 0.421
0.017150 0.397
0.017200 0.425
0.017250 0.391
0.017300 0.453
0.017350 0.396
0.017400 0.420
0.017450 0.352
0.017500 0.369
0.017550 0.348
0.017600 0.409
0.017650 0.384
0.017700 0.373
0.017750 0.453
0.017800 0.404
0.017850 0.411
0.017900 0.451
0.017950 0.398
0.018000 0.392
0.018050 0.379
0.018100 0.416
0.018150 0.428
0.018200 0.412
0.018250 0.422
0.018300 0.401
0.018350 0.398
0.018400 0.372
0.018450 0.413
0.018500 0.401
0.018550 0.360
0.018600 0.442
0.018650 0.383
0.018700 0.460
0.018750 0.429
0.018800 0.375
0.018850 0.378
0.018900 0.341
0.018950 0.355
0.019000 0.402
0.019050 0.371
0.019100 0.404
0.019150 0.399
0.019200 0.328
0.019250 0.321
0.019300 0.431
0.019350 0.375
0.019400 0.363
0.019450 0.400
0.019500 0.336
0.019550 0.408
0.019600 0.354
0.019650 0.358
0.019700 0.382
0.019750 0.423
0.019800 0.393
0.019850 0.387
0.019900 0.342
0.019950 0.383
0.020000 0.370
0.020050 0.351
0.020100 0.362
0.020150 0.363
0.020200 0.356
0.020250 0.362
0.020300 0.345
0.020350 0.414
0.020400 0.316
0.020450 0.394
0.020500 0.289
0.020550 0.353
0.020600 0.457
0.020650 0.425
0.020700 0.431
0.020750 0.360
0.020800 0.384
0.020850 0.383
0.020900 0.369
0.020950 0.361
0.021000 0.374
0.021050 0.407
0.021100 0.389
0.021150 0.348
0.021200 0.329
0.021250 0.427
0.021300 0.438
0.021350 0.388
0.021400 0.388
0.021450 0.401
0.021500 0.358
0.021550 0.368
0.021600 0.380
0.021650 0.372
0.021700 0.385
0.021750 0.399
0.021800 0.359
0.021850 0.362
0.021900 0.428
0.021950 0.321
0.022000 0.357
0.022050 0.364
0.022100 0.379
0.022150 0.399
0.022200 0.390
0.022250 0.365
0.022300 0.394
0.022350 0.357
0.022400 0.373
0.022450 0.327
0.022500 0.386
0.022550 0.313
0.022600 0.267
0.022650 0.333
0.022700 0.347
0.022750 0.390
0.022800 0.390
0.022850 0.324
0.022900 0.409
0.022950 0.421
0.023000 0.387
0.023050 0.357
0.023100 0.316
0.023150 0.355
0.023200 0.331
0.023250 0.388
0.023300 0.353
0.023350 0.397
0.023400 0.366
0.023450 0.353
0.023500 0.340
0.023550 0.413
0.023600 0.371
0.023650 0.369
0.023700 0.383
0.023750 0.357
0.023800 0.379
0.023850 0.381
0.023900 0.375
0.023950 0.329
0.024000 0.369
0.024050 0.317
0.024100 0.302
0.024150 0.307
0.024200 0.426
0.024250 0.269
0.024300 0.364
0.024350 0.356
0.024400 0.323
0.024450 0.303
0.024500 0.337
0.024550 0.330
0.024600 0.355
0.024650 0.332
0.024700 0.328
0.024750 0.370
0.024800 0.331
0.024850 0.351
0.024900 0.348
0.024950 0.326
0.025000 0.387
0.025050 0.337
0.025100 0.291
0.025150 0.340
0.025200 0.280
0.025250 0.346
0.025300 0.321
0.025350 0.420
0.025400 0.320
0.025450 0.367
0.025500 0.357
0.025550 0.393
0.025600 0.302
0.025650 0.326
0.025700 0.333
0.025750 0.334
0.025800 0.382
0.025850 0.385
0.025900 0.382
0.025950 0.326
0.026000 0.345
0.026050 0.342
0.026100 0.294
0.026150 0.380
0.026200 0.301
0.026250 0.350
0.026300 0.348
0.026350 0.324
0.026400 0.309
0.026450 0.378
0.026500 0.314
0.026550 0.272
0.026600 0.328
0.026650 0.327
0.026700 0.304
0.026750 0.330
0.026800 0.381
0.026850 0.282
0.026900 0.341
0.026950 0.318
0.027000 0.380
0.027050 0.316
0.027100 0.288
0.027150 0.312
0.027200 0.295
0.027250 0.330
0.027300 0.286
0.027350 0.328
0.027400 0.343
0.027450 0.301
0.027500 0.301
0.027550 0.306
0.027600 0.260
0.027650 0.381
0.027700 0.304
0.027750 0.314
0.027800 0.357
0.027850 0.323
0.027900 0.322
0.027950 0.330
0.028000 0.302
0.028050 0.348
0.028100 0.371
0.028150 0.386
0.028200 0.345
0.028250 0.376
0.028300 0.325
0.028350 0.299
0.028400 0.389
0.028450 0.291
0.028500 0.349
0.028550 0.404
0.028600 0.336
0.028650 0.328
0.028700 0.247
0.028750 0.340
0.028800 0.321
0.028850 0.361
0.028900 0.311
0.028950 0.329
0.029000 0.389
0.029050 0.371
0.029100 0.313
0.029150 0.271
0.029200 0.329
0.029250 0.295
0.029300 0.318
0.029350 0.330
0.029400 0.272
0.029450 0.264
0.029500 0.328
0.029550 0.313
0.029600 0.367
0.029650 0.333
0.029700 0.311
0.029750 0.294
0.029800 0.369
0.029850 0.281
0.029900 0.334
0.029950 0.331
0.030000 0.362
0.030050 0.285
0.030100 0.304
0.030150 0.319
0.030200 0.326
0.030250 0.392
0.030300 0.318
0.030350 0.267
0.030400 0.310
0.030450 0.267
0.030500 0.301
0.030550 0.268
0.030600 0.285
0.030650 0.314
0.030700 0.349
0.030750 0.297
0.030800 0.320
0.030850 0.325
0.030900 0.276
0.030950 0.334
0.031000 0.364
0.031050 0.368
0.031100 0.316
0.031150 0.318
0.031200 0.338
0.031250 0.376
0.031300 0.348
0.031350 0.332
0.031400 0.263
0.031450 0.258
0.031500 0.294
0.031550 0.319
0.031600 0.317
0.031650 0.276
0.031700 0.323
0.031750 0.324
0.031800 0.395
0.031850 0.307
0.031900 0.288
0.031950 0.304
0.032000 0.261
0.032050 0.302
0.032100 0.314
0.032150 0.306
0.032200 0.283
0.032250 0.355
0.032300 0.298
0.032350 0.266
0.032400 0.255
0.032450 0.327
0.032500 0.289
0.032550 0.337
0.032600 0.255
0.032650 0.306
0.032700 0.284
0.032750 0.271
0.032800 0.275
0.032850 0.280
0.032900 0.321
0.032950 0.335
0.033000 0.302
0.033050 0.276
0.033100 0.340
0.033150 0.276
0.033200 0.285
0.033250 0.336
0.033300 0.326
0.033350 0.300
0.033400 0.350
0.033450 0.277
0.033500 0.324
0.033550 0.336
0.033600 0.313
0.033650 0.317
0.033700 0.292
0.033750 0.308
0.033800 0.324
0.033850 0.299
0.033900 0.316
0.033950 0.247
0.034000 0.245
0.034050 0.277
0.034100 0.323
0.034150 0.322
0.034200 0.281
0.034250 0.310
0.034300 0.262
0.034350 0.321
0.034400 0.313
0.034450 0.305
0.034500 0.321
0.034550 0.307
0.034600 0.277
0.034650 0.317
0.034700 0.263
0.034750 0.331
0.034800 0.254
0.034850 0.279
0.034900 0.250
0.034950 0.285
0.035000 0.276
0.035050 0.265
0.035100 0.285
0.035150 0.313
0.035200 0.301
0.035250 0.287
0.035300 0.272
0.035350 0.322
0.035400 0.239
0.035450 0.305
0.035500 0.319
0.035550 0.293
0.035600 0.301
0.035650 0.321
0.035700 0.267
0.035750 0.312
0.035800 0.297
0.035850 0.235
0.035900 0.227
0.035950 0.288
0.036000 0.252
0.036050 0.217
0.036100 0.278
0.036150 0.224
0.036200 0.261
0.036250 0.248
0.036300 0.308
0.036350 0.250
0.036400 0.283
0.036450 0.289
0.036500 0.265
0.036550 0.223
0.036600 0.306
0.036650 0.335
0.036700 0.293
0.036750 0.294
0.036800 0.244
0.036850 0.280
0.036900 0.318
0.036950 0.253
0.037000 0.264
0.037050 0.251
0.037100 0.242
0.037150 0.299
0.037200 0.237
0.037250 0.264
0.037300 0.287
0.037350 0.258
0.037400 0.290
0.037450 0.278
0.037500 0.270
0.037550 0.331
0.037600 0.285
0.037650 0.299
0.037700 0.277
0.037750 0.282
0.037800 0.288
0.037850 0.236
0.037900 0.265
0.037950 0.295
0.038000 0.258
0.038050 0.259
0.038100 0.292
0.038150 0.258
0.038200 0.221
0.038250 0.242
0.038300 0.253
0.038350 0.263
0.038400 0.282
0.038450 0.246
0.038500 0.215
0.038550 0.287
0.038600 0.220
0.038650 0.303
0.038700 0.294
0.038750 0.308
0.038800 0.256
0.038850 0.314
0.038900 0.289
0.038950 0.314
0.039000 0.316
0.039050 0.256
0.039100 0.306
0.039150 0.252
0.039200 0.272
0.039250 0.298
0.039300 0.317
0.039350 0.250
0.039400 0.303
0.039450 0.254
0.039500 0.299
0.039550 0.267
0.039600 0.250
0.039650 0.288
0.039700 0.204
0.039750 0.245
0.039800 0.239
0.039850 0.226
0.039900 0.289
0.039950 0.331
0.040000 0.326
0.040050 0.321
0.040100 0.292
0.040150 0.253
0.040200 0.249
0.040250 0.231
0.040300 0.273
0.040350 0.277
0.040400 0.250
0.040450 0.276
0.040500 0.244
0.040550 0.239
0.040600 0.245
0.040650 0.276
0.040700 0.270
0.040750 0.297
0.040800 0.292
0.040850 0.259
0.040900 0.277
0.040950 0.270
0.041000 0.309
0.041050 0.349
0.041100 0.323
0.041150 0.391
0.041200 0.440
0.041250 0.489
0.041300 0.533
0.041350 0.756
0.041400 0.757
0.041450 0.938
0.041500 1.200
0.041550 1.478
0.041600 1.728
0.041650 2.126
0.041700 2.839
0.041750 3.621
0.041800 4.442
0.041850 5.257
0.041900 6.323
0.041950 7.324
0.042000 8.580
0.042050 9.426
0.042100 10.178
0.042150 10.927
0.042200 11.297
0.042250 11.632
0.042300 11.290
0.042350 10.784
0.042400 10.114
0.042450 9.103
0.042500 8.200
0.042550 7.003
0.042600 6.167
0.042650 5.011
0.042700 4.884
0.042750 4.359
0.042800 3.627
0.042850 3.356
0.042900 3.122
0.042950 2.737
0.043000 2.461
0.043050 2.354
0.043100 2.251
0.043150 2.049
0.043200 1.947
0.043250 1.828
0.043300 1.732
0.043350 1.686
0.043400 1.517
0.043450 1.593
0.043500 1.448
0.043550 1.581
0.043600 1.453
0.043650 1.363
0.043700 1.408
0.043750 1.377
0.043800 1.255
0.043850 1.414
0.043900 1.304
0.043950 1.308
0.044000 1.271
0.044050 1.207
0.044100 1.230
0.044150 1.172
0.044200 1.273
0.044250 1.176
0.044300 1.126
0.044350 1.163
0.044400 1.088
0.044450 1.129
0.044500 1.140
0.044550 1.065
0.044600 1.145
0.044650 0.959
0.044700 1.088
0.044750 1.195
0.044800 1.107
0.044850 1.115
0.044900 1.162
0.044950 1.106
0.045000 1.044
0.045050 1.058
0.045100 1.064
0.045150 1.051
0.045200 1.147
0.045250 1.107
0.045300 1.014
0.045350 1.103
0.045400 0.995
0.045450 1.081
0.045500 1.088
0.045550 1.045
0.045600 1.087
0.045650 0.907
0.045700 1.040
0.045750 1.042
0.045800 0.955
0.045850 1.006
0.045900 1.004
0.045950 0.932
0.046000 0.878
0.046050 0.932
0.046100 1.113
0.046150 0.989
0.046200 1.026
0.046250 1.020
0.046300 0.875
0.046350 0.885
0.046400 0.937
0.046450 0.931
0.046500 0.959
0.046550 1.011
0.046600 1.047
0.046650 0.902
0.046700 0.930
0.046750 0.899
0.046800 0.996
0.046850 0.846
0.046900 0.899
0.046950 0.911
0.047000 0.911
0.047050 0.906
0.047100 0.936
0.047150 0.788
0.047200 0.888
0.047250 0.882
0.047300 0.866
0.047350 0.923
0.047400 0.888
0.047450 0.902
0.047500 0.875
0.047550 0.897
0.047600 0.815
0.047650 0.851
0.047700 0.767
0.047750 0.812
0.047800 0.895
0.047850 0.862
0.047900 0.861
0.047950 0.944
0.048000 0.857
0.048050 0.801
0.048100 0.793
0.048150 0.873
0.048200 0.876
0.048250 0.874
0.048300 0.833
0.048350 0.868
0.048400 0.853
0.048450 0.796
0.048500 0.833
0.048550 0.900
0.048600 0.813
0.048650 0.802
0.048700 0.751
0.048750 0.818
0.048800 0.810
0.048850 0.870
0.048900 0.975
0.048950 0.856
0.049000 0.810
0.049050 0.704
0.049100 0.806
0.049150 0.854
0.049200 0.763
0.049250 0.746
0.049300 0.736
0.049350 0.796
0.049400 0.759
0.049450 0.744
0.049500 0.805
0.049550 0.804
0.049600 0.724
0.049650 0.698
0.049700 0.726
0.049750 0.701
0.049800 0.728
0.049850 0.758
0.049900 0.756
0.049950 0.678
0.050000 0.704
0.050050 0.706
0.050100 0.719
0.050150 0.721
0.050200 0.668
0.050250 0.764
0.050300 0.685
0.050350 0.751
0.050400 0.768
0.050450 0.716
0.050500 0.737
0.050550 0.725
0.050600 0.769
0.050650 0.691
0.050700 0.677
0.050750 0.804
0.050800 0.749
0.050850 0.628
0.050900 0.699
0.050950 0.760
0.051000 0.760
0.051050 0.677
0.051100 0.705
0.051150 0.741
0.051200 0.749
0.051250 0.792
0.051300 0.704
0.051350 0.673
0.051400 0.742
0.051450 0.781
0.051500 0.676
0.051550 0.691
0.051600 0.765
0.051650 0.750
0.051700 0.658
0.051750 0.742
0.051800 0.726
0.051850 0.770
0.051900 0.684
0.051950 0.758
0.052000 0.631
0.052050 0.733
0.052100 0.601
0.052150 0.679
0.052200 0.792
0.052250 0.713
0.052300 0.622
0.052350 0.688
0.052400 0.702
0.052450 0.600
0.052500 0.646
0.052550 0.691
0.052600 0.713
0.052650 0.646
0.052700 0.620
0.052750 0.625
0.052800 0.634
0.052850 0.652
0.052900 0.687
0.052950 0.672
0.053000 0.651
0.053050 0.646
0.053100 0.672
0.053150 0.593
0.053200 0.696
0.053250 0.597
0.053300 0.633
0.053350 0.536
0.053400 0.676
0.053450 0.659
0.053500 0.620
0.053550 0.630
0.053600 0.618
0.053650 0.684
0.053700 0.647
0.053750 0.640
0.053800 0.733
0.053850 0.649
0.053900 0.555
0.053950 0.724
0.054000 0.640
0.054050 0.656
0.054100 0.611
0.054150 0.729
0.054200 0.647
0.054250 0.643
0.054300 0.627
0.054350 0.676
0.054400 0.659
0.054450 0.584
0.054500 0.687
0.054550 0.639
0.054600 0.683
0.054650 0.648
0.054700 0.698
0.054750 0.687
0.054800 0.681
0.054850 0.684
0.054900 0.623
0.054950 0.611
0.055000 0.662
0.055050 0.596
0.055100 0.585
0.055150 0.614
0.055200 0.624
0.055250 0.690
0.055300 0.657
0.055350 0.671
0.055400 0.569
0.055450 0.568
0.055500 0.688
0.055550 0.708
0.055600 0.667
0.055650 0.683
0.055700 0.581
0.055750 0.614
0.055800 0.560
0.055850 0.634
0.055900 0.538
0.055950 0.538
0.056000 0.587
0.056050 0.539
0.056100 0.566
0.056150 0.593
0.056200 0.560
0.056250 0.569
0.056300 0.540
0.056350 0.538
0.056400 0.683
0.056450 0.569
0.056500 0.573
0.056550 0.517
0.056600 0.650
0.056650 0.696
0.056700 0.600
0.056750 0.515
0.056800 0.544
0.056850 0.661
0.056900 0.600
0.056950 0.559
0.057000 0.527
0.057050 0.554
0.057100 0.582
0.057150 0.544
0.057200 0.563
0.057250 0.556
0.057300 0.598
0.057350 0.688
0.057400 0.621
0.057450 0.533
0.057500 0.566
0.057550 0.641
0.057600 0.572
0.057650 0.545
0.057700 0.577
0.057750 0.581
0.057800 0.557
0.057850 0.502
0.057900 0.639
0.057950 0.580
0.058000 0.528
0.058050 0.533
0.058100 0.605
0.058150 0.532
0.058200 0.500
0.058250 0.639
0.058300 0.551
0.058350 0.574
0.058400 0.578
0.058450 0.565
0.058500 0.601
0.058550 0.504
0.058600 0.559
0.058650 0.506
0.058700 0.533
0.058750 0.555
0.058800 0.529
0.058850 0.548
0.058900 0.461
0.058950 0.518
0.059000 0.680
0.059050 0.521
0.059100 0.586
0.059150 0.472
0.059200 0.516
0.059250 0.517
0.059300 0.538
0.059350 0.483
0.059400 0.591
0.059450 0.511
0.059500 0.540
0.059550 0.560
0.059600 0.495
0.059650 0.586
0.059700 0.496
0.059750 0.520
0.059800 0.513
0.059850 0.489
0.059900 0.506
0.059950 0.534
0.060000 0.548
0.060050 0.538
0.060100 0.538
0.060150 0.503
0.060200 0.510
0.060250 0.520
0.060300 0.570
0.060350 0.516
0.060400 0.538
0.060450 0.572
0.060500 0.483
0.060550 0.582
0.060600 0.516
0.060650 0.546
0.060700 0.514
0.060750 0.426
0.060800 0.512
0.060850 0.454
0.060900 0.501
0.060950 0.582
0.061000 0.533
0.061050 0.482
0.061100 0.528
0.061150 0.497
0.061200 0.499
0.061250 0.505
0.061300 0.563
0.061350 0.556
0.061400 0.515
0.061450 0.514
0.061500 0.576
0.061550 0.523
0.061600 0.384
0.061650 0.534
0.061700 0.594
0.061750 0.545
0.061800 0.508
0.061850 0.477
0.061900 0.587
0.061950 0.588
0.062000 0.456
0.062050 0.428
0.062100 0.465
0.062150 0.482
0.062200 0.501
0.062250 0.543
0.062300 0.584
0.062350 0.506
0.062400 0.464
0.062450 0.441
0.062500 0.574
0.062550 0.436
0.062600 0.532
0.062650 0.522
0.062700 0.439
0.062750 0.475
0.062800 0.488
0.062850 0.436
0.062900 0.548
0.062950 0.543
0.063000 0.463
0.063050 0.521
0.063100 0.446
0.063150 0.561
0.063200 0.558
0.063250 0.477
0.063300 0.495
0.063350 0.467
0.063400 0.488
0.063450 0.429
0.063500 0.455
0.063550 0.526
0.063600 0.557
0.063650 0.473
0.063700 0.480
0.063750 0.505
0.063800 0.452
0.063850 0.483
0.063900 0.425
0.063950 0.526
0.064000 0.484
0.064050 0.444
0.064100 0.428
0.064150 0.489
0.064200 0.450
0.064250 0.476
0.064300 0.464
0.064350 0.504
0.064400 0.465
0.064450 0.476
0.064500 0.426
0.064550 0.521
0.064600 0.375
0.064650 0.485
0.064700 0.446
0.064750 0.473
0.064800 0.489
0.064850 0.556
0.064900 0.534
0.064950 0.524
0.065000 0.447
0.065050 0.465
0.065100 0.448
0.065150 0.461
0.065200 0.485
0.065250 0.415
0.065300 0.447
0.065350 0.431
0.065400 0.451
0.065450 0.538
0.065500 0.455
0.065550 0.419
0.065600 0.457
0.065650 0.459
0.065700 0.473
0.065750 0.438
0.065800 0.567
0.065850 0.444
0.065900 0.411
0.065950 0.474
0.066000 0.465
0.066050 0.540
0.066100 0.419
0.066150 0.421
0.066200 0.430
0.066250 0.515
0.066300 0.469
0.066350 0.403
0.066400 0.465
0.066450 0.420
0.066500 0.475
0.066550 0.495
0.066600 0.396
0.066650 0.510
0.066700 0.475
0.066750 0.492
0.066800 0.456
0.066850 0.467
0.066900 0.504
0.066950 0.579
0.067000 0.429
0.067050 0.445
0.067100 0.526
0.067150 0.417
0.067200 0.492
0.067250 0.402
0.067300 0.444
0.067350 0.531
0.067400 0.533
0.067450 0.459
0.067500 0.503
0.067550 0.457
0.067600 0.479
0.067650 0.513
0.067700 0.489
0.067750 0.468
0.067800 0.425
0.067850 0.437
0.067900 0.480
0.067950 0.490
0.068000 0.390
0.068050 0.465
0.068100 0.450
0.068150 0.437
0.068200 0.444
0.068250 0.455
0.068300 0.422
0.068350 0.423
0.068400 0.496
0.068450 0.375
0.068500 0.389
0.068550 0.505
0.068600 0.400
0.068650 0.442
0.068700 0.423
0.068750 0.422
0.068800 0.417
0.068850 0.416
0.068900 0.399
0.068950 0.379
0.069000 0.430
0.069050 0.461
0.069100 0.457
0.069150 0.435
0.069200 0.402
0.069250 0.408
0.069300 0.396
0.069350 0.400
0.069400 0.458
0.069450 0.440
0.069500 0.475
0.069550 0.433
0.069600 0.438
0.069650 0.399
0.069700 0.457
0.069750 0.480
0.069800 0.416
0.069850 0.381
0.069900 0.401
0.069950 0.486
0.070000 0.462
0.070050 0.461
0.070100 0.428
0.070150 0.514
0.070200 0.371
0.070250 0.432
0.070300 0.489
0.070350 0.435
0.070400 0.495
0.070450 0.441
0.070500 0.394
0.070550 0.506
0.070600 0.426
0.070650 0.472
0.070700 0.417
0.070750 0.436
0.070800 0.447
0.070850 0.457
0.070900 0.395
0.070950 0.384
0.071000 0.442
0.071050 0.415
0.071100 0.397
0.071150 0.443
0.071200 0.434
0.071250 0.420
0.071300 0.447
0.071350 0.400
0.071400 0.442
0.071450 0.398
0.071500 0.396
0.071550 0.395
0.071600 0.402
0.071650 0.394
0.071700 0.383
0.071750 0.421
0.071800 0.423
0.071850 0.415
0.071900 0.451
0.071950 0.397
0.072000 0.428
0.072050 0.408
0.072100 0.376
0.072150 0.435
0.072200 0.413
0.072250 0.363
0.072300 0.391
0.072350 0.460
0.072400 0.363
0.072450 0.447
0.072500 0.441
0.072550 0.363
0.072600 0.437
0.072650 0.422
0.072700 0.379
0.072750 0.403
0.072800 0.421
0.072850 0.469
0.072900 0.437
0.072950 0.410
0.073000 0.405
0.073050 0.440
0.073100 0.393
0.073150 0.364
0.073200 0.386
0.073250 0.467
0.073300 0.468
0.073350 0.408
0.073400 0.454
0.073450 0.367
0.073500 0.432
0.073550 0.347
0.073600 0.413
0.073650 0.396
0.073700 0.383
0.073750 0.446
0.073800 0.434
0.073850 0.395
0.073900 0.434
0.073950 0.443
0.074000 0.467
0.074050 0.442
0.074100 0.349
0.074150 0.387
0.074200 0.349
0.074250 0.399
0.074300 0.475
0.074350 0.405
0.074400 0.382
0.074450 0.411
0.074500 0.476
0.074550 0.409
0.074600 0.403
0.074650 0.437
0.074700 0.357
0.074750 0.413
0.074800 0.333
0.074850 0.352
0.074900 0.360
0.074950 0.382
0.075000 0.387
0.075050 0.448
0.075100 0.399
0.075150 0.348
0.075200 0.399
0.075250 0.397
0.075300 0.373
0.075350 0.392
0.075400 0.372
0.075450 0.390
0.075500 0.409
0.075550 0.379
0.075600 0.380
0.075650 0.306
0.075700 0.351
0.075750 0.394
0.075800 0.416
0.075850 0.400
0.075900 0.395
0.075950 0.389
0.076000 0.459
0.076050 0.406
0.076100 0.342
0.076150 0.418
0.076200 0.414
0.076250 0.421
0.076300 0.390
0.076350 0.378
0.076400 0.427
0.076450 0.363
0.076500 0.413
0.076550 0.393
0.076600 0.304
0.076650 0.408
0.076700 0.370
0.076750 0.387
0.076800 0.402
0.076850 0.394
0.076900 0.403
0.076950 0.436
0.077000 0.469
0.077050 0.491
0.077100 0.418
0.077150 0.422
0.077200 0.344
0.077250 0.363
0.077300 0.433
0.077350 0.363
0.077400 0.354
0.077450 0.391
0.077500 0.390
0.077550 0.334
0.077600 0.347
0.077650 0.377
0.077700 0.398
0.077750 0.393
0.077800 0.349
0.077850 0.395
0.077900 0.412
0.077950 0.336
0.078000 0.315
0.078050 0.333
0.078100 0.339
0.078150 0.363
0.078200 0.374
0.078250 0.451
0.078300 0.430
0.078350 0.356
0.078400 0.348
0.078450 0.388
0.078500 0.385
0.078550 0.367
0.078600 0.346
0.078650 0.377
0.078700 0.362
0.078750 0.394
0.078800 0.373
0.078850 0.421
0.078900 0.410
0.078950 0.379
0.079000 0.317
0.079050 0.325
0.079100 0.382
0.079150 0.399
0.079200 0.312
0.079250 0.368
0.079300 0.395
0.079350 0.371
0.079400 0.338
0.079450 0.341
0.079500 0.473
0.079550 0.429
0.079600 0.406
0.079650 0.402
0.079700 0.405
0.079750 0.395
0.079800 0.445
0.079850 0.400
0.079900 0.345
0.079950 0.309
0.080000 0.411
