0.076558 -0.0250000004 -0.00389576584 -0.0347825101 asynchronous_release_0
0.170497 -0.0250000004 0.0281746544 -0.0207650872 asynchronous_release_0
0.097652 -0.0250000004 -0.000998360546 5.72382691e-05 asynchronous_release_0
0.132463 -0.0250000004 0.00096001357 -0.00027995347 asynchronous_release_0
0.110446 -0.0250000004 0.0292296696 0.0192516601 synchronous_release_0
0.00676 -0.0250000004 0.0287603339 0.019946007 synchronous_release_0
0.128321 -0.0250000004 -0.000519921313 0.000854214158 asynchronous_release_0
0.165592 -0.0250000004 -0.0348607146 0.00311938778 asynchronous_release_0
0.141602 -0.0250000004 0.00885697787 -0.0338608025 asynchronous_release_0
0.10782 -0.0250000004 0.000967451499 0.00025305651 synchronous_release_0
0.133496 -0.0250000004 -0.000667305855 -0.000744783792 asynchronous_release_0
0.004119 -0.0250000004 0.00641362042 0.0344073462 synchronous_release_0
0.070034 -0.0250000004 0.00166733703 -0.034960263 asynchronous_release_0
0.128249 -0.0250000004 0.0342718524 -0.00710212168 asynchronous_release_0
0.135588 -0.0250000004 0.0139318771 0.0321076751 asynchronous_release_0
0.022025 -0.0250000004 -0.0190253749 -0.0293774592 asynchronous_release_0
0.112355 -0.0250000004 -0.0319184198 0.0143601697 synchronous_release_0
0.00355 -0.0250000004 0.0232862109 0.0261295308 synchronous_release_0
0.082608 -0.0250000004 -0.0180780173 -0.0299697396 asynchronous_release_0
0.105515 -0.0250000004 -0.0348662734 -0.00305662929 synchronous_release_0
0.153236 -0.0250000004 -0.0107321205 -0.0333139849 asynchronous_release_0
0.109251 -0.0250000004 -0.000999223759 3.93938988e-05 synchronous_release_0
0.162577 -0.0250000004 -0.000173383199 0.000984854439 asynchronous_release_0
0.189169 -0.0250000004 -0.0310957865 0.0160639989 asynchronous_release_0
0.103146 -0.0250000004 0.000442374428 -0.000896830455 synchronous_release_0
0.092956 -0.0250000004 -0.0149046091 -0.0316678485 asynchronous_release_0
0.197281 -0.0250000004 -0.0348774658 -0.00292615418 asynchronous_release_0
0.065374 -0.0250000004 -0.0328653635 0.0120361074 asynchronous_release_0
0.174913 -0.0250000004 -0.0182215081 0.0298827148 asynchronous_release_0
0.196446 -0.0250000004 0.000360031667 -0.0349981482 asynchronous_release_0
0.179708 -0.0250000004 0.0299886557 0.0180466211 asynchronous_release_0
0.002259 -0.0250000004 0.0222600959 -0.05638695 synchronous_release_0
0.112191 -0.0250000004 0.000349780842 0.000936831555 asynchronous_release_0
0.197014 -0.0250000004 -0.0327891044 0.0122423295 asynchronous_release_0
0.0744 -0.0250000004 0.0250044337 -0.0244903715 asynchronous_release_0
0.107758 -0.0250000004 0.0309799713 -0.0162862327 asynchronous_release_0
0.111846 -0.0250000004 0.0295942769 0.0186863258 synchronous_release_0
0.118491 -0.0250000004 0.0270737465 0.0221813492 asynchronous_release_0
0.104439 -0.0250000004 0.000986777909 0.000162078246 synchronous_release_0
0.046953 -0.0250000004 -0.0256116027 0.023854681 asynchronous_release_0
0.016004 -0.0250000004 0.0178536673 -0.0301039294 asynchronous_release_0
0.020549 -0.0250000004 0.0204673765 0.0283916625 asynchronous_release_0
0.132165 -0.0250000004 0.0345259282 0.00574110488 asynchronous_release_0
0.181338 -0.0250000004 -0.00353166425 -0.0348213634 asynchronous_release_0
0.102984 -0.0250000004 0.0326871295 -0.0125120568 synchronous_release_0
0.103651 -0.0250000004 0.0338704837 -0.00881988282 synchronous_release_0
0.148715 -0.0250000004 0.0299761006 0.0180674679 asynchronous_release_0
0.104316 -0.0250000004 -0.022542937 0.0267734195 asynchronous_release_0
0.1826 -0.0250000004 0.000942676939 -0.000333706742 asynchronous_release_0
0.002838 -0.0250000004 0.0345936674 -0.00531772294 synchronous_release_0
0.135522 -0.0250000004 0.0172224981 -0.0304694201 asynchronous_release_1
0.044696 -0.0250000004 0.00491866719 0.0346526581 asynchronous_release_0
0.111017 -0.0250000004 0.0272958581 -0.0219074446 synchronous_release_0
0.044464 -0.0250000004 0.0332735255 0.0108569102 asynchronous_release_0
0.116252 -0.0250000004 -0.047127669 -0.0381311266 asynchronous_release_0
0.164118 -0.0250000004 0.047127669 0.0381311266 asynchronous_release_0
0.105264 -0.0250000004 0.0594749543 -0.0117358344 synchronous_release_0
0.182453 -0.0250000004 -0.0131749824 0.0324256047 asynchronous_release_0
0.111281 -0.0250000004 -0.00894401375 -0.0599583574 synchronous_release_0
0.108931 -0.0250000004 0.0143308583 0.031931591 synchronous_release_0
0.146879 -0.0250000004 -0.000834406561 -0.000551149426 asynchronous_release_0
0.156243 -0.0250000004 0.0349367197 0.00210371434 asynchronous_release_0
0.184415 -0.0250000004 -0.016307216 0.0309689313 asynchronous_release_0
0.10328 -0.0250000004 -0.00113595215 -0.034981561 synchronous_release_0
0.102826 -0.0250000004 0.0345354691 -0.00568343007 synchronous_release_0
0.129448 -0.0250000004 0.0123457397 -0.0327503086 synchronous_release_1
0.107902 -0.0250000004 0.0234429633 0.0259889875 asynchronous_release_0
0.103534 -0.0250000004 0.0319804713 0.0142214435 asynchronous_release_0
0.185748 -0.0250000004 -0.0597010955 -0.0105251699 asynchronous_release_1
0.10629 -0.0250000004 -0.0231749584 -0.0262282539 asynchronous_release_0
0.103232 -0.0250000004 0.0493727341 -0.0351757463 synchronous_release_0
0.002657 -0.0250000004 0.0308927416 0.0164510947 synchronous_release_0
0.104897 -0.0250000004 0.0330890954 0.0114066545 synchronous_release_0
0.012483 -0.0250000004 0.0337010418 0.00944668103 asynchronous_release_0
0.083664 -0.0250000004 -0.0328643358 0.0120389133 asynchronous_release_0
0.017323 -0.0250000004 -0.0209792244 0.0280155696 synchronous_release_0
0.117005 -0.0250000004 0.0188376074 -0.0294982126 asynchronous_release_0
0.162944 -0.0250000004 0.000376794624 -0.000926296827 asynchronous_release_1
0.117794 -0.0250000004 -0.000977799575 -0.000209542335 asynchronous_release_0
0.007098 -0.0250000004 -0.00223391551 0.0349286361 synchronous_release_0
0.185946 -0.0250000004 0.00738347962 0.0342123403 asynchronous_release_0
0.1506 -0.0250000004 0.0103236559 0.0334428188 asynchronous_release_0
0.140244 -0.0250000004 0.0344001093 0.00645232379 asynchronous_release_0
0.107198 -0.0250000004 -0.0347320299 0.00432274193 asynchronous_release_0
0.156512 -0.0250000004 -0.0265018911 0.0228615347 asynchronous_release_0
0.115368 -0.0250000004 0.0198102824 0.0288539895 asynchronous_release_0
0.106674 -0.0250000004 0.0346553667 -0.00489954666 synchronous_release_0
0.188499 -0.0250000004 0.0305898545 0.0170076688 asynchronous_release_0
0.188828 -0.0250000004 -0.0294802376 -0.0188657253 asynchronous_release_0
0.134171 -0.0250000004 0.0185985964 0.057698286 asynchronous_release_0
0.1788 -0.0250000004 0.0259553587 0.0234801907 asynchronous_release_0
0.115886 -0.0250000004 -0.0337655624 -0.00921340304 asynchronous_release_0
0.120412 -0.0250000004 0.000975634135 -0.000219403817 asynchronous_release_0
0.037282 -0.0250000004 -0.032075003 0.0140069334 asynchronous_release_0
0.16082 -0.0250000004 -0.0281678617 -0.0207743007 asynchronous_release_0
0.041209 -0.0250000004 -0.0150157182 0.031615316 asynchronous_release_0
0.142272 -0.0250000004 0.000823190041 -0.000567765934 asynchronous_release_0
0.113239 -0.0250000004 -0.000757173899 -0.000653213355 asynchronous_release_0
0.157892 -0.0250000004 0.0115193804 0.0330500208 asynchronous_release_0
0.11027 -0.0250000004 -0.0216031643 -0.0275373073 asynchronous_release_1
0.087645 -0.0250000004 -0.0349582503 -0.00170901646 asynchronous_release_0
0.12242 -0.0250000004 -0.000998851859 4.79057829e-05 asynchronous_release_0
0.156248 -0.0250000004 -0.000925473599 0.000378812114 asynchronous_release_0
0.092269 -0.0250000004 -0.0337645331 0.00921717443 asynchronous_release_0
0.19989 -0.0250000004 -0.00889995935 0.0338495306 asynchronous_release_1
0.004182 -0.0250000004 0.0314956015 -0.0152652248 synchronous_release_0
0.151684 -0.0250000004 0.0286809872 -0.0200599346 asynchronous_release_0
0.007317 -0.0250000004 0.0286681991 0.0200782061 synchronous_release_0
0.097595 -0.0250000004 -0.0178535963 -0.0301039715 asynchronous_release_0
0.108347 -0.0250000004 -0.0087500331 0.0338885957 asynchronous_release_0
0.134953 -0.0250000004 0.0255797348 0.0238888502 asynchronous_release_0
0.104608 -0.0250000004 0.0269036589 -0.0223873433 synchronous_release_1
0.038084 -0.0250000004 0.0038829091 0.0347839477 asynchronous_release_0
0.15899 -0.0250000004 0.016698544 0.0307596916 asynchronous_release_0
0.137984 -0.0250000004 0.000970668474 -0.000240421947 asynchronous_release_0
0.150713 -0.0250000004 0.0217422053 0.0274276596 asynchronous_release_2
0.116301 -0.0250000004 0.0143380524 0.0319283612 asynchronous_release_0
0.002665 -0.0250000004 -0.000810894237 -0.000585192735 synchronous_release_0
0.186648 -0.0250000004 -0.0292536231 0.0192152423 asynchronous_release_0
0.157162 -0.0250000004 0.00988675677 0.0335745743 synchronous_release_0
0.047046 -0.0250000004 0.033695454 -0.00946659295 asynchronous_release_0
0.158069 -0.0250000004 0.000856369347 0.000516363768 asynchronous_release_0
0.168164 -0.0250000004 0.0253910638 0.0240892897 asynchronous_release_0
0.135909 -0.0250000004 0.0279875174 -0.0210166331 asynchronous_release_0
0.041971 -0.0250000004 0.0303681271 0.0174004844 asynchronous_release_0
0.102443 -0.0250000004 -0.0196499322 -0.028963428 synchronous_release_0
0.176097 -0.0250000004 -0.0118095413 -0.0329474541 asynchronous_release_0
0.12833 -0.0250000004 0.0247134642 0.0247839603 asynchronous_release_0
0.145149 -0.0250000004 -0.0257149768 -0.0237432089 asynchronous_release_1
0.137079 -0.0250000004 0.0165494534 0.030840162 asynchronous_release_0
0.113559 -0.0250000004 0.0195080163 -0.0290592033 synchronous_release_0
0.051078 -0.0250000004 0.00729793563 0.03423069 asynchronous_release_0
0.175313 -0.0250000004 0.00410825571 -0.0347580528 asynchronous_release_0
0.103014 -0.0250000004 -0.00958452313 -0.0336620991 synchronous_release_0
0.113404 -0.0250000004 0.0339444945 0.00853060904 synchronous_release_0
0.069191 -0.0250000004 0.0275838367 -0.0215437219 asynchronous_release_0
0.009766 -0.0250000004 0.0154154653 -0.0314223397 synchronous_release_0
0.103756 -0.0250000004 -0.0345174889 -0.00579162821 synchronous_release_0
0.157198 -0.0250000004 -0.0217426057 -0.0274273422 asynchronous_release_0
0.110336 -0.0250000004 -0.0292122624 0.0192780634 asynchronous_release_0
0.148639 -0.0250000004 0.00208916141 0.034937593 asynchronous_release_0
0.103282 -0.0250000004 -0.000290351722 -0.000956919995 synchronous_release_1
0.102813 -0.0250000004 0.0345227992 0.00575989015 synchronous_release_0
0.006657 -0.0250000004 -0.0320812589 0.013992599 synchronous_release_0
0.168379 -0.0250000004 0.00544902653 0.0345732282 asynchronous_release_0
0.107833 -0.0250000004 0.000333060484 0.000942905464 asynchronous_release_0
0.129068 -0.0250000004 0.0347305175 0.00433487634 asynchronous_release_0
0.110325 -0.0250000004 0.042291182 0.0434333504 synchronous_release_1
0.07901 -0.0250000004 -0.0117778112 -0.0329588101 asynchronous_release_0
0.102787 -0.0250000004 0.031372162 -0.0155173274 asynchronous_release_0
0.107297 -0.0250000004 -0.00643150437 0.0344040078 synchronous_release_0
0.098592 -0.0250000004 0.0089888271 0.0599516554 asynchronous_release_0
0.11299 -0.0250000004 0.0241019499 -0.0253790467 synchronous_release_1
0.170334 -0.0250000004 -0.0334772358 -0.0102114976 asynchronous_release_0
0.119496 -0.0250000004 -0.0333383212 0.0106562816 synchronous_release_0
0.149516 -0.0250000004 0.0236001344 -0.0258463471 asynchronous_release_0
0.111086 -0.0250000004 0.0259672956 -0.0234669887 synchronous_release_0
0.102635 -0.0250000004 -0.0596785365 -0.0106523367 synchronous_release_0
0.102531 -0.0250000004 0.0174207278 -0.030356519 synchronous_release_0
0.119133 -0.0250000004 -0.0348745889 0.0029602448 synchronous_release_0
0.185847 -0.0250000004 -0.011881387 0.0329216136 asynchronous_release_0
0.106954 -0.0250000004 -0.0346930433 -0.00462522966 synchronous_release_1
0.104968 -0.0250000004 0.0248828976 0.0246138459 synchronous_release_0
0.111622 -0.0250000004 0.0185193428 -0.0296990563 synchronous_release_0
0.003402 -0.0250000004 0.0318980582 -0.0144053421 synchronous_release_0
0.112371 -0.0250000004 0.0239277329 -0.025543367 asynchronous_release_0
0.109299 -0.0250000004 0.0277463917 0.0213339577 asynchronous_release_0
0.068153 -0.0250000004 -0.0343909348 -0.00650104632 asynchronous_release_0
0.12376 -0.0250000004 0.0115653961 0.0330339464 asynchronous_release_0
0.125997 -0.0250000004 0.0349701012 0.00144638258 asynchronous_release_0
0.109093 -0.0250000004 -0.0313025068 -0.0156573647 asynchronous_release_0
0.003467 -0.0250000004 0.00757615886 -0.034170189 synchronous_release_0
0.006692 -0.0250000004 0.0345819226 0.00539357297 synchronous_release_0
0.189868 -0.0250000004 -0.0338078363 0.00905705291 asynchronous_release_0
0.128427 -0.0250000004 0.0265722332 -0.0227797371 asynchronous_release_0
0.151141 -0.0250000004 0.00644171439 0.0344020975 asynchronous_release_0
0.114409 -0.0250000004 0.0330139476 0.0116223605 synchronous_release_0
0.110552 -0.0250000004 0.0209919242 -0.028006055 synchronous_release_1
0.10285 -0.0250000004 0.0248368381 0.0246603219 synchronous_release_0
0.153376 -0.0250000004 -0.0195730804 -0.0290154187 asynchronous_release_0
0.119595 -0.0250000004 -0.0311207577 0.0160155687 synchronous_release_0
0.155663 -0.0250000004 -0.00946226033 -0.0336966709 asynchronous_release_0
0.11093 -0.0250000004 -0.0339133032 -0.00865377762 synchronous_release_0
0.199664 -0.0250000004 0.0167294305 0.0307429042 asynchronous_release_0
0.123374 -0.0250000004 -0.0299372239 -0.0181318126 asynchronous_release_0
0.008005 -0.0250000004 0.0176887535 -0.0302011258 synchronous_release_0
0.063064 -0.0250000004 -0.0314949277 -0.0152666148 asynchronous_release_0
0.165591 -0.0250000004 -0.0452076706 0.0534440503 asynchronous_release_0
0.05878 -0.0250000004 0.00942192 0.0337079727 asynchronous_release_0
0.141417 -0.0250000004 -0.0298255062 -0.0183149988 asynchronous_release_0
0.068193 -0.0250000004 0.0164676964 -0.0308838951 asynchronous_release_0
0.135731 -0.0250000004 -0.034508438 0.00584531485 asynchronous_release_0
0.124018 -0.0250000004 -0.0311367796 0.0159843973 asynchronous_release_0
0.197457 -0.0250000004 -0.00172549569 0.0349574408 asynchronous_release_0
0.173936 -0.0250000004 -0.0201042816 -0.0286499191 asynchronous_release_0
0.173656 -0.0250000004 -0.0135406115 -0.0322746315 asynchronous_release_0
0.01534 -0.0250000004 -0.00042018862 -0.000907436788 asynchronous_release_0
0.142256 -0.0250000004 0.0319967766 0.0141847203 asynchronous_release_0
0.102621 -0.0250000004 0.0349999681 -4.72879058e-05 synchronous_release_0
0.105925 -0.0250000004 0.0282868946 -0.0206119284 synchronous_release_1
0.130666 -0.0250000004 0.00886457862 0.0338588134 asynchronous_release_0
0.153332 -0.0250000004 -0.000703038771 -0.000711151521 asynchronous_release_0
0.116779 -0.0250000004 -0.0248903032 0.024606357 synchronous_release_0
0.182275 -0.0250000004 0.000748020364 0.000663675775 asynchronous_release_0
0.134888 -0.0250000004 0.00500753385 -0.0346399279 asynchronous_release_0
0.150055 -0.0250000004 0.0330114342 0.0116294975 asynchronous_release_0
0.134441 -0.0250000004 -0.00511808621 0.0346237663 asynchronous_release_0
0.059266 -0.0250000004 0.0332713029 0.0108637197 asynchronous_release_0
0.024318 -0.0250000004 -0.000972061384 -0.000234726789 asynchronous_release_0
0.101027 -0.0250000004 -0.0254602086 -0.0240161983 asynchronous_release_0
0.170365 -0.0250000004 -0.00806853352 0.0340572865 asynchronous_release_0
0.164618 -0.0250000004 -0.0212073435 0.0278432861 asynchronous_release_0
0.194962 -0.0250000004 0.0347166649 0.00444445511 asynchronous_release_0
0.174996 -0.0250000004 0.000830115858 0.000557590946 asynchronous_release_0
0.123423 -0.0250000004 -0.0344733632 0.00604873795 asynchronous_release_0
0.003167 -0.0250000004 0.0243753537 0.0251165709 synchronous_release_0
0.106058 -0.0250000004 0.0298338656 -0.0183013788 synchronous_release_1
0.168097 -0.0250000004 -0.0339741501 0.00841172562 asynchronous_release_0
0.071437 -0.0250000004 0.0308768614 0.0164808808 asynchronous_release_0
0.150245 -0.0250000004 0.0345640951 0.00550666251 asynchronous_release_0
0.003124 -0.0250000004 0.0336172088 -0.0097408046 synchronous_release_0
0.137439 -0.0250000004 -0.000558505126 -0.00082950107 asynchronous_release_0
0.171859 -0.0250000004 0.0349639262 -0.00158866842 asynchronous_release_0
0.116203 -0.0250000004 0.0558735913 0.0235189667 synchronous_release_0
0.081493 -0.0250000004 0.0162604374 -0.0309935183 asynchronous_release_0
0.003896 -0.0250000004 0.0342641505 0.00713918693 synchronous_release_0
0.192063 -0.0250000004 -0.000341810414 0.00093976893 asynchronous_release_0
0.121001 -0.0250000004 0.0325804793 0.0127871955 synchronous_release_1
0.106551 -0.0250000004 -0.02628541 -0.0231101109 asynchronous_release_0
0.145846 -0.0250000004 -0.000876607822 -0.000481205493 asynchronous_release_0
0.103002 -0.0250000004 0.0349379737 -0.00208278487 synchronous_release_0
0.139122 -0.0250000004 -0.00097982626 0.000199851197 asynchronous_release_0
0.107177 -0.0250000004 0.0178133297 0.0301278158 synchronous_release_0
0.086215 -0.0250000004 0.00925204184 -0.0337549955 asynchronous_release_0
0.155461 -0.0250000004 -0.0192347083 -0.0292408275 asynchronous_release_0
0.0053 -0.0250000004 -0.00375405919 0.0347980896 synchronous_release_0
0.102483 -0.0250000004 0.0349358843 0.00211754321 synchronous_release_0
0.13831 -0.0250000004 0.0174973543 0.0303124165 asynchronous_release_0
0.105053 -0.0250000004 0.000624883365 0.000780718119 synchronous_release_0
0.03444 -0.0250000004 0.0338807676 -0.00878029535 asynchronous_release_0
0.105995 -0.0250000004 0.0314649186 0.015328369 synchronous_release_0
0.045139 -0.0250000004 0.0347700867 -0.00400513082 asynchronous_release_0
0.00311 -0.0250000004 0.0327510854 0.0123436787 synchronous_release_0
0.004651 -0.0250000004 0.027065482 -0.0221914327 synchronous_release_0
0.075289 -0.0250000004 0.0339364086 0.00856271972 asynchronous_release_0
0.105879 -0.0250000004 -0.0278062467 0.021255885 synchronous_release_0
0.137636 -0.0250000004 0.0245265527 -0.024968945 asynchronous_release_0
0.122261 -0.0250000004 -0.0348249747 0.00349587396 asynchronous_release_0
0.146645 -0.0250000004 -0.032751302 -0.012343104 asynchronous_release_0
0.187494 -0.0250000004 -0.0341231107 0.00778545563 asynchronous_release_0
0.107033 -0.0250000004 0.000733107225 -0.000680113077 synchronous_release_0
0.163529 -0.0250000004 0.0270744112 -0.0221805378 asynchronous_release_0
0.110475 -0.0250000004 0.000833997795 -0.000551767776 synchronous_release_0
0.086321 -0.0250000004 -0.0302976335 -0.0175229394 asynchronous_release_0
0.00597 -0.0250000004 0.0233216448 -0.0260979096 synchronous_release_0
0.010712 -0.0250000004 0.0341831449 0.00751748665 synchronous_release_0
0.103919 -0.0250000004 -0.0345977716 0.00529095487 synchronous_release_0
0.135455 -0.0250000004 0.0157390771 -0.0312615011 asynchronous_release_0
0.004234 -0.0250000004 -0.0143614887 0.0319178264 synchronous_release_0
0.003704 -0.0250000004 0.00098522756 -0.000171250273 synchronous_release_0
0.162632 -0.0250000004 0.00724267424 -0.034242425 asynchronous_release_0
0.067534 -0.0250000004 0.0289549485 -0.019662425 asynchronous_release_0
0.102261 -0.0250000004 0.000830278254 0.000557349102 synchronous_release_0
0.106233 -0.0250000004 -0.000331505108 -0.000943453424 synchronous_release_1
0.114011 -0.0250000004 0.0342479442 0.00721653087 synchronous_release_0
0.108394 -0.0250000004 0.00489824063 0.0346555513 asynchronous_release_0
0.164942 -0.0250000004 -0.0327713055 0.0122898957 asynchronous_release_0
0.149185 -0.0250000004 -0.0205656112 -0.0283205868 asynchronous_release_0
0.106128 -0.0250000004 0.0281381115 0.0208145786 synchronous_release_1
0.130877 -0.0250000004 0.0347213466 -0.00440773078 synchronous_release_0
0.106739 -0.0250000004 0.0269723044 -0.0223045913 synchronous_release_0
0.173946 -0.0250000004 -0.0287320045 0.0199867936 asynchronous_release_0
0.12411 -0.0250000004 0.0280496982 -0.0209335718 asynchronous_release_0
0.15155 -0.0250000004 0.0124333103 0.0327171636 asynchronous_release_0
0.119275 -0.0250000004 0.0330570682 0.0114991408 asynchronous_release_0
0.1695 -0.0250000004 0.0249747135 -0.0245206787 asynchronous_release_0
0.117252 -0.0250000004 0.0345186365 0.00578478452 synchronous_release_0
0.108965 -0.0250000004 0.0270334 0.0222305034 asynchronous_release_0
0.116044 -0.0250000004 0.0186324839 0.0296282052 asynchronous_release_0
0.106317 -0.0250000004 0.0347211354 -0.00440939421 synchronous_release_0
0.003643 -0.0250000004 0.0211792151 0.0278646882 synchronous_release_1
0.157126 -0.0250000004 0.0254403631 0.0240372196 asynchronous_release_0
0.175093 -0.0250000004 0.0172950003 0.030428325 asynchronous_release_1
0.120983 -0.0250000004 -0.00199338606 0.0349431883 synchronous_release_0
0.038613 -0.0250000004 0.0221378605 0.0271093182 asynchronous_release_0
0.152149 -0.0250000004 0.0208900614 0.0280821177 asynchronous_release_0
0.105546 -0.0250000004 0.0180259764 -0.0300010696 synchronous_release_0
0.118759 -0.0250000004 -0.0349884764 0.000898064954 asynchronous_release_0
0.002658 -0.0250000004 -0.000184181496 -0.000982892251 synchronous_release_0
0.10721 -0.0250000004 0.0343889723 0.00651141929 synchronous_release_0
0.181194 -0.0250000004 0.0476742542 0.0374455003 asynchronous_release_0
0.152402 -0.0250000004 0.0146001469 -0.0318093652 asynchronous_release_0
0.007687 -0.0250000004 0.00656821113 -0.0343781704 asynchronous_release_0
