0.025092 -0.0250000004 0.0261388706 -0.0232757265 synchronous_release_0
0.030419 -0.0250000004 0.0076437643 -0.0341551294 synchronous_release_0
0.034399 -0.0250000004 -0.0076437643 0.0341551294 synchronous_release_0
0.024232 -0.0250000004 0.000738446739 -0.000674311807 synchronous_release_0
0.040639 -0.0250000004 0.0105825206 -0.0333618084 synchronous_release_0
0.008287 -0.0250000004 0.0347278961 -0.00435582749 synchronous_release_0
0.024808 -0.0250000004 0.0211362053 0.0278973265 synchronous_release_0
0.00375 -0.0250000004 -0.000374125675 -0.000927378013 synchronous_release_0
0.025361 -0.0250000004 0.0349674965 -0.00150804046 synchronous_release_0
0.031044 -0.0250000004 -0.0161777469 0.0310367605 synchronous_release_1
0.023762 -0.0250000004 0.0348109579 -0.00363279679 synchronous_release_1
0.028028 -0.0250000004 -0.0332895598 0.0108076459 synchronous_release_0
0.02448 -0.0250000004 0.0263343319 0.0230543481 synchronous_release_1
0.024813 -0.0250000004 0.000959706616 -0.000281003935 synchronous_release_0
0.023614 -0.0250000004 0.0185481601 0.0296810673 synchronous_release_0
0.040808 -0.0250000004 -0.0347995046 0.00374091925 synchronous_release_0
0.025998 -0.0250000004 0.0347995046 -0.00374091925 synchronous_release_1
0.031913 -0.0250000004 0.0121885668 -0.0328091274 synchronous_release_0
0.005718 -0.0250000004 0.0290481722 -0.0195244383 synchronous_release_0
0.022333 -0.0250000004 -0.00238457347 -0.0349186742 synchronous_release_0
0.028767 -0.0250000004 -0.0149489225 -0.0316469543 synchronous_release_0
0.024043 -0.0250000004 0.00399126546 0.034771681 synchronous_release_0
0.031887 -0.0250000004 -0.0281175264 0.0208423778 synchronous_release_0
0.02487 -0.0250000004 0.0281175264 -0.0208423778 synchronous_release_2
0.003779 -0.0250000004 0.000861443365 -0.000507853649 synchronous_release_0
0.004922 -0.0250000004 -0.00804132213 0.0340637217 synchronous_release_0
0.023614 -0.0250000004 0.0335207094 -0.0100678716 synchronous_release_0
0.029852 -0.0250000004 0.0148079516 0.0317131608 synchronous_release_0
0.025458 -0.0250000004 0.0343444984 0.00674206421 synchronous_release_2
0.027001 -0.0250000004 -0.0331347859 -0.011273241 synchronous_release_1
0.024893 -0.0250000004 0.0211330149 0.0278997434 synchronous_release_0
0.032121 -0.0250000004 -0.00502027993 -0.0346380829 synchronous_release_1
0.046024 -0.0250000004 0.0301917556 0.0177047422 synchronous_release_0
0.030875 -0.0250000004 -0.000236878746 0.0349991984 synchronous_release_1
0.021752 -0.0250000004 0.0344598717 0.00612513202 synchronous_release_0
0.029144 -0.0250000004 0.0249870186 -0.0245081395 synchronous_release_0
0.024108 -0.0250000004 0.0323420551 0.0133787696 synchronous_release_0
0.024047 -0.0250000004 -0.000995953294 8.98723296e-05 synchronous_release_0
0.028141 -0.0250000004 0.0217395285 0.0274297812 synchronous_release_0
0.047606 -0.0250000004 0.0346246516 -0.00511209335 synchronous_release_1
0.037042 -0.0250000004 0.0262897766 0.0231051433 synchronous_release_0
0.023403 -0.0250000004 0.0349775287 0.00125398849 synchronous_release_0
0.035215 -0.0250000004 0.000236069317 -0.000971736218 synchronous_release_0
0.038051 -0.0250000004 0.0170953684 -0.0305409296 synchronous_release_1
0.026656 -0.0250000004 0.0073388843 0.0342219342 synchronous_release_0
0.004748 -0.0250000004 0.0225346199 -0.0267804202 synchronous_release_0
0.027191 -0.0250000004 0.0344598342 0.00612534319 synchronous_release_1
0.023538 -0.0250000004 0.03499209 0.000744070252 synchronous_release_0
0.024615 -0.0250000004 0.0279274712 -0.0210963588 synchronous_release_0
0.026454 -0.0250000004 0.0322337182 0.0136377201 synchronous_release_1
0.022899 -0.0250000004 0.0269686395 -0.0223090225 synchronous_release_1
0.025184 -0.0250000004 0.0300140934 -0.0180042828 synchronous_release_0
0.025092 -0.0250000004 0.0300734081 -0.0179050308 synchronous_release_0
0.023749 -0.0250000004 0.0240925482 0.025387972 synchronous_release_0
0.023843 -0.0250000004 0.0168775023 0.0306618642 synchronous_release_0
0.027206 -0.0250000004 0.0154131568 -0.0314234721 synchronous_release_0
0.003563 -0.0250000004 -0.00231818869 -0.0349231442 synchronous_release_0
0.025541 -0.0250000004 -0.000999200618 -3.99765482e-05 synchronous_release_1
0.0327 -0.0250000004 0.00280926797 0.0348870752 synchronous_release_1
0.023821 -0.0250000004 0.0333827069 -0.0105164099 synchronous_release_0
0.025558 -0.0250000004 0.0194867134 -0.0290734931 synchronous_release_1
0.033152 -0.0250000004 -0.000460021668 -0.000887907689 synchronous_release_0
0.036762 -0.0250000004 0.0218804809 -0.0273174771 synchronous_release_0
0.046868 -0.0250000004 0.0228985072 0.0264699522 synchronous_release_0
0.02481 -0.0250000004 0.00054716887 0.000837022238 synchronous_release_0
0.036955 -0.0250000004 0.0019372858 0.0349463435 synchronous_release_0
0.004829 -0.0250000004 0.01886606 -0.0294800234 synchronous_release_0
0.008536 -0.0250000004 0.0349634792 0.00159847557 synchronous_release_0
0.023391 -0.0250000004 0.0326063756 0.0127210168 synchronous_release_1
0.023736 -0.0250000004 0.0294130015 -0.0189703807 synchronous_release_0
0.033675 -0.0250000004 -0.0294130015 0.0189703807 synchronous_release_0
0.023328 -0.0250000004 0.0334919285 0.0101632043 synchronous_release_1
0.039075 -0.0250000004 0.0303366521 0.0174553011 synchronous_release_0
0.027739 -0.0250000004 -0.0131161367 -0.0324494523 synchronous_release_0
0.025139 -0.0250000004 0.01903711 0.029369856 synchronous_release_0
0.025611 -0.0250000004 -0.0284832056 0.0203397886 synchronous_release_0
0.042486 -0.0250000004 0.000581136816 0.000813805874 synchronous_release_0
0.027129 -0.0250000004 0.0185278162 0.0296937709 synchronous_release_0
0.022958 -0.0250000004 0.0316444581 0.0149542059 synchronous_release_0
0.03002 -0.0250000004 0.0287729512 -0.0199278016 synchronous_release_0
0.04026 -0.0250000004 -0.0019040412 -0.0349481706 synchronous_release_0
0.025402 -0.0250000004 0.0312180241 0.0158251372 synchronous_release_1
0.006578 -0.0250000004 0.0349899057 0.000840533816 synchronous_release_0
0.042151 -0.0250000004 0.000999821381 1.88998932e-05 synchronous_release_0
0.023744 -0.0250000004 0.034868316 -0.00303323855 synchronous_release_0
0.007271 -0.0250000004 0.00294470072 0.0348759048 synchronous_release_0
0.035387 -0.0250000004 0.026092168 -0.0233280683 synchronous_release_0
0.009021 -0.0250000004 -0.000316029241 0.00094874945 synchronous_release_0
0.031117 -0.0250000004 0.0261822427 -0.0232269277 synchronous_release_0
0.031258 -0.0250000004 0.0165642877 0.030832197 synchronous_release_1
0.006088 -0.0250000004 0.0292713541 0.019188221 synchronous_release_0
0.043976 -0.0250000004 -0.0213765144 -0.0277136182 synchronous_release_0
0.023854 -0.0250000004 0.025469 -0.0240068749 synchronous_release_0
0.010391 -0.0250000004 0.0226555845 -0.026678165 synchronous_release_0
0.024813 -0.0250000004 0.0117761764 0.0329593943 synchronous_release_0
0.009843 -0.0250000004 0.0349244124 0.00229900324 synchronous_release_0
0.023555 -0.0250000004 0.0340069203 -0.00827824705 synchronous_release_1
0.003788 -0.0250000004 0.0335819209 0.0098617742 synchronous_release_0
0.024483 -0.0250000004 0.0113760905 0.0330996158 synchronous_release_0
0.029194 -0.0250000004 -0.000272698242 -0.000962099615 synchronous_release_0
0.02361 -0.0250000004 0.03214498 0.0138455863 synchronous_release_1
0.028224 -0.0250000004 -0.0280631195 0.0209155761 synchronous_release_1
0.031162 -0.0250000004 -0.0231962101 -0.0660449532 synchronous_release_0
0.033481 -0.0250000004 -0.0269768859 -0.0222990499 synchronous_release_1
0.033292 -0.0250000004 0.0311324609 0.0159928071 synchronous_release_1
0.029434 -0.0250000004 -0.000833552166 0.000552440754 synchronous_release_0
0.003238 -0.0250000004 0.0210254301 -0.0279809094 synchronous_release_0
0.040547 -0.0250000004 -0.0210254301 0.0279809094 synchronous_release_0
0.023497 -0.0250000004 0.0347448934 0.00421810187 synchronous_release_1
0.024054 -0.0250000004 0.0137194633 0.0321990113 synchronous_release_1
0.029507 -0.0250000004 0.0347886335 -0.00384069992 synchronous_release_0
0.024899 -0.0250000004 0.0338574027 -0.00886996527 synchronous_release_0
0.024359 -0.0250000004 0.00654836353 -0.0343819565 synchronous_release_1
0.026899 -0.0250000004 -0.0291224709 -0.019413441 synchronous_release_0
0.036604 -0.0250000004 0.00225129762 -0.0349275201 synchronous_release_0
0.026772 -0.0250000004 -0.00886731463 -0.033858097 synchronous_release_0
0.030607 -0.0250000004 0.00886731463 0.033858097 synchronous_release_0
0.035557 -0.0250000004 -0.00193296268 -0.0349465829 synchronous_release_1
0.027061 -0.0250000004 -0.025999023 -0.0234318331 synchronous_release_0
0.033731 -0.0250000004 -0.000308568509 -0.000951202121 synchronous_release_0
0.044344 -0.0250000004 -0.00729305124 0.0342317309 synchronous_release_0
0.025615 -0.0250000004 0.034742626 -0.00423673667 synchronous_release_0
0.025047 -0.0250000004 -0.000185542552 -0.000982636231 synchronous_release_1
0.030991 -0.0250000004 0.0229304653 -0.0264422722 synchronous_release_0
0.023611 -0.0250000004 0.0310681461 -0.0161173912 synchronous_release_0
0.02468 -0.0250000004 -0.000688350685 -0.000725378064 synchronous_release_0
0.023455 -0.0250000004 0.0346732576 0.00477129027 synchronous_release_0
0.0313 -0.0250000004 -0.00921182468 -0.033765993 synchronous_release_0
0.023433 -0.0250000004 0.0317716178 0.0146821082 synchronous_release_0
0.02519 -0.0250000004 0.0222827037 0.0269903893 synchronous_release_0
0.029052 -0.0250000004 -0.0345157147 0.00580219286 synchronous_release_0
0.024045 -0.0250000004 0.000116710911 -0.000993165929 synchronous_release_0
0.024235 -0.0250000004 -0.0319697951 -0.0142454273 synchronous_release_0
0.028417 -0.0250000004 0.000180682124 0.000983541545 synchronous_release_0
0.026167 -0.0250000004 -0.000426311669 -0.000904576343 synchronous_release_0
0.047929 -0.0250000004 0.0287519717 0.019958059 synchronous_release_0
0.039714 -0.0250000004 0.0332948207 -0.0107914277 synchronous_release_0
0.005631 -0.0250000004 0.0331419668 0.0112521126 synchronous_release_0
0.023735 -0.0250000004 0.013529296 0.0322793765 synchronous_release_0
0.02401 -0.0250000004 0.0331049236 -0.0113606352 synchronous_release_1
0.032253 -0.0250000004 0.0263910605 0.0229893873 synchronous_release_1
0.030414 -0.0250000004 0.0244386974 -0.025054941 synchronous_release_0
0.03636 -0.0250000004 0.000715855458 0.000698248496 synchronous_release_0
0.016616 -0.0250000004 0.0346893692 0.00465270509 synchronous_release_0
0.031978 -0.0250000004 0.0133153238 0.0323682275 synchronous_release_0
0.005997 -0.0250000004 0.028233133 0.020685507 synchronous_release_0
0.027506 -0.0250000004 -0.0200126847 0.0287139766 synchronous_release_0
0.003999 -0.0250000004 -0.015678011 0.0312921711 synchronous_release_0
0.026511 -0.0250000004 0.0312940046 0.015674351 synchronous_release_0
0.007648 -0.0250000004 0.0308589265 -0.0165144379 synchronous_release_0
0.027709 -0.0250000004 0.00112754052 -0.0349818332 synchronous_release_0
0.02353 -0.0250000004 0.033433917 -0.0103524486 synchronous_release_0
0.003295 -0.0250000004 0.0348625586 -0.0030987102 synchronous_release_0
0.033357 -0.0250000004 -0.0164955852 0.0308690082 synchronous_release_0
0.011154 -0.0250000004 0.0156888428 -0.0312867418 synchronous_release_1
0.008022 -0.0250000004 0.015357753 -0.031450587 synchronous_release_0
0.025624 -0.0250000004 -0.0195581308 -0.0290254978 synchronous_release_0
0.030398 -0.0250000004 -0.000417794519 -0.000908541545 synchronous_release_0
0.006834 -0.0250000004 -0.0191036239 0.0293266356 synchronous_release_0
0.026325 -0.0250000004 0.0191036239 -0.0293266356 synchronous_release_0
0.023889 -0.0250000004 0.0338002138 0.00908545818 synchronous_release_0
0.026358 -0.0250000004 0.00903186928 0.0338145729 synchronous_release_0
0.010383 -0.0250000004 0.0148982147 -0.0316708573 synchronous_release_0
0.003994 -0.0250000004 0.0321965769 0.0137251753 synchronous_release_0
0.03011 -0.0250000004 0.0232966195 0.0261202511 synchronous_release_0
0.023602 -0.0250000004 0.0421662576 -0.0435546406 synchronous_release_0
0.037552 -0.0250000004 0.00850998705 -0.0339496704 synchronous_release_0
0.024653 -0.0250000004 -0.006744489 -0.0343440223 synchronous_release_0
0.009981 -0.0250000004 -0.0344941163 0.00592924442 synchronous_release_0
0.023247 -0.0250000004 0.0121121819 -0.0328374032 synchronous_release_0
0.023396 -0.0250000004 0.0207418086 0.0281917963 synchronous_release_0
0.040162 -0.0250000004 -0.0140439074 0.0320588313 synchronous_release_1
0.003301 -0.0250000004 -0.000753204914 -0.0349918945 synchronous_release_0
0.025416 -0.0250000004 0.0299272671 -0.0181482419 synchronous_release_0
0.025785 -0.0250000004 0.026749166 -0.0225717106 synchronous_release_0
0.038507 -0.0250000004 0.0310972364 -0.0160611919 synchronous_release_0
0.030118 -0.0250000004 0.0314920956 -0.0152724561 synchronous_release_0
0.040605 -0.0250000004 0.0349999324 6.87898647e-05 synchronous_release_0
0.023994 -0.0250000004 0.0343766847 0.00657598299 synchronous_release_0
0.026356 -0.0250000004 -0.000643020892 -0.000765848636 synchronous_release_0
0.004161 -0.0250000004 0.0326519846 0.0126034878 synchronous_release_0
0.047994 -0.0250000004 -0.00541105166 -0.034579192 synchronous_release_0
0.026357 -0.0250000004 0.030254013 -0.0175981447 synchronous_release_0
0.029148 -0.0250000004 0.0123392093 0.0327527696 synchronous_release_0
0.046196 -0.0250000004 -0.00040985543 -0.000912150495 synchronous_release_0
0.023261 -0.0250000004 0.0158363979 -0.0312123133 synchronous_release_1
0.025087 -0.0250000004 0.010952011 -0.0332423443 synchronous_release_0
0.027436 -0.0250000004 0.025178562 -0.0243113146 synchronous_release_0
0.040927 -0.0250000004 0.0344128881 0.00638381782 synchronous_release_0
0.024773 -0.0250000004 -3.79828757e-05 0.00099927839 synchronous_release_0
0.006496 -0.0250000004 0.0305689434 -0.0170452252 synchronous_release_0
0.007485 -0.0250000004 0.0349703213 0.00144105174 synchronous_release_0
0.024435 -0.0250000004 0.0349203309 0.00236018803 synchronous_release_0
0.025408 -0.0250000004 -0.0311116264 0.0160332999 synchronous_release_0
0.003778 -0.0250000004 -0.0195524209 -0.0290293444 synchronous_release_0
0.022786 -0.0250000004 0.0349163602 -0.00241822105 synchronous_release_0
0.036637 -0.0250000004 0.000829409839 -0.000558640598 synchronous_release_0
0.04097 -0.0250000004 -0.0349163602 0.00241822105 synchronous_release_0
0.029705 -0.0250000004 0.0153639392 -0.0314475654 synchronous_release_2
0.026723 -0.0250000004 -0.0112665783 0.033137052 synchronous_release_0
0.030675 -0.0250000004 0.0230642397 0.026325669 synchronous_release_0
0.038225 -0.0250000004 0.0326605324 0.0125813205 synchronous_release_0
0.025957 -0.0250000004 -0.0122097353 0.0328012555 synchronous_release_1
0.025961 -0.0250000004 -0.0265312344 0.0228274747 synchronous_release_1
0.023861 -0.0250000004 -0.00203111315 0.0349410157 synchronous_release_0
0.026156 -0.0250000004 0.0336538775 0.00961335163 synchronous_release_0
0.028191 -0.0250000004 0.0155260068 -0.0313678675 synchronous_release_0
0.030236 -0.0250000004 -0.000840129001 -0.000542386634 synchronous_release_1
0.023681 -0.0250000004 -0.000842707407 -0.000538371829 synchronous_release_0
0.043606 -0.0250000004 0.0349647178 0.0015711492 synchronous_release_0
0.024903 -0.0250000004 0.0159553401 -0.0311516793 synchronous_release_1
0.034798 -0.0250000004 0.0325546338 0.0128528526 synchronous_release_0
0.023616 -0.0250000004 -0.0314793954 0.0152986164 synchronous_release_1
0.023154 -0.0250000004 0.0317150032 0.0148040054 synchronous_release_0
0.024092 -0.0250000004 0.0345150735 -0.00580600548 synchronous_release_0
0.036141 -0.0250000004 -0.00073320155 -0.000680011388 synchronous_release_0
0.023461 -0.0250000004 0.0237302685 -0.0257269189 synchronous_release_0
0.024621 -0.0250000004 -0.034248893 -0.00721202667 synchronous_release_0
0.024158 -0.0250000004 -0.00047181799 -0.000881695971 synchronous_release_0
0.003609 -0.0250000004 0.0306561241 -0.0168879264 synchronous_release_0
0.02758 -0.0250000004 -0.0306561241 0.0168879264 synchronous_release_0
0.023905 -0.0250000004 0.0330362541 0.0115588026 synchronous_release_0
0.027396 -0.0250000004 0.0035919884 0.0348151924 synchronous_release_0
0.026356 -0.0250000004 -0.020204808 0.0285791136 synchronous_release_0
0.008594 -0.0250000004 -0.0301615829 0.0177560952 synchronous_release_0
0.036284 -0.0250000004 0.0301615829 -0.0177560952 synchronous_release_0
0.008917 -0.0250000004 -0.000443633704 -0.0008962082 synchronous_release_0
0.032049 -0.0250000004 0.0349903178 0.000823200596 synchronous_release_0
0.005595 -0.0250000004 -0.000930283521 -0.000366841341 synchronous_release_0
0.030626 -0.0250000004 -0.0346174442 0.0051606744 synchronous_release_0
0.024466 -0.0250000004 0.0217779972 0.0273992489 synchronous_release_1
0.0283 -0.0250000004 0.0338375656 -0.00894534245 synchronous_release_0
0.023505 -0.0250000004 0.000599939688 -0.000800045231 synchronous_release_0
0.031797 -0.0250000004 -0.00418391382 0.0347490268 synchronous_release_0
0.015944 -0.0250000004 0.0209586028 -0.0280310001 synchronous_release_0
0.030063 -0.0250000004 0.000118148069 -0.000992995989 synchronous_release_1
0.025476 -0.0250000004 0.0227754906 -0.026575873 synchronous_release_0
0.030461 -0.0250000004 0.000443900735 -0.000896075966 synchronous_release_1
0.008352 -0.0250000004 0.000224373161 0.000974503302 synchronous_release_0
0.030165 -0.0250000004 0.0197450299 0.0288986816 synchronous_release_1
0.023329 -0.0250000004 0.0208161449 0.0281369528 synchronous_release_0
0.024947 -0.0250000004 0.0347753883 -0.00395883394 synchronous_release_0
0.033631 -0.0250000004 0.0139592434 -0.0320957867 synchronous_release_2
0.005483 -0.0250000004 -0.0115975934 -0.0330226563 synchronous_release_0
0.008835 -0.0250000004 0.0343972559 0.0064675176 synchronous_release_0
0.023399 -0.0250000004 0.0227996625 -0.0265551387 synchronous_release_0
0.033814 -0.0250000004 0.0349905255 -0.000814325383 synchronous_release_0
0.003595 -0.0250000004 0.0248382979 -0.0246588515 synchronous_release_0
0.030279 -0.0250000004 -0.00644697717 0.0344011117 synchronous_release_0
0.039279 -0.0250000004 0.0323925447 0.0132560571 synchronous_release_2
0.023601 -0.0250000004 0.0348919589 -0.0027479457 synchronous_release_1
0.024294 -0.0250000004 0.00624421754 -0.0344384922 synchronous_release_0
0.033722 -0.0250000004 0.0321833893 0.0137560697 synchronous_release_0
0.023837 -0.0250000004 -0.0230283334 0.0263570837 synchronous_release_0
0.025092 -0.0250000004 0.0230283334 -0.0263570837 synchronous_release_1
0.005192 -0.0250000004 0.0349943886 0.000626713189 synchronous_release_0
0.024885 -0.0250000004 -0.0180399438 0.0299926729 synchronous_release_0
0.023223 -0.0250000004 0.0156890039 -0.031286661 synchronous_release_0
0.023424 -0.0250000004 0.0346925462 -0.00462895659 synchronous_release_0
0.024255 -0.0250000004 0.00843911458 -0.0339673571 synchronous_release_0
0.023905 -0.0250000004 0.0103190571 0.0334442381 synchronous_release_0
0.024721 -0.0250000004 0.0238040313 -0.0256586846 synchronous_release_0
0.009364 -0.0250000004 0.000948127116 0.000317891445 synchronous_release_0
0.034723 -0.0250000004 0.0347189319 -0.00442671069 synchronous_release_1
0.028188 -0.0250000004 0.034001232 -0.00830157963 synchronous_release_0
0.034017 -0.0250000004 0.00981123714 -0.0335967205 synchronous_release_0
0.024742 -0.0250000004 -0.000152908016 0.000988240426 synchronous_release_0
0.025841 -0.0250000004 0.000999748746 2.24152661e-05 synchronous_release_0
0.030642 -0.0250000004 0.0271788365 0.0220524567 synchronous_release_0
0.026809 -0.0250000004 -0.0348142789 0.00360083129 synchronous_release_0
0.041034 -0.0250000004 0.0142887281 -0.0319504656 synchronous_release_0
0.026535 -0.0250000004 0.0247743625 -0.0247230856 synchronous_release_0
0.00774 -0.0250000004 -0.00316756645 -0.0348563699 synchronous_release_0
0.02464 -0.0250000004 0.00694018956 -0.0343050108 synchronous_release_0
0.023872 -0.0250000004 -0.0261060921 0.023312485 synchronous_release_1
0.004875 -0.0250000004 0.0253433712 -0.0241394601 synchronous_release_0
0.023856 -0.0250000004 0.0266947714 0.0226360151 synchronous_release_0
0.026208 -0.0250000004 0.000988092371 0.000153861839 synchronous_release_0
0.029892 -0.0250000004 0.000693023423 -0.000720915068 synchronous_release_0
0.006706 -0.0250000004 -0.000533376886 -0.000845877708 synchronous_release_0
0.024425 -0.0250000004 -0.0123184864 0.0327605692 synchronous_release_0
0.023858 -0.0250000004 0.000868617905 0.0349892198 synchronous_release_0
0.045126 -0.0250000004 0.0132420041 -0.0323982921 synchronous_release_0
0.02479 -0.0250000004 0.016716052 0.0307501806 synchronous_release_0
0.026009 -0.0250000004 0.00432631593 0.0347315849 synchronous_release_1
0.030206 -0.0250000004 0.000376721735 0.000926326473 synchronous_release_0
0.025899 -0.0250000004 0.0171054188 -0.0305353017 synchronous_release_0
0.023545 -0.0250000004 0.0179965319 -0.0300187415 synchronous_release_1
0.004129 -0.0250000004 0.0349074471 -0.0025436465 synchronous_release_0
0.03423 -0.0250000004 0.0152508611 -0.0315025592 synchronous_release_0
0.027533 -0.0250000004 0.0194751534 0.029081238 synchronous_release_0
0.037992 -0.0250000004 0.0336887563 -0.00949040024 synchronous_release_1
0.025181 -0.0250000004 0.0298296814 0.0183081978 synchronous_release_0
0.037842 -0.0250000004 0.0290977628 0.019450455 synchronous_release_0
0.024302 -0.0250000004 0.0329824847 0.0117113494 synchronous_release_0
0.024617 -0.0250000004 0.0119612512 0.0328926811 synchronous_release_0
0.024052 -0.0250000004 0.0196762684 0.028945543 synchronous_release_0
0.023622 -0.0250000004 0.0191709008 -0.0292827007 synchronous_release_0
0.003309 -0.0250000004 -0.0278322026 -0.0212218872 synchronous_release_0
0.010554 -0.0250000004 0.0322947948 -0.0134924509 synchronous_release_0
0.034751 -0.0250000004 -0.00840476176 0.0339758735 synchronous_release_0
0.023944 -0.0250000004 0.0132442612 -0.0323973694 synchronous_release_0
0.029293 -0.0250000004 -0.0214348143 -0.0276685514 synchronous_release_1
0.024704 -0.0250000004 0.0167884004 0.030710741 synchronous_release_1
0.024087 -0.0250000004 0.0228704932 0.0264941605 synchronous_release_0
0.023622 -0.0250000004 0.0214521303 -0.027655128 synchronous_release_0
0.030979 -0.0250000004 0.0132239782 0.0324056538 synchronous_release_0
0.024432 -0.0250000004 0.000832428052 -0.000554133141 synchronous_release_1
0.025211 -0.0250000004 -0.0134841936 0.0322982433 synchronous_release_0
0.043239 -0.0250000004 -0.0289113543 0.0197264693 synchronous_release_0
0.023953 -0.0250000004 -0.0148791968 -0.0316797965 synchronous_release_0
0.025262 -0.0250000004 0.0349593652 -0.00168605564 synchronous_release_0
0.036027 -0.0250000004 0.015586735 -0.0313377359 synchronous_release_0
0.026146 -0.0250000004 0.000999552964 -2.98976863e-05 synchronous_release_0
0.024035 -0.0250000004 0.0339437674 0.00853350182 synchronous_release_0
0.025508 -0.0250000004 -0.0263887311 -0.0229920611 synchronous_release_0
0.02362 -0.0250000004 0.0257252112 -0.0237321197 synchronous_release_0
0.033501 -0.0250000004 -0.000678060563 -0.000735006036 synchronous_release_0
0.023833 -0.0250000004 0.0317354631 0.0147600941 synchronous_release_1
0.023518 -0.0250000004 0.0247113667 -0.0247860516 synchronous_release_0
0.023901 -0.0250000004 -0.00910966702 -0.0337936971 synchronous_release_1
0.02377 -0.0250000004 0.0328145782 -0.0121738842 synchronous_release_1
0.039235 -0.0250000004 0.0269501821 0.0223313163 synchronous_release_1
0.023343 -0.0250000004 0.0236125237 -0.025835029 synchronous_release_0
0.043594 -0.0250000004 0.0189269059 -0.0294409958 synchronous_release_1
0.009092 -0.0250000004 0.0263194946 0.0230712853 synchronous_release_0
0.025301 -0.0250000004 0.0331400665 -0.0112577083 synchronous_release_0
0.004751 -0.0250000004 0.0346991468 0.00457921531 synchronous_release_0
0.033331 -0.0250000004 0.0171581623 -0.0305056956 synchronous_release_0
0.029223 -0.0250000004 0.0317905361 -0.0146411001 synchronous_release_1
0.005443 -0.0250000004 0.0255462197 -0.0239246872 synchronous_release_0
0.025225 -0.0250000004 -0.000163794681 -0.000986494451 synchronous_release_0
0.02357 -0.0250000004 0.0315314881 0.0151909598 synchronous_release_0
0.024539 -0.0250000004 0.0281802143 0.0207575413 synchronous_release_0
0.034838 -0.0250000004 -0.000861502866 -0.000507752707 synchronous_release_0
0.023347 -0.0250000004 0.0349823148 0.00111249857 synchronous_release_0
0.023176 -0.0250000004 0.0345293344 0.00572058242 synchronous_release_0
0.038526 -0.0250000004 0.0123104975 0.032763572 synchronous_release_0
0.026534 -0.0250000004 0.0297732304 0.0183998574 synchronous_release_0
0.029141 -0.0250000004 -0.0145588926 -0.031828268 synchronous_release_0
0.024606 -0.0250000004 0.0325504019 0.0128635661 synchronous_release_0
0.003544 -0.0250000004 0.0260363493 -0.0233903509 synchronous_release_0
0.02696 -0.0250000004 0.0287676679 -0.0199354279 synchronous_release_0
0.032853 -0.0250000004 -0.000965312507 -0.00026109723 synchronous_release_1
0.030255 -0.0250000004 -0.00097012946 -0.0349865524 synchronous_release_0
0.005899 -0.0250000004 0.0348022597 -0.00371520114 synchronous_release_0
0.008756 -0.0250000004 -0.0141836713 0.0319972416 synchronous_release_0
0.027824 -0.0250000004 0.0257575681 -0.0236969974 synchronous_release_0
0.023982 -0.0250000004 0.018758189 0.0295487791 synchronous_release_0
0.031327 -0.0250000004 0.0162108989 -0.0310194577 synchronous_release_0
0.029885 -0.0250000004 0.0329111045 -0.011910466 synchronous_release_0
0.038345 -0.0250000004 -0.000599513098 0.000800364945 synchronous_release_1
0.023905 -0.0250000004 0.0149033832 -0.0316684254 synchronous_release_1
0.014734 -0.0250000004 0.00588059563 0.0345024433 synchronous_release_0
0.03452 -0.0250000004 0.0164578665 0.0308891345 synchronous_release_0
0.009029 -0.0250000004 0.0246795705 -0.0248177114 synchronous_release_0
0.03945 -0.0250000004 0.00915298326 0.0337819907 synchronous_release_0
0.023875 -0.0250000004 0.0338325538 0.00896427934 synchronous_release_1
0.045531 -0.0250000004 -0.000709077468 -0.000705130587 synchronous_release_1
0.027015 -0.0250000004 0.0310954394 -0.0160646708 synchronous_release_0
0.024523 -0.0250000004 -0.00163530668 0.0349617759 synchronous_release_1
0.003555 -0.0250000004 0.0341871047 -0.00749945814 synchronous_release_0
0.023407 -0.0250000004 0.0235882736 0.0258571721 synchronous_release_0
0.029612 -0.0250000004 -0.0105988311 0.0333566302 synchronous_release_0
0.023471 -0.0250000004 0.0269246257 0.0223621227 synchronous_release_0
0.027232 -0.0250000004 0.00391273688 0.0347806051 synchronous_release_0
0.025044 -0.0250000004 0.0344129268 -0.00638360932 synchronous_release_0
0.023535 -0.0250000004 -0.0209381166 0.0280463059 synchronous_release_1
0.023255 -0.0250000004 0.0348960489 0.00269550974 synchronous_release_0
0.024597 -0.0250000004 0.0261716729 -0.0232388369 synchronous_release_0
0.024135 -0.0250000004 0.0266622845 -0.0226742715 synchronous_release_0
0.042977 -0.0250000004 0.0329676373 0.01175308 synchronous_release_1
0.029658 -0.0250000004 -0.000973944096 -0.000226788221 synchronous_release_0
0.032162 -0.0250000004 -0.0334899054 0.0101698691 synchronous_release_1
0.023678 -0.0250000004 0.0315712101 -0.0151082326 synchronous_release_0
0.023628 -0.0250000004 0.0339266859 -0.00860116162 synchronous_release_0
0.023146 -0.0250000004 0.000608588555 -0.000793485962 synchronous_release_0
0.006179 -0.0250000004 -0.0341047555 -0.00786547219 synchronous_release_0
0.026677 -0.0250000004 0.0341047555 0.00786547219 synchronous_release_1
0.023675 -0.0250000004 0.0339826679 -0.00837724809 synchronous_release_0
0.031386 -0.0250000004 -0.0319322779 0.0143293276 synchronous_release_0
0.025718 -0.0250000004 0.0295723841 0.0187209534 synchronous_release_0
0.023493 -0.0250000004 0.0269330842 -0.0543103026 synchronous_release_0
0.024532 -0.0250000004 -0.00736513537 0.0342162941 synchronous_release_0
0.030168 -0.0250000004 0.0259496122 0.0234865414 synchronous_release_0
0.028914 -0.0250000004 -0.0139083511 0.032117873 synchronous_release_0
0.042052 -0.0250000004 0.0347690695 -0.00401395113 synchronous_release_0
0.02525 -0.0250000004 -0.0327977858 0.0122190527 synchronous_release_1
0.025124 -0.0250000004 0.0326821897 -0.0125249541 synchronous_release_0
0.031883 -0.0250000004 0.0344597207 -0.00612598163 synchronous_release_1
0.025372 -0.0250000004 0.0328552421 -0.0120637087 synchronous_release_1
0.027953 -0.0250000004 0.032888454 0.0119728689 synchronous_release_0
0.033128 -0.0250000004 0.00167537505 -0.0349598787 synchronous_release_0
0.024467 -0.0250000004 0.0294384555 0.0189308567 synchronous_release_1
0.0232 -0.0250000004 0.034760288 0.00408930047 synchronous_release_0
0.024841 -0.0250000004 0.0209215821 -0.0280586422 synchronous_release_0
0.025902 -0.0250000004 0.0151291552 -0.0315611892 synchronous_release_0
0.004056 -0.0250000004 0.0342383763 -0.0072617896 synchronous_release_0
0.026363 -0.0250000004 -0.0108302939 0.0332821985 synchronous_release_0
0.030584 -0.0250000004 0.0340151745 -0.00824426495 synchronous_release_0
0.007718 -0.0250000004 0.00693712774 -0.0343056301 synchronous_release_0
0.029714 -0.0250000004 0.0331781111 -0.0111450862 synchronous_release_1
0.006202 -0.0250000004 0.0346668096 -0.00481791599 synchronous_release_0
0.03166 -0.0250000004 0.029020345 0.0195657757 synchronous_release_0
0.027343 -0.0250000004 0.00317055956 0.0348560978 synchronous_release_0
0.023357 -0.0250000004 0.0225755883 -0.0267458934 synchronous_release_0
0.024764 -0.0250000004 -0.028972604 0.0196364003 synchronous_release_0
0.025069 -0.0250000004 -0.0114338774 -0.0330796984 synchronous_release_0
0.025518 -0.0250000004 0.0122038498 0.0328034457 synchronous_release_0
0.034664 -0.0250000004 0.0223066924 -0.0269705668 synchronous_release_1
0.028341 -0.0250000004 -0.0152317322 -0.0315118126 synchronous_release_0
0.029666 -0.0250000004 -0.000589072035 -0.000808080527 synchronous_release_0
0.032314 -0.0250000004 -0.000357785161 -0.000933803929 synchronous_release_0
0.023807 -0.0250000004 0.0242164522 0.0252698129 synchronous_release_0
0.043738 -0.0250000004 0.0227742493 -0.0265769368 synchronous_release_0
0.023861 -0.0250000004 0.034420822 0.00634090021 synchronous_release_0
0.003445 -0.0250000004 0.0251291664 -0.0243623685 synchronous_release_0
0.036323 -0.0250000004 0.0339881672 0.00835490825 synchronous_release_0
0.024975 -0.0250000004 0.0122093743 0.0328013899 synchronous_release_0
0.023495 -0.0250000004 0.0272890619 -0.0219159098 synchronous_release_1
0.00972 -0.0250000004 0.0131378988 -0.0324406476 synchronous_release_0
0.008926 -0.0250000004 0.0337698223 -0.00919777683 synchronous_release_0
0.015358 -0.0250000004 0.0346623421 -0.00484995248 synchronous_release_0
0.026914 -0.0250000004 -0.0215313531 -0.0275934926 synchronous_release_0
0.023014 -0.0250000004 0.00591613159 0.0344963677 synchronous_release_1
0.028512 -0.0250000004 -0.0177122729 0.0301873382 synchronous_release_0
