0.107091 -0.0250000004 0.0240251235 -0.0254517866 synchronous_release_0
0.102591 -0.0250000004 -0.000370789281 -0.000928717023 synchronous_release_1
0.025787 -0.0250000004 0.0349974349 -0.000423731914 synchronous_release_0
0.002691 -0.0250000004 0.0318545271 0.0145013484 synchronous_release_0
0.003184 -0.0250000004 0.0224840581 -0.0268228844 synchronous_release_1
0.103517 -0.0250000004 0.000991153209 0.000132722707 synchronous_release_0
0.009621 -0.0250000004 0.0312983636 0.015665645 synchronous_release_0
0.105412 -0.0250000004 0.0317924607 -0.0146369205 synchronous_release_0
0.105649 -0.0250000004 0.0129984445 -0.0324967759 synchronous_release_0
0.126211 -0.0250000004 0.0318042352 -0.0146113183 synchronous_release_0
0.102668 -0.0250000004 -0.0300752031 0.0179020155 synchronous_release_0
0.022287 -0.0250000004 0.0218389475 0.0273506924 synchronous_release_0
0.102635 -0.0250000004 0.0171214562 0.0305263122 synchronous_release_0
0.102707 -0.0250000004 0.0260636011 0.0233599807 synchronous_release_0
0.008266 -0.0250000004 -0.0270463984 0.0222146874 synchronous_release_0
0.004842 -0.0250000004 0.0348473449 -0.00326535602 synchronous_release_0
0.115399 -0.0250000004 0.0121587025 0.0328202065 synchronous_release_2
0.115271 -0.0250000004 0.0605224755 0.00346842301 synchronous_release_0
0.105766 -0.0250000004 0.0271946126 -0.022032999 synchronous_release_0
0.120685 -0.0250000004 -0.0339631672 -0.00845596069 synchronous_release_0
0.028634 -0.0250000004 -0.000253019132 0.000967461275 synchronous_release_0
0.103591 -0.0250000004 0.0254486383 -0.0240284583 synchronous_release_0
0.103517 -0.0250000004 0.0511238752 -0.0325783576 synchronous_release_1
0.103335 -0.0250000004 -0.0291117092 0.019429575 synchronous_release_0
0.109323 -0.0250000004 0.0228794695 0.0264864092 synchronous_release_1
0.123462 -0.0250000004 0.0248842753 -0.024612453 synchronous_release_0
0.103712 -0.0250000004 0.0286377175 0.0201216584 synchronous_release_0
0.004776 -0.0250000004 0.0322071179 -0.0137004218 synchronous_release_0
0.00246 -0.0250000004 0.034120332 0.00779762443 synchronous_release_0
0.009716 -0.0250000004 0.00458569582 0.0346982909 synchronous_release_0
0.107048 -0.0250000004 0.0349811592 -0.00114825876 synchronous_release_0
0.103402 -0.0250000004 0.0386614697 0.0466935837 synchronous_release_0
0.118622 -0.0250000004 0.0205308498 0.028345797 synchronous_release_0
0.103816 -0.0250000004 -0.00688996439 0.0343151336 synchronous_release_0
0.002707 -0.0250000004 0.0348018937 -0.00371862797 synchronous_release_0
0.106139 -0.0250000004 0.0269581898 0.0223216488 synchronous_release_0
0.002264 -0.0250000004 0.0313154628 0.015631436 synchronous_release_0
0.024819 -0.0250000004 0.018228963 -0.0298781677 synchronous_release_1
0.105292 -0.0250000004 0.0260661824 -0.0233571004 synchronous_release_0
0.104146 -0.0250000004 -0.0281819464 -0.0207551897 synchronous_release_0
0.109548 -0.0250000004 0.0298365917 0.0182969341 synchronous_release_0
0.106025 -0.0250000004 0.0323065624 0.0134642499 synchronous_release_0
0.102352 -0.0250000004 0.0571899904 0.020107337 synchronous_release_0
0.117421 -0.0250000004 0.0274294508 -0.0217399455 synchronous_release_0
0.102382 -0.0250000004 0.00469537434 -0.0346836195 synchronous_release_0
0.111287 -0.0250000004 0.0344102491 -0.00639802775 synchronous_release_1
0.107089 -0.0250000004 -0.0099501518 0.0335558412 synchronous_release_0
0.117475 -0.0250000004 0.0013337446 0.0349745783 synchronous_release_0
0.11402 -0.0250000004 -0.0347898383 0.00382977202 synchronous_release_0
0.012662 -0.0250000004 0.0341467675 -0.00768103327 synchronous_release_1
0.020039 -0.0250000004 0.0241006809 -0.0253802517 synchronous_release_0
0.022253 -0.0250000004 0.0202976038 -0.0285132825 synchronous_release_1
0.10269 -0.0250000004 0.00566318669 0.0345387944 synchronous_release_0
0.103836 -0.0250000004 0.0345173839 -0.00579225418 synchronous_release_0
0.104319 -0.0250000004 -0.00570162661 0.0345324696 synchronous_release_0
0.108672 -0.0250000004 -0.0102573339 -0.0334632201 synchronous_release_0
0.112901 -0.0250000004 -0.0349627257 -0.00161487265 synchronous_release_0
0.00607 -0.0250000004 0.0072916717 0.0342320248 synchronous_release_0
0.121115 -0.0250000004 0.0290689035 0.0194935592 synchronous_release_0
0.103011 -0.0250000004 0.0194561908 0.0290939279 synchronous_release_0
0.022197 -0.0250000004 0.0282586445 -0.0206506419 synchronous_release_0
0.008282 -0.0250000004 -0.0276210902 -0.0214959386 synchronous_release_0
0.106195 -0.0250000004 0.0171897196 -0.0304879245 synchronous_release_0
0.010905 -0.0250000004 0.0306008967 -0.0169877932 synchronous_release_0
0.103257 -0.0250000004 0.0287422575 0.0199720463 synchronous_release_0
0.105985 -0.0250000004 -0.0231697316 -0.0262328713 synchronous_release_0
0.111114 -0.0250000004 -2.74747608e-05 -0.000999622498 synchronous_release_0
0.12271 -0.0250000004 -0.0183261781 -0.0298186384 synchronous_release_0
0.014788 -0.0250000004 0.0349741658 0.00134451641 synchronous_release_0
0.104059 -0.0250000004 -0.00743887065 -0.0342003392 synchronous_release_0
0.116424 -0.0250000004 -0.0106244508 0.0333484789 synchronous_release_0
0.108494 -0.0250000004 0.021427011 0.0276745948 synchronous_release_0
0.106717 -0.0250000004 0.00162787837 -0.0349621225 synchronous_release_0
0.00419 -0.0250000004 0.0239610989 0.0255120704 synchronous_release_0
0.116004 -0.0250000004 0.0516881388 0.0316754843 synchronous_release_1
0.113671 -0.0250000004 -0.0266809991 0.0226522469 synchronous_release_0
0.106815 -0.0250000004 0.0316485384 0.0149455685 synchronous_release_0
0.103499 -0.0250000004 -0.0245566367 -0.0249393583 synchronous_release_0
0.109835 -0.0250000004 0.00783897664 -0.0341108552 synchronous_release_0
0.107373 -0.0250000004 -0.0279702632 -0.0210395907 synchronous_release_0
0.107358 -0.0250000004 0.0304359445 -0.017281588 synchronous_release_0
0.035978 -0.0250000004 0.0255609814 0.0239089152 synchronous_release_0
0.005957 -0.0250000004 0.0344022691 0.00644079832 synchronous_release_0
0.112012 -0.0250000004 -0.0143487513 0.0319235546 synchronous_release_1
0.108921 -0.0250000004 0.0207612846 -0.0281774566 synchronous_release_0
0.10348 -0.0250000004 0.0606118953 0.00109459912 synchronous_release_0
0.120644 -0.0250000004 0.00402373349 0.0347679388 synchronous_release_0
0.002629 -0.0250000004 0.0101101885 -0.0335079705 synchronous_release_0
0.106445 -0.0250000004 0.0328488069 0.0120812205 synchronous_release_0
0.102918 -0.0250000004 0.034935713 0.00212036678 synchronous_release_0
0.122095 -0.0250000004 0.0318234453 -0.0145694314 synchronous_release_1
0.008723 -0.0250000004 -0.0105414221 0.0333748172 synchronous_release_0
0.002962 -0.0250000004 0.0298185313 0.0183263523 synchronous_release_0
0.015457 -0.0250000004 -0.0148236461 0.0317058278 synchronous_release_0
0.003295 -0.0250000004 0.0235159425 -0.0259229714 synchronous_release_0
0.102528 -0.0250000004 0.0585187394 -0.0158289967 synchronous_release_0
0.004284 -0.0250000004 -0.0011732822 0.0349803289 synchronous_release_0
0.105078 -0.0250000004 -0.0106118807 0.033352481 synchronous_release_0
