#Seconds VDCC_Ca_flux
0 0
1e-05 0
2e-05 0
3e-05 0
4e-05 0
5e-05 0
6e-05 0
7e-05 0
8e-05 0
9e-05 0
0.0001 0
0.00011 0
0.00012 0
0.00013 0
0.00014 0
0.00015 0
0.00016 0
0.00017 0
0.00018 0
0.00019 0
0.0002 0
0.00021 0
0.00022 0
0.00023 0
0.00024 0
0.00025 0
0.00026 0
0.00027 0
0.00028 0
0.00029 0
0.0003 0
0.00031 0
0.00032 0
0.00033 0
0.00034 0
0.00035 0
0.00036 0
0.00037 0
0.00038 0
0.00039 0
0.0004 0
0.00041 0
0.00042 0
0.00043 0
0.00044 0
0.00045 0
0.00046 0
0.00047 0
0.00048 0
0.00049 0
0.0005 0
0.00051 0
0.00052 0
0.00053 0
0.00054 0
0.00055 0
0.00056 0
0.00057 0
0.00058 0
0.00059 0
0.0006 0
0.00061 0
0.00062 0
0.00063 0
0.00064 0
0.00065 0
0.00066 0
0.00067 0
0.00068 0
0.00069 0
0.0007 0
0.00071 0
0.00072 0
0.00073 0
0.00074 0
0.00075 0
0.00076 0
0.00077 0
0.00078 0
0.00079 0
0.0008 0
0.00081 0
0.00082 0
0.00083 0
0.00084 0
0.00085 0
0.00086 0
0.00087 0
0.00088 0
0.00089 0
0.0009 0
0.00091 0
0.00092 0
0.00093 0
0.00094 0
0.00095 0
0.00096 0
0.00097 0
0.00098 0
0.00099 0
0.001 0
0.00101 0
0.00102 0
0.00103 0
0.00104 0
0.00105 0
0.00106 0
0.00107 0
0.00108 0
0.00109 0
0.0011 0
0.00111 0
0.00112 0
0.00113 0
0.00114 0
0.00115 0
0.00116 0
0.00117 0
0.00118 0
0.00119 0
0.0012 0
0.00121 0
0.00122 0
0.00123 0
0.00124 0
0.00125 0
0.00126 0
0.00127 0
0.00128 0
0.00129 0
0.0013 0
0.00131 0
0.00132 0
0.00133 0
0.00134 0
0.00135 0
0.00136 0
0.00137 0
0.00138 0
0.00139 0
0.0014 0
0.00141 0
0.00142 0
0.00143 0
0.00144 0
0.00145 0
0.00146 0
0.00147 0
0.00148 0
0.00149 0
0.0015 0
0.00151 0
0.00152 0
0.00153 0
0.00154 0
0.00155 0
0.00156 0
0.00157 0
0.00158 0
0.00159 0
0.0016 0
0.00161 0
0.00162 0
0.00163 0
0.00164 0
0.00165 0
0.00166 0
0.00167 0
0.00168 0
0.00169 0
0.0017 0
0.00171 0
0.00172 0
0.00173 0
0.00174 0
0.00175 0
0.00176 0
0.00177 0
0.00178 0
0.00179 0
0.0018 0
0.00181 0
0.00182 0
0.00183 0
0.00184 0
0.00185 0
0.00186 0
0.00187 0
0.00188 0
0.00189 0
0.0019 0
0.00191 0
0.00192 1
0.00193 3
0.00194 8
0.00195 8
0.00196 10
0.00197 12
0.00198 14
0.00199 14
0.002 15
0.00201 16
0.00202 22
0.00203 26
0.00204 31
0.00205 34
0.00206 36
0.00207 39
0.00208 45
0.00209 50
0.0021 55
0.00211 58
0.00212 62
0.00213 66
0.00214 72
0.00215 75
0.00216 80
0.00217 89
0.00218 93
0.00219 102
0.0022 115
0.00221 120
0.00222 127
0.00223 135
0.00224 144
0.00225 154
0.00226 162
0.00227 179
0.00228 188
0.00229 196
0.0023 209
0.00231 213
0.00232 226
0.00233 240
0.00234 248
0.00235 262
0.00236 276
0.00237 284
0.00238 299
0.00239 311
0.0024 331
0.00241 349
0.00242 364
0.00243 375
0.00244 391
0.00245 409
0.00246 424
0.00247 445
0.00248 468
0.00249 493
0.0025 516
0.00251 545
0.00252 571
0.00253 601
0.00254 643
0.00255 670
0.00256 701
0.00257 732
0.00258 779
0.00259 810
0.0026 848
0.00261 889
0.00262 939
0.00263 985
0.00264 1046
0.00265 1091
0.00266 1148
0.00267 1203
0.00268 1257
0.00269 1310
0.0027 1354
0.00271 1416
0.00272 1473
0.00273 1533
0.00274 1597
0.00275 1658
0.00276 1721
0.00277 1806
0.00278 1885
0.00279 1946
0.0028 2023
0.00281 2078
0.00282 2140
0.00283 2225
0.00284 2283
0.00285 2348
0.00286 2426
0.00287 2507
0.00288 2566
0.00289 2641
0.0029 2725
0.00291 2789
0.00292 2879
0.00293 2967
0.00294 3050
0.00295 3149
0.00296 3240
0.00297 3309
0.00298 3395
0.00299 3484
0.003 3559
0.00301 3647
0.00302 3721
0.00303 3798
0.00304 3876
0.00305 3938
0.00306 4019
0.00307 4095
0.00308 4162
0.00309 4235
0.0031 4333
0.00311 4398
0.00312 4465
0.00313 4537
0.00314 4624
0.00315 4703
0.00316 4790
0.00317 4881
0.00318 4956
0.00319 5043
0.0032 5116
0.00321 5178
0.00322 5244
0.00323 5294
0.00324 5355
0.00325 5407
0.00326 5469
0.00327 5525
0.00328 5587
0.00329 5635
0.0033 5680
0.00331 5715
0.00332 5750
0.00333 5782
0.00334 5813
0.00335 5836
0.00336 5867
0.00337 5889
0.00338 5914
0.00339 5938
0.0034 5965
0.00341 5985
0.00342 5998
0.00343 6020
0.00344 6034
0.00345 6058
0.00346 6076
0.00347 6093
0.00348 6108
0.00349 6112
0.0035 6114
0.00351 6120
0.00352 6123
0.00353 6125
0.00354 6131
0.00355 6133
0.00356 6137
0.00357 6140
0.00358 6146
0.00359 6149
0.0036 6150
0.00361 6153
0.00362 6158
0.00363 6162
0.00364 6166
0.00365 6167
0.00366 6167
0.00367 6167
0.00368 6167
0.00369 6167
0.0037 6167
0.00371 6167
0.00372 6167
0.00373 6167
0.00374 6167
0.00375 6167
0.00376 6167
0.00377 6167
0.00378 6167
0.00379 6167
0.0038 6167
0.00381 6167
0.00382 6167
0.00383 6167
0.00384 6167
0.00385 6167
0.00386 6167
0.00387 6167
0.00388 6167
0.00389 6167
0.0039 6167
0.00391 6167
0.00392 6167
0.00393 6167
0.00394 6167
0.00395 6167
0.00396 6167
0.00397 6167
0.00398 6167
0.00399 6167
0.004 6167
0.00401 6167
0.00402 6167
0.00403 6167
0.00404 6167
0.00405 6167
0.00406 6167
0.00407 6167
0.00408 6167
0.00409 6167
0.0041 6167
0.00411 6167
0.00412 6167
0.00413 6167
0.00414 6167
0.00415 6167
0.00416 6167
0.00417 6167
0.00418 6167
0.00419 6167
0.0042 6167
0.00421 6167
0.00422 6167
0.00423 6167
0.00424 6167
0.00425 6167
0.00426 6167
0.00427 6167
0.00428 6167
0.00429 6167
0.0043 6167
0.00431 6167
0.00432 6167
0.00433 6167
0.00434 6167
0.00435 6167
0.00436 6167
0.00437 6167
0.00438 6167
0.00439 6167
0.0044 6167
0.00441 6167
0.00442 6167
0.00443 6167
0.00444 6167
0.00445 6167
0.00446 6167
0.00447 6167
0.00448 6167
0.00449 6167
0.0045 6167
0.00451 6167
0.00452 6167
0.00453 6167
0.00454 6167
0.00455 6167
0.00456 6167
0.00457 6167
0.00458 6167
0.00459 6167
0.0046 6167
0.00461 6167
0.00462 6167
0.00463 6167
0.00464 6167
0.00465 6167
0.00466 6167
0.00467 6167
0.00468 6167
0.00469 6167
0.0047 6167
0.00471 6167
0.00472 6167
0.00473 6167
0.00474 6167
0.00475 6167
0.00476 6167
0.00477 6167
0.00478 6167
0.00479 6167
0.0048 6167
0.00481 6167
0.00482 6167
0.00483 6167
0.00484 6167
0.00485 6167
0.00486 6167
0.00487 6167
0.00488 6167
0.00489 6167
0.0049 6167
0.00491 6167
0.00492 6167
0.00493 6167
0.00494 6167
0.00495 6167
0.00496 6167
0.00497 6167
0.00498 6167
0.00499 6167
0.005 6167
0.00501 6167
0.00502 6167
0.00503 6167
0.00504 6167
0.00505 6167
0.00506 6167
0.00507 6167
0.00508 6167
0.00509 6167
0.0051 6167
0.00511 6167
0.00512 6167
0.00513 6167
0.00514 6167
0.00515 6167
0.00516 6167
0.00517 6167
0.00518 6167
0.00519 6167
0.0052 6167
0.00521 6167
0.00522 6167
0.00523 6167
0.00524 6167
0.00525 6167
0.00526 6167
0.00527 6167
0.00528 6167
0.00529 6167
0.0053 6167
0.00531 6167
0.00532 6167
0.00533 6167
0.00534 6167
0.00535 6167
0.00536 6167
0.00537 6167
0.00538 6167
0.00539 6167
0.0054 6167
0.00541 6167
0.00542 6167
0.00543 6167
0.00544 6167
0.00545 6167
0.00546 6167
0.00547 6167
0.00548 6167
0.00549 6167
0.0055 6167
0.00551 6167
0.00552 6167
0.00553 6167
0.00554 6167
0.00555 6167
0.00556 6167
0.00557 6167
0.00558 6167
0.00559 6167
0.0056 6167
0.00561 6167
0.00562 6167
0.00563 6167
0.00564 6167
0.00565 6167
0.00566 6167
0.00567 6167
0.00568 6167
0.00569 6167
0.0057 6167
0.00571 6167
0.00572 6167
0.00573 6167
0.00574 6167
0.00575 6167
0.00576 6167
0.00577 6167
0.00578 6167
0.00579 6167
0.0058 6167
0.00581 6167
0.00582 6167
0.00583 6167
0.00584 6167
0.00585 6167
0.00586 6167
0.00587 6167
0.00588 6167
0.00589 6167
0.0059 6167
0.00591 6167
0.00592 6167
0.00593 6167
0.00594 6167
0.00595 6167
0.00596 6167
0.00597 6167
0.00598 6167
0.00599 6167
0.006 6167
0.00601 6167
0.00602 6167
0.00603 6167
0.00604 6167
0.00605 6167
0.00606 6167
0.00607 6167
0.00608 6167
0.00609 6167
0.0061 6167
0.00611 6167
0.00612 6167
0.00613 6167
0.00614 6167
0.00615 6167
0.00616 6167
0.00617 6167
0.00618 6167
0.00619 6167
0.0062 6167
0.00621 6167
0.00622 6167
0.00623 6167
0.00624 6167
0.00625 6167
0.00626 6167
0.00627 6167
0.00628 6167
0.00629 6167
0.0063 6167
0.00631 6167
0.00632 6167
0.00633 6167
0.00634 6167
0.00635 6167
0.00636 6167
0.00637 6167
0.00638 6167
0.00639 6167
0.0064 6167
0.00641 6167
0.00642 6167
0.00643 6167
0.00644 6167
0.00645 6167
0.00646 6167
0.00647 6167
0.00648 6167
0.00649 6167
0.0065 6167
0.00651 6167
0.00652 6167
0.00653 6167
0.00654 6167
0.00655 6167
0.00656 6167
0.00657 6167
0.00658 6167
0.00659 6167
0.0066 6167
0.00661 6167
0.00662 6167
0.00663 6167
0.00664 6167
0.00665 6167
0.00666 6167
0.00667 6167
0.00668 6167
0.00669 6167
0.0067 6167
0.00671 6167
0.00672 6167
0.00673 6167
0.00674 6167
0.00675 6167
0.00676 6167
0.00677 6167
0.00678 6167
0.00679 6167
0.0068 6167
0.00681 6167
0.00682 6167
0.00683 6167
0.00684 6167
0.00685 6167
0.00686 6167
0.00687 6167
0.00688 6167
0.00689 6167
0.0069 6167
0.00691 6167
0.00692 6167
0.00693 6167
0.00694 6167
0.00695 6167
0.00696 6167
0.00697 6167
0.00698 6167
0.00699 6167
0.007 6167
0.00701 6167
0.00702 6167
0.00703 6167
0.00704 6167
0.00705 6167
0.00706 6167
0.00707 6167
0.00708 6167
0.00709 6167
0.0071 6167
0.00711 6167
0.00712 6167
0.00713 6167
0.00714 6167
0.00715 6167
0.00716 6167
0.00717 6167
0.00718 6167
0.00719 6167
0.0072 6167
0.00721 6167
0.00722 6167
0.00723 6167
0.00724 6167
0.00725 6167
0.00726 6167
0.00727 6167
0.00728 6167
0.00729 6167
0.0073 6167
0.00731 6167
0.00732 6167
0.00733 6167
0.00734 6167
0.00735 6167
0.00736 6167
0.00737 6167
0.00738 6167
0.00739 6167
0.0074 6167
0.00741 6167
0.00742 6167
0.00743 6167
0.00744 6167
0.00745 6167
0.00746 6167
0.00747 6167
0.00748 6167
0.00749 6167
0.0075 6167
0.00751 6167
0.00752 6167
0.00753 6167
0.00754 6167
0.00755 6167
0.00756 6167
0.00757 6167
0.00758 6167
0.00759 6167
0.0076 6167
0.00761 6167
0.00762 6167
0.00763 6167
0.00764 6167
0.00765 6167
0.00766 6167
0.00767 6167
0.00768 6167
0.00769 6167
0.0077 6167
0.00771 6167
0.00772 6167
0.00773 6167
0.00774 6167
0.00775 6167
0.00776 6167
0.00777 6167
0.00778 6167
0.00779 6167
0.0078 6167
0.00781 6167
0.00782 6167
0.00783 6167
0.00784 6167
0.00785 6167
0.00786 6167
0.00787 6167
0.00788 6167
0.00789 6167
0.0079 6167
0.00791 6167
0.00792 6167
0.00793 6167
0.00794 6167
0.00795 6167
0.00796 6167
0.00797 6167
0.00798 6167
0.00799 6167
0.008 6167
0.00801 6167
0.00802 6167
0.00803 6167
0.00804 6167
0.00805 6167
0.00806 6167
0.00807 6167
0.00808 6167
0.00809 6167
0.0081 6167
0.00811 6167
0.00812 6167
0.00813 6167
0.00814 6167
0.00815 6167
0.00816 6167
0.00817 6167
0.00818 6167
0.00819 6167
0.0082 6167
0.00821 6167
0.00822 6167
0.00823 6167
0.00824 6167
0.00825 6167
0.00826 6167
0.00827 6167
0.00828 6167
0.00829 6167
0.0083 6167
0.00831 6167
0.00832 6167
0.00833 6167
0.00834 6167
0.00835 6167
0.00836 6167
0.00837 6167
0.00838 6167
0.00839 6167
0.0084 6167
0.00841 6167
0.00842 6167
0.00843 6167
0.00844 6167
0.00845 6167
0.00846 6167
0.00847 6167
0.00848 6167
0.00849 6167
0.0085 6167
0.00851 6167
0.00852 6167
0.00853 6167
0.00854 6167
0.00855 6167
0.00856 6167
0.00857 6167
0.00858 6167
0.00859 6167
0.0086 6167
0.00861 6167
0.00862 6167
0.00863 6167
0.00864 6167
0.00865 6167
0.00866 6167
0.00867 6167
0.00868 6167
0.00869 6167
0.0087 6167
0.00871 6167
0.00872 6167
0.00873 6167
0.00874 6167
0.00875 6167
0.00876 6167
0.00877 6167
0.00878 6167
0.00879 6167
0.0088 6167
0.00881 6167
0.00882 6167
0.00883 6167
0.00884 6167
0.00885 6167
0.00886 6167
0.00887 6167
0.00888 6167
0.00889 6167
0.0089 6167
0.00891 6167
0.00892 6167
0.00893 6167
0.00894 6167
0.00895 6167
0.00896 6167
0.00897 6167
0.00898 6167
0.00899 6167
0.009 6167
0.00901 6167
0.00902 6167
0.00903 6167
0.00904 6167
0.00905 6167
0.00906 6167
0.00907 6167
0.00908 6167
0.00909 6167
0.0091 6167
0.00911 6167
0.00912 6167
0.00913 6167
0.00914 6167
0.00915 6167
0.00916 6167
0.00917 6167
0.00918 6167
0.00919 6167
0.0092 6167
0.00921 6167
0.00922 6167
0.00923 6167
0.00924 6167
0.00925 6167
0.00926 6167
0.00927 6167
0.00928 6167
0.00929 6167
0.0093 6167
0.00931 6167
0.00932 6167
0.00933 6167
0.00934 6167
0.00935 6167
0.00936 6167
0.00937 6167
0.00938 6167
0.00939 6167
0.0094 6167
0.00941 6167
0.00942 6167
0.00943 6167
0.00944 6167
0.00945 6167
0.00946 6167
0.00947 6167
0.00948 6167
0.00949 6167
0.0095 6167
0.00951 6167
0.00952 6167
0.00953 6167
0.00954 6167
0.00955 6167
0.00956 6167
0.00957 6167
0.00958 6167
0.00959 6167
0.0096 6167
0.00961 6167
0.00962 6167
0.00963 6167
0.00964 6167
0.00965 6167
0.00966 6167
0.00967 6167
0.00968 6167
0.00969 6167
0.0097 6167
0.00971 6167
0.00972 6167
0.00973 6167
0.00974 6167
0.00975 6167
0.00976 6167
0.00977 6167
0.00978 6167
0.00979 6167
0.0098 6167
0.00981 6167
0.00982 6167
0.00983 6167
0.00984 6167
0.00985 6167
0.00986 6167
0.00987 6167
0.00988 6167
0.00989 6167
0.0099 6167
0.00991 6167
0.00992 6167
0.00993 6167
0.00994 6167
0.00995 6167
0.00996 6167
0.00997 6167
0.00998 6167
0.00999 6167
0.01 6167
0.01001 6167
0.01002 6167
0.01003 6167
0.01004 6167
0.01005 6167
0.01006 6167
0.01007 6167
0.01008 6167
0.01009 6167
0.0101 6167
0.01011 6167
0.01012 6167
0.01013 6167
0.01014 6167
0.01015 6167
0.01016 6167
0.01017 6167
0.01018 6167
0.01019 6167
0.0102 6167
0.01021 6167
0.01022 6167
0.01023 6167
0.01024 6167
0.01025 6167
0.01026 6167
0.01027 6167
0.01028 6167
0.01029 6167
0.0103 6167
0.01031 6167
0.01032 6167
0.01033 6167
0.01034 6167
0.01035 6167
0.01036 6167
0.01037 6167
0.01038 6167
0.01039 6167
0.0104 6167
0.01041 6167
0.01042 6167
0.01043 6167
0.01044 6167
0.01045 6167
0.01046 6167
0.01047 6167
0.01048 6167
0.01049 6167
0.0105 6167
0.01051 6167
0.01052 6167
0.01053 6167
0.01054 6167
0.01055 6167
0.01056 6167
0.01057 6167
0.01058 6167
0.01059 6167
0.0106 6167
0.01061 6167
0.01062 6167
0.01063 6167
0.01064 6167
0.01065 6167
0.01066 6167
0.01067 6167
0.01068 6167
0.01069 6167
0.0107 6167
0.01071 6167
0.01072 6167
0.01073 6167
0.01074 6167
0.01075 6167
0.01076 6167
0.01077 6167
0.01078 6167
0.01079 6167
0.0108 6167
0.01081 6167
0.01082 6167
0.01083 6167
0.01084 6167
0.01085 6167
0.01086 6167
0.01087 6167
0.01088 6167
0.01089 6167
0.0109 6167
0.01091 6167
0.01092 6167
0.01093 6167
0.01094 6167
0.01095 6167
0.01096 6167
0.01097 6167
0.01098 6167
0.01099 6167
0.011 6167
0.01101 6167
0.01102 6167
0.01103 6167
0.01104 6167
0.01105 6167
0.01106 6167
0.01107 6167
0.01108 6167
0.01109 6167
0.0111 6167
0.01111 6167
0.01112 6167
0.01113 6167
0.01114 6167
0.01115 6167
0.01116 6167
0.01117 6167
0.01118 6167
0.01119 6167
0.0112 6167
0.01121 6167
0.01122 6167
0.01123 6167
0.01124 6167
0.01125 6167
0.01126 6167
0.01127 6167
0.01128 6167
0.01129 6167
0.0113 6167
0.01131 6167
0.01132 6167
0.01133 6167
0.01134 6167
0.01135 6167
0.01136 6167
0.01137 6167
0.01138 6167
0.01139 6167
0.0114 6167
0.01141 6167
0.01142 6167
0.01143 6167
0.01144 6167
0.01145 6167
0.01146 6167
0.01147 6167
0.01148 6167
0.01149 6167
0.0115 6167
0.01151 6167
0.01152 6167
0.01153 6167
0.01154 6167
0.01155 6167
0.01156 6167
0.01157 6167
0.01158 6167
0.01159 6167
0.0116 6167
0.01161 6167
0.01162 6167
0.01163 6167
0.01164 6167
0.01165 6167
0.01166 6167
0.01167 6167
0.01168 6167
0.01169 6167
0.0117 6167
0.01171 6167
0.01172 6167
0.01173 6167
0.01174 6167
0.01175 6167
0.01176 6167
0.01177 6167
0.01178 6167
0.01179 6167
0.0118 6167
0.01181 6167
0.01182 6167
0.01183 6167
0.01184 6167
0.01185 6167
0.01186 6167
0.01187 6167
0.01188 6167
0.01189 6167
0.0119 6167
0.01191 6167
0.01192 6167
0.01193 6167
0.01194 6167
0.01195 6167
0.01196 6167
0.01197 6167
0.01198 6167
0.01199 6167
0.012 6167
0.01201 6167
0.01202 6167
0.01203 6167
0.01204 6167
0.01205 6167
0.01206 6167
0.01207 6167
0.01208 6167
0.01209 6167
0.0121 6167
0.01211 6167
0.01212 6167
0.01213 6167
0.01214 6167
0.01215 6167
0.01216 6167
0.01217 6167
0.01218 6167
0.01219 6167
0.0122 6167
0.01221 6167
0.01222 6167
0.01223 6167
0.01224 6167
0.01225 6167
0.01226 6167
0.01227 6167
0.01228 6167
0.01229 6167
0.0123 6167
0.01231 6167
0.01232 6167
0.01233 6167
0.01234 6167
0.01235 6167
0.01236 6167
0.01237 6167
0.01238 6167
0.01239 6167
0.0124 6167
0.01241 6167
0.01242 6167
0.01243 6167
0.01244 6167
0.01245 6167
0.01246 6167
0.01247 6167
0.01248 6167
0.01249 6167
0.0125 6167
0.01251 6167
0.01252 6167
0.01253 6167
0.01254 6167
0.01255 6167
0.01256 6167
0.01257 6167
0.01258 6167
0.01259 6167
0.0126 6167
0.01261 6167
0.01262 6167
0.01263 6167
0.01264 6167
0.01265 6167
0.01266 6167
0.01267 6167
0.01268 6167
0.01269 6167
0.0127 6167
0.01271 6167
0.01272 6167
0.01273 6167
0.01274 6167
0.01275 6167
0.01276 6167
0.01277 6167
0.01278 6167
0.01279 6167
0.0128 6167
0.01281 6167
0.01282 6167
0.01283 6167
0.01284 6167
0.01285 6167
0.01286 6167
0.01287 6167
0.01288 6167
0.01289 6167
0.0129 6167
0.01291 6167
0.01292 6167
0.01293 6167
0.01294 6167
0.01295 6167
0.01296 6167
0.01297 6167
0.01298 6167
0.01299 6167
0.013 6167
0.01301 6167
0.01302 6167
0.01303 6167
0.01304 6167
0.01305 6167
0.01306 6167
0.01307 6167
0.01308 6167
0.01309 6167
0.0131 6167
0.01311 6167
0.01312 6167
0.01313 6167
0.01314 6167
0.01315 6167
0.01316 6167
0.01317 6167
0.01318 6167
0.01319 6167
0.0132 6167
0.01321 6167
0.01322 6167
0.01323 6167
0.01324 6167
0.01325 6167
0.01326 6167
0.01327 6167
0.01328 6167
0.01329 6167
0.0133 6167
0.01331 6167
0.01332 6167
0.01333 6167
0.01334 6167
0.01335 6167
0.01336 6167
0.01337 6167
0.01338 6167
0.01339 6167
0.0134 6167
0.01341 6167
0.01342 6167
0.01343 6167
0.01344 6167
0.01345 6167
0.01346 6167
0.01347 6167
0.01348 6167
0.01349 6167
0.0135 6167
0.01351 6167
0.01352 6167
0.01353 6167
0.01354 6167
0.01355 6167
0.01356 6167
0.01357 6167
0.01358 6167
0.01359 6167
0.0136 6167
0.01361 6167
0.01362 6167
0.01363 6167
0.01364 6167
0.01365 6167
0.01366 6167
0.01367 6167
0.01368 6167
0.01369 6167
0.0137 6167
0.01371 6167
0.01372 6167
0.01373 6167
0.01374 6167
0.01375 6167
0.01376 6167
0.01377 6167
0.01378 6167
0.01379 6167
0.0138 6167
0.01381 6167
0.01382 6167
0.01383 6167
0.01384 6167
0.01385 6167
0.01386 6167
0.01387 6167
0.01388 6167
0.01389 6167
0.0139 6167
0.01391 6167
0.01392 6167
0.01393 6167
0.01394 6167
0.01395 6167
0.01396 6167
0.01397 6167
0.01398 6167
0.01399 6167
0.014 6167
0.01401 6167
0.01402 6167
0.01403 6167
0.01404 6167
0.01405 6167
0.01406 6167
0.01407 6167
0.01408 6167
0.01409 6167
0.0141 6167
0.01411 6167
0.01412 6167
0.01413 6167
0.01414 6167
0.01415 6167
0.01416 6167
0.01417 6167
0.01418 6167
0.01419 6167
0.0142 6167
0.01421 6167
0.01422 6167
0.01423 6167
0.01424 6167
0.01425 6167
0.01426 6167
0.01427 6167
0.01428 6167
0.01429 6167
0.0143 6167
0.01431 6167
0.01432 6167
0.01433 6167
0.01434 6167
0.01435 6167
0.01436 6167
0.01437 6167
0.01438 6167
0.01439 6167
0.0144 6167
0.01441 6167
0.01442 6167
0.01443 6167
0.01444 6167
0.01445 6167
0.01446 6167
0.01447 6167
0.01448 6167
0.01449 6167
0.0145 6167
0.01451 6167
0.01452 6167
0.01453 6167
0.01454 6167
0.01455 6167
0.01456 6167
0.01457 6167
0.01458 6167
0.01459 6167
0.0146 6167
0.01461 6167
0.01462 6167
0.01463 6167
0.01464 6167
0.01465 6167
0.01466 6167
0.01467 6167
0.01468 6167
0.01469 6167
0.0147 6167
0.01471 6167
0.01472 6167
0.01473 6167
0.01474 6167
0.01475 6167
0.01476 6167
0.01477 6167
0.01478 6167
0.01479 6167
0.0148 6167
0.01481 6167
0.01482 6167
0.01483 6167
0.01484 6167
0.01485 6167
0.01486 6167
0.01487 6167
0.01488 6167
0.01489 6167
0.0149 6167
0.01491 6167
0.01492 6167
0.01493 6167
0.01494 6167
0.01495 6167
0.01496 6167
0.01497 6167
0.01498 6167
0.01499 6167
0.015 6167
0.01501 6167
0.01502 6167
0.01503 6167
0.01504 6167
0.01505 6167
0.01506 6167
0.01507 6167
0.01508 6167
0.01509 6167
0.0151 6167
0.01511 6167
0.01512 6167
0.01513 6167
0.01514 6167
0.01515 6167
0.01516 6167
0.01517 6167
0.01518 6167
0.01519 6167
0.0152 6167
0.01521 6167
0.01522 6167
0.01523 6167
0.01524 6167
0.01525 6167
0.01526 6167
0.01527 6167
0.01528 6167
0.01529 6167
0.0153 6167
0.01531 6167
0.01532 6167
0.01533 6167
0.01534 6167
0.01535 6167
0.01536 6167
0.01537 6167
0.01538 6167
0.01539 6167
0.0154 6167
0.01541 6167
0.01542 6167
0.01543 6167
0.01544 6167
0.01545 6167
0.01546 6167
0.01547 6167
0.01548 6167
0.01549 6167
0.0155 6167
0.01551 6167
0.01552 6167
0.01553 6167
0.01554 6167
0.01555 6167
0.01556 6167
0.01557 6167
0.01558 6167
0.01559 6167
0.0156 6167
0.01561 6167
0.01562 6167
0.01563 6167
0.01564 6167
0.01565 6167
0.01566 6167
0.01567 6167
0.01568 6167
0.01569 6167
0.0157 6167
0.01571 6167
0.01572 6167
0.01573 6167
0.01574 6167
0.01575 6167
0.01576 6167
0.01577 6167
0.01578 6167
0.01579 6167
0.0158 6167
0.01581 6167
0.01582 6167
0.01583 6167
0.01584 6167
0.01585 6167
0.01586 6167
0.01587 6167
0.01588 6167
0.01589 6167
0.0159 6167
0.01591 6167
0.01592 6167
0.01593 6167
0.01594 6167
0.01595 6167
0.01596 6167
0.01597 6167
0.01598 6167
0.01599 6167
0.016 6167
0.01601 6167
0.01602 6167
0.01603 6167
0.01604 6167
0.01605 6167
0.01606 6167
0.01607 6167
0.01608 6167
0.01609 6167
0.0161 6167
0.01611 6167
0.01612 6167
0.01613 6167
0.01614 6167
0.01615 6167
0.01616 6167
0.01617 6167
0.01618 6167
0.01619 6167
0.0162 6167
0.01621 6167
0.01622 6167
0.01623 6167
0.01624 6167
0.01625 6167
0.01626 6167
0.01627 6167
0.01628 6167
0.01629 6167
0.0163 6167
0.01631 6167
0.01632 6167
0.01633 6167
0.01634 6167
0.01635 6167
0.01636 6167
0.01637 6167
0.01638 6167
0.01639 6167
0.0164 6167
0.01641 6167
0.01642 6167
0.01643 6167
0.01644 6167
0.01645 6167
0.01646 6167
0.01647 6167
0.01648 6167
0.01649 6167
0.0165 6167
0.01651 6167
0.01652 6167
0.01653 6167
0.01654 6167
0.01655 6167
0.01656 6167
0.01657 6167
0.01658 6167
0.01659 6167
0.0166 6167
0.01661 6167
0.01662 6167
0.01663 6167
0.01664 6167
0.01665 6167
0.01666 6167
0.01667 6167
0.01668 6167
0.01669 6167
0.0167 6167
0.01671 6167
0.01672 6167
0.01673 6167
0.01674 6167
0.01675 6167
0.01676 6167
0.01677 6167
0.01678 6167
0.01679 6167
0.0168 6167
0.01681 6167
0.01682 6167
0.01683 6167
0.01684 6167
0.01685 6167
0.01686 6167
0.01687 6167
0.01688 6167
0.01689 6167
0.0169 6167
0.01691 6167
0.01692 6167
0.01693 6167
0.01694 6167
0.01695 6167
0.01696 6167
0.01697 6167
0.01698 6167
0.01699 6167
0.017 6167
0.01701 6167
0.01702 6167
0.01703 6167
0.01704 6167
0.01705 6167
0.01706 6167
0.01707 6167
0.01708 6167
0.01709 6167
0.0171 6167
0.01711 6167
0.01712 6167
0.01713 6167
0.01714 6167
0.01715 6167
0.01716 6167
0.01717 6167
0.01718 6167
0.01719 6167
0.0172 6167
0.01721 6167
0.01722 6167
0.01723 6167
0.01724 6167
0.01725 6167
0.01726 6167
0.01727 6167
0.01728 6167
0.01729 6167
0.0173 6167
0.01731 6167
0.01732 6167
0.01733 6167
0.01734 6167
0.01735 6167
0.01736 6167
0.01737 6167
0.01738 6167
0.01739 6167
0.0174 6167
0.01741 6167
0.01742 6167
0.01743 6167
0.01744 6167
0.01745 6167
0.01746 6167
0.01747 6167
0.01748 6167
0.01749 6167
0.0175 6167
0.01751 6167
0.01752 6167
0.01753 6167
0.01754 6167
0.01755 6167
0.01756 6167
0.01757 6167
0.01758 6167
0.01759 6167
0.0176 6167
0.01761 6167
0.01762 6167
0.01763 6167
0.01764 6167
0.01765 6167
0.01766 6167
0.01767 6167
0.01768 6167
0.01769 6167
0.0177 6167
0.01771 6167
0.01772 6167
0.01773 6167
0.01774 6167
0.01775 6167
0.01776 6167
0.01777 6167
0.01778 6167
0.01779 6167
0.0178 6167
0.01781 6167
0.01782 6167
0.01783 6167
0.01784 6167
0.01785 6167
0.01786 6167
0.01787 6167
0.01788 6167
0.01789 6167
0.0179 6167
0.01791 6167
0.01792 6167
0.01793 6167
0.01794 6167
0.01795 6167
0.01796 6167
0.01797 6167
0.01798 6167
0.01799 6167
0.018 6167
0.01801 6167
0.01802 6167
0.01803 6167
0.01804 6167
0.01805 6167
0.01806 6167
0.01807 6167
0.01808 6167
0.01809 6167
0.0181 6167
0.01811 6167
0.01812 6167
0.01813 6167
0.01814 6167
0.01815 6167
0.01816 6167
0.01817 6167
0.01818 6167
0.01819 6167
0.0182 6167
0.01821 6167
0.01822 6167
0.01823 6167
0.01824 6167
0.01825 6167
0.01826 6167
0.01827 6167
0.01828 6167
0.01829 6167
0.0183 6167
0.01831 6167
0.01832 6167
0.01833 6167
0.01834 6167
0.01835 6167
0.01836 6167
0.01837 6167
0.01838 6167
0.01839 6167
0.0184 6167
0.01841 6167
0.01842 6167
0.01843 6167
0.01844 6167
0.01845 6167
0.01846 6167
0.01847 6167
0.01848 6167
0.01849 6167
0.0185 6167
0.01851 6167
0.01852 6167
0.01853 6167
0.01854 6167
0.01855 6167
0.01856 6167
0.01857 6167
0.01858 6167
0.01859 6167
0.0186 6167
0.01861 6167
0.01862 6167
0.01863 6167
0.01864 6167
0.01865 6167
0.01866 6167
0.01867 6167
0.01868 6167
0.01869 6167
0.0187 6167
0.01871 6167
0.01872 6167
0.01873 6167
0.01874 6167
0.01875 6167
0.01876 6167
0.01877 6167
0.01878 6167
0.01879 6167
0.0188 6167
0.01881 6167
0.01882 6167
0.01883 6167
0.01884 6167
0.01885 6167
0.01886 6167
0.01887 6167
0.01888 6167
0.01889 6167
0.0189 6167
0.01891 6167
0.01892 6167
0.01893 6167
0.01894 6167
0.01895 6167
0.01896 6167
0.01897 6167
0.01898 6167
0.01899 6167
0.019 6167
0.01901 6167
0.01902 6167
0.01903 6167
0.01904 6167
0.01905 6167
0.01906 6167
0.01907 6167
0.01908 6167
0.01909 6167
0.0191 6167
0.01911 6167
0.01912 6167
0.01913 6167
0.01914 6167
0.01915 6167
0.01916 6167
0.01917 6167
0.01918 6167
0.01919 6167
0.0192 6167
0.01921 6167
0.01922 6167
0.01923 6167
0.01924 6167
0.01925 6167
0.01926 6167
0.01927 6167
0.01928 6167
0.01929 6167
0.0193 6167
0.01931 6167
0.01932 6167
0.01933 6167
0.01934 6167
0.01935 6167
0.01936 6167
0.01937 6167
0.01938 6167
0.01939 6167
0.0194 6167
0.01941 6167
0.01942 6167
0.01943 6167
0.01944 6167
0.01945 6167
0.01946 6167
0.01947 6167
0.01948 6167
0.01949 6167
0.0195 6167
0.01951 6167
0.01952 6167
0.01953 6167
0.01954 6167
0.01955 6167
0.01956 6167
0.01957 6167
0.01958 6167
0.01959 6167
0.0196 6167
0.01961 6167
0.01962 6167
0.01963 6167
0.01964 6167
0.01965 6167
0.01966 6167
0.01967 6167
0.01968 6167
0.01969 6167
0.0197 6167
0.01971 6167
0.01972 6167
0.01973 6167
0.01974 6167
0.01975 6167
0.01976 6167
0.01977 6167
0.01978 6167
0.01979 6167
0.0198 6167
0.01981 6167
0.01982 6167
0.01983 6167
0.01984 6167
0.01985 6167
0.01986 6167
0.01987 6167
0.01988 6167
0.01989 6167
0.0199 6167
0.01991 6167
0.01992 6167
0.01993 6167
0.01994 6167
0.01995 6167
0.01996 6167
0.01997 6167
0.01998 6167
0.01999 6167
0.02 6167
0.02001 6167
0.02002 6167
0.02003 6167
0.02004 6167
0.02005 6167
0.02006 6167
0.02007 6167
0.02008 6167
0.02009 6167
0.0201 6167
0.02011 6167
0.02012 6167
0.02013 6167
0.02014 6167
0.02015 6167
0.02016 6167
0.02017 6167
0.02018 6167
0.02019 6167
0.0202 6167
0.02021 6167
0.02022 6167
0.02023 6167
0.02024 6167
0.02025 6167
0.02026 6167
0.02027 6167
0.02028 6167
0.02029 6167
0.0203 6167
0.02031 6167
0.02032 6167
0.02033 6167
0.02034 6167
0.02035 6167
0.02036 6167
0.02037 6167
0.02038 6167
0.02039 6167
0.0204 6167
0.02041 6167
0.02042 6167
0.02043 6167
0.02044 6167
0.02045 6167
0.02046 6167
0.02047 6167
0.02048 6167
0.02049 6167
0.0205 6167
0.02051 6167
0.02052 6167
0.02053 6167
0.02054 6167
0.02055 6167
0.02056 6167
0.02057 6167
0.02058 6167
0.02059 6167
0.0206 6167
0.02061 6167
0.02062 6167
0.02063 6167
0.02064 6167
0.02065 6167
0.02066 6167
0.02067 6167
0.02068 6167
0.02069 6167
0.0207 6167
0.02071 6167
0.02072 6167
0.02073 6167
0.02074 6167
0.02075 6167
0.02076 6167
0.02077 6167
0.02078 6167
0.02079 6167
0.0208 6167
0.02081 6167
0.02082 6167
0.02083 6167
0.02084 6167
0.02085 6167
0.02086 6167
0.02087 6167
0.02088 6167
0.02089 6167
0.0209 6167
0.02091 6167
0.02092 6167
0.02093 6167
0.02094 6167
0.02095 6167
0.02096 6167
0.02097 6167
0.02098 6167
0.02099 6167
0.021 6167
0.02101 6167
0.02102 6167
0.02103 6167
0.02104 6167
0.02105 6167
0.02106 6167
0.02107 6167
0.02108 6167
0.02109 6167
0.0211 6167
0.02111 6167
0.02112 6167
0.02113 6167
0.02114 6167
0.02115 6167
0.02116 6167
0.02117 6167
0.02118 6167
0.02119 6167
0.0212 6167
0.02121 6167
0.02122 6167
0.02123 6167
0.02124 6167
0.02125 6167
0.02126 6167
0.02127 6167
0.02128 6167
0.02129 6167
0.0213 6167
0.02131 6167
0.02132 6167
0.02133 6167
0.02134 6167
0.02135 6167
0.02136 6167
0.02137 6167
0.02138 6167
0.02139 6167
0.0214 6167
0.02141 6167
0.02142 6167
0.02143 6167
0.02144 6167
0.02145 6167
0.02146 6167
0.02147 6167
0.02148 6167
0.02149 6167
0.0215 6167
0.02151 6167
0.02152 6167
0.02153 6167
0.02154 6167
0.02155 6167
0.02156 6167
0.02157 6167
0.02158 6167
0.02159 6167
0.0216 6167
0.02161 6167
0.02162 6167
0.02163 6167
0.02164 6167
0.02165 6167
0.02166 6167
0.02167 6167
0.02168 6167
0.02169 6167
0.0217 6167
0.02171 6167
0.02172 6167
0.02173 6167
0.02174 6167
0.02175 6167
0.02176 6167
0.02177 6167
0.02178 6167
0.02179 6167
0.0218 6167
0.02181 6167
0.02182 6167
0.02183 6167
0.02184 6167
0.02185 6167
0.02186 6167
0.02187 6167
0.02188 6167
0.02189 6167
0.0219 6167
0.02191 6167
0.02192 6167
0.02193 6167
0.02194 6167
0.02195 6168
0.02196 6168
0.02197 6171
0.02198 6171
0.02199 6174
0.022 6179
0.02201 6180
0.02202 6180
0.02203 6181
0.02204 6185
0.02205 6186
0.02206 6190
0.02207 6194
0.02208 6198
0.02209 6200
0.0221 6205
0.02211 6209
0.02212 6213
0.02213 6214
0.02214 6220
0.02215 6222
0.02216 6229
0.02217 6236
0.02218 6240
0.02219 6249
0.0222 6252
0.02221 6260
0.02222 6268
0.02223 6275
0.02224 6280
0.02225 6291
0.02226 6301
0.02227 6316
0.02228 6326
0.02229 6338
0.0223 6346
0.02231 6355
0.02232 6364
0.02233 6372
0.02234 6378
0.02235 6385
0.02236 6394
0.02237 6401
0.02238 6411
0.02239 6422
0.0224 6438
0.02241 6453
0.02242 6463
0.02243 6476
0.02244 6490
0.02245 6502
0.02246 6521
0.02247 6537
0.02248 6552
0.02249 6579
0.0225 6605
0.02251 6628
0.02252 6655
0.02253 6680
0.02254 6705
0.02255 6735
0.02256 6766
0.02257 6799
0.02258 6832
0.02259 6861
0.0226 6902
0.02261 6946
0.02262 6983
0.02263 7032
0.02264 7083
0.02265 7121
0.02266 7166
0.02267 7214
0.02268 7269
0.02269 7314
0.0227 7369
0.02271 7421
0.02272 7481
0.02273 7532
0.02274 7595
0.02275 7659
0.02276 7725
0.02277 7781
0.02278 7863
0.02279 7948
0.0228 8017
0.02281 8094
0.02282 8160
0.02283 8230
0.02284 8288
0.02285 8354
0.02286 8438
0.02287 8503
0.02288 8585
0.02289 8669
0.0229 8749
0.02291 8821
0.02292 8914
0.02293 9023
0.02294 9125
0.02295 9195
0.02296 9271
0.02297 9357
0.02298 9432
0.02299 9519
0.023 9608
0.02301 9684
0.02302 9767
0.02303 9849
0.02304 9957
0.02305 10046
0.02306 10132
0.02307 10221
0.02308 10303
0.02309 10395
0.0231 10483
0.02311 10562
0.02312 10660
0.02313 10745
0.02314 10838
0.02315 10928
0.02316 11022
0.02317 11110
0.02318 11199
0.02319 11264
0.0232 11332
0.02321 11421
0.02322 11510
0.02323 11581
0.02324 11651
0.02325 11741
0.02326 11811
0.02327 11880
0.02328 11960
0.02329 12043
0.0233 12129
0.02331 12194
0.02332 12261
0.02333 12334
0.02334 12422
0.02335 12482
0.02336 12559
0.02337 12626
0.02338 12711
0.02339 12779
0.0234 12825
0.02341 12895
0.02342 12933
0.02343 12978
0.02344 13026
0.02345 13062
0.02346 13089
0.02347 13122
0.02348 13141
0.02349 13168
0.0235 13201
0.02351 13222
0.02352 13241
0.02353 13255
0.02354 13270
0.02355 13281
0.02356 13296
0.02357 13311
0.02358 13328
0.02359 13337
0.0236 13346
0.02361 13352
0.02362 13362
0.02363 13368
0.02364 13380
0.02365 13390
0.02366 13396
0.02367 13403
0.02368 13416
0.02369 13422
0.0237 13427
0.02371 13439
0.02372 13447
0.02373 13453
0.02374 13453
0.02375 13453
0.02376 13453
0.02377 13453
0.02378 13453
0.02379 13453
0.0238 13453
0.02381 13453
0.02382 13453
0.02383 13453
0.02384 13453
0.02385 13453
0.02386 13453
0.02387 13453
0.02388 13453
0.02389 13453
0.0239 13453
0.02391 13453
0.02392 13453
0.02393 13453
0.02394 13453
0.02395 13453
0.02396 13453
0.02397 13453
0.02398 13453
0.02399 13453
0.024 13453
0.02401 13453
0.02402 13453
0.02403 13453
0.02404 13453
0.02405 13453
0.02406 13453
0.02407 13453
0.02408 13453
0.02409 13453
0.0241 13453
0.02411 13453
0.02412 13453
0.02413 13453
0.02414 13453
0.02415 13453
0.02416 13453
0.02417 13453
0.02418 13453
0.02419 13453
0.0242 13453
0.02421 13453
0.02422 13453
0.02423 13453
0.02424 13453
0.02425 13453
0.02426 13453
0.02427 13453
0.02428 13453
0.02429 13453
0.0243 13453
0.02431 13453
0.02432 13453
0.02433 13453
0.02434 13453
0.02435 13453
0.02436 13453
0.02437 13453
0.02438 13453
0.02439 13453
0.0244 13453
0.02441 13453
0.02442 13453
0.02443 13453
0.02444 13453
0.02445 13453
0.02446 13453
0.02447 13453
0.02448 13453
0.02449 13453
0.0245 13453
0.02451 13453
0.02452 13453
0.02453 13453
0.02454 13453
0.02455 13453
0.02456 13453
0.02457 13453
0.02458 13453
0.02459 13453
0.0246 13453
0.02461 13453
0.02462 13453
0.02463 13453
0.02464 13453
0.02465 13453
0.02466 13453
0.02467 13453
0.02468 13453
0.02469 13453
0.0247 13453
0.02471 13453
0.02472 13453
0.02473 13453
0.02474 13453
0.02475 13453
0.02476 13453
0.02477 13453
0.02478 13453
0.02479 13453
0.0248 13453
0.02481 13453
0.02482 13453
0.02483 13453
0.02484 13453
0.02485 13453
0.02486 13453
0.02487 13453
0.02488 13453
0.02489 13453
0.0249 13453
0.02491 13453
0.02492 13453
0.02493 13453
0.02494 13453
0.02495 13453
0.02496 13453
0.02497 13453
0.02498 13453
0.02499 13453
0.025 13453
0.02501 13453
0.02502 13453
0.02503 13453
0.02504 13453
0.02505 13453
0.02506 13453
0.02507 13453
0.02508 13453
0.02509 13453
0.0251 13453
0.02511 13453
0.02512 13453
0.02513 13453
0.02514 13453
0.02515 13453
0.02516 13453
0.02517 13453
0.02518 13453
0.02519 13453
0.0252 13453
0.02521 13453
0.02522 13453
0.02523 13453
0.02524 13453
0.02525 13453
0.02526 13453
0.02527 13453
0.02528 13453
0.02529 13453
0.0253 13453
0.02531 13453
0.02532 13453
0.02533 13453
0.02534 13453
0.02535 13453
0.02536 13453
0.02537 13453
0.02538 13453
0.02539 13453
0.0254 13453
0.02541 13453
0.02542 13453
0.02543 13453
0.02544 13453
0.02545 13453
0.02546 13453
0.02547 13453
0.02548 13453
0.02549 13453
0.0255 13453
0.02551 13453
0.02552 13453
0.02553 13453
0.02554 13453
0.02555 13453
0.02556 13453
0.02557 13453
0.02558 13453
0.02559 13453
0.0256 13453
0.02561 13453
0.02562 13453
0.02563 13453
0.02564 13453
0.02565 13453
0.02566 13453
0.02567 13453
0.02568 13453
0.02569 13453
0.0257 13453
0.02571 13453
0.02572 13453
0.02573 13453
0.02574 13453
0.02575 13453
0.02576 13453
0.02577 13453
0.02578 13453
0.02579 13453
0.0258 13453
0.02581 13453
0.02582 13453
0.02583 13453
0.02584 13453
0.02585 13453
0.02586 13453
0.02587 13453
0.02588 13453
0.02589 13453
0.0259 13453
0.02591 13453
0.02592 13453
0.02593 13453
0.02594 13453
0.02595 13453
0.02596 13453
0.02597 13453
0.02598 13453
0.02599 13453
0.026 13453
0.02601 13453
0.02602 13453
0.02603 13453
0.02604 13453
0.02605 13453
0.02606 13453
0.02607 13453
0.02608 13453
0.02609 13453
0.0261 13453
0.02611 13453
0.02612 13453
0.02613 13453
0.02614 13453
0.02615 13453
0.02616 13453
0.02617 13453
0.02618 13453
0.02619 13453
0.0262 13453
0.02621 13453
0.02622 13453
0.02623 13453
0.02624 13453
0.02625 13453
0.02626 13453
0.02627 13453
0.02628 13453
0.02629 13453
0.0263 13453
0.02631 13453
0.02632 13453
0.02633 13453
0.02634 13453
0.02635 13453
0.02636 13453
0.02637 13453
0.02638 13453
0.02639 13453
0.0264 13453
0.02641 13453
0.02642 13453
0.02643 13453
0.02644 13453
0.02645 13453
0.02646 13453
0.02647 13453
0.02648 13453
0.02649 13453
0.0265 13453
0.02651 13453
0.02652 13453
0.02653 13453
0.02654 13453
0.02655 13453
0.02656 13453
0.02657 13453
0.02658 13453
0.02659 13453
0.0266 13453
0.02661 13453
0.02662 13453
0.02663 13453
0.02664 13453
0.02665 13453
0.02666 13453
0.02667 13453
0.02668 13453
0.02669 13453
0.0267 13453
0.02671 13453
0.02672 13453
0.02673 13453
0.02674 13453
0.02675 13453
0.02676 13453
0.02677 13453
0.02678 13453
0.02679 13453
0.0268 13453
0.02681 13453
0.02682 13453
0.02683 13453
0.02684 13453
0.02685 13453
0.02686 13453
0.02687 13453
0.02688 13453
0.02689 13453
0.0269 13453
0.02691 13453
0.02692 13453
0.02693 13453
0.02694 13453
0.02695 13453
0.02696 13453
0.02697 13453
0.02698 13453
0.02699 13453
0.027 13453
0.02701 13453
0.02702 13453
0.02703 13453
0.02704 13453
0.02705 13453
0.02706 13453
0.02707 13453
0.02708 13453
0.02709 13453
0.0271 13453
0.02711 13453
0.02712 13453
0.02713 13453
0.02714 13453
0.02715 13453
0.02716 13453
0.02717 13453
0.02718 13453
0.02719 13453
0.0272 13453
0.02721 13453
0.02722 13453
0.02723 13453
0.02724 13453
0.02725 13453
0.02726 13453
0.02727 13453
0.02728 13453
0.02729 13453
0.0273 13453
0.02731 13453
0.02732 13453
0.02733 13453
0.02734 13453
0.02735 13453
0.02736 13453
0.02737 13453
0.02738 13453
0.02739 13453
0.0274 13453
0.02741 13453
0.02742 13453
0.02743 13453
0.02744 13453
0.02745 13453
0.02746 13453
0.02747 13453
0.02748 13453
0.02749 13453
0.0275 13453
0.02751 13453
0.02752 13453
0.02753 13453
0.02754 13453
0.02755 13453
0.02756 13453
0.02757 13453
0.02758 13453
0.02759 13453
0.0276 13453
0.02761 13453
0.02762 13453
0.02763 13453
0.02764 13453
0.02765 13453
0.02766 13453
0.02767 13453
0.02768 13453
0.02769 13453
0.0277 13453
0.02771 13453
0.02772 13453
0.02773 13453
0.02774 13453
0.02775 13453
0.02776 13453
0.02777 13453
0.02778 13453
0.02779 13453
0.0278 13453
0.02781 13453
0.02782 13453
0.02783 13453
0.02784 13453
0.02785 13453
0.02786 13453
0.02787 13453
0.02788 13453
0.02789 13453
0.0279 13453
0.02791 13453
0.02792 13453
0.02793 13453
0.02794 13453
0.02795 13453
0.02796 13453
0.02797 13453
0.02798 13453
0.02799 13453
0.028 13453
0.02801 13453
0.02802 13453
0.02803 13453
0.02804 13453
0.02805 13453
0.02806 13453
0.02807 13453
0.02808 13453
0.02809 13453
0.0281 13453
0.02811 13453
0.02812 13453
0.02813 13453
0.02814 13453
0.02815 13453
0.02816 13453
0.02817 13453
0.02818 13453
0.02819 13453
0.0282 13453
0.02821 13453
0.02822 13453
0.02823 13453
0.02824 13453
0.02825 13453
0.02826 13453
0.02827 13453
0.02828 13453
0.02829 13453
0.0283 13453
0.02831 13453
0.02832 13453
0.02833 13453
0.02834 13453
0.02835 13453
0.02836 13453
0.02837 13453
0.02838 13453
0.02839 13453
0.0284 13453
0.02841 13453
0.02842 13453
0.02843 13453
0.02844 13453
0.02845 13453
0.02846 13453
0.02847 13453
0.02848 13453
0.02849 13453
0.0285 13453
0.02851 13453
0.02852 13453
0.02853 13453
0.02854 13453
0.02855 13453
0.02856 13453
0.02857 13453
0.02858 13453
0.02859 13453
0.0286 13453
0.02861 13453
0.02862 13453
0.02863 13453
0.02864 13453
0.02865 13453
0.02866 13453
0.02867 13453
0.02868 13453
0.02869 13453
0.0287 13453
0.02871 13453
0.02872 13453
0.02873 13453
0.02874 13453
0.02875 13453
0.02876 13453
0.02877 13453
0.02878 13453
0.02879 13453
0.0288 13453
0.02881 13453
0.02882 13453
0.02883 13453
0.02884 13453
0.02885 13453
0.02886 13453
0.02887 13453
0.02888 13453
0.02889 13453
0.0289 13453
0.02891 13453
0.02892 13453
0.02893 13453
0.02894 13453
0.02895 13453
0.02896 13453
0.02897 13453
0.02898 13453
0.02899 13453
0.029 13453
0.02901 13453
0.02902 13453
0.02903 13453
0.02904 13453
0.02905 13453
0.02906 13453
0.02907 13453
0.02908 13453
0.02909 13453
0.0291 13453
0.02911 13453
0.02912 13453
0.02913 13453
0.02914 13453
0.02915 13453
0.02916 13453
0.02917 13453
0.02918 13453
0.02919 13453
0.0292 13453
0.02921 13453
0.02922 13453
0.02923 13453
0.02924 13453
0.02925 13453
0.02926 13453
0.02927 13453
0.02928 13453
0.02929 13453
0.0293 13453
0.02931 13453
0.02932 13453
0.02933 13453
0.02934 13453
0.02935 13453
0.02936 13453
0.02937 13453
0.02938 13453
0.02939 13453
0.0294 13453
0.02941 13453
0.02942 13453
0.02943 13453
0.02944 13453
0.02945 13453
0.02946 13453
0.02947 13453
0.02948 13453
0.02949 13453
0.0295 13453
0.02951 13453
0.02952 13453
0.02953 13453
0.02954 13453
0.02955 13453
0.02956 13453
0.02957 13453
0.02958 13453
0.02959 13453
0.0296 13453
0.02961 13453
0.02962 13453
0.02963 13453
0.02964 13453
0.02965 13453
0.02966 13453
0.02967 13453
0.02968 13453
0.02969 13453
0.0297 13453
0.02971 13453
0.02972 13453
0.02973 13453
0.02974 13453
0.02975 13453
0.02976 13453
0.02977 13453
0.02978 13453
0.02979 13453
0.0298 13453
0.02981 13453
0.02982 13453
0.02983 13453
0.02984 13453
0.02985 13453
0.02986 13453
0.02987 13453
0.02988 13453
0.02989 13453
0.0299 13453
0.02991 13453
0.02992 13453
0.02993 13453
0.02994 13453
0.02995 13453
0.02996 13453
0.02997 13453
0.02998 13453
0.02999 13453
0.03 13453
0.03001 13453
0.03002 13453
0.03003 13453
0.03004 13453
0.03005 13453
0.03006 13453
0.03007 13453
0.03008 13453
0.03009 13453
0.0301 13453
0.03011 13453
0.03012 13453
0.03013 13453
0.03014 13453
0.03015 13453
0.03016 13453
0.03017 13453
0.03018 13453
0.03019 13453
0.0302 13453
0.03021 13453
0.03022 13453
0.03023 13453
0.03024 13453
0.03025 13453
0.03026 13453
0.03027 13453
0.03028 13453
0.03029 13453
0.0303 13453
0.03031 13453
0.03032 13453
0.03033 13453
0.03034 13453
0.03035 13453
0.03036 13453
0.03037 13453
0.03038 13453
0.03039 13453
0.0304 13453
0.03041 13453
0.03042 13453
0.03043 13453
0.03044 13453
0.03045 13453
0.03046 13453
0.03047 13453
0.03048 13453
0.03049 13453
0.0305 13453
0.03051 13453
0.03052 13453
0.03053 13453
0.03054 13453
0.03055 13453
0.03056 13453
0.03057 13453
0.03058 13453
0.03059 13453
0.0306 13453
0.03061 13453
0.03062 13453
0.03063 13453
0.03064 13453
0.03065 13453
0.03066 13453
0.03067 13453
0.03068 13453
0.03069 13453
0.0307 13453
0.03071 13453
0.03072 13453
0.03073 13453
0.03074 13453
0.03075 13453
0.03076 13453
0.03077 13453
0.03078 13453
0.03079 13453
0.0308 13453
0.03081 13453
0.03082 13453
0.03083 13453
0.03084 13453
0.03085 13453
0.03086 13453
0.03087 13453
0.03088 13453
0.03089 13453
0.0309 13453
0.03091 13453
0.03092 13453
0.03093 13453
0.03094 13453
0.03095 13453
0.03096 13453
0.03097 13453
0.03098 13453
0.03099 13453
0.031 13453
0.03101 13453
0.03102 13453
0.03103 13453
0.03104 13453
0.03105 13453
0.03106 13453
0.03107 13453
0.03108 13453
0.03109 13453
0.0311 13453
0.03111 13453
0.03112 13453
0.03113 13453
0.03114 13453
0.03115 13453
0.03116 13453
0.03117 13453
0.03118 13453
0.03119 13453
0.0312 13453
0.03121 13453
0.03122 13453
0.03123 13453
0.03124 13453
0.03125 13453
0.03126 13453
0.03127 13453
0.03128 13453
0.03129 13453
0.0313 13453
0.03131 13453
0.03132 13453
0.03133 13453
0.03134 13453
0.03135 13453
0.03136 13453
0.03137 13453
0.03138 13453
0.03139 13453
0.0314 13453
0.03141 13453
0.03142 13453
0.03143 13453
0.03144 13453
0.03145 13453
0.03146 13453
0.03147 13453
0.03148 13453
0.03149 13453
0.0315 13453
0.03151 13453
0.03152 13453
0.03153 13453
0.03154 13453
0.03155 13453
0.03156 13453
0.03157 13453
0.03158 13453
0.03159 13453
0.0316 13453
0.03161 13453
0.03162 13453
0.03163 13453
0.03164 13453
0.03165 13453
0.03166 13453
0.03167 13453
0.03168 13453
0.03169 13453
0.0317 13453
0.03171 13453
0.03172 13453
0.03173 13453
0.03174 13453
0.03175 13453
0.03176 13453
0.03177 13453
0.03178 13453
0.03179 13453
0.0318 13453
0.03181 13453
0.03182 13453
0.03183 13453
0.03184 13453
0.03185 13453
0.03186 13453
0.03187 13453
0.03188 13453
0.03189 13453
0.0319 13453
0.03191 13453
0.03192 13453
0.03193 13453
0.03194 13453
0.03195 13453
0.03196 13453
0.03197 13453
0.03198 13453
0.03199 13453
0.032 13453
0.03201 13453
0.03202 13453
0.03203 13453
0.03204 13453
0.03205 13453
0.03206 13453
0.03207 13453
0.03208 13453
0.03209 13453
0.0321 13453
0.03211 13453
0.03212 13453
0.03213 13453
0.03214 13453
0.03215 13453
0.03216 13453
0.03217 13453
0.03218 13453
0.03219 13453
0.0322 13453
0.03221 13453
0.03222 13453
0.03223 13453
0.03224 13453
0.03225 13453
0.03226 13453
0.03227 13453
0.03228 13453
0.03229 13453
0.0323 13453
0.03231 13453
0.03232 13453
0.03233 13453
0.03234 13453
0.03235 13453
0.03236 13453
0.03237 13453
0.03238 13453
0.03239 13453
0.0324 13453
0.03241 13453
0.03242 13453
0.03243 13453
0.03244 13453
0.03245 13453
0.03246 13453
0.03247 13453
0.03248 13453
0.03249 13453
0.0325 13453
0.03251 13453
0.03252 13453
0.03253 13453
0.03254 13453
0.03255 13453
0.03256 13453
0.03257 13453
0.03258 13453
0.03259 13453
0.0326 13453
0.03261 13453
0.03262 13453
0.03263 13453
0.03264 13453
0.03265 13453
0.03266 13453
0.03267 13453
0.03268 13453
0.03269 13453
0.0327 13453
0.03271 13453
0.03272 13453
0.03273 13453
0.03274 13453
0.03275 13453
0.03276 13453
0.03277 13453
0.03278 13453
0.03279 13453
0.0328 13453
0.03281 13453
0.03282 13453
0.03283 13453
0.03284 13453
0.03285 13453
0.03286 13453
0.03287 13453
0.03288 13453
0.03289 13453
0.0329 13453
0.03291 13453
0.03292 13453
0.03293 13453
0.03294 13453
0.03295 13453
0.03296 13453
0.03297 13453
0.03298 13453
0.03299 13453
0.033 13453
0.03301 13453
0.03302 13453
0.03303 13453
0.03304 13453
0.03305 13453
0.03306 13453
0.03307 13453
0.03308 13453
0.03309 13453
0.0331 13453
0.03311 13453
0.03312 13453
0.03313 13453
0.03314 13453
0.03315 13453
0.03316 13453
0.03317 13453
0.03318 13453
0.03319 13453
0.0332 13453
0.03321 13453
0.03322 13453
0.03323 13453
0.03324 13453
0.03325 13453
0.03326 13453
0.03327 13453
0.03328 13453
0.03329 13453
0.0333 13453
0.03331 13453
0.03332 13453
0.03333 13453
0.03334 13453
0.03335 13453
0.03336 13453
0.03337 13453
0.03338 13453
0.03339 13453
0.0334 13453
0.03341 13453
0.03342 13453
0.03343 13453
0.03344 13453
0.03345 13453
0.03346 13453
0.03347 13453
0.03348 13453
0.03349 13453
0.0335 13453
0.03351 13453
0.03352 13453
0.03353 13453
0.03354 13453
0.03355 13453
0.03356 13453
0.03357 13453
0.03358 13453
0.03359 13453
0.0336 13453
0.03361 13453
0.03362 13453
0.03363 13453
0.03364 13453
0.03365 13453
0.03366 13453
0.03367 13453
0.03368 13453
0.03369 13453
0.0337 13453
0.03371 13453
0.03372 13453
0.03373 13453
0.03374 13453
0.03375 13453
0.03376 13453
0.03377 13453
0.03378 13453
0.03379 13453
0.0338 13453
0.03381 13453
0.03382 13453
0.03383 13453
0.03384 13453
0.03385 13453
0.03386 13453
0.03387 13453
0.03388 13453
0.03389 13453
0.0339 13453
0.03391 13453
0.03392 13453
0.03393 13453
0.03394 13453
0.03395 13453
0.03396 13453
0.03397 13453
0.03398 13453
0.03399 13453
0.034 13453
0.03401 13453
0.03402 13453
0.03403 13453
0.03404 13453
0.03405 13453
0.03406 13453
0.03407 13453
0.03408 13453
0.03409 13453
0.0341 13453
0.03411 13453
0.03412 13453
0.03413 13453
0.03414 13453
0.03415 13453
0.03416 13453
0.03417 13453
0.03418 13453
0.03419 13453
0.0342 13453
0.03421 13453
0.03422 13453
0.03423 13453
0.03424 13453
0.03425 13453
0.03426 13453
0.03427 13453
0.03428 13453
0.03429 13453
0.0343 13453
0.03431 13453
0.03432 13453
0.03433 13453
0.03434 13453
0.03435 13453
0.03436 13453
0.03437 13453
0.03438 13453
0.03439 13453
0.0344 13453
0.03441 13453
0.03442 13453
0.03443 13453
0.03444 13453
0.03445 13453
0.03446 13453
0.03447 13453
0.03448 13453
0.03449 13453
0.0345 13453
0.03451 13453
0.03452 13453
0.03453 13453
0.03454 13453
0.03455 13453
0.03456 13453
0.03457 13453
0.03458 13453
0.03459 13453
0.0346 13453
0.03461 13453
0.03462 13453
0.03463 13453
0.03464 13453
0.03465 13453
0.03466 13453
0.03467 13453
0.03468 13453
0.03469 13453
0.0347 13453
0.03471 13453
0.03472 13453
0.03473 13453
0.03474 13453
0.03475 13453
0.03476 13453
0.03477 13453
0.03478 13453
0.03479 13453
0.0348 13453
0.03481 13453
0.03482 13453
0.03483 13453
0.03484 13453
0.03485 13453
0.03486 13453
0.03487 13453
0.03488 13453
0.03489 13453
0.0349 13453
0.03491 13453
0.03492 13453
0.03493 13453
0.03494 13453
0.03495 13453
0.03496 13453
0.03497 13453
0.03498 13453
0.03499 13453
0.035 13453
0.03501 13453
0.03502 13453
0.03503 13453
0.03504 13453
0.03505 13453
0.03506 13453
0.03507 13453
0.03508 13453
0.03509 13453
0.0351 13453
0.03511 13453
0.03512 13453
0.03513 13453
0.03514 13453
0.03515 13453
0.03516 13453
0.03517 13453
0.03518 13453
0.03519 13453
0.0352 13453
0.03521 13453
0.03522 13453
0.03523 13453
0.03524 13453
0.03525 13453
0.03526 13453
0.03527 13453
0.03528 13453
0.03529 13453
0.0353 13453
0.03531 13453
0.03532 13453
0.03533 13453
0.03534 13453
0.03535 13453
0.03536 13453
0.03537 13453
0.03538 13453
0.03539 13453
0.0354 13453
0.03541 13453
0.03542 13453
0.03543 13453
0.03544 13453
0.03545 13453
0.03546 13453
0.03547 13453
0.03548 13453
0.03549 13453
0.0355 13453
0.03551 13453
0.03552 13453
0.03553 13453
0.03554 13453
0.03555 13453
0.03556 13453
0.03557 13453
0.03558 13453
0.03559 13453
0.0356 13453
0.03561 13453
0.03562 13453
0.03563 13453
0.03564 13453
0.03565 13453
0.03566 13453
0.03567 13453
0.03568 13453
0.03569 13453
0.0357 13453
0.03571 13453
0.03572 13453
0.03573 13453
0.03574 13453
0.03575 13453
0.03576 13453
0.03577 13453
0.03578 13453
0.03579 13453
0.0358 13453
0.03581 13453
0.03582 13453
0.03583 13453
0.03584 13453
0.03585 13453
0.03586 13453
0.03587 13453
0.03588 13453
0.03589 13453
0.0359 13453
0.03591 13453
0.03592 13453
0.03593 13453
0.03594 13453
0.03595 13453
0.03596 13453
0.03597 13453
0.03598 13453
0.03599 13453
0.036 13453
0.03601 13453
0.03602 13453
0.03603 13453
0.03604 13453
0.03605 13453
0.03606 13453
0.03607 13453
0.03608 13453
0.03609 13453
0.0361 13453
0.03611 13453
0.03612 13453
0.03613 13453
0.03614 13453
0.03615 13453
0.03616 13453
0.03617 13453
0.03618 13453
0.03619 13453
0.0362 13453
0.03621 13453
0.03622 13453
0.03623 13453
0.03624 13453
0.03625 13453
0.03626 13453
0.03627 13453
0.03628 13453
0.03629 13453
0.0363 13453
0.03631 13453
0.03632 13453
0.03633 13453
0.03634 13453
0.03635 13453
0.03636 13453
0.03637 13453
0.03638 13453
0.03639 13453
0.0364 13453
0.03641 13453
0.03642 13453
0.03643 13453
0.03644 13453
0.03645 13453
0.03646 13453
0.03647 13453
0.03648 13453
0.03649 13453
0.0365 13453
0.03651 13453
0.03652 13453
0.03653 13453
0.03654 13453
0.03655 13453
0.03656 13453
0.03657 13453
0.03658 13453
0.03659 13453
0.0366 13453
0.03661 13453
0.03662 13453
0.03663 13453
0.03664 13453
0.03665 13453
0.03666 13453
0.03667 13453
0.03668 13453
0.03669 13453
0.0367 13453
0.03671 13453
0.03672 13453
0.03673 13453
0.03674 13453
0.03675 13453
0.03676 13453
0.03677 13453
0.03678 13453
0.03679 13453
0.0368 13453
0.03681 13453
0.03682 13453
0.03683 13453
0.03684 13453
0.03685 13453
0.03686 13453
0.03687 13453
0.03688 13453
0.03689 13453
0.0369 13453
0.03691 13453
0.03692 13453
0.03693 13453
0.03694 13453
0.03695 13453
0.03696 13453
0.03697 13453
0.03698 13453
0.03699 13453
0.037 13453
0.03701 13453
0.03702 13453
0.03703 13453
0.03704 13453
0.03705 13453
0.03706 13453
0.03707 13453
0.03708 13453
0.03709 13453
0.0371 13453
0.03711 13453
0.03712 13453
0.03713 13453
0.03714 13453
0.03715 13453
0.03716 13453
0.03717 13453
0.03718 13453
0.03719 13453
0.0372 13453
0.03721 13453
0.03722 13453
0.03723 13453
0.03724 13453
0.03725 13453
0.03726 13453
0.03727 13453
0.03728 13453
0.03729 13453
0.0373 13453
0.03731 13453
0.03732 13453
0.03733 13453
0.03734 13453
0.03735 13453
0.03736 13453
0.03737 13453
0.03738 13453
0.03739 13453
0.0374 13453
0.03741 13453
0.03742 13453
0.03743 13453
0.03744 13453
0.03745 13453
0.03746 13453
0.03747 13453
0.03748 13453
0.03749 13453
0.0375 13453
0.03751 13453
0.03752 13453
0.03753 13453
0.03754 13453
0.03755 13453
0.03756 13453
0.03757 13453
0.03758 13453
0.03759 13453
0.0376 13453
0.03761 13453
0.03762 13453
0.03763 13453
0.03764 13453
0.03765 13453
0.03766 13453
0.03767 13453
0.03768 13453
0.03769 13453
0.0377 13453
0.03771 13453
0.03772 13453
0.03773 13453
0.03774 13453
0.03775 13453
0.03776 13453
0.03777 13453
0.03778 13453
0.03779 13453
0.0378 13453
0.03781 13453
0.03782 13453
0.03783 13453
0.03784 13453
0.03785 13453
0.03786 13453
0.03787 13453
0.03788 13453
0.03789 13453
0.0379 13453
0.03791 13453
0.03792 13453
0.03793 13453
0.03794 13453
0.03795 13453
0.03796 13453
0.03797 13453
0.03798 13453
0.03799 13453
0.038 13453
0.03801 13453
0.03802 13453
0.03803 13453
0.03804 13453
0.03805 13453
0.03806 13453
0.03807 13453
0.03808 13453
0.03809 13453
0.0381 13453
0.03811 13453
0.03812 13453
0.03813 13453
0.03814 13453
0.03815 13453
0.03816 13453
0.03817 13453
0.03818 13453
0.03819 13453
0.0382 13453
0.03821 13453
0.03822 13453
0.03823 13453
0.03824 13453
0.03825 13453
0.03826 13453
0.03827 13453
0.03828 13453
0.03829 13453
0.0383 13453
0.03831 13453
0.03832 13453
0.03833 13453
0.03834 13453
0.03835 13453
0.03836 13453
0.03837 13453
0.03838 13453
0.03839 13453
0.0384 13453
0.03841 13453
0.03842 13453
0.03843 13453
0.03844 13453
0.03845 13453
0.03846 13453
0.03847 13453
0.03848 13453
0.03849 13453
0.0385 13453
0.03851 13453
0.03852 13453
0.03853 13453
0.03854 13453
0.03855 13453
0.03856 13453
0.03857 13453
0.03858 13453
0.03859 13453
0.0386 13453
0.03861 13453
0.03862 13453
0.03863 13453
0.03864 13453
0.03865 13453
0.03866 13453
0.03867 13453
0.03868 13453
0.03869 13453
0.0387 13453
0.03871 13453
0.03872 13453
0.03873 13453
0.03874 13453
0.03875 13453
0.03876 13453
0.03877 13453
0.03878 13453
0.03879 13453
0.0388 13453
0.03881 13453
0.03882 13453
0.03883 13453
0.03884 13453
0.03885 13453
0.03886 13453
0.03887 13453
0.03888 13453
0.03889 13453
0.0389 13453
0.03891 13453
0.03892 13453
0.03893 13453
0.03894 13453
0.03895 13453
0.03896 13453
0.03897 13453
0.03898 13453
0.03899 13453
0.039 13453
0.03901 13453
0.03902 13453
0.03903 13453
0.03904 13453
0.03905 13453
0.03906 13453
0.03907 13453
0.03908 13453
0.03909 13453
0.0391 13453
0.03911 13453
0.03912 13453
0.03913 13453
0.03914 13453
0.03915 13453
0.03916 13453
0.03917 13453
0.03918 13453
0.03919 13453
0.0392 13453
0.03921 13453
0.03922 13453
0.03923 13453
0.03924 13453
0.03925 13453
0.03926 13453
0.03927 13453
0.03928 13453
0.03929 13453
0.0393 13453
0.03931 13453
0.03932 13453
0.03933 13453
0.03934 13453
0.03935 13453
0.03936 13453
0.03937 13453
0.03938 13453
0.03939 13453
0.0394 13453
0.03941 13453
0.03942 13453
0.03943 13453
0.03944 13453
0.03945 13453
0.03946 13453
0.03947 13453
0.03948 13453
0.03949 13453
0.0395 13453
0.03951 13453
0.03952 13453
0.03953 13453
0.03954 13453
0.03955 13453
0.03956 13453
0.03957 13453
0.03958 13453
0.03959 13453
0.0396 13453
0.03961 13453
0.03962 13453
0.03963 13453
0.03964 13453
0.03965 13453
0.03966 13453
0.03967 13453
0.03968 13453
0.03969 13453
0.0397 13453
0.03971 13453
0.03972 13453
0.03973 13453
0.03974 13453
0.03975 13453
0.03976 13453
0.03977 13453
0.03978 13453
0.03979 13453
0.0398 13453
0.03981 13453
0.03982 13453
0.03983 13453
0.03984 13453
0.03985 13453
0.03986 13453
0.03987 13453
0.03988 13453
0.03989 13453
0.0399 13453
0.03991 13453
0.03992 13453
0.03993 13453
0.03994 13453
0.03995 13453
0.03996 13453
0.03997 13453
0.03998 13453
0.03999 13453
0.04 13453
0.04001 13453
0.04002 13453
0.04003 13453
0.04004 13453
0.04005 13453
0.04006 13453
0.04007 13453
0.04008 13453
0.04009 13453
0.0401 13453
0.04011 13453
0.04012 13453
0.04013 13453
0.04014 13453
0.04015 13453
0.04016 13453
0.04017 13453
0.04018 13453
0.04019 13453
0.0402 13453
0.04021 13453
0.04022 13453
0.04023 13453
0.04024 13453
0.04025 13453
0.04026 13453
0.04027 13453
0.04028 13453
0.04029 13453
0.0403 13453
0.04031 13453
0.04032 13453
0.04033 13453
0.04034 13453
0.04035 13453
0.04036 13453
0.04037 13453
0.04038 13453
0.04039 13453
0.0404 13453
0.04041 13453
0.04042 13453
0.04043 13453
0.04044 13453
0.04045 13453
0.04046 13453
0.04047 13453
0.04048 13453
0.04049 13453
0.0405 13453
0.04051 13453
0.04052 13453
0.04053 13453
0.04054 13453
0.04055 13453
0.04056 13453
0.04057 13453
0.04058 13453
0.04059 13453
0.0406 13453
0.04061 13453
0.04062 13453
0.04063 13453
0.04064 13453
0.04065 13453
0.04066 13453
0.04067 13453
0.04068 13453
0.04069 13453
0.0407 13453
0.04071 13453
0.04072 13453
0.04073 13453
0.04074 13453
0.04075 13453
0.04076 13453
0.04077 13453
0.04078 13453
0.04079 13453
0.0408 13453
0.04081 13453
0.04082 13453
0.04083 13453
0.04084 13453
0.04085 13453
0.04086 13453
0.04087 13453
0.04088 13453
0.04089 13453
0.0409 13453
0.04091 13453
0.04092 13453
0.04093 13453
0.04094 13453
0.04095 13453
0.04096 13453
0.04097 13453
0.04098 13453
0.04099 13453
0.041 13453
0.04101 13453
0.04102 13453
0.04103 13453
0.04104 13453
0.04105 13453
0.04106 13453
0.04107 13453
0.04108 13453
0.04109 13453
0.0411 13453
0.04111 13453
0.04112 13453
0.04113 13453
0.04114 13453
0.04115 13453
0.04116 13453
0.04117 13453
0.04118 13453
0.04119 13453
0.0412 13453
0.04121 13453
0.04122 13453
0.04123 13453
0.04124 13453
0.04125 13453
0.04126 13453
0.04127 13453
0.04128 13453
0.04129 13453
0.0413 13453
0.04131 13453
0.04132 13453
0.04133 13453
0.04134 13453
0.04135 13453
0.04136 13453
0.04137 13453
0.04138 13453
0.04139 13453
0.0414 13453
0.04141 13453
0.04142 13453
0.04143 13453
0.04144 13453
0.04145 13453
0.04146 13453
0.04147 13453
0.04148 13453
0.04149 13453
0.0415 13453
0.04151 13453
0.04152 13453
0.04153 13453
0.04154 13453
0.04155 13453
0.04156 13453
0.04157 13453
0.04158 13453
0.04159 13453
0.0416 13453
0.04161 13453
0.04162 13453
0.04163 13453
0.04164 13453
0.04165 13453
0.04166 13453
0.04167 13453
0.04168 13453
0.04169 13453
0.0417 13453
0.04171 13453
0.04172 13453
0.04173 13453
0.04174 13453
0.04175 13453
0.04176 13453
0.04177 13453
0.04178 13453
0.04179 13453
0.0418 13453
0.04181 13453
0.04182 13453
0.04183 13453
0.04184 13453
0.04185 13453
0.04186 13453
0.04187 13453
0.04188 13453
0.04189 13453
0.0419 13453
0.04191 13453
0.04192 13453
0.04193 13453
0.04194 13453
0.04195 13453
0.04196 13453
0.04197 13453
0.04198 13453
0.04199 13453
0.042 13453
0.04201 13453
0.04202 13453
0.04203 13453
0.04204 13453
0.04205 13453
0.04206 13453
0.04207 13453
0.04208 13453
0.04209 13453
0.0421 13453
0.04211 13453
0.04212 13453
0.04213 13453
0.04214 13453
0.04215 13453
0.04216 13453
0.04217 13453
0.04218 13453
0.04219 13453
0.0422 13453
0.04221 13453
0.04222 13453
0.04223 13453
0.04224 13453
0.04225 13453
0.04226 13453
0.04227 13453
0.04228 13453
0.04229 13453
0.0423 13453
0.04231 13453
0.04232 13453
0.04233 13453
0.04234 13453
0.04235 13453
0.04236 13453
0.04237 13453
0.04238 13453
0.04239 13453
0.0424 13453
0.04241 13453
0.04242 13453
0.04243 13453
0.04244 13453
0.04245 13453
0.04246 13453
0.04247 13453
0.04248 13453
0.04249 13453
0.0425 13453
0.04251 13453
0.04252 13453
0.04253 13453
0.04254 13453
0.04255 13453
0.04256 13453
0.04257 13453
0.04258 13453
0.04259 13453
0.0426 13453
0.04261 13453
0.04262 13453
0.04263 13453
0.04264 13453
0.04265 13453
0.04266 13453
0.04267 13453
0.04268 13453
0.04269 13453
0.0427 13453
0.04271 13453
0.04272 13453
0.04273 13453
0.04274 13453
0.04275 13453
0.04276 13453
0.04277 13453
0.04278 13453
0.04279 13453
0.0428 13453
0.04281 13453
0.04282 13453
0.04283 13453
0.04284 13453
0.04285 13453
0.04286 13453
0.04287 13453
0.04288 13453
0.04289 13453
0.0429 13453
0.04291 13453
0.04292 13453
0.04293 13453
0.04294 13453
0.04295 13453
0.04296 13453
0.04297 13453
0.04298 13453
0.04299 13453
0.043 13453
0.04301 13453
0.04302 13453
0.04303 13453
0.04304 13453
0.04305 13453
0.04306 13453
0.04307 13453
0.04308 13453
0.04309 13453
0.0431 13453
0.04311 13453
0.04312 13453
0.04313 13453
0.04314 13453
0.04315 13453
0.04316 13453
0.04317 13453
0.04318 13453
0.04319 13453
0.0432 13453
0.04321 13453
0.04322 13453
0.04323 13453
0.04324 13453
0.04325 13453
0.04326 13453
0.04327 13453
0.04328 13453
0.04329 13453
0.0433 13453
0.04331 13453
0.04332 13453
0.04333 13453
0.04334 13453
0.04335 13453
0.04336 13453
0.04337 13453
0.04338 13453
0.04339 13453
0.0434 13453
0.04341 13453
0.04342 13453
0.04343 13453
0.04344 13453
0.04345 13453
0.04346 13453
0.04347 13453
0.04348 13453
0.04349 13453
0.0435 13453
0.04351 13453
0.04352 13453
0.04353 13453
0.04354 13453
0.04355 13453
0.04356 13453
0.04357 13453
0.04358 13453
0.04359 13453
0.0436 13453
0.04361 13453
0.04362 13453
0.04363 13453
0.04364 13453
0.04365 13453
0.04366 13453
0.04367 13453
0.04368 13453
0.04369 13453
0.0437 13453
0.04371 13453
0.04372 13453
0.04373 13453
0.04374 13453
0.04375 13453
0.04376 13453
0.04377 13453
0.04378 13453
0.04379 13453
0.0438 13453
0.04381 13453
0.04382 13453
0.04383 13453
0.04384 13453
0.04385 13453
0.04386 13453
0.04387 13453
0.04388 13453
0.04389 13453
0.0439 13453
0.04391 13453
0.04392 13453
0.04393 13453
0.04394 13453
0.04395 13453
0.04396 13453
0.04397 13453
0.04398 13453
0.04399 13453
0.044 13453
0.04401 13453
0.04402 13453
0.04403 13453
0.04404 13453
0.04405 13453
0.04406 13453
0.04407 13453
0.04408 13453
0.04409 13453
0.0441 13453
0.04411 13453
0.04412 13453
0.04413 13453
0.04414 13453
0.04415 13453
0.04416 13453
0.04417 13453
0.04418 13453
0.04419 13453
0.0442 13453
0.04421 13453
0.04422 13453
0.04423 13453
0.04424 13453
0.04425 13453
0.04426 13453
0.04427 13453
0.04428 13453
0.04429 13453
0.0443 13453
0.04431 13453
0.04432 13453
0.04433 13453
0.04434 13453
0.04435 13453
0.04436 13453
0.04437 13453
0.04438 13453
0.04439 13453
0.0444 13453
0.04441 13453
0.04442 13453
0.04443 13453
0.04444 13453
0.04445 13453
0.04446 13453
0.04447 13453
0.04448 13453
0.04449 13453
0.0445 13453
0.04451 13453
0.04452 13453
0.04453 13453
0.04454 13453
0.04455 13453
0.04456 13453
0.04457 13453
0.04458 13453
0.04459 13453
0.0446 13453
0.04461 13453
0.04462 13453
0.04463 13453
0.04464 13453
0.04465 13453
0.04466 13453
0.04467 13453
0.04468 13453
0.04469 13453
0.0447 13453
0.04471 13453
0.04472 13453
0.04473 13453
0.04474 13453
0.04475 13453
0.04476 13453
0.04477 13453
0.04478 13453
0.04479 13453
0.0448 13453
0.04481 13453
0.04482 13453
0.04483 13453
0.04484 13453
0.04485 13453
0.04486 13453
0.04487 13453
0.04488 13453
0.04489 13453
0.0449 13453
0.04491 13453
0.04492 13453
0.04493 13453
0.04494 13453
0.04495 13453
0.04496 13453
0.04497 13453
0.04498 13453
0.04499 13453
0.045 13453
0.04501 13453
0.04502 13453
0.04503 13453
0.04504 13453
0.04505 13453
0.04506 13453
0.04507 13453
0.04508 13453
0.04509 13453
0.0451 13453
0.04511 13453
0.04512 13453
0.04513 13453
0.04514 13453
0.04515 13453
0.04516 13453
0.04517 13453
0.04518 13453
0.04519 13453
0.0452 13453
0.04521 13453
0.04522 13453
0.04523 13453
0.04524 13453
0.04525 13453
0.04526 13453
0.04527 13453
0.04528 13453
0.04529 13453
0.0453 13453
0.04531 13453
0.04532 13453
0.04533 13453
0.04534 13453
0.04535 13453
0.04536 13453
0.04537 13453
0.04538 13453
0.04539 13453
0.0454 13453
0.04541 13453
0.04542 13453
0.04543 13453
0.04544 13453
0.04545 13453
0.04546 13453
0.04547 13453
0.04548 13453
0.04549 13453
0.0455 13453
0.04551 13453
0.04552 13453
0.04553 13453
0.04554 13453
0.04555 13453
0.04556 13453
0.04557 13453
0.04558 13453
0.04559 13453
0.0456 13453
0.04561 13453
0.04562 13453
0.04563 13453
0.04564 13453
0.04565 13453
0.04566 13453
0.04567 13453
0.04568 13453
0.04569 13453
0.0457 13453
0.04571 13453
0.04572 13453
0.04573 13453
0.04574 13453
0.04575 13453
0.04576 13453
0.04577 13453
0.04578 13453
0.04579 13453
0.0458 13453
0.04581 13453
0.04582 13453
0.04583 13453
0.04584 13453
0.04585 13453
0.04586 13453
0.04587 13453
0.04588 13453
0.04589 13453
0.0459 13453
0.04591 13453
0.04592 13453
0.04593 13453
0.04594 13453
0.04595 13453
0.04596 13453
0.04597 13453
0.04598 13453
0.04599 13453
0.046 13453
0.04601 13453
0.04602 13453
0.04603 13453
0.04604 13453
0.04605 13453
0.04606 13453
0.04607 13453
0.04608 13453
0.04609 13453
0.0461 13453
0.04611 13453
0.04612 13453
0.04613 13453
0.04614 13453
0.04615 13453
0.04616 13453
0.04617 13453
0.04618 13453
0.04619 13453
0.0462 13453
0.04621 13453
0.04622 13453
0.04623 13453
0.04624 13453
0.04625 13453
0.04626 13453
0.04627 13453
0.04628 13453
0.04629 13453
0.0463 13453
0.04631 13453
0.04632 13453
0.04633 13453
0.04634 13453
0.04635 13453
0.04636 13453
0.04637 13453
0.04638 13453
0.04639 13453
0.0464 13453
0.04641 13453
0.04642 13453
0.04643 13453
0.04644 13453
0.04645 13453
0.04646 13453
0.04647 13453
0.04648 13453
0.04649 13453
0.0465 13453
0.04651 13453
0.04652 13453
0.04653 13453
0.04654 13453
0.04655 13453
0.04656 13453
0.04657 13453
0.04658 13453
0.04659 13453
0.0466 13453
0.04661 13453
0.04662 13453
0.04663 13453
0.04664 13453
0.04665 13453
0.04666 13453
0.04667 13453
0.04668 13453
0.04669 13453
0.0467 13453
0.04671 13453
0.04672 13453
0.04673 13453
0.04674 13453
0.04675 13453
0.04676 13453
0.04677 13453
0.04678 13453
0.04679 13453
0.0468 13453
0.04681 13453
0.04682 13453
0.04683 13453
0.04684 13453
0.04685 13453
0.04686 13453
0.04687 13453
0.04688 13453
0.04689 13453
0.0469 13453
0.04691 13453
0.04692 13453
0.04693 13453
0.04694 13453
0.04695 13453
0.04696 13453
0.04697 13453
0.04698 13453
0.04699 13453
0.047 13453
0.04701 13453
0.04702 13453
0.04703 13453
0.04704 13453
0.04705 13453
0.04706 13453
0.04707 13453
0.04708 13453
0.04709 13453
0.0471 13453
0.04711 13453
0.04712 13453
0.04713 13453
0.04714 13453
0.04715 13453
0.04716 13453
0.04717 13453
0.04718 13453
0.04719 13453
0.0472 13453
0.04721 13453
0.04722 13453
0.04723 13453
0.04724 13453
0.04725 13453
0.04726 13453
0.04727 13453
0.04728 13453
0.04729 13453
0.0473 13453
0.04731 13453
0.04732 13453
0.04733 13453
0.04734 13453
0.04735 13453
0.04736 13453
0.04737 13453
0.04738 13453
0.04739 13453
0.0474 13453
0.04741 13453
0.04742 13453
0.04743 13453
0.04744 13453
0.04745 13453
0.04746 13453
0.04747 13453
0.04748 13453
0.04749 13453
0.0475 13453
0.04751 13453
0.04752 13453
0.04753 13453
0.04754 13453
0.04755 13453
0.04756 13453
0.04757 13453
0.04758 13453
0.04759 13453
0.0476 13453
0.04761 13453
0.04762 13453
0.04763 13453
0.04764 13453
0.04765 13453
0.04766 13453
0.04767 13453
0.04768 13453
0.04769 13453
0.0477 13453
0.04771 13453
0.04772 13453
0.04773 13453
0.04774 13453
0.04775 13453
0.04776 13453
0.04777 13453
0.04778 13453
0.04779 13453
0.0478 13453
0.04781 13453
0.04782 13453
0.04783 13453
0.04784 13453
0.04785 13453
0.04786 13453
0.04787 13453
0.04788 13453
0.04789 13453
0.0479 13453
0.04791 13453
0.04792 13453
0.04793 13453
0.04794 13453
0.04795 13453
0.04796 13453
0.04797 13453
0.04798 13453
0.04799 13453
0.048 13453
0.04801 13453
0.04802 13453
0.04803 13453
0.04804 13453
0.04805 13453
0.04806 13453
0.04807 13453
0.04808 13453
0.04809 13453
0.0481 13453
0.04811 13453
0.04812 13453
0.04813 13453
0.04814 13453
0.04815 13453
0.04816 13453
0.04817 13453
0.04818 13453
0.04819 13453
0.0482 13453
0.04821 13453
0.04822 13453
0.04823 13453
0.04824 13453
0.04825 13453
0.04826 13453
0.04827 13453
0.04828 13453
0.04829 13453
0.0483 13453
0.04831 13453
0.04832 13453
0.04833 13453
0.04834 13453
0.04835 13453
0.04836 13453
0.04837 13453
0.04838 13453
0.04839 13453
0.0484 13453
0.04841 13453
0.04842 13453
0.04843 13453
0.04844 13453
0.04845 13453
0.04846 13453
0.04847 13453
0.04848 13453
0.04849 13453
0.0485 13453
0.04851 13453
0.04852 13453
0.04853 13453
0.04854 13453
0.04855 13453
0.04856 13453
0.04857 13453
0.04858 13453
0.04859 13453
0.0486 13453
0.04861 13453
0.04862 13453
0.04863 13453
0.04864 13453
0.04865 13453
0.04866 13453
0.04867 13453
0.04868 13453
0.04869 13453
0.0487 13453
0.04871 13453
0.04872 13453
0.04873 13453
0.04874 13453
0.04875 13453
0.04876 13453
0.04877 13453
0.04878 13453
0.04879 13453
0.0488 13453
0.04881 13453
0.04882 13453
0.04883 13453
0.04884 13453
0.04885 13453
0.04886 13453
0.04887 13453
0.04888 13453
0.04889 13453
0.0489 13453
0.04891 13453
0.04892 13453
0.04893 13453
0.04894 13453
0.04895 13453
0.04896 13453
0.04897 13453
0.04898 13453
0.04899 13453
0.049 13453
0.04901 13453
0.04902 13453
0.04903 13453
0.04904 13453
0.04905 13453
0.04906 13453
0.04907 13453
0.04908 13453
0.04909 13453
0.0491 13453
0.04911 13453
0.04912 13453
0.04913 13453
0.04914 13453
0.04915 13453
0.04916 13453
0.04917 13453
0.04918 13453
0.04919 13453
0.0492 13453
0.04921 13453
0.04922 13453
0.04923 13453
0.04924 13453
0.04925 13453
0.04926 13453
0.04927 13453
0.04928 13453
0.04929 13453
0.0493 13453
0.04931 13453
0.04932 13453
0.04933 13453
0.04934 13453
0.04935 13453
0.04936 13453
0.04937 13453
0.04938 13453
0.04939 13453
0.0494 13453
0.04941 13453
0.04942 13453
0.04943 13453
0.04944 13453
0.04945 13453
0.04946 13453
0.04947 13453
0.04948 13453
0.04949 13453
0.0495 13453
0.04951 13453
0.04952 13453
0.04953 13453
0.04954 13453
0.04955 13453
0.04956 13453
0.04957 13453
0.04958 13453
0.04959 13453
0.0496 13453
0.04961 13453
0.04962 13453
0.04963 13453
0.04964 13453
0.04965 13453
0.04966 13453
0.04967 13453
0.04968 13453
0.04969 13453
0.0497 13453
0.04971 13453
0.04972 13453
0.04973 13453
0.04974 13453
0.04975 13453
0.04976 13453
0.04977 13453
0.04978 13453
0.04979 13453
0.0498 13453
0.04981 13453
0.04982 13453
0.04983 13453
0.04984 13453
0.04985 13453
0.04986 13453
0.04987 13453
0.04988 13453
0.04989 13453
0.0499 13453
0.04991 13453
0.04992 13453
0.04993 13453
0.04994 13453
0.04995 13453
0.04996 13453
0.04997 13453
0.04998 13453
0.04999 13453
0.05 13453
