#Seconds PMCAoutFlux PMCAleakFlux
0 0 0
1e-05 0 0
2e-05 0 1
3e-05 0 1
4e-05 0 2
5e-05 0 2
6e-05 0 2
7e-05 0 2
8e-05 0 2
9e-05 0 2
0.0001 0 2
0.00011 1 2
0.00012 1 4
0.00013 1 4
0.00014 1 5
0.00015 1 5
0.00016 1 7
0.00017 1 7
0.00018 1 7
0.00019 1 7
0.0002 3 7
0.00021 3 7
0.00022 3 7
0.00023 3 7
0.00024 3 7
0.00025 3 7
0.00026 4 7
0.00027 4 7
0.00028 4 7
0.00029 5 7
0.0003 5 7
0.00031 5 8
0.00032 5 9
0.00033 6 9
0.00034 6 9
0.00035 6 11
0.00036 8 13
0.00037 8 13
0.00038 8 13
0.00039 9 13
0.0004 9 13
0.00041 9 14
0.00042 9 14
0.00043 9 14
0.00044 10 14
0.00045 10 14
0.00046 10 14
0.00047 10 15
0.00048 10 15
0.00049 10 15
0.0005 11 15
0.00051 11 15
0.00052 11 15
0.00053 11 15
0.00054 12 15
0.00055 13 16
0.00056 14 16
0.00057 15 16
0.00058 15 17
0.00059 15 17
0.0006 15 17
0.00061 15 17
0.00062 15 17
0.00063 15 17
0.00064 15 17
0.00065 15 17
0.00066 16 17
0.00067 16 18
0.00068 16 18
0.00069 16 18
0.0007 16 19
0.00071 16 19
0.00072 17 19
0.00073 17 19
0.00074 17 19
0.00075 17 19
0.00076 17 19
0.00077 17 19
0.00078 18 19
0.00079 18 19
0.0008 18 19
0.00081 18 19
0.00082 18 19
0.00083 18 20
0.00084 18 20
0.00085 18 20
0.00086 19 20
0.00087 19 20
0.00088 19 20
0.00089 19 20
0.0009 20 20
0.00091 20 20
0.00092 20 20
0.00093 20 20
0.00094 20 20
0.00095 20 20
0.00096 20 20
0.00097 20 21
0.00098 20 21
0.00099 21 21
0.001 21 21
0.00101 21 22
0.00102 21 23
0.00103 21 23
0.00104 21 23
0.00105 22 23
0.00106 22 23
0.00107 22 24
0.00108 22 24
0.00109 22 24
0.0011 22 24
0.00111 22 24
0.00112 22 24
0.00113 22 24
0.00114 22 24
0.00115 22 24
0.00116 22 24
0.00117 22 24
0.00118 22 24
0.00119 22 24
0.0012 22 24
0.00121 22 24
0.00122 22 24
0.00123 22 24
0.00124 23 24
0.00125 23 24
0.00126 23 24
0.00127 23 24
0.00128 23 24
0.00129 23 24
0.0013 23 24
0.00131 23 24
0.00132 24 24
0.00133 24 24
0.00134 24 24
0.00135 24 24
0.00136 24 26
0.00137 24 26
0.00138 24 26
0.00139 24 26
0.0014 24 26
0.00141 24 26
0.00142 24 26
0.00143 24 26
0.00144 24 27
0.00145 24 27
0.00146 24 27
0.00147 24 27
0.00148 24 27
0.00149 24 27
0.0015 24 27
0.00151 25 27
0.00152 25 27
0.00153 25 27
0.00154 25 27
0.00155 25 27
0.00156 25 27
0.00157 25 27
0.00158 25 28
0.00159 25 29
0.0016 25 29
0.00161 25 29
0.00162 25 29
0.00163 27 29
0.00164 27 29
0.00165 27 29
0.00166 27 29
0.00167 27 29
0.00168 27 29
0.00169 28 29
0.0017 28 29
0.00171 28 29
0.00172 28 29
0.00173 28 29
0.00174 29 29
0.00175 29 29
0.00176 29 30
0.00177 28 30
0.00178 28 30
0.00179 29 31
0.0018 31 31
0.00181 31 31
0.00182 31 32
0.00183 31 32
0.00184 31 32
0.00185 31 33
0.00186 31 33
0.00187 31 33
0.00188 31 33
0.00189 31 35
0.0019 31 35
0.00191 31 35
0.00192 31 36
0.00193 32 36
0.00194 32 37
0.00195 32 37
0.00196 32 37
0.00197 32 37
0.00198 32 37
0.00199 32 37
0.002 32 37
0.00201 32 37
0.00202 32 37
0.00203 32 37
0.00204 34 37
0.00205 34 37
0.00206 34 38
0.00207 34 38
0.00208 34 38
0.00209 34 38
0.0021 34 38
0.00211 34 38
0.00212 34 38
0.00213 34 38
0.00214 35 38
0.00215 35 38
0.00216 37 38
0.00217 39 38
0.00218 40 38
0.00219 40 38
0.0022 41 38
0.00221 41 39
0.00222 43 40
0.00223 43 40
0.00224 44 41
0.00225 44 42
0.00226 44 42
0.00227 46 42
0.00228 46 42
0.00229 47 43
0.0023 48 43
0.00231 48 43
0.00232 49 44
0.00233 50 45
0.00234 50 45
0.00235 50 45
0.00236 51 45
0.00237 53 45
0.00238 54 45
0.00239 54 46
0.0024 54 46
0.00241 54 46
0.00242 54 46
0.00243 55 46
0.00244 55 46
0.00245 56 46
0.00246 59 46
0.00247 59 46
0.00248 60 47
0.00249 60 47
0.0025 61 47
0.00251 62 47
0.00252 63 47
0.00253 64 47
0.00254 64 47
0.00255 64 47
0.00256 65 47
0.00257 69 47
0.00258 72 47
0.00259 75 47
0.0026 75 47
0.00261 77 47
0.00262 78 47
0.00263 78 47
0.00264 80 47
0.00265 82 47
0.00266 83 47
0.00267 88 47
0.00268 89 48
0.00269 92 48
0.0027 92 48
0.00271 93 48
0.00272 95 48
0.00273 97 48
0.00274 99 48
0.00275 101 48
0.00276 103 48
0.00277 108 48
0.00278 109 48
0.00279 110 49
0.0028 110 49
0.00281 111 49
0.00282 113 49
0.00283 115 50
0.00284 117 50
0.00285 121 50
0.00286 124 50
0.00287 127 50
0.00288 129 51
0.00289 132 51
0.0029 136 51
0.00291 139 51
0.00292 143 51
0.00293 147 51
0.00294 152 51
0.00295 154 51
0.00296 158 51
0.00297 161 51
0.00298 163 51
0.00299 165 51
0.003 167 51
0.00301 172 51
0.00302 174 51
0.00303 176 52
0.00304 179 52
0.00305 182 52
0.00306 186 52
0.00307 187 52
0.00308 189 53
0.00309 191 53
0.0031 194 53
0.00311 199 53
0.00312 204 53
0.00313 205 53
0.00314 209 54
0.00315 212 54
0.00316 217 54
0.00317 218 55
0.00318 220 55
0.00319 225 55
0.0032 227 55
0.00321 228 55
0.00322 231 55
0.00323 233 55
0.00324 238 56
0.00325 244 56
0.00326 247 56
0.00327 250 56
0.00328 250 56
0.00329 252 56
0.0033 258 56
0.00331 259 57
0.00332 260 57
0.00333 264 57
0.00334 266 57
0.00335 268 57
0.00336 274 57
0.00337 277 58
0.00338 286 58
0.00339 289 59
0.0034 292 59
0.00341 293 59
0.00342 297 59
0.00343 299 59
0.00344 302 59
0.00345 303 59
0.00346 304 59
0.00347 305 59
0.00348 307 59
0.00349 307 59
0.0035 311 59
0.00351 312 59
0.00352 314 59
0.00353 317 59
0.00354 323 59
0.00355 324 59
0.00356 324 60
0.00357 324 60
0.00358 326 60
0.00359 326 60
0.0036 327 61
0.00361 329 62
0.00362 330 63
0.00363 331 63
0.00364 331 63
0.00365 332 63
0.00366 334 63
0.00367 335 63
0.00368 335 63
0.00369 341 63
0.0037 342 63
0.00371 343 63
0.00372 343 63
0.00373 343 64
0.00374 345 64
0.00375 348 64
0.00376 350 64
0.00377 350 64
0.00378 350 64
0.00379 353 64
0.0038 353 65
0.00381 354 65
0.00382 354 65
0.00383 354 65
0.00384 355 66
0.00385 357 67
0.00386 359 67
0.00387 361 67
0.00388 361 67
0.00389 363 67
0.0039 363 67
0.00391 364 67
0.00392 367 67
0.00393 367 68
0.00394 367 68
0.00395 367 68
0.00396 369 69
0.00397 370 69
0.00398 371 69
0.00399 371 69
0.004 373 69
0.00401 373 69
0.00402 375 69
0.00403 375 69
0.00404 375 69
0.00405 375 69
0.00406 375 70
0.00407 377 70
0.00408 377 70
0.00409 378 70
0.0041 381 70
0.00411 381 71
0.00412 381 71
0.00413 382 71
0.00414 382 71
0.00415 382 71
0.00416 382 71
0.00417 383 71
0.00418 384 71
0.00419 384 71
0.0042 384 71
0.00421 384 71
0.00422 384 71
0.00423 385 71
0.00424 385 71
0.00425 386 71
0.00426 387 71
0.00427 387 72
0.00428 388 73
0.00429 388 73
0.0043 389 73
0.00431 389 73
0.00432 390 73
0.00433 390 73
0.00434 390 73
0.00435 390 73
0.00436 390 73
0.00437 390 73
0.00438 391 73
0.00439 392 73
0.0044 392 74
0.00441 391 75
0.00442 391 75
0.00443 391 75
0.00444 391 75
0.00445 392 75
0.00446 392 76
0.00447 392 76
0.00448 392 76
0.00449 391 76
0.0045 391 76
0.00451 391 76
0.00452 392 76
0.00453 392 76
0.00454 392 76
0.00455 392 76
0.00456 390 77
0.00457 390 77
0.00458 390 77
0.00459 390 78
0.0046 390 78
0.00461 390 78
0.00462 391 78
0.00463 391 78
0.00464 392 78
0.00465 392 79
0.00466 393 79
0.00467 393 79
0.00468 394 79
0.00469 394 79
0.0047 394 79
0.00471 394 79
0.00472 394 79
0.00473 394 79
0.00474 395 79
0.00475 395 79
0.00476 395 79
0.00477 395 80
0.00478 395 80
0.00479 396 81
0.0048 396 81
0.00481 397 81
0.00482 397 82
0.00483 397 82
0.00484 398 82
0.00485 398 82
0.00486 399 82
0.00487 399 82
0.00488 399 82
0.00489 399 82
0.0049 399 82
0.00491 400 82
0.00492 400 82
0.00493 400 82
0.00494 401 83
0.00495 403 83
0.00496 403 83
0.00497 403 83
0.00498 403 83
0.00499 405 83
0.005 406 83
0.00501 406 83
0.00502 406 83
0.00503 406 83
0.00504 405 83
0.00505 406 84
0.00506 407 84
0.00507 409 84
0.00508 410 84
0.00509 410 84
0.0051 411 84
0.00511 413 84
0.00512 412 85
0.00513 412 85
0.00514 413 86
0.00515 413 86
0.00516 413 86
0.00517 413 86
0.00518 412 86
0.00519 411 86
0.0052 411 86
0.00521 411 87
0.00522 414 88
0.00523 415 88
0.00524 415 88
0.00525 415 88
0.00526 416 88
0.00527 416 88
0.00528 416 88
0.00529 417 88
0.0053 418 88
0.00531 418 88
0.00532 418 88
0.00533 418 88
0.00534 418 88
0.00535 418 88
0.00536 418 88
0.00537 418 88
0.00538 419 88
0.00539 419 88
0.0054 419 88
0.00541 420 88
0.00542 421 88
0.00543 421 88
0.00544 424 88
0.00545 424 88
0.00546 425 88
0.00547 425 89
0.00548 426 89
0.00549 426 89
0.0055 426 89
0.00551 426 89
0.00552 427 89
0.00553 428 89
0.00554 429 89
0.00555 431 89
0.00556 431 89
0.00557 431 89
0.00558 431 89
0.00559 431 89
0.0056 432 89
0.00561 432 89
0.00562 432 89
0.00563 432 89
0.00564 432 89
0.00565 432 89
0.00566 432 90
0.00567 432 90
0.00568 433 90
0.00569 433 90
0.0057 433 90
0.00571 433 90
0.00572 433 91
0.00573 434 91
0.00574 434 91
0.00575 434 91
0.00576 434 91
0.00577 434 91
0.00578 434 91
0.00579 434 91
0.0058 435 91
0.00581 435 91
0.00582 436 91
0.00583 436 91
0.00584 436 91
0.00585 436 92
0.00586 437 92
0.00587 437 92
0.00588 437 92
0.00589 437 92
0.0059 438 92
0.00591 438 92
0.00592 438 92
0.00593 438 93
0.00594 439 93
0.00595 439 93
0.00596 440 94
0.00597 441 94
0.00598 442 95
0.00599 442 95
0.006 442 95
0.00601 443 95
0.00602 443 95
0.00603 443 95
0.00604 443 95
0.00605 443 95
0.00606 443 95
0.00607 443 95
0.00608 443 95
0.00609 443 95
0.0061 442 95
0.00611 441 95
0.00612 443 95
0.00613 443 95
0.00614 443 95
0.00615 443 95
0.00616 444 95
0.00617 444 96
0.00618 444 96
0.00619 444 96
0.0062 444 96
0.00621 444 96
0.00622 444 96
0.00623 444 96
0.00624 444 97
0.00625 445 97
0.00626 445 97
0.00627 445 98
0.00628 446 98
0.00629 446 98
0.0063 447 98
0.00631 448 98
0.00632 449 98
0.00633 449 98
0.00634 449 98
0.00635 449 98
0.00636 450 99
0.00637 450 99
0.00638 451 99
0.00639 451 99
0.0064 451 99
0.00641 451 99
0.00642 451 99
0.00643 452 99
0.00644 452 99
0.00645 452 101
0.00646 452 101
0.00647 452 101
0.00648 453 102
0.00649 453 102
0.0065 453 103
0.00651 454 103
0.00652 454 103
0.00653 454 103
0.00654 454 103
0.00655 456 103
0.00656 456 104
0.00657 456 104
0.00658 456 104
0.00659 456 104
0.0066 455 104
0.00661 456 104
0.00662 456 104
0.00663 457 105
0.00664 457 107
0.00665 457 108
0.00666 456 108
0.00667 456 108
0.00668 456 108
0.00669 457 108
0.0067 457 108
0.00671 457 108
0.00672 457 108
0.00673 457 108
0.00674 457 108
0.00675 457 109
0.00676 457 109
0.00677 457 109
0.00678 458 109
0.00679 459 109
0.0068 459 110
0.00681 460 110
0.00682 461 110
0.00683 461 110
0.00684 461 110
0.00685 459 110
0.00686 459 110
0.00687 459 110
0.00688 459 110
0.00689 459 110
0.0069 459 111
0.00691 459 111
0.00692 460 111
0.00693 459 111
0.00694 459 111
0.00695 459 111
0.00696 460 111
0.00697 460 111
0.00698 460 111
0.00699 460 111
0.007 460 111
0.00701 460 111
0.00702 461 111
0.00703 461 112
0.00704 461 112
0.00705 462 112
0.00706 462 113
0.00707 462 113
0.00708 463 113
0.00709 463 113
0.0071 463 113
0.00711 464 113
0.00712 466 113
0.00713 466 113
0.00714 466 113
0.00715 466 113
0.00716 466 113
0.00717 466 113
0.00718 466 113
0.00719 466 113
0.0072 466 113
0.00721 466 113
0.00722 466 114
0.00723 466 115
0.00724 467 115
0.00725 467 115
0.00726 468 115
0.00727 468 115
0.00728 468 115
0.00729 468 116
0.0073 468 116
0.00731 470 116
0.00732 471 116
0.00733 472 116
0.00734 472 116
0.00735 472 116
0.00736 472 116
0.00737 472 116
0.00738 472 116
0.00739 471 116
0.0074 471 117
0.00741 471 118
0.00742 472 119
0.00743 472 119
0.00744 472 119
0.00745 472 119
0.00746 472 119
0.00747 472 119
0.00748 472 119
0.00749 472 119
0.0075 472 119
0.00751 472 120
0.00752 472 121
0.00753 473 121
0.00754 474 121
0.00755 474 121
0.00756 474 121
0.00757 474 122
0.00758 474 122
0.00759 475 122
0.0076 474 122
0.00761 474 122
0.00762 474 122
0.00763 474 123
0.00764 474 123
0.00765 474 123
0.00766 474 124
0.00767 474 125
0.00768 476 125
0.00769 476 125
0.0077 476 125
0.00771 476 125
0.00772 476 125
0.00773 476 125
0.00774 477 125
0.00775 478 125
0.00776 478 125
0.00777 478 125
0.00778 478 125
0.00779 478 126
0.0078 478 126
0.00781 478 126
0.00782 479 126
0.00783 479 126
0.00784 479 126
0.00785 480 126
0.00786 480 126
0.00787 480 126
0.00788 480 126
0.00789 480 126
0.0079 481 126
0.00791 481 126
0.00792 481 126
0.00793 482 126
0.00794 483 126
0.00795 483 126
0.00796 483 126
0.00797 486 126
0.00798 489 126
0.00799 490 127
0.008 490 127
0.00801 490 127
0.00802 490 128
0.00803 490 128
0.00804 489 128
0.00805 489 128
0.00806 489 128
0.00807 489 128
0.00808 489 128
0.00809 489 128
0.0081 489 128
0.00811 489 128
0.00812 489 129
0.00813 488 129
0.00814 488 129
0.00815 489 129
0.00816 491 129
0.00817 491 129
0.00818 492 129
0.00819 494 130
0.0082 494 130
0.00821 494 130
0.00822 495 130
0.00823 495 130
0.00824 496 130
0.00825 495 130
0.00826 496 130
0.00827 495 130
0.00828 495 130
0.00829 495 130
0.0083 495 130
0.00831 495 130
0.00832 496 130
0.00833 497 130
0.00834 497 130
0.00835 497 130
0.00836 499 131
0.00837 498 131
0.00838 499 131
0.00839 500 131
0.0084 500 131
0.00841 500 131
0.00842 500 131
0.00843 500 131
0.00844 500 131
0.00845 500 131
0.00846 500 131
0.00847 500 131
0.00848 500 131
0.00849 500 131
0.0085 500 131
0.00851 500 131
0.00852 500 131
0.00853 501 131
0.00854 502 131
0.00855 502 131
0.00856 503 131
0.00857 504 131
0.00858 506 131
0.00859 507 132
0.0086 507 132
0.00861 508 132
0.00862 509 132
0.00863 510 132
0.00864 510 132
0.00865 510 132
0.00866 510 132
0.00867 510 132
0.00868 510 132
0.00869 511 133
0.0087 513 133
0.00871 513 133
0.00872 513 133
0.00873 513 133
0.00874 513 134
0.00875 513 134
0.00876 514 134
0.00877 514 134
0.00878 514 134
0.00879 514 134
0.0088 515 134
0.00881 515 134
0.00882 515 134
0.00883 515 134
0.00884 516 134
0.00885 516 134
0.00886 517 134
0.00887 517 134
0.00888 517 134
0.00889 517 134
0.0089 517 134
0.00891 517 134
0.00892 517 134
0.00893 516 134
0.00894 516 134
0.00895 516 134
0.00896 516 135
0.00897 517 135
0.00898 517 135
0.00899 517 135
0.009 517 135
0.00901 517 135
0.00902 517 135
0.00903 518 135
0.00904 518 135
0.00905 518 135
0.00906 519 135
0.00907 519 135
0.00908 519 135
0.00909 519 135
0.0091 519 135
0.00911 519 135
0.00912 519 136
0.00913 520 136
0.00914 520 136
0.00915 520 136
0.00916 521 136
0.00917 521 136
0.00918 521 137
0.00919 522 137
0.0092 522 138
0.00921 522 138
0.00922 522 138
0.00923 522 138
0.00924 523 138
0.00925 523 138
0.00926 524 138
0.00927 524 139
0.00928 524 139
0.00929 524 139
0.0093 523 139
0.00931 524 139
0.00932 524 139
0.00933 524 139
0.00934 524 139
0.00935 524 139
0.00936 526 139
0.00937 526 139
0.00938 526 139
0.00939 529 139
0.0094 529 139
0.00941 530 139
0.00942 530 139
0.00943 531 139
0.00944 531 139
0.00945 531 139
0.00946 531 139
0.00947 531 139
0.00948 531 139
0.00949 532 139
0.0095 532 139
0.00951 532 139
0.00952 532 139
0.00953 533 140
0.00954 535 140
0.00955 537 140
0.00956 537 140
0.00957 537 140
0.00958 537 141
0.00959 537 141
0.0096 537 142
0.00961 537 142
0.00962 537 143
0.00963 537 143
0.00964 537 143
0.00965 537 143
0.00966 538 143
0.00967 537 143
0.00968 537 144
0.00969 537 144
0.0097 537 144
0.00971 537 144
0.00972 537 144
0.00973 537 144
0.00974 538 144
0.00975 538 144
0.00976 538 144
0.00977 538 144
0.00978 537 144
0.00979 537 144
0.0098 537 145
0.00981 537 145
0.00982 537 145
0.00983 539 145
0.00984 540 145
0.00985 539 145
0.00986 539 145
0.00987 540 146
0.00988 540 146
0.00989 541 146
0.0099 541 146
0.00991 542 146
0.00992 542 146
0.00993 544 146
0.00994 544 146
0.00995 544 147
0.00996 544 147
0.00997 544 147
0.00998 545 147
0.00999 545 147
0.01 548 147
0.01001 550 147
0.01002 550 148
0.01003 550 149
0.01004 550 149
0.01005 550 149
0.01006 550 149
0.01007 550 149
0.01008 550 149
0.01009 550 149
0.0101 550 150
0.01011 550 150
0.01012 551 150
0.01013 551 150
0.01014 551 150
0.01015 551 150
0.01016 550 150
0.01017 550 150
0.01018 550 150
0.01019 551 150
0.0102 553 150
0.01021 553 150
0.01022 553 150
0.01023 553 150
0.01024 553 150
0.01025 553 150
0.01026 554 150
0.01027 555 150
0.01028 555 150
0.01029 555 150
0.0103 554 151
0.01031 554 151
0.01032 554 151
0.01033 555 151
0.01034 556 151
0.01035 556 151
0.01036 557 151
0.01037 558 151
0.01038 558 151
0.01039 557 151
0.0104 560 151
0.01041 560 151
0.01042 561 151
0.01043 561 151
0.01044 561 151
0.01045 561 151
0.01046 562 151
0.01047 562 151
0.01048 563 151
0.01049 563 151
0.0105 563 151
0.01051 563 152
0.01052 563 152
0.01053 563 152
0.01054 563 152
0.01055 563 152
0.01056 564 152
0.01057 564 152
0.01058 565 152
0.01059 566 152
0.0106 566 152
0.01061 566 152
0.01062 566 152
0.01063 566 152
0.01064 566 152
0.01065 566 152
0.01066 567 152
0.01067 567 152
0.01068 567 152
0.01069 567 153
0.0107 568 153
0.01071 568 153
0.01072 568 153
0.01073 568 154
0.01074 568 154
0.01075 569 154
0.01076 570 154
0.01077 570 154
0.01078 570 155
0.01079 570 155
0.0108 570 155
0.01081 570 155
0.01082 570 155
0.01083 570 155
0.01084 569 155
0.01085 569 155
0.01086 571 155
0.01087 571 155
0.01088 573 156
0.01089 573 156
0.0109 573 156
0.01091 573 156
0.01092 573 156
0.01093 573 156
0.01094 573 156
0.01095 573 157
0.01096 573 157
0.01097 573 157
0.01098 573 157
0.01099 573 157
0.011 573 157
0.01101 573 157
0.01102 573 157
0.01103 573 157
0.01104 573 157
0.01105 573 157
0.01106 573 157
0.01107 573 157
0.01108 575 157
0.01109 575 157
0.0111 575 157
0.01111 575 157
0.01112 573 157
0.01113 574 157
0.01114 574 157
0.01115 575 157
0.01116 574 158
0.01117 574 158
0.01118 574 158
0.01119 575 158
0.0112 576 158
0.01121 576 158
0.01122 575 158
0.01123 575 159
0.01124 575 160
0.01125 575 160
0.01126 575 160
0.01127 576 160
0.01128 578 160
0.01129 577 160
0.0113 577 160
0.01131 577 160
0.01132 577 160
0.01133 577 161
0.01134 577 161
0.01135 578 161
0.01136 578 161
0.01137 579 161
0.01138 581 162
0.01139 580 162
0.0114 580 162
0.01141 581 162
0.01142 581 163
0.01143 582 163
0.01144 582 163
0.01145 582 164
0.01146 582 164
0.01147 582 165
0.01148 582 165
0.01149 582 166
0.0115 583 166
0.01151 583 166
0.01152 583 167
0.01153 583 168
0.01154 583 168
0.01155 583 168
0.01156 583 168
0.01157 584 168
0.01158 584 169
0.01159 584 169
0.0116 586 169
0.01161 586 169
0.01162 586 169
0.01163 587 169
0.01164 588 169
0.01165 588 169
0.01166 588 169
0.01167 589 169
0.01168 589 170
0.01169 590 170
0.0117 590 171
0.01171 591 172
0.01172 593 172
0.01173 595 173
0.01174 595 173
0.01175 595 173
0.01176 596 173
0.01177 596 174
0.01178 596 175
0.01179 598 175
0.0118 598 175
0.01181 599 176
0.01182 599 176
0.01183 599 176
0.01184 599 176
0.01185 599 176
0.01186 599 178
0.01187 599 178
0.01188 599 179
0.01189 599 179
0.0119 599 179
0.01191 599 179
0.01192 599 179
0.01193 599 180
0.01194 600 181
0.01195 601 181
0.01196 601 181
0.01197 601 181
0.01198 601 181
0.01199 601 182
0.012 601 182
0.01201 601 182
0.01202 602 182
0.01203 602 182
0.01204 602 182
0.01205 602 182
0.01206 603 182
0.01207 603 182
0.01208 603 182
0.01209 604 182
0.0121 604 182
0.01211 604 182
0.01212 604 183
0.01213 604 183
0.01214 604 183
0.01215 605 183
0.01216 605 183
0.01217 605 183
0.01218 605 183
0.01219 605 183
0.0122 605 183
0.01221 605 183
0.01222 605 183
0.01223 605 183
0.01224 605 183
0.01225 606 183
0.01226 606 183
0.01227 607 183
0.01228 608 183
0.01229 609 183
0.0123 609 184
0.01231 609 185
0.01232 610 185
0.01233 611 185
0.01234 611 186
0.01235 611 186
0.01236 611 186
0.01237 611 186
0.01238 611 186
0.01239 611 186
0.0124 611 186
0.01241 612 186
0.01242 612 186
0.01243 612 186
0.01244 612 186
0.01245 613 186
0.01246 613 186
0.01247 613 186
0.01248 615 186
0.01249 614 186
0.0125 612 186
0.01251 612 186
0.01252 613 186
0.01253 613 186
0.01254 614 186
0.01255 614 186
0.01256 614 186
0.01257 614 186
0.01258 614 186
0.01259 615 186
0.0126 615 186
0.01261 614 187
0.01262 614 187
0.01263 615 187
0.01264 615 187
0.01265 615 188
0.01266 616 188
0.01267 616 188
0.01268 616 188
0.01269 619 188
0.0127 619 188
0.01271 619 188
0.01272 618 188
0.01273 618 188
0.01274 619 188
0.01275 619 189
0.01276 620 189
0.01277 621 189
0.01278 621 189
0.01279 622 189
0.0128 623 189
0.01281 624 189
0.01282 625 189
0.01283 625 189
0.01284 626 189
0.01285 626 189
0.01286 628 190
0.01287 628 190
0.01288 628 190
0.01289 628 190
0.0129 629 190
0.01291 629 190
0.01292 629 190
0.01293 629 190
0.01294 630 190
0.01295 630 190
0.01296 630 190
0.01297 630 190
0.01298 630 190
0.01299 631 191
0.013 631 191
0.01301 630 191
0.01302 630 191
0.01303 630 191
0.01304 630 191
0.01305 630 191
0.01306 630 191
0.01307 629 191
0.01308 629 191
0.01309 628 191
0.0131 630 192
0.01311 630 192
0.01312 630 193
0.01313 630 193
0.01314 630 193
0.01315 631 193
0.01316 631 193
0.01317 631 193
0.01318 631 193
0.01319 630 193
0.0132 630 193
0.01321 630 193
0.01322 630 193
0.01323 630 193
0.01324 630 193
0.01325 630 193
0.01326 631 193
0.01327 631 194
0.01328 631 195
0.01329 631 196
0.0133 631 196
0.01331 631 196
0.01332 633 196
0.01333 633 197
0.01334 634 197
0.01335 634 197
0.01336 634 197
0.01337 634 197
0.01338 634 197
0.01339 634 197
0.0134 635 197
0.01341 635 197
0.01342 636 197
0.01343 636 197
0.01344 637 197
0.01345 639 197
0.01346 639 198
0.01347 640 198
0.01348 640 198
0.01349 640 198
0.0135 640 198
0.01351 640 198
0.01352 640 198
0.01353 641 198
0.01354 642 198
0.01355 642 198
0.01356 642 198
0.01357 642 198
0.01358 642 198
0.01359 642 198
0.0136 642 198
0.01361 643 198
0.01362 644 198
0.01363 645 198
0.01364 645 198
0.01365 646 198
0.01366 646 198
0.01367 646 198
0.01368 646 198
0.01369 647 198
0.0137 647 199
0.01371 647 199
0.01372 648 199
0.01373 648 199
0.01374 648 199
0.01375 648 199
0.01376 648 199
0.01377 648 199
0.01378 649 199
0.01379 649 200
0.0138 649 201
0.01381 649 201
0.01382 649 202
0.01383 649 202
0.01384 649 202
0.01385 649 202
0.01386 649 202
0.01387 650 202
0.01388 650 202
0.01389 650 202
0.0139 650 202
0.01391 650 203
0.01392 650 204
0.01393 650 204
0.01394 650 204
0.01395 651 204
0.01396 651 204
0.01397 650 204
0.01398 651 204
0.01399 652 204
0.014 653 204
0.01401 653 204
0.01402 653 205
0.01403 653 205
0.01404 653 205
0.01405 652 205
0.01406 652 205
0.01407 652 205
0.01408 652 205
0.01409 652 205
0.0141 652 205
0.01411 651 205
0.01412 652 206
0.01413 652 206
0.01414 652 206
0.01415 653 206
0.01416 653 206
0.01417 653 206
0.01418 653 206
0.01419 654 206
0.0142 654 206
0.01421 655 206
0.01422 655 206
0.01423 655 206
0.01424 655 206
0.01425 655 206
0.01426 655 206
0.01427 655 208
0.01428 655 208
0.01429 657 208
0.0143 659 208
0.01431 660 208
0.01432 661 208
0.01433 661 208
0.01434 661 209
0.01435 661 209
0.01436 661 211
0.01437 661 212
0.01438 662 212
0.01439 663 212
0.0144 663 212
0.01441 664 212
0.01442 665 212
0.01443 665 212
0.01444 666 212
0.01445 666 212
0.01446 666 213
0.01447 666 213
0.01448 667 213
0.01449 667 214
0.0145 667 214
0.01451 667 214
0.01452 668 214
0.01453 668 214
0.01454 668 214
0.01455 668 214
0.01456 669 214
0.01457 669 214
0.01458 670 215
0.01459 670 215
0.0146 671 215
0.01461 671 215
0.01462 671 215
0.01463 672 215
0.01464 673 215
0.01465 673 215
0.01466 673 215
0.01467 673 215
0.01468 673 216
0.01469 673 216
0.0147 673 216
0.01471 673 217
0.01472 673 217
0.01473 673 217
0.01474 673 217
0.01475 673 217
0.01476 673 217
0.01477 673 217
0.01478 673 217
0.01479 674 217
0.0148 674 217
0.01481 674 217
0.01482 674 217
0.01483 675 217
0.01484 677 218
0.01485 677 219
0.01486 678 219
0.01487 678 220
0.01488 680 221
0.01489 680 221
0.0149 680 221
0.01491 680 221
0.01492 680 221
0.01493 680 221
0.01494 680 221
0.01495 680 221
0.01496 680 222
0.01497 682 223
0.01498 682 224
0.01499 684 224
0.015 684 224
0.01501 685 224
0.01502 685 224
0.01503 685 224
0.01504 686 224
0.01505 687 224
0.01506 687 224
0.01507 687 224
0.01508 687 224
0.01509 688 224
0.0151 688 224
0.01511 688 224
0.01512 688 224
0.01513 690 226
0.01514 690 226
0.01515 690 226
0.01516 690 226
0.01517 691 226
0.01518 691 226
0.01519 691 226
0.0152 691 226
0.01521 691 226
0.01522 691 226
0.01523 691 226
0.01524 691 226
0.01525 690 227
0.01526 691 227
0.01527 691 227
0.01528 691 227
0.01529 691 227
0.0153 692 227
0.01531 692 227
0.01532 693 227
0.01533 693 227
0.01534 693 227
0.01535 693 227
0.01536 695 228
0.01537 695 228
0.01538 695 228
0.01539 695 228
0.0154 695 228
0.01541 695 228
0.01542 696 228
0.01543 698 228
0.01544 698 228
0.01545 698 228
0.01546 698 228
0.01547 698 228
0.01548 699 228
0.01549 700 228
0.0155 700 229
0.01551 701 229
0.01552 702 229
0.01553 703 229
0.01554 704 229
0.01555 704 229
0.01556 704 229
0.01557 704 229
0.01558 705 229
0.01559 706 230
0.0156 709 230
0.01561 711 230
0.01562 711 231
0.01563 711 232
0.01564 712 232
0.01565 712 232
0.01566 712 232
0.01567 712 232
0.01568 713 232
0.01569 713 232
0.0157 714 232
0.01571 714 232
0.01572 714 232
0.01573 715 232
0.01574 715 232
0.01575 715 232
0.01576 715 232
0.01577 716 232
0.01578 716 232
0.01579 717 233
0.0158 717 233
0.01581 717 233
0.01582 718 234
0.01583 718 234
0.01584 718 234
0.01585 718 234
0.01586 718 234
0.01587 718 234
0.01588 718 234
0.01589 718 235
0.0159 718 236
0.01591 718 236
0.01592 718 236
0.01593 718 236
0.01594 719 236
0.01595 719 236
0.01596 719 236
0.01597 719 236
0.01598 719 236
0.01599 719 236
0.016 720 236
0.01601 720 236
0.01602 720 236
0.01603 721 236
0.01604 722 236
0.01605 723 236
0.01606 723 237
0.01607 723 237
0.01608 723 237
0.01609 723 237
0.0161 723 237
0.01611 722 237
0.01612 722 237
0.01613 721 237
0.01614 722 238
0.01615 723 238
0.01616 723 239
0.01617 724 239
0.01618 725 239
0.01619 726 240
0.0162 726 240
0.01621 726 240
0.01622 726 240
0.01623 726 241
0.01624 726 242
0.01625 726 242
0.01626 726 242
0.01627 726 243
0.01628 727 244
0.01629 726 244
0.0163 726 244
0.01631 725 244
0.01632 726 244
0.01633 726 244
0.01634 726 244
0.01635 726 244
0.01636 726 244
0.01637 727 244
0.01638 727 245
0.01639 728 245
0.0164 728 245
0.01641 728 245
0.01642 728 245
0.01643 728 245
0.01644 728 245
0.01645 729 245
0.01646 728 245
0.01647 728 245
0.01648 730 245
0.01649 730 245
0.0165 730 245
0.01651 730 245
0.01652 731 245
0.01653 731 245
0.01654 731 245
0.01655 731 245
0.01656 730 245
0.01657 731 245
0.01658 732 245
0.01659 733 245
0.0166 734 245
0.01661 734 245
0.01662 735 245
0.01663 735 245
0.01664 735 245
0.01665 735 245
0.01666 735 245
0.01667 735 245
0.01668 735 245
0.01669 737 245
0.0167 737 246
0.01671 738 246
0.01672 738 247
0.01673 740 247
0.01674 740 247
0.01675 741 247
0.01676 741 247
0.01677 742 247
0.01678 742 247
0.01679 743 247
0.0168 743 247
0.01681 743 248
0.01682 743 248
0.01683 743 248
0.01684 743 248
0.01685 744 248
0.01686 744 248
0.01687 743 248
0.01688 743 248
0.01689 743 248
0.0169 743 248
0.01691 743 248
0.01692 743 249
0.01693 743 249
0.01694 743 249
0.01695 743 249
0.01696 743 249
0.01697 743 249
0.01698 743 249
0.01699 743 250
0.017 743 250
0.01701 743 250
0.01702 743 251
0.01703 744 251
0.01704 745 251
0.01705 745 251
0.01706 745 251
0.01707 746 251
0.01708 746 251
0.01709 747 252
0.0171 747 252
0.01711 747 252
0.01712 748 252
0.01713 748 254
0.01714 750 254
0.01715 750 254
0.01716 750 254
0.01717 750 254
0.01718 750 254
0.01719 749 254
0.0172 749 254
0.01721 749 254
0.01722 749 256
0.01723 749 256
0.01724 749 256
0.01725 749 256
0.01726 749 256
0.01727 750 256
0.01728 750 256
0.01729 751 256
0.0173 752 256
0.01731 753 256
0.01732 753 256
0.01733 753 257
0.01734 753 257
0.01735 753 257
0.01736 755 258
0.01737 755 259
0.01738 757 259
0.01739 757 259
0.0174 757 259
0.01741 757 259
0.01742 757 259
0.01743 757 260
0.01744 756 260
0.01745 756 260
0.01746 757 260
0.01747 757 260
0.01748 758 260
0.01749 759 260
0.0175 759 260
0.01751 759 260
0.01752 759 260
0.01753 759 261
0.01754 759 262
0.01755 759 262
0.01756 759 262
0.01757 759 262
0.01758 760 262
0.01759 760 262
0.0176 760 262
0.01761 762 262
0.01762 762 262
0.01763 762 262
0.01764 762 262
0.01765 762 262
0.01766 762 262
0.01767 762 262
0.01768 762 262
0.01769 762 262
0.0177 763 262
0.01771 764 262
0.01772 766 262
0.01773 767 262
0.01774 768 262
0.01775 768 262
0.01776 768 262
0.01777 768 262
0.01778 768 262
0.01779 769 262
0.0178 769 262
0.01781 770 262
0.01782 770 262
0.01783 771 262
0.01784 771 262
0.01785 771 262
0.01786 772 262
0.01787 772 262
0.01788 772 262
0.01789 773 262
0.0179 773 262
0.01791 773 262
0.01792 773 262
0.01793 773 262
0.01794 773 262
0.01795 773 263
0.01796 773 263
0.01797 774 263
0.01798 774 263
0.01799 774 263
0.018 774 263
0.01801 774 263
0.01802 774 263
0.01803 774 264
0.01804 775 264
0.01805 775 264
0.01806 775 264
0.01807 775 264
0.01808 776 265
0.01809 776 265
0.0181 777 265
0.01811 778 265
0.01812 778 265
0.01813 778 266
0.01814 778 266
0.01815 778 266
0.01816 779 266
0.01817 779 266
0.01818 778 266
0.01819 779 267
0.0182 779 267
0.01821 779 267
0.01822 779 267
0.01823 780 267
0.01824 780 267
0.01825 779 267
0.01826 779 267
0.01827 779 267
0.01828 778 267
0.01829 780 267
0.0183 781 267
0.01831 782 267
0.01832 782 267
0.01833 782 267
0.01834 782 267
0.01835 782 268
0.01836 782 268
0.01837 782 268
0.01838 782 268
0.01839 783 268
0.0184 784 268
0.01841 784 268
0.01842 784 268
0.01843 784 268
0.01844 783 268
0.01845 783 268
0.01846 783 268
0.01847 782 269
0.01848 783 269
0.01849 783 269
0.0185 784 269
0.01851 785 269
0.01852 785 269
0.01853 786 270
0.01854 786 270
0.01855 786 270
0.01856 787 270
0.01857 787 270
0.01858 788 270
0.01859 788 270
0.0186 788 271
0.01861 788 272
0.01862 788 272
0.01863 788 273
0.01864 789 273
0.01865 789 273
0.01866 789 273
0.01867 789 273
0.01868 790 273
0.01869 790 273
0.0187 790 273
0.01871 792 273
0.01872 792 274
0.01873 792 274
0.01874 792 275
0.01875 792 275
0.01876 792 275
0.01877 792 275
0.01878 792 275
0.01879 792 275
0.0188 792 275
0.01881 792 275
0.01882 792 275
0.01883 792 275
0.01884 792 275
0.01885 792 275
0.01886 792 275
0.01887 790 275
0.01888 792 276
0.01889 793 277
0.0189 793 277
0.01891 793 277
0.01892 794 277
0.01893 795 277
0.01894 796 278
0.01895 796 278
0.01896 797 278
0.01897 798 278
0.01898 798 279
0.01899 800 279
0.019 801 279
0.01901 801 279
0.01902 801 279
0.01903 801 279
0.01904 801 279
0.01905 802 279
0.01906 802 279
0.01907 803 279
0.01908 803 279
0.01909 803 279
0.0191 804 279
0.01911 804 279
0.01912 804 279
0.01913 804 280
0.01914 805 280
0.01915 805 280
0.01916 805 280
0.01917 805 280
0.01918 806 280
0.01919 806 280
0.0192 805 280
0.01921 805 280
0.01922 805 280
0.01923 806 280
0.01924 806 280
0.01925 807 280
0.01926 807 280
0.01927 807 280
0.01928 807 280
0.01929 808 281
0.0193 809 281
0.01931 809 282
0.01932 809 282
0.01933 809 282
0.01934 810 282
0.01935 810 282
0.01936 810 282
0.01937 811 282
0.01938 811 282
0.01939 811 282
0.0194 811 282
0.01941 811 282
0.01942 811 282
0.01943 811 282
0.01944 811 282
0.01945 811 282
0.01946 811 282
0.01947 812 282
0.01948 814 282
0.01949 814 282
0.0195 814 284
0.01951 814 284
0.01952 814 285
0.01953 814 286
0.01954 814 287
0.01955 813 287
0.01956 813 287
0.01957 813 288
0.01958 813 288
0.01959 813 288
0.0196 813 288
0.01961 813 288
0.01962 813 288
0.01963 812 289
0.01964 812 289
0.01965 812 289
0.01966 812 290
0.01967 812 290
0.01968 812 290
0.01969 812 290
0.0197 812 290
0.01971 812 291
0.01972 812 291
0.01973 812 291
0.01974 812 292
0.01975 812 292
0.01976 813 292
0.01977 814 292
0.01978 814 292
0.01979 814 292
0.0198 814 292
0.01981 815 292
0.01982 815 292
0.01983 816 292
0.01984 816 292
0.01985 816 292
0.01986 816 292
0.01987 816 292
0.01988 816 292
0.01989 816 292
0.0199 815 292
0.01991 817 292
0.01992 818 293
0.01993 818 293
0.01994 820 293
0.01995 820 293
0.01996 820 294
0.01997 820 294
0.01998 820 294
0.01999 820 294
0.02 821 294
0.02001 821 294
0.02002 822 294
0.02003 822 294
0.02004 822 294
0.02005 822 294
0.02006 822 294
0.02007 822 295
0.02008 826 295
0.02009 826 295
0.0201 826 295
0.02011 826 295
0.02012 826 295
0.02013 826 295
0.02014 826 295
0.02015 827 295
0.02016 827 295
0.02017 827 295
0.02018 827 295
0.02019 827 295
0.0202 829 295
0.02021 829 295
0.02022 829 295
0.02023 829 295
0.02024 829 295
0.02025 829 295
0.02026 829 295
0.02027 829 295
0.02028 829 295
0.02029 830 295
0.0203 830 295
0.02031 831 296
0.02032 831 297
0.02033 831 297
0.02034 831 297
0.02035 831 297
0.02036 831 297
0.02037 831 297
0.02038 831 297
0.02039 831 297
0.0204 831 297
0.02041 832 297
0.02042 833 297
0.02043 833 297
0.02044 833 297
0.02045 833 297
0.02046 833 297
0.02047 834 297
0.02048 834 297
0.02049 834 297
0.0205 834 297
0.02051 834 298
0.02052 834 298
0.02053 833 298
0.02054 833 298
0.02055 833 298
0.02056 833 298
0.02057 834 298
0.02058 834 298
0.02059 834 298
0.0206 834 298
0.02061 834 298
0.02062 834 298
0.02063 835 298
0.02064 835 298
0.02065 835 298
0.02066 835 298
0.02067 834 298
0.02068 833 298
0.02069 833 298
0.0207 833 298
0.02071 834 298
0.02072 834 298
0.02073 834 298
0.02074 834 298
0.02075 834 298
0.02076 834 298
0.02077 834 298
0.02078 834 298
0.02079 834 298
0.0208 834 298
0.02081 834 298
0.02082 835 298
0.02083 835 298
0.02084 835 298
0.02085 833 298
0.02086 834 298
0.02087 834 298
0.02088 834 298
0.02089 834 298
0.0209 835 298
0.02091 835 298
0.02092 835 298
0.02093 835 299
0.02094 835 299
0.02095 835 299
0.02096 835 299
0.02097 835 299
0.02098 836 299
0.02099 836 299
0.021 836 299
0.02101 836 299
0.02102 836 299
0.02103 836 299
0.02104 836 299
0.02105 836 299
0.02106 837 299
0.02107 837 299
0.02108 837 299
0.02109 837 301
0.0211 837 301
0.02111 837 301
0.02112 837 302
0.02113 837 302
0.02114 839 302
0.02115 839 303
0.02116 840 303
0.02117 840 304
0.02118 842 305
0.02119 842 305
0.0212 842 305
0.02121 842 305
0.02122 842 305
0.02123 841 305
0.02124 841 305
0.02125 841 306
0.02126 841 306
0.02127 842 306
0.02128 842 306
0.02129 842 306
0.0213 843 306
0.02131 843 306
0.02132 844 306
0.02133 845 306
0.02134 846 306
0.02135 847 306
0.02136 848 306
0.02137 848 306
0.02138 849 306
0.02139 849 306
0.0214 850 306
0.02141 850 306
0.02142 851 306
0.02143 852 306
0.02144 852 306
0.02145 852 306
0.02146 852 306
0.02147 852 306
0.02148 853 306
0.02149 853 306
0.0215 853 307
0.02151 853 307
0.02152 854 307
0.02153 853 307
0.02154 853 307
0.02155 853 307
0.02156 853 307
0.02157 853 307
0.02158 853 307
0.02159 853 307
0.0216 853 307
0.02161 853 307
0.02162 853 307
0.02163 853 307
0.02164 854 307
0.02165 855 307
0.02166 856 307
0.02167 857 307
0.02168 857 307
0.02169 857 307
0.0217 858 308
0.02171 858 308
0.02172 859 308
0.02173 859 308
0.02174 859 308
0.02175 859 308
0.02176 860 309
0.02177 860 309
0.02178 860 309
0.02179 863 309
0.0218 863 309
0.02181 864 309
0.02182 864 309
0.02183 864 309
0.02184 864 309
0.02185 864 309
0.02186 864 309
0.02187 864 310
0.02188 864 310
0.02189 864 310
0.0219 865 310
0.02191 866 310
0.02192 865 311
0.02193 865 311
0.02194 866 311
0.02195 866 311
0.02196 866 311
0.02197 866 311
0.02198 866 311
0.02199 867 311
0.022 867 311
0.02201 867 313
0.02202 867 313
0.02203 868 313
0.02204 868 313
0.02205 870 313
0.02206 871 313
0.02207 871 313
0.02208 873 313
0.02209 873 313
0.0221 874 313
0.02211 875 313
0.02212 875 313
0.02213 876 313
0.02214 877 313
0.02215 877 313
0.02216 877 313
0.02217 877 313
0.02218 877 313
0.02219 877 313
0.0222 879 313
0.02221 882 313
0.02222 882 313
0.02223 882 314
0.02224 883 314
0.02225 887 314
0.02226 888 314
0.02227 889 314
0.02228 891 314
0.02229 892 314
0.0223 892 315
0.02231 891 315
0.02232 892 315
0.02233 892 315
0.02234 892 315
0.02235 892 315
0.02236 892 316
0.02237 894 316
0.02238 894 317
0.02239 894 317
0.0224 895 317
0.02241 895 317
0.02242 895 317
0.02243 894 317
0.02244 894 317
0.02245 894 317
0.02246 895 318
0.02247 896 319
0.02248 897 319
0.02249 896 319
0.0225 895 319
0.02251 897 319
0.02252 899 320
0.02253 903 320
0.02254 905 321
0.02255 907 321
0.02256 909 321
0.02257 912 322
0.02258 913 322
0.02259 914 322
0.0226 915 322
0.02261 918 322
0.02262 922 322
0.02263 923 322
0.02264 923 322
0.02265 925 323
0.02266 925 323
0.02267 926 323
0.02268 929 323
0.02269 931 323
0.0227 931 323
0.02271 937 323
0.02272 940 323
0.02273 940 323
0.02274 940 323
0.02275 942 323
0.02276 945 323
0.02277 946 324
0.02278 947 324
0.02279 947 325
0.0228 948 325
0.02281 949 325
0.02282 951 326
0.02283 951 326
0.02284 951 326
0.02285 955 327
0.02286 960 327
0.02287 963 327
0.02288 967 327
0.02289 969 327
0.0229 971 327
0.02291 975 328
0.02292 979 329
0.02293 980 329
0.02294 982 329
0.02295 985 329
0.02296 985 329
0.02297 993 329
0.02298 994 329
0.02299 997 329
0.023 1000 329
0.02301 1002 329
0.02302 1005 329
0.02303 1008 329
0.02304 1012 330
0.02305 1015 330
0.02306 1016 330
0.02307 1019 330
0.02308 1021 330
0.02309 1024 330
0.0231 1028 330
0.02311 1028 330
0.02312 1031 330
0.02313 1032 331
0.02314 1034 331
0.02315 1036 331
0.02316 1038 331
0.02317 1043 332
0.02318 1046 332
0.02319 1051 333
0.0232 1053 333
0.02321 1055 333
0.02322 1062 333
0.02323 1067 334
0.02324 1070 334
0.02325 1071 334
0.02326 1070 334
0.02327 1074 334
0.02328 1074 334
0.02329 1078 334
0.0233 1084 334
0.02331 1087 334
0.02332 1088 334
0.02333 1090 334
0.02334 1093 334
0.02335 1097 334
0.02336 1102 334
0.02337 1104 334
0.02338 1106 334
0.02339 1110 334
0.0234 1115 334
0.02341 1117 334
0.02342 1121 334
0.02343 1124 334
0.02344 1128 334
0.02345 1134 334
0.02346 1135 334
0.02347 1137 334
0.02348 1138 334
0.02349 1138 334
0.0235 1139 334
0.02351 1142 334
0.02352 1144 334
0.02353 1147 334
0.02354 1148 334
0.02355 1149 334
0.02356 1153 334
0.02357 1154 334
0.02358 1155 334
0.02359 1156 334
0.0236 1156 335
0.02361 1157 335
0.02362 1160 335
0.02363 1162 335
0.02364 1163 335
0.02365 1163 335
0.02366 1164 335
0.02367 1165 335
0.02368 1165 335
0.02369 1165 335
0.0237 1168 335
0.02371 1168 335
0.02372 1170 335
0.02373 1171 335
0.02374 1173 335
0.02375 1176 335
0.02376 1176 335
0.02377 1180 335
0.02378 1181 335
0.02379 1182 335
0.0238 1182 335
0.02381 1183 335
0.02382 1185 335
0.02383 1185 335
0.02384 1186 335
0.02385 1189 335
0.02386 1190 335
0.02387 1191 335
0.02388 1192 335
0.02389 1195 335
0.0239 1195 335
0.02391 1195 335
0.02392 1196 335
0.02393 1196 335
0.02394 1199 335
0.02395 1199 335
0.02396 1199 335
0.02397 1202 335
0.02398 1204 335
0.02399 1204 336
0.024 1205 336
0.02401 1206 336
0.02402 1208 336
0.02403 1208 336
0.02404 1209 336
0.02405 1210 336
0.02406 1211 336
0.02407 1213 336
0.02408 1214 336
0.02409 1215 336
0.0241 1214 336
0.02411 1215 336
0.02412 1218 336
0.02413 1219 336
0.02414 1220 336
0.02415 1221 336
0.02416 1223 336
0.02417 1224 336
0.02418 1224 336
0.02419 1228 336
0.0242 1228 336
0.02421 1232 336
0.02422 1234 336
0.02423 1234 336
0.02424 1234 336
0.02425 1234 336
0.02426 1235 336
0.02427 1236 336
0.02428 1238 336
0.02429 1238 336
0.0243 1239 336
0.02431 1239 337
0.02432 1239 337
0.02433 1238 337
0.02434 1239 337
0.02435 1237 337
0.02436 1238 337
0.02437 1238 337
0.02438 1238 337
0.02439 1238 337
0.0244 1238 337
0.02441 1239 337
0.02442 1240 337
0.02443 1240 337
0.02444 1240 337
0.02445 1240 337
0.02446 1240 337
0.02447 1240 337
0.02448 1241 337
0.02449 1242 337
0.0245 1242 337
0.02451 1242 338
0.02452 1243 338
0.02453 1244 338
0.02454 1245 339
0.02455 1245 339
0.02456 1247 339
0.02457 1247 339
0.02458 1249 339
0.02459 1249 339
0.0246 1249 339
0.02461 1249 339
0.02462 1248 339
0.02463 1248 339
0.02464 1249 339
0.02465 1250 340
0.02466 1251 340
0.02467 1251 340
0.02468 1250 341
0.02469 1251 341
0.0247 1252 341
0.02471 1253 342
0.02472 1254 342
0.02473 1254 342
0.02474 1254 342
0.02475 1254 342
0.02476 1255 342
0.02477 1256 342
0.02478 1257 342
0.02479 1257 342
0.0248 1257 342
0.02481 1259 342
0.02482 1259 343
0.02483 1259 343
0.02484 1259 343
0.02485 1259 343
0.02486 1259 343
0.02487 1259 343
0.02488 1259 343
0.02489 1259 343
0.0249 1259 343
0.02491 1259 343
0.02492 1259 343
0.02493 1259 343
0.02494 1259 343
0.02495 1259 343
0.02496 1260 344
0.02497 1260 344
0.02498 1261 344
0.02499 1261 344
0.025 1261 344
0.02501 1262 344
0.02502 1263 344
0.02503 1265 344
0.02504 1266 344
0.02505 1266 344
0.02506 1267 344
0.02507 1266 344
0.02508 1267 344
0.02509 1268 344
0.0251 1268 344
0.02511 1268 344
0.02512 1268 344
0.02513 1268 344
0.02514 1269 345
0.02515 1270 345
0.02516 1271 345
0.02517 1271 346
0.02518 1271 346
0.02519 1270 346
0.0252 1271 346
0.02521 1272 346
0.02522 1272 347
0.02523 1272 347
0.02524 1272 347
0.02525 1274 347
0.02526 1274 347
0.02527 1275 347
0.02528 1275 347
0.02529 1275 347
0.0253 1275 347
0.02531 1275 347
0.02532 1275 347
0.02533 1275 348
0.02534 1276 348
0.02535 1276 348
0.02536 1276 348
0.02537 1278 349
0.02538 1280 349
0.02539 1281 350
0.0254 1281 350
0.02541 1281 350
0.02542 1281 350
0.02543 1281 350
0.02544 1282 350
0.02545 1282 350
0.02546 1281 350
0.02547 1281 350
0.02548 1282 351
0.02549 1285 351
0.0255 1286 352
0.02551 1286 352
0.02552 1286 353
0.02553 1286 353
0.02554 1286 353
0.02555 1286 353
0.02556 1287 353
0.02557 1287 353
0.02558 1287 353
0.02559 1288 353
0.0256 1291 353
0.02561 1290 353
0.02562 1290 353
0.02563 1289 353
0.02564 1289 353
0.02565 1289 353
0.02566 1289 354
0.02567 1289 354
0.02568 1291 354
0.02569 1290 354
0.0257 1290 354
0.02571 1290 354
0.02572 1290 354
0.02573 1291 354
0.02574 1293 354
0.02575 1292 354
0.02576 1292 354
0.02577 1293 354
0.02578 1293 354
0.02579 1293 354
0.0258 1293 354
0.02581 1295 354
0.02582 1295 355
0.02583 1295 355
0.02584 1296 356
0.02585 1296 356
0.02586 1297 356
0.02587 1296 356
0.02588 1297 356
0.02589 1297 356
0.0259 1298 356
0.02591 1299 356
0.02592 1299 356
0.02593 1300 357
0.02594 1301 357
0.02595 1301 357
0.02596 1301 357
0.02597 1302 357
0.02598 1302 357
0.02599 1302 357
0.026 1304 357
0.02601 1305 357
0.02602 1305 357
0.02603 1305 357
0.02604 1305 357
0.02605 1305 357
0.02606 1305 357
0.02607 1305 357
0.02608 1305 357
0.02609 1308 357
0.0261 1308 357
0.02611 1308 357
0.02612 1309 358
0.02613 1310 358
0.02614 1310 358
0.02615 1310 358
0.02616 1310 358
0.02617 1310 358
0.02618 1311 358
0.02619 1311 358
0.0262 1312 358
0.02621 1312 358
0.02622 1312 359
0.02623 1312 359
0.02624 1311 359
0.02625 1312 359
0.02626 1312 359
0.02627 1312 359
0.02628 1313 359
0.02629 1315 359
0.0263 1316 359
0.02631 1316 359
0.02632 1316 359
0.02633 1315 360
0.02634 1315 360
0.02635 1318 360
0.02636 1318 361
0.02637 1318 361
0.02638 1318 361
0.02639 1318 361
0.0264 1319 361
0.02641 1319 361
0.02642 1319 363
0.02643 1320 363
0.02644 1320 364
0.02645 1320 364
0.02646 1320 364
0.02647 1320 364
0.02648 1320 364
0.02649 1320 364
0.0265 1320 364
0.02651 1321 365
0.02652 1320 365
0.02653 1320 365
0.02654 1320 365
0.02655 1320 365
0.02656 1320 365
0.02657 1320 365
0.02658 1320 365
0.02659 1320 365
0.0266 1320 365
0.02661 1320 365
0.02662 1321 365
0.02663 1321 365
0.02664 1322 365
0.02665 1322 365
0.02666 1322 365
0.02667 1321 365
0.02668 1322 365
0.02669 1323 366
0.0267 1323 366
0.02671 1324 366
0.02672 1324 366
0.02673 1324 367
0.02674 1325 367
0.02675 1326 367
0.02676 1327 368
0.02677 1328 368
0.02678 1328 368
0.02679 1328 368
0.0268 1328 368
0.02681 1328 368
0.02682 1328 368
0.02683 1329 368
0.02684 1329 368
0.02685 1329 368
0.02686 1330 368
0.02687 1330 368
0.02688 1331 368
0.02689 1331 368
0.0269 1331 368
0.02691 1331 368
0.02692 1331 368
0.02693 1330 368
0.02694 1330 368
0.02695 1330 368
0.02696 1330 369
0.02697 1332 369
0.02698 1332 369
0.02699 1333 369
0.027 1334 369
0.02701 1334 369
0.02702 1334 369
0.02703 1335 369
0.02704 1335 369
0.02705 1336 369
0.02706 1339 369
0.02707 1339 369
0.02708 1340 369
0.02709 1341 370
0.0271 1341 370
0.02711 1341 370
0.02712 1342 370
0.02713 1342 370
0.02714 1343 370
0.02715 1342 370
0.02716 1343 370
0.02717 1343 370
0.02718 1343 370
0.02719 1343 370
0.0272 1343 370
0.02721 1345 370
0.02722 1345 370
0.02723 1346 370
0.02724 1346 370
0.02725 1346 370
0.02726 1346 370
0.02727 1347 370
0.02728 1347 370
0.02729 1347 371
0.0273 1348 371
0.02731 1348 371
0.02732 1349 371
0.02733 1350 371
0.02734 1350 371
0.02735 1350 371
0.02736 1349 372
0.02737 1349 372
0.02738 1348 374
0.02739 1348 374
0.0274 1348 374
0.02741 1349 374
0.02742 1349 374
0.02743 1350 374
0.02744 1351 374
0.02745 1351 374
0.02746 1352 374
0.02747 1352 375
0.02748 1352 375
0.02749 1353 375
0.0275 1352 375
0.02751 1353 375
0.02752 1353 375
0.02753 1353 375
0.02754 1353 375
0.02755 1353 375
0.02756 1353 375
0.02757 1354 375
0.02758 1354 375
0.02759 1354 375
0.0276 1354 375
0.02761 1354 375
0.02762 1354 375
0.02763 1356 375
0.02764 1356 375
0.02765 1358 375
0.02766 1358 375
0.02767 1358 375
0.02768 1359 375
0.02769 1359 375
0.0277 1359 375
0.02771 1360 375
0.02772 1361 375
0.02773 1361 376
0.02774 1360 376
0.02775 1360 376
0.02776 1360 376
0.02777 1362 376
0.02778 1362 376
0.02779 1363 376
0.0278 1363 376
0.02781 1364 377
0.02782 1364 377
0.02783 1365 377
0.02784 1365 377
0.02785 1365 377
0.02786 1366 377
0.02787 1367 377
0.02788 1367 377
0.02789 1368 377
0.0279 1368 378
0.02791 1368 378
0.02792 1369 379
0.02793 1370 379
0.02794 1370 379
0.02795 1371 379
0.02796 1371 379
0.02797 1371 379
0.02798 1371 379
0.02799 1371 380
0.028 1371 381
0.02801 1372 381
0.02802 1371 381
0.02803 1372 382
0.02804 1371 382
0.02805 1372 382
0.02806 1372 382
0.02807 1372 382
0.02808 1372 382
0.02809 1372 382
0.0281 1372 382
0.02811 1372 382
0.02812 1372 382
0.02813 1374 382
0.02814 1374 383
0.02815 1375 383
0.02816 1375 383
0.02817 1375 383
0.02818 1375 383
0.02819 1375 383
0.0282 1375 383
0.02821 1375 383
0.02822 1375 383
0.02823 1377 383
0.02824 1377 383
0.02825 1378 383
0.02826 1378 383
0.02827 1378 383
0.02828 1378 383
0.02829 1378 383
0.0283 1378 383
0.02831 1379 383
0.02832 1380 384
0.02833 1380 385
0.02834 1381 385
0.02835 1381 386
0.02836 1381 386
0.02837 1381 387
0.02838 1381 387
0.02839 1382 387
0.0284 1382 387
0.02841 1382 387
0.02842 1380 387
0.02843 1381 387
0.02844 1382 387
0.02845 1382 387
0.02846 1383 387
0.02847 1382 387
0.02848 1382 387
0.02849 1383 387
0.0285 1383 387
0.02851 1383 387
0.02852 1383 387
0.02853 1383 387
0.02854 1383 387
0.02855 1383 387
0.02856 1384 387
0.02857 1384 387
0.02858 1384 387
0.02859 1384 388
0.0286 1383 388
0.02861 1383 388
0.02862 1383 388
0.02863 1383 388
0.02864 1383 388
0.02865 1383 389
0.02866 1384 390
0.02867 1384 390
0.02868 1385 390
0.02869 1385 390
0.0287 1385 390
0.02871 1385 390
0.02872 1386 390
0.02873 1387 390
0.02874 1387 390
0.02875 1387 391
0.02876 1388 391
0.02877 1388 391
0.02878 1388 392
0.02879 1388 392
0.0288 1389 393
0.02881 1389 394
0.02882 1389 394
0.02883 1390 394
0.02884 1390 394
0.02885 1390 394
0.02886 1390 394
0.02887 1390 394
0.02888 1390 395
0.02889 1391 395
0.0289 1392 395
0.02891 1392 395
0.02892 1393 395
0.02893 1393 396
0.02894 1393 396
0.02895 1394 396
0.02896 1396 396
0.02897 1396 396
0.02898 1396 396
0.02899 1395 396
0.029 1395 396
0.02901 1395 396
0.02902 1395 396
0.02903 1395 396
0.02904 1397 396
0.02905 1399 396
0.02906 1399 397
0.02907 1399 397
0.02908 1399 397
0.02909 1399 397
0.0291 1399 397
0.02911 1399 397
0.02912 1399 397
0.02913 1399 397
0.02914 1399 397
0.02915 1399 397
0.02916 1399 397
0.02917 1399 397
0.02918 1401 397
0.02919 1401 397
0.0292 1402 397
0.02921 1402 397
0.02922 1403 397
0.02923 1403 397
0.02924 1403 397
0.02925 1402 397
0.02926 1402 397
0.02927 1402 397
0.02928 1402 399
0.02929 1402 399
0.0293 1402 399
0.02931 1402 399
0.02932 1403 399
0.02933 1403 399
0.02934 1404 399
0.02935 1405 399
0.02936 1405 400
0.02937 1405 400
0.02938 1405 400
0.02939 1405 400
0.0294 1404 400
0.02941 1405 401
0.02942 1405 402
0.02943 1407 402
0.02944 1407 402
0.02945 1407 402
0.02946 1407 402
0.02947 1408 402
0.02948 1408 402
0.02949 1408 402
0.0295 1409 402
0.02951 1409 402
0.02952 1409 402
0.02953 1409 402
0.02954 1410 402
0.02955 1410 402
0.02956 1410 402
0.02957 1410 402
0.02958 1410 402
0.02959 1411 402
0.0296 1411 402
0.02961 1412 402
0.02962 1412 402
0.02963 1413 402
0.02964 1413 402
0.02965 1413 402
0.02966 1413 402
0.02967 1413 402
0.02968 1413 402
0.02969 1413 402
0.0297 1413 402
0.02971 1413 402
0.02972 1414 402
0.02973 1414 403
0.02974 1414 403
0.02975 1414 403
0.02976 1414 403
0.02977 1414 403
0.02978 1414 403
0.02979 1414 403
0.0298 1415 403
0.02981 1417 403
0.02982 1417 403
0.02983 1418 404
0.02984 1420 404
0.02985 1420 404
0.02986 1421 404
0.02987 1422 404
0.02988 1421 404
0.02989 1422 404
0.0299 1422 404
0.02991 1422 404
0.02992 1422 404
0.02993 1423 404
0.02994 1425 404
0.02995 1426 404
0.02996 1426 404
0.02997 1425 405
0.02998 1426 405
0.02999 1426 405
0.03 1426 405
0.03001 1426 405
0.03002 1427 405
0.03003 1427 405
0.03004 1428 405
0.03005 1429 405
0.03006 1430 405
0.03007 1431 405
0.03008 1431 405
0.03009 1431 405
0.0301 1431 407
0.03011 1431 408
0.03012 1432 409
0.03013 1432 409
0.03014 1433 409
0.03015 1433 409
0.03016 1433 409
0.03017 1433 409
0.03018 1433 409
0.03019 1433 409
0.0302 1434 409
0.03021 1434 409
0.03022 1435 409
0.03023 1435 409
0.03024 1435 409
0.03025 1435 410
0.03026 1435 410
0.03027 1435 410
0.03028 1435 411
0.03029 1436 411
0.0303 1437 411
0.03031 1437 411
0.03032 1437 411
0.03033 1438 412
0.03034 1438 412
0.03035 1438 412
0.03036 1438 412
0.03037 1438 412
0.03038 1439 412
0.03039 1439 412
0.0304 1440 412
0.03041 1440 412
0.03042 1440 412
0.03043 1442 412
0.03044 1442 412
0.03045 1442 412
0.03046 1442 412
0.03047 1443 412
0.03048 1444 412
0.03049 1444 412
0.0305 1446 412
0.03051 1447 412
0.03052 1448 412
0.03053 1449 412
0.03054 1449 412
0.03055 1449 412
0.03056 1449 412
0.03057 1450 412
0.03058 1451 412
0.03059 1451 412
0.0306 1452 412
0.03061 1452 412
0.03062 1453 412
0.03063 1453 412
0.03064 1455 412
0.03065 1455 413
0.03066 1455 413
0.03067 1457 413
0.03068 1459 413
0.03069 1459 413
0.0307 1459 413
0.03071 1460 413
0.03072 1460 413
0.03073 1461 413
0.03074 1461 413
0.03075 1461 414
0.03076 1462 414
0.03077 1463 414
0.03078 1463 414
0.03079 1464 414
0.0308 1464 414
0.03081 1463 414
0.03082 1463 414
0.03083 1463 414
0.03084 1463 415
0.03085 1463 415
0.03086 1464 415
0.03087 1464 415
0.03088 1464 415
0.03089 1465 415
0.0309 1465 415
0.03091 1466 415
0.03092 1466 416
0.03093 1466 416
0.03094 1466 416
0.03095 1467 416
0.03096 1467 416
0.03097 1468 417
0.03098 1469 417
0.03099 1469 417
0.031 1468 418
0.03101 1468 418
0.03102 1469 419
0.03103 1469 420
0.03104 1469 420
0.03105 1470 420
0.03106 1470 421
0.03107 1470 421
0.03108 1471 421
0.03109 1473 421
0.0311 1473 421
0.03111 1473 421
0.03112 1473 422
0.03113 1473 422
0.03114 1472 422
0.03115 1473 422
0.03116 1473 422
0.03117 1473 422
0.03118 1473 422
0.03119 1474 422
0.0312 1475 422
0.03121 1476 422
0.03122 1476 422
0.03123 1477 422
0.03124 1477 422
0.03125 1477 422
0.03126 1478 422
0.03127 1480 422
0.03128 1481 422
0.03129 1481 422
0.0313 1481 422
0.03131 1481 422
0.03132 1481 422
0.03133 1483 422
0.03134 1483 422
0.03135 1484 422
0.03136 1483 422
0.03137 1483 422
0.03138 1485 422
0.03139 1486 422
0.0314 1488 423
0.03141 1489 423
0.03142 1489 423
0.03143 1491 423
0.03144 1492 423
0.03145 1491 423
0.03146 1492 423
0.03147 1492 423
0.03148 1492 424
0.03149 1492 424
0.0315 1493 424
0.03151 1493 424
0.03152 1493 425
0.03153 1493 425
0.03154 1494 425
0.03155 1496 425
0.03156 1498 425
0.03157 1498 425
0.03158 1498 425
0.03159 1499 425
0.0316 1499 426
0.03161 1501 426
0.03162 1501 427
0.03163 1501 427
0.03164 1501 427
0.03165 1502 428
0.03166 1502 428
0.03167 1504 428
0.03168 1505 428
0.03169 1505 428
0.0317 1504 428
0.03171 1505 429
0.03172 1507 429
0.03173 1506 429
0.03174 1506 430
0.03175 1506 430
0.03176 1507 430
0.03177 1508 430
0.03178 1509 430
0.03179 1510 430
0.0318 1511 431
0.03181 1511 431
0.03182 1511 431
0.03183 1511 431
0.03184 1512 431
0.03185 1513 432
0.03186 1513 432
0.03187 1514 432
0.03188 1515 432
0.03189 1515 432
0.0319 1515 432
0.03191 1516 432
0.03192 1516 433
0.03193 1517 433
0.03194 1518 433
0.03195 1518 433
0.03196 1518 433
0.03197 1519 433
0.03198 1519 433
0.03199 1520 433
0.032 1520 433
0.03201 1520 433
0.03202 1520 433
0.03203 1521 433
0.03204 1521 433
0.03205 1522 433
0.03206 1522 433
0.03207 1522 433
0.03208 1524 434
0.03209 1524 434
0.0321 1525 434
0.03211 1526 434
0.03212 1526 434
0.03213 1526 434
0.03214 1526 434
0.03215 1526 434
0.03216 1527 435
0.03217 1527 435
0.03218 1527 435
0.03219 1527 435
0.0322 1527 435
0.03221 1529 435
0.03222 1529 437
0.03223 1529 438
0.03224 1529 438
0.03225 1529 438
0.03226 1531 439
0.03227 1531 439
0.03228 1530 439
0.03229 1530 439
0.0323 1530 439
0.03231 1530 439
0.03232 1530 439
0.03233 1530 439
0.03234 1533 439
0.03235 1531 439
0.03236 1533 439
0.03237 1534 439
0.03238 1536 439
0.03239 1537 440
0.0324 1537 440
0.03241 1537 440
0.03242 1537 440
0.03243 1537 440
0.03244 1537 441
0.03245 1537 441
0.03246 1538 441
0.03247 1538 441
0.03248 1538 442
0.03249 1539 442
0.0325 1539 442
0.03251 1540 442
0.03252 1540 442
0.03253 1540 442
0.03254 1541 442
0.03255 1541 442
0.03256 1544 442
0.03257 1545 442
0.03258 1545 442
0.03259 1546 442
0.0326 1546 442
0.03261 1546 442
0.03262 1547 442
0.03263 1548 442
0.03264 1548 442
0.03265 1548 442
0.03266 1549 442
0.03267 1549 442
0.03268 1549 442
0.03269 1551 442
0.0327 1552 442
0.03271 1553 442
0.03272 1553 442
0.03273 1553 442
0.03274 1554 442
0.03275 1555 443
0.03276 1555 443
0.03277 1555 444
0.03278 1554 444
0.03279 1554 444
0.0328 1554 444
0.03281 1553 444
0.03282 1553 444
0.03283 1553 444
0.03284 1554 444
0.03285 1554 444
0.03286 1555 444
0.03287 1556 444
0.03288 1556 444
0.03289 1556 444
0.0329 1556 444
0.03291 1557 444
0.03292 1557 444
0.03293 1556 444
0.03294 1556 444
0.03295 1556 444
0.03296 1556 444
0.03297 1556 444
0.03298 1556 444
0.03299 1558 445
0.033 1558 445
0.03301 1558 445
0.03302 1558 445
0.03303 1558 445
0.03304 1558 445
0.03305 1559 445
0.03306 1559 446
0.03307 1561 446
0.03308 1561 446
0.03309 1563 446
0.0331 1564 446
0.03311 1566 446
0.03312 1566 446
0.03313 1566 446
0.03314 1566 446
0.03315 1566 446
0.03316 1567 447
0.03317 1567 447
0.03318 1567 448
0.03319 1567 449
0.0332 1567 449
0.03321 1567 449
0.03322 1568 449
0.03323 1569 449
0.03324 1570 449
0.03325 1571 450
0.03326 1571 450
0.03327 1571 450
0.03328 1571 450
0.03329 1571 450
0.0333 1571 450
0.03331 1572 450
0.03332 1572 450
0.03333 1572 450
0.03334 1574 450
0.03335 1574 450
0.03336 1575 450
0.03337 1575 450
0.03338 1574 450
0.03339 1574 450
0.0334 1575 450
0.03341 1575 451
0.03342 1574 452
0.03343 1574 452
0.03344 1575 452
0.03345 1575 452
0.03346 1575 452
0.03347 1575 452
0.03348 1575 453
0.03349 1576 453
0.0335 1576 453
0.03351 1576 453
0.03352 1576 453
0.03353 1577 453
0.03354 1578 453
0.03355 1578 453
0.03356 1578 453
0.03357 1578 453
0.03358 1578 453
0.03359 1579 453
0.0336 1579 453
0.03361 1579 453
0.03362 1579 453
0.03363 1579 454
0.03364 1580 454
0.03365 1581 454
0.03366 1581 454
0.03367 1580 454
0.03368 1580 455
0.03369 1579 456
0.0337 1579 456
0.03371 1579 456
0.03372 1579 456
0.03373 1579 456
0.03374 1579 456
0.03375 1579 456
0.03376 1583 456
0.03377 1584 456
0.03378 1585 456
0.03379 1585 456
0.0338 1586 456
0.03381 1586 457
0.03382 1586 457
0.03383 1586 457
0.03384 1587 457
0.03385 1588 457
0.03386 1588 457
0.03387 1589 457
0.03388 1589 457
0.03389 1592 457
0.0339 1592 457
0.03391 1592 458
0.03392 1592 459
0.03393 1592 459
0.03394 1592 459
0.03395 1592 459
0.03396 1591 459
0.03397 1591 459
0.03398 1592 459
0.03399 1592 459
0.034 1592 461
0.03401 1592 461
0.03402 1594 461
0.03403 1594 461
0.03404 1594 461
0.03405 1594 461
0.03406 1594 461
0.03407 1594 461
0.03408 1594 461
0.03409 1594 461
0.0341 1594 462
0.03411 1595 462
0.03412 1597 462
0.03413 1596 462
0.03414 1596 462
0.03415 1598 462
0.03416 1598 462
0.03417 1599 462
0.03418 1599 463
0.03419 1599 463
0.0342 1599 464
0.03421 1599 464
0.03422 1599 464
0.03423 1600 464
0.03424 1600 464
0.03425 1601 464
0.03426 1601 464
0.03427 1602 464
0.03428 1602 464
0.03429 1602 464
0.0343 1603 464
0.03431 1603 464
0.03432 1603 464
0.03433 1604 464
0.03434 1605 465
0.03435 1605 465
0.03436 1605 466
0.03437 1605 466
0.03438 1607 466
0.03439 1607 466
0.0344 1608 466
0.03441 1608 466
0.03442 1609 466
0.03443 1609 466
0.03444 1609 466
0.03445 1609 466
0.03446 1610 466
0.03447 1610 466
0.03448 1610 466
0.03449 1610 466
0.0345 1610 466
0.03451 1610 466
0.03452 1611 467
0.03453 1611 467
0.03454 1612 468
0.03455 1612 468
0.03456 1613 468
0.03457 1613 468
0.03458 1613 468
0.03459 1613 468
0.0346 1616 468
0.03461 1616 468
0.03462 1616 468
0.03463 1616 468
0.03464 1616 469
0.03465 1615 469
0.03466 1616 469
0.03467 1617 470
0.03468 1617 470
0.03469 1617 470
0.0347 1616 470
0.03471 1617 470
0.03472 1618 470
0.03473 1619 470
0.03474 1618 470
0.03475 1618 470
0.03476 1617 470
0.03477 1617 470
0.03478 1616 470
0.03479 1616 470
0.0348 1616 470
0.03481 1616 470
0.03482 1617 470
0.03483 1618 470
0.03484 1618 470
0.03485 1620 470
0.03486 1620 470
0.03487 1621 470
0.03488 1621 470
0.03489 1621 470
0.0349 1621 470
0.03491 1621 470
0.03492 1621 470
0.03493 1621 470
0.03494 1622 470
0.03495 1623 470
0.03496 1623 470
0.03497 1623 470
0.03498 1622 470
0.03499 1622 470
0.035 1622 471
0.03501 1623 471
0.03502 1623 471
0.03503 1624 471
0.03504 1624 471
0.03505 1626 471
0.03506 1627 471
0.03507 1628 471
0.03508 1628 471
0.03509 1629 471
0.0351 1630 471
0.03511 1630 471
0.03512 1631 471
0.03513 1631 471
0.03514 1631 472
0.03515 1631 472
0.03516 1631 472
0.03517 1632 472
0.03518 1632 472
0.03519 1633 473
0.0352 1634 473
0.03521 1634 473
0.03522 1636 473
0.03523 1635 473
0.03524 1636 473
0.03525 1635 473
0.03526 1635 473
0.03527 1635 473
0.03528 1635 473
0.03529 1637 474
0.0353 1638 474
0.03531 1638 474
0.03532 1638 474
0.03533 1638 474
0.03534 1639 474
0.03535 1639 474
0.03536 1639 475
0.03537 1639 475
0.03538 1639 475
0.03539 1641 475
0.0354 1641 475
0.03541 1640 476
0.03542 1640 476
0.03543 1640 476
0.03544 1640 476
0.03545 1641 476
0.03546 1642 476
0.03547 1642 476
0.03548 1642 476
0.03549 1642 476
0.0355 1642 476
0.03551 1643 476
0.03552 1643 476
0.03553 1643 476
0.03554 1644 476
0.03555 1644 476
0.03556 1644 476
0.03557 1645 476
0.03558 1644 476
0.03559 1645 476
0.0356 1646 477
0.03561 1645 477
0.03562 1645 477
0.03563 1645 477
0.03564 1646 477
0.03565 1648 477
0.03566 1649 477
0.03567 1649 477
0.03568 1649 477
0.03569 1649 477
0.0357 1651 477
0.03571 1651 477
0.03572 1651 477
0.03573 1651 477
0.03574 1651 477
0.03575 1649 477
0.03576 1651 477
0.03577 1651 478
0.03578 1652 478
0.03579 1652 479
0.0358 1652 479
0.03581 1652 479
0.03582 1652 479
0.03583 1654 479
0.03584 1655 479
0.03585 1655 480
0.03586 1655 480
0.03587 1655 480
0.03588 1656 480
0.03589 1658 480
0.0359 1658 480
0.03591 1658 480
0.03592 1658 480
0.03593 1658 480
0.03594 1659 480
0.03595 1661 480
0.03596 1662 480
0.03597 1663 480
0.03598 1663 480
0.03599 1663 480
0.036 1663 480
0.03601 1663 480
0.03602 1663 481
0.03603 1663 481
0.03604 1664 481
0.03605 1664 481
0.03606 1664 481
0.03607 1664 482
0.03608 1665 482
0.03609 1665 482
0.0361 1665 482
0.03611 1665 483
0.03612 1665 484
0.03613 1665 484
0.03614 1666 484
0.03615 1666 484
0.03616 1667 484
0.03617 1667 484
0.03618 1669 484
0.03619 1669 484
0.0362 1670 484
0.03621 1671 484
0.03622 1672 484
0.03623 1673 484
0.03624 1673 484
0.03625 1673 484
0.03626 1674 484
0.03627 1675 484
0.03628 1675 484
0.03629 1675 484
0.0363 1675 484
0.03631 1675 484
0.03632 1675 485
0.03633 1675 486
0.03634 1675 486
0.03635 1675 486
0.03636 1676 486
0.03637 1678 486
0.03638 1678 486
0.03639 1678 486
0.0364 1679 486
0.03641 1679 486
0.03642 1681 486
0.03643 1680 486
0.03644 1680 486
0.03645 1680 487
0.03646 1680 487
0.03647 1681 487
0.03648 1681 487
0.03649 1682 487
0.0365 1682 487
0.03651 1682 488
0.03652 1682 488
0.03653 1683 488
0.03654 1683 488
0.03655 1683 488
0.03656 1681 488
0.03657 1681 488
0.03658 1682 488
0.03659 1682 488
0.0366 1682 488
0.03661 1682 488
0.03662 1682 488
0.03663 1682 488
0.03664 1682 489
0.03665 1682 489
0.03666 1682 489
0.03667 1682 489
0.03668 1682 489
0.03669 1682 490
0.0367 1683 490
0.03671 1684 490
0.03672 1684 490
0.03673 1684 490
0.03674 1685 490
0.03675 1686 490
0.03676 1686 490
0.03677 1687 490
0.03678 1688 490
0.03679 1689 490
0.0368 1689 490
0.03681 1689 490
0.03682 1689 490
0.03683 1689 490
0.03684 1689 490
0.03685 1689 490
0.03686 1689 490
0.03687 1690 490
0.03688 1692 490
0.03689 1692 491
0.0369 1692 491
0.03691 1693 491
0.03692 1693 491
0.03693 1693 491
0.03694 1693 491
0.03695 1693 491
0.03696 1694 491
0.03697 1694 491
0.03698 1695 492
0.03699 1696 492
0.037 1696 492
0.03701 1696 492
0.03702 1696 492
0.03703 1697 492
0.03704 1700 492
0.03705 1700 492
0.03706 1700 492
0.03707 1700 492
0.03708 1700 492
0.03709 1701 492
0.0371 1702 492
0.03711 1702 492
0.03712 1703 492
0.03713 1704 492
0.03714 1704 492
0.03715 1704 492
0.03716 1704 492
0.03717 1704 492
0.03718 1704 492
0.03719 1704 492
0.0372 1704 492
0.03721 1704 492
0.03722 1705 492
0.03723 1707 492
0.03724 1708 492
0.03725 1708 492
0.03726 1709 492
0.03727 1708 492
0.03728 1708 492
0.03729 1708 492
0.0373 1708 492
0.03731 1709 492
0.03732 1709 493
0.03733 1710 493
0.03734 1710 493
0.03735 1711 493
0.03736 1711 493
0.03737 1711 493
0.03738 1711 493
0.03739 1711 493
0.0374 1712 493
0.03741 1712 493
0.03742 1713 493
0.03743 1713 493
0.03744 1713 493
0.03745 1714 493
0.03746 1714 493
0.03747 1714 493
0.03748 1714 493
0.03749 1715 493
0.0375 1715 493
0.03751 1716 493
0.03752 1718 494
0.03753 1718 494
0.03754 1720 494
0.03755 1721 494
0.03756 1721 495
0.03757 1721 495
0.03758 1723 495
0.03759 1724 496
0.0376 1724 496
0.03761 1724 496
0.03762 1723 496
0.03763 1723 496
0.03764 1723 496
0.03765 1723 496
0.03766 1723 496
0.03767 1724 496
0.03768 1725 496
0.03769 1724 496
0.0377 1724 496
0.03771 1725 496
0.03772 1725 496
0.03773 1725 496
0.03774 1725 496
0.03775 1725 496
0.03776 1725 496
0.03777 1725 496
0.03778 1725 496
0.03779 1725 496
0.0378 1725 496
0.03781 1726 496
0.03782 1727 497
0.03783 1727 497
0.03784 1727 497
0.03785 1727 497
0.03786 1727 497
0.03787 1727 497
0.03788 1728 497
0.03789 1728 497
0.0379 1729 497
0.03791 1730 497
0.03792 1731 497
0.03793 1732 497
0.03794 1732 497
0.03795 1732 497
0.03796 1732 497
0.03797 1732 497
0.03798 1733 497
0.03799 1735 497
0.038 1736 497
0.03801 1736 497
0.03802 1737 497
0.03803 1737 497
0.03804 1737 498
0.03805 1737 498
0.03806 1737 498
0.03807 1737 498
0.03808 1738 499
0.03809 1738 499
0.0381 1738 499
0.03811 1738 499
0.03812 1737 499
0.03813 1737 499
0.03814 1737 499
0.03815 1737 499
0.03816 1739 499
0.03817 1739 500
0.03818 1739 500
0.03819 1739 500
0.0382 1739 500
0.03821 1740 500
0.03822 1741 500
0.03823 1741 501
0.03824 1741 502
0.03825 1741 502
0.03826 1743 502
0.03827 1744 502
0.03828 1745 503
0.03829 1745 505
0.0383 1745 505
0.03831 1746 505
0.03832 1746 505
0.03833 1746 506
0.03834 1747 506
0.03835 1747 506
0.03836 1748 506
0.03837 1748 506
0.03838 1748 506
0.03839 1749 506
0.0384 1749 507
0.03841 1749 507
0.03842 1749 507
0.03843 1749 508
0.03844 1750 508
0.03845 1750 508
0.03846 1750 508
0.03847 1750 508
0.03848 1750 508
0.03849 1750 508
0.0385 1750 508
0.03851 1750 508
0.03852 1750 508
0.03853 1750 508
0.03854 1751 508
0.03855 1751 508
0.03856 1752 508
0.03857 1752 508
0.03858 1752 508
0.03859 1752 508
0.0386 1752 508
0.03861 1752 508
0.03862 1753 508
0.03863 1755 508
0.03864 1756 509
0.03865 1756 509
0.03866 1756 509
0.03867 1757 509
0.03868 1757 509
0.03869 1757 509
0.0387 1757 509
0.03871 1756 509
0.03872 1756 509
0.03873 1757 510
0.03874 1757 511
0.03875 1757 511
0.03876 1757 511
0.03877 1757 511
0.03878 1757 511
0.03879 1757 511
0.0388 1757 511
0.03881 1757 511
0.03882 1758 511
0.03883 1759 511
0.03884 1759 511
0.03885 1759 511
0.03886 1759 512
0.03887 1759 512
0.03888 1760 512
0.03889 1760 512
0.0389 1760 512
0.03891 1759 512
0.03892 1761 513
0.03893 1761 513
0.03894 1761 514
0.03895 1761 514
0.03896 1761 514
0.03897 1761 514
0.03898 1762 514
0.03899 1762 514
0.039 1762 514
0.03901 1762 514
0.03902 1763 515
0.03903 1763 516
0.03904 1762 516
0.03905 1763 517
0.03906 1763 517
0.03907 1764 517
0.03908 1764 517
0.03909 1764 517
0.0391 1764 517
0.03911 1764 518
0.03912 1766 519
0.03913 1766 520
0.03914 1766 520
0.03915 1767 520
0.03916 1768 521
0.03917 1768 521
0.03918 1768 521
0.03919 1768 521
0.0392 1770 521
0.03921 1770 521
0.03922 1770 522
0.03923 1771 522
0.03924 1771 522
0.03925 1772 522
0.03926 1772 522
0.03927 1772 522
0.03928 1772 522
0.03929 1772 522
0.0393 1772 522
0.03931 1772 522
0.03932 1773 524
0.03933 1773 524
0.03934 1775 525
0.03935 1775 525
0.03936 1776 525
0.03937 1777 525
0.03938 1779 526
0.03939 1779 526
0.0394 1779 526
0.03941 1779 526
0.03942 1780 526
0.03943 1781 526
0.03944 1782 526
0.03945 1782 526
0.03946 1782 526
0.03947 1782 526
0.03948 1782 527
0.03949 1782 527
0.0395 1782 527
0.03951 1783 527
0.03952 1783 527
0.03953 1783 527
0.03954 1783 527
0.03955 1784 527
0.03956 1784 527
0.03957 1784 527
0.03958 1783 528
0.03959 1783 528
0.0396 1781 528
0.03961 1781 528
0.03962 1781 528
0.03963 1782 528
0.03964 1781 528
0.03965 1781 528
0.03966 1781 528
0.03967 1781 528
0.03968 1781 528
0.03969 1783 528
0.0397 1783 528
0.03971 1783 528
0.03972 1783 528
0.03973 1785 528
0.03974 1785 528
0.03975 1785 529
0.03976 1785 529
0.03977 1786 530
0.03978 1787 530
0.03979 1788 530
0.0398 1790 530
0.03981 1790 530
0.03982 1790 530
0.03983 1790 530
0.03984 1791 530
0.03985 1791 531
0.03986 1792 531
0.03987 1792 531
0.03988 1792 531
0.03989 1794 531
0.0399 1796 531
0.03991 1796 531
0.03992 1795 531
0.03993 1796 531
0.03994 1797 531
0.03995 1797 531
0.03996 1798 531
0.03997 1799 531
0.03998 1799 531
0.03999 1799 531
0.04 1799 531
0.04001 1800 531
0.04002 1802 531
0.04003 1802 531
0.04004 1802 531
0.04005 1802 531
0.04006 1802 531
0.04007 1802 531
0.04008 1803 531
0.04009 1804 531
0.0401 1804 531
0.04011 1805 531
0.04012 1805 531
0.04013 1805 531
0.04014 1805 531
0.04015 1805 531
0.04016 1806 531
0.04017 1806 532
0.04018 1806 532
0.04019 1805 532
0.0402 1806 532
0.04021 1807 532
0.04022 1807 532
0.04023 1807 532
0.04024 1807 533
0.04025 1808 533
0.04026 1808 533
0.04027 1807 533
0.04028 1807 533
0.04029 1807 533
0.0403 1808 533
0.04031 1808 533
0.04032 1809 533
0.04033 1809 533
0.04034 1809 533
0.04035 1809 533
0.04036 1809 533
0.04037 1809 533
0.04038 1809 533
0.04039 1809 533
0.0404 1809 533
0.04041 1809 533
0.04042 1809 533
0.04043 1810 533
0.04044 1810 534
0.04045 1811 534
0.04046 1811 534
0.04047 1811 534
0.04048 1811 534
0.04049 1811 534
0.0405 1811 534
0.04051 1811 534
0.04052 1812 534
0.04053 1813 534
0.04054 1814 534
0.04055 1815 534
0.04056 1815 534
0.04057 1816 534
0.04058 1815 534
0.04059 1817 534
0.0406 1818 534
0.04061 1819 534
0.04062 1820 534
0.04063 1820 534
0.04064 1820 534
0.04065 1821 534
0.04066 1822 534
0.04067 1822 534
0.04068 1822 534
0.04069 1822 534
0.0407 1822 534
0.04071 1822 534
0.04072 1823 534
0.04073 1823 534
0.04074 1823 534
0.04075 1824 534
0.04076 1824 534
0.04077 1824 534
0.04078 1824 534
0.04079 1825 536
0.0408 1825 536
0.04081 1825 536
0.04082 1825 536
0.04083 1826 536
0.04084 1826 536
0.04085 1826 536
0.04086 1827 536
0.04087 1828 536
0.04088 1828 536
0.04089 1828 537
0.0409 1829 537
0.04091 1829 537
0.04092 1829 537
0.04093 1829 537
0.04094 1831 537
0.04095 1832 537
0.04096 1833 537
0.04097 1833 537
0.04098 1833 537
0.04099 1834 537
0.041 1835 537
0.04101 1835 537
0.04102 1835 537
0.04103 1835 537
0.04104 1835 537
0.04105 1835 537
0.04106 1836 537
0.04107 1836 537
0.04108 1836 537
0.04109 1838 537
0.0411 1838 537
0.04111 1838 537
0.04112 1838 537
0.04113 1838 537
0.04114 1839 538
0.04115 1840 538
0.04116 1840 538
0.04117 1841 538
0.04118 1842 538
0.04119 1842 538
0.0412 1842 538
0.04121 1842 538
0.04122 1842 538
0.04123 1843 538
0.04124 1844 538
0.04125 1846 538
0.04126 1846 538
0.04127 1846 538
0.04128 1846 538
0.04129 1846 538
0.0413 1846 538
0.04131 1846 538
0.04132 1846 538
0.04133 1845 538
0.04134 1845 538
0.04135 1847 538
0.04136 1848 538
0.04137 1848 538
0.04138 1850 538
0.04139 1850 538
0.0414 1850 538
0.04141 1850 538
0.04142 1850 538
0.04143 1850 538
0.04144 1850 538
0.04145 1850 538
0.04146 1850 538
0.04147 1850 538
0.04148 1850 538
0.04149 1850 538
0.0415 1850 539
0.04151 1851 539
0.04152 1850 539
0.04153 1849 539
0.04154 1849 539
0.04155 1849 539
0.04156 1849 539
0.04157 1849 539
0.04158 1849 539
0.04159 1849 539
0.0416 1849 539
0.04161 1849 539
0.04162 1849 539
0.04163 1849 539
0.04164 1850 539
0.04165 1851 539
0.04166 1851 539
0.04167 1851 539
0.04168 1851 540
0.04169 1851 541
0.0417 1850 541
0.04171 1850 541
0.04172 1851 541
0.04173 1851 541
0.04174 1851 541
0.04175 1851 541
0.04176 1852 541
0.04177 1852 541
0.04178 1852 541
0.04179 1852 541
0.0418 1852 541
0.04181 1851 541
0.04182 1851 542
0.04183 1851 542
0.04184 1851 542
0.04185 1851 542
0.04186 1851 542
0.04187 1851 542
0.04188 1851 542
0.04189 1851 542
0.0419 1851 542
0.04191 1851 542
0.04192 1851 542
0.04193 1851 542
0.04194 1852 542
0.04195 1853 542
0.04196 1853 542
0.04197 1853 542
0.04198 1853 543
0.04199 1854 543
0.042 1854 543
0.04201 1854 543
0.04202 1854 543
0.04203 1855 543
0.04204 1855 544
0.04205 1855 544
0.04206 1857 544
0.04207 1857 544
0.04208 1857 544
0.04209 1857 544
0.0421 1857 544
0.04211 1856 544
0.04212 1856 544
0.04213 1856 544
0.04214 1856 544
0.04215 1857 544
0.04216 1857 544
0.04217 1859 544
0.04218 1859 544
0.04219 1859 545
0.0422 1859 545
0.04221 1859 545
0.04222 1861 545
0.04223 1861 545
0.04224 1861 545
0.04225 1861 545
0.04226 1862 546
0.04227 1861 546
0.04228 1862 546
0.04229 1863 546
0.0423 1864 547
0.04231 1863 547
0.04232 1862 547
0.04233 1864 547
0.04234 1865 547
0.04235 1866 547
0.04236 1867 547
0.04237 1867 548
0.04238 1867 548
0.04239 1867 548
0.0424 1867 548
0.04241 1867 548
0.04242 1868 548
0.04243 1867 548
0.04244 1868 548
0.04245 1868 548
0.04246 1868 548
0.04247 1868 548
0.04248 1868 548
0.04249 1868 548
0.0425 1868 548
0.04251 1870 548
0.04252 1871 548
0.04253 1872 548
0.04254 1873 548
0.04255 1874 548
0.04256 1874 548
0.04257 1875 548
0.04258 1875 548
0.04259 1875 548
0.0426 1876 548
0.04261 1875 548
0.04262 1876 548
0.04263 1876 548
0.04264 1876 548
0.04265 1876 548
0.04266 1876 548
0.04267 1876 548
0.04268 1876 548
0.04269 1877 548
0.0427 1877 549
0.04271 1877 549
0.04272 1877 549
0.04273 1877 549
0.04274 1878 549
0.04275 1878 549
0.04276 1879 549
0.04277 1880 549
0.04278 1880 550
0.04279 1882 550
0.0428 1882 550
0.04281 1882 550
0.04282 1882 551
0.04283 1882 551
0.04284 1882 551
0.04285 1883 551
0.04286 1883 551
0.04287 1883 552
0.04288 1883 552
0.04289 1883 553
0.0429 1883 553
0.04291 1884 553
0.04292 1885 553
0.04293 1885 553
0.04294 1885 553
0.04295 1887 553
0.04296 1887 553
0.04297 1888 554
0.04298 1888 554
0.04299 1888 554
0.043 1889 554
0.04301 1889 554
0.04302 1889 554
0.04303 1890 554
0.04304 1890 554
0.04305 1891 554
0.04306 1892 554
0.04307 1892 554
0.04308 1892 554
0.04309 1892 554
0.0431 1892 554
0.04311 1892 554
0.04312 1892 554
0.04313 1893 554
0.04314 1894 554
0.04315 1895 554
0.04316 1895 554
0.04317 1895 555
0.04318 1895 556
0.04319 1896 556
0.0432 1896 556
0.04321 1896 556
0.04322 1896 556
0.04323 1896 556
0.04324 1897 557
0.04325 1898 557
0.04326 1898 557
0.04327 1898 557
0.04328 1900 558
0.04329 1900 558
0.0433 1900 558
0.04331 1900 558
0.04332 1899 558
0.04333 1898 558
0.04334 1898 558
0.04335 1900 558
0.04336 1900 558
0.04337 1900 559
0.04338 1901 559
0.04339 1903 560
0.0434 1903 560
0.04341 1904 560
0.04342 1903 560
0.04343 1903 561
0.04344 1903 561
0.04345 1904 561
0.04346 1904 561
0.04347 1905 561
0.04348 1905 561
0.04349 1906 561
0.0435 1907 561
0.04351 1908 561
0.04352 1908 561
0.04353 1909 562
0.04354 1909 563
0.04355 1910 563
0.04356 1910 563
0.04357 1910 563
0.04358 1911 563
0.04359 1911 563
0.0436 1911 563
0.04361 1912 563
0.04362 1912 563
0.04363 1912 564
0.04364 1912 564
0.04365 1912 564
0.04366 1912 564
0.04367 1912 564
0.04368 1914 564
0.04369 1914 564
0.0437 1914 564
0.04371 1915 566
0.04372 1915 566
0.04373 1916 566
0.04374 1917 566
0.04375 1917 566
0.04376 1918 566
0.04377 1917 566
0.04378 1918 566
0.04379 1920 566
0.0438 1920 566
0.04381 1921 566
0.04382 1921 566
0.04383 1922 566
0.04384 1922 567
0.04385 1923 567
0.04386 1923 567
0.04387 1923 567
0.04388 1923 567
0.04389 1925 567
0.0439 1925 567
0.04391 1926 567
0.04392 1927 567
0.04393 1927 567
0.04394 1929 567
0.04395 1929 567
0.04396 1928 567
0.04397 1929 567
0.04398 1929 567
0.04399 1929 567
0.044 1929 567
0.04401 1929 568
0.04402 1929 568
0.04403 1931 569
0.04404 1933 569
0.04405 1933 571
0.04406 1933 572
0.04407 1934 572
0.04408 1934 572
0.04409 1934 572
0.0441 1933 572
0.04411 1933 572
0.04412 1933 572
0.04413 1933 572
0.04414 1934 572
0.04415 1934 572
0.04416 1934 573
0.04417 1935 573
0.04418 1935 573
0.04419 1935 573
0.0442 1936 573
0.04421 1936 573
0.04422 1936 573
0.04423 1936 573
0.04424 1937 573
0.04425 1938 573
0.04426 1939 574
0.04427 1939 575
0.04428 1938 575
0.04429 1938 575
0.0443 1938 576
0.04431 1938 577
0.04432 1939 578
0.04433 1939 578
0.04434 1940 578
0.04435 1940 579
0.04436 1940 579
0.04437 1942 579
0.04438 1942 579
0.04439 1942 579
0.0444 1942 579
0.04441 1942 579
0.04442 1942 579
0.04443 1942 579
0.04444 1942 580
0.04445 1942 580
0.04446 1942 580
0.04447 1943 580
0.04448 1943 580
0.04449 1944 580
0.0445 1945 580
0.04451 1947 580
0.04452 1948 580
0.04453 1948 581
0.04454 1947 581
0.04455 1947 581
0.04456 1948 582
0.04457 1950 582
0.04458 1953 582
0.04459 1954 582
0.0446 1954 582
0.04461 1955 582
0.04462 1955 582
0.04463 1956 582
0.04464 1957 582
0.04465 1958 583
0.04466 1958 584
0.04467 1958 584
0.04468 1958 584
0.04469 1958 584
0.0447 1959 584
0.04471 1959 584
0.04472 1961 584
0.04473 1960 584
0.04474 1961 584
0.04475 1961 584
0.04476 1961 584
0.04477 1961 584
0.04478 1961 584
0.04479 1961 584
0.0448 1961 584
0.04481 1961 584
0.04482 1961 584
0.04483 1962 584
0.04484 1963 584
0.04485 1963 584
0.04486 1964 585
0.04487 1964 585
0.04488 1965 585
0.04489 1965 585
0.0449 1966 585
0.04491 1966 585
0.04492 1966 585
0.04493 1966 585
0.04494 1966 585
0.04495 1966 585
0.04496 1966 585
0.04497 1965 585
0.04498 1965 585
0.04499 1966 585
0.045 1966 585
0.04501 1966 585
0.04502 1966 585
0.04503 1967 585
0.04504 1967 585
0.04505 1967 585
0.04506 1967 585
0.04507 1968 585
0.04508 1968 585
0.04509 1968 585
0.0451 1969 585
0.04511 1970 585
0.04512 1971 585
0.04513 1971 585
0.04514 1972 585
0.04515 1972 585
0.04516 1971 585
0.04517 1972 585
0.04518 1973 586
0.04519 1973 586
0.0452 1973 586
0.04521 1974 586
0.04522 1975 586
0.04523 1975 586
0.04524 1975 586
0.04525 1975 586
0.04526 1975 586
0.04527 1976 586
0.04528 1976 586
0.04529 1977 586
0.0453 1977 586
0.04531 1977 586
0.04532 1977 586
0.04533 1977 586
0.04534 1977 586
0.04535 1980 586
0.04536 1980 586
0.04537 1982 586
0.04538 1982 586
0.04539 1982 586
0.0454 1982 586
0.04541 1983 586
0.04542 1983 586
0.04543 1983 586
0.04544 1982 586
0.04545 1982 586
0.04546 1982 586
0.04547 1982 586
0.04548 1982 586
0.04549 1982 586
0.0455 1982 586
0.04551 1983 586
0.04552 1983 586
0.04553 1982 586
0.04554 1984 586
0.04555 1984 586
0.04556 1984 586
0.04557 1987 587
0.04558 1987 587
0.04559 1987 587
0.0456 1986 587
0.04561 1987 588
0.04562 1987 588
0.04563 1987 588
0.04564 1988 588
0.04565 1988 588
0.04566 1991 588
0.04567 1992 588
0.04568 1992 588
0.04569 1992 588
0.0457 1992 588
0.04571 1993 588
0.04572 1993 588
0.04573 1993 588
0.04574 1994 588
0.04575 1994 588
0.04576 1995 588
0.04577 1996 588
0.04578 1996 588
0.04579 1996 588
0.0458 1996 588
0.04581 1996 588
0.04582 1996 588
0.04583 1996 588
0.04584 1996 588
0.04585 1995 588
0.04586 1995 588
0.04587 1996 588
0.04588 1998 588
0.04589 1998 588
0.0459 1999 588
0.04591 1999 588
0.04592 1998 588
0.04593 1999 588
0.04594 1999 588
0.04595 1999 588
0.04596 2000 588
0.04597 2000 588
0.04598 2000 588
0.04599 2001 588
0.046 2001 588
0.04601 2002 588
0.04602 2003 588
0.04603 2003 589
0.04604 2002 589
0.04605 2002 589
0.04606 2004 591
0.04607 2006 591
0.04608 2006 591
0.04609 2006 591
0.0461 2006 591
0.04611 2006 591
0.04612 2006 591
0.04613 2006 591
0.04614 2007 591
0.04615 2007 591
0.04616 2007 591
0.04617 2007 591
0.04618 2008 591
0.04619 2009 591
0.0462 2009 591
0.04621 2011 591
0.04622 2011 592
0.04623 2011 592
0.04624 2013 592
0.04625 2013 592
0.04626 2013 593
0.04627 2013 593
0.04628 2013 593
0.04629 2014 594
0.0463 2013 594
0.04631 2013 594
0.04632 2013 594
0.04633 2013 595
0.04634 2013 595
0.04635 2014 595
0.04636 2014 595
0.04637 2015 595
0.04638 2014 595
0.04639 2014 596
0.0464 2016 596
0.04641 2015 596
0.04642 2016 597
0.04643 2016 598
0.04644 2016 598
0.04645 2016 598
0.04646 2017 598
0.04647 2018 598
0.04648 2018 599
0.04649 2018 599
0.0465 2018 599
0.04651 2019 599
0.04652 2019 599
0.04653 2019 600
0.04654 2019 600
0.04655 2019 600
0.04656 2019 600
0.04657 2020 600
0.04658 2020 600
0.04659 2020 601
0.0466 2020 601
0.04661 2021 601
0.04662 2022 601
0.04663 2023 601
0.04664 2023 601
0.04665 2023 601
0.04666 2024 601
0.04667 2023 601
0.04668 2023 601
0.04669 2024 601
0.0467 2024 601
0.04671 2025 602
0.04672 2025 602
0.04673 2025 602
0.04674 2026 602
0.04675 2027 602
0.04676 2028 602
0.04677 2028 602
0.04678 2028 603
0.04679 2030 603
0.0468 2030 603
0.04681 2030 603
0.04682 2031 603
0.04683 2031 603
0.04684 2031 603
0.04685 2030 603
0.04686 2031 603
0.04687 2032 603
0.04688 2033 603
0.04689 2033 603
0.0469 2034 603
0.04691 2034 603
0.04692 2033 603
0.04693 2033 604
0.04694 2033 604
0.04695 2034 605
0.04696 2036 605
0.04697 2036 606
0.04698 2036 606
0.04699 2036 606
0.047 2037 606
0.04701 2038 606
0.04702 2038 606
0.04703 2038 606
0.04704 2038 606
0.04705 2038 606
0.04706 2038 606
0.04707 2037 607
0.04708 2038 607
0.04709 2039 607
0.0471 2039 607
0.04711 2039 607
0.04712 2039 607
0.04713 2039 607
0.04714 2039 607
0.04715 2039 607
0.04716 2040 607
0.04717 2041 607
0.04718 2042 607
0.04719 2042 607
0.0472 2042 607
0.04721 2042 607
0.04722 2042 607
0.04723 2042 607
0.04724 2043 607
0.04725 2043 607
0.04726 2043 607
0.04727 2043 607
0.04728 2043 609
0.04729 2044 609
0.0473 2044 609
0.04731 2044 609
0.04732 2045 609
0.04733 2045 609
0.04734 2045 609
0.04735 2046 609
0.04736 2047 609
0.04737 2047 609
0.04738 2045 609
0.04739 2045 609
0.0474 2045 609
0.04741 2047 609
0.04742 2047 609
0.04743 2047 609
0.04744 2047 609
0.04745 2049 609
0.04746 2050 609
0.04747 2050 610
0.04748 2049 610
0.04749 2050 610
0.0475 2051 610
0.04751 2052 610
0.04752 2053 610
0.04753 2054 610
0.04754 2055 610
0.04755 2056 610
0.04756 2056 611
0.04757 2056 611
0.04758 2057 611
0.04759 2057 611
0.0476 2057 611
0.04761 2057 612
0.04762 2057 612
0.04763 2057 612
0.04764 2058 612
0.04765 2058 612
0.04766 2058 612
0.04767 2058 612
0.04768 2058 612
0.04769 2058 612
0.0477 2058 612
0.04771 2059 612
0.04772 2060 612
0.04773 2061 612
0.04774 2061 612
0.04775 2061 612
0.04776 2061 612
0.04777 2061 612
0.04778 2062 612
0.04779 2062 612
0.0478 2062 613
0.04781 2064 613
0.04782 2065 613
0.04783 2066 613
0.04784 2066 613
0.04785 2066 613
0.04786 2066 613
0.04787 2066 613
0.04788 2066 613
0.04789 2067 615
0.0479 2068 615
0.04791 2068 615
0.04792 2068 615
0.04793 2068 615
0.04794 2067 615
0.04795 2068 615
0.04796 2069 615
0.04797 2069 615
0.04798 2069 616
0.04799 2070 616
0.048 2070 616
0.04801 2070 616
0.04802 2070 616
0.04803 2070 618
0.04804 2070 618
0.04805 2070 618
0.04806 2070 618
0.04807 2070 618
0.04808 2070 618
0.04809 2070 618
0.0481 2070 618
0.04811 2070 618
0.04812 2070 618
0.04813 2070 618
0.04814 2072 618
0.04815 2072 618
0.04816 2074 618
0.04817 2075 618
0.04818 2075 618
0.04819 2076 618
0.0482 2076 618
0.04821 2078 618
0.04822 2079 618
0.04823 2079 619
0.04824 2079 619
0.04825 2080 619
0.04826 2080 619
0.04827 2081 619
0.04828 2082 619
0.04829 2082 619
0.0483 2082 619
0.04831 2082 619
0.04832 2082 620
0.04833 2082 620
0.04834 2082 620
0.04835 2082 620
0.04836 2082 620
0.04837 2084 620
0.04838 2084 620
0.04839 2084 620
0.0484 2085 620
0.04841 2085 620
0.04842 2086 620
0.04843 2086 620
0.04844 2086 620
0.04845 2086 621
0.04846 2086 621
0.04847 2086 621
0.04848 2087 621
0.04849 2089 621
0.0485 2088 621
0.04851 2090 621
0.04852 2089 621
0.04853 2089 622
0.04854 2089 622
0.04855 2089 622
0.04856 2089 622
0.04857 2090 622
0.04858 2092 622
0.04859 2092 622
0.0486 2092 622
0.04861 2092 623
0.04862 2094 623
0.04863 2095 623
0.04864 2095 623
0.04865 2095 623
0.04866 2096 624
0.04867 2098 624
0.04868 2098 624
0.04869 2100 624
0.0487 2101 624
0.04871 2102 624
0.04872 2102 624
0.04873 2102 624
0.04874 2103 624
0.04875 2104 624
0.04876 2104 624
0.04877 2105 624
0.04878 2105 624
0.04879 2105 624
0.0488 2106 624
0.04881 2106 624
0.04882 2107 624
0.04883 2107 624
0.04884 2107 624
0.04885 2108 626
0.04886 2108 626
0.04887 2108 627
0.04888 2109 627
0.04889 2109 627
0.0489 2109 627
0.04891 2109 628
0.04892 2110 628
0.04893 2110 629
0.04894 2109 629
0.04895 2110 629
0.04896 2110 629
0.04897 2111 629
0.04898 2111 630
0.04899 2111 630
0.049 2111 630
0.04901 2111 630
0.04902 2112 630
0.04903 2112 630
0.04904 2112 630
0.04905 2112 631
0.04906 2112 631
0.04907 2112 631
0.04908 2112 631
0.04909 2112 631
0.0491 2113 631
0.04911 2113 631
0.04912 2113 631
0.04913 2114 631
0.04914 2114 631
0.04915 2115 631
0.04916 2116 631
0.04917 2118 631
0.04918 2118 631
0.04919 2118 631
0.0492 2118 631
0.04921 2118 631
0.04922 2119 631
0.04923 2119 631
0.04924 2119 631
0.04925 2119 631
0.04926 2120 631
0.04927 2119 631
0.04928 2119 632
0.04929 2120 632
0.0493 2122 632
0.04931 2123 632
0.04932 2123 633
0.04933 2123 633
0.04934 2123 633
0.04935 2124 634
0.04936 2124 634
0.04937 2124 635
0.04938 2126 635
0.04939 2127 635
0.0494 2127 635
0.04941 2127 635
0.04942 2129 635
0.04943 2129 635
0.04944 2129 635
0.04945 2129 635
0.04946 2129 635
0.04947 2130 635
0.04948 2131 635
0.04949 2131 635
0.0495 2131 635
0.04951 2131 635
0.04952 2130 635
0.04953 2132 635
0.04954 2132 635
0.04955 2130 637
0.04956 2131 637
0.04957 2132 637
0.04958 2132 638
0.04959 2132 638
0.0496 2133 638
0.04961 2134 639
0.04962 2134 639
0.04963 2134 640
0.04964 2134 640
0.04965 2134 640
0.04966 2134 640
0.04967 2134 640
0.04968 2134 640
0.04969 2134 640
0.0497 2134 640
0.04971 2134 640
0.04972 2133 640
0.04973 2133 640
0.04974 2134 640
0.04975 2134 640
0.04976 2133 640
0.04977 2133 640
0.04978 2133 640
0.04979 2134 640
0.0498 2135 640
0.04981 2135 640
0.04982 2135 640
0.04983 2136 640
0.04984 2137 640
0.04985 2137 640
0.04986 2137 640
0.04987 2137 640
0.04988 2137 640
0.04989 2138 640
0.0499 2138 640
0.04991 2139 640
0.04992 2139 640
0.04993 2141 641
0.04994 2141 641
0.04995 2141 641
0.04996 2142 641
0.04997 2142 641
0.04998 2142 641
0.04999 2142 641
0.05 2143 641
