0 0.077883
5e-05 0.090345
0.0001 0.076152
0.00015 0.077192
0.0002 0.094843
0.00025 0.099693
0.0003 0.071304
0.00035 0.098652
0.0004 0.142269
0.00045 0.091037
0.0005 0.108338
0.00055 0.124616
0.0006 0.063696
0.00065 0.102458
0.0007 0.090697
0.00075 0.098297
0.0008 0.107307
0.00085 0.130843
0.0009 0.113547
0.00095 0.077871
0.001 0.141225
0.00105 0.161665
0.0011 0.151955
0.00115 0.215643
0.0012 0.269647
0.00125 0.321579
0.0013 0.344078
0.00135 0.388032
0.0014 0.409827
0.00145 0.601269
0.0015 0.789196
0.00155 1.0028
0.0016 1.23126
0.00165 1.66325
0.0017 1.84948
0.00175 2.43617
0.0018 2.99626
0.00185 3.61275
0.0019 4.2576
0.00195 4.91048
0.002 5.41165
0.00205 5.82325
0.0021 5.90219
0.00215 6.41065
0.0022 6.53181
0.00225 6.5491
0.0023 6.03058
0.00235 5.40409
0.0024 5.03886
0.00245 4.29221
0.0025 3.64014
0.00255 3.08102
0.0026 2.68235
0.00265 2.36417
0.0027 1.99001
0.00275 1.76295
0.0028 1.60266
0.00285 1.48081
0.0029 1.30876
0.00295 1.15545
0.003 1.05959
0.00305 1.12289
0.0031 0.954004
0.00315 0.96709
0.0032 0.947113
0.00325 0.921427
0.0033 0.857043
0.00335 0.887857
0.0034 0.887231
0.00345 0.828627
0.0035 0.810345
0.00355 0.803781
0.0036 0.738323
0.00365 0.821751
0.0037 0.742855
0.00375 0.755931
0.0038 0.736964
0.00385 0.633826
0.0039 0.749029
0.00395 0.635865
0.004 0.685787
0.00405 0.710957
0.0041 0.740413
0.00415 0.688851
0.0042 0.618202
0.00425 0.600894
0.0043 0.608519
0.00435 0.628665
0.0044 0.590834
0.00445 0.658408
0.0045 0.655191
0.00455 0.624863
0.0046 0.673267
0.00465 0.656603
0.0047 0.607826
0.00475 0.533456
0.0048 0.662844
0.00485 0.617856
0.0049 0.611265
0.00495 0.662959
0.005 0.58255
0.00505 0.56383
0.0051 0.595699
0.00515 0.564997
0.0052 0.613324
0.00525 0.589478
0.0053 0.650097
0.00535 0.608161
0.0054 0.673216
0.00545 0.609638
0.0055 0.639999
0.00555 0.551463
0.0056 0.617157
0.00565 0.597057
0.0057 0.496014
0.00575 0.6685
0.0058 0.564533
0.00585 0.565903
0.0059 0.582252
0.00595 0.562472
0.006 0.506787
0.00605 0.576643
0.0061 0.497474
0.00615 0.556636
0.0062 0.60677
0.00625 0.55656
0.0063 0.580574
0.00635 0.523996
0.0064 0.544113
0.00645 0.552467
0.0065 0.510291
0.00655 0.519517
0.0066 0.52786
0.00665 0.59022
0.0067 0.566987
0.00675 0.505761
0.0068 0.505307
0.00685 0.489877
0.0069 0.467927
0.00695 0.506053
0.007 0.561141
0.00705 0.478011
0.0071 0.473237
0.00715 0.543727
0.0072 0.549759
0.00725 0.548201
0.0073 0.540454
0.00735 0.544106
0.0074 0.492564
0.00745 0.53239
0.0075 0.456154
0.00755 0.48222
0.0076 0.514325
0.00765 0.549683
0.0077 0.520933
0.00775 0.527643
0.0078 0.554405
0.00785 0.518931
0.0079 0.544444
0.00795 0.492012
0.008 0.487666
0.00805 0.375482
0.0081 0.537639
0.00815 0.507121
0.0082 0.508502
0.00825 0.473178
0.0083 0.453367
0.00835 0.545549
0.0084 0.440084
0.00845 0.464092
0.0085 0.407766
0.00855 0.522398
0.0086 0.521863
0.00865 0.439989
0.0087 0.478779
0.00875 0.527149
0.0088 0.517508
0.00885 0.511536
0.0089 0.460092
0.00895 0.4617
0.009 0.538371
0.00905 0.438235
0.0091 0.54863
0.00915 0.486688
0.0092 0.457486
0.00925 0.45673
0.0093 0.432867
0.00935 0.444621
0.0094 0.474423
0.00945 0.481989
0.0095 0.433223
0.00955 0.510301
0.0096 0.516876
0.00965 0.402766
0.0097 0.544559
0.00975 0.522611
0.0098 0.48089
0.00985 0.465134
0.0099 0.453591
0.00995 0.431549
0.01 0.507742
0.01005 0.491018
0.0101 0.516335
0.01015 0.407861
0.0102 0.515974
0.01025 0.470422
0.0103 0.468358
0.01035 0.42265
0.0104 0.405608
0.01045 0.457272
0.0105 0.409943
0.01055 0.426877
0.0106 0.470745
0.01065 0.459657
0.0107 0.437078
0.01075 0.452044
0.0108 0.443193
0.01085 0.425341
0.0109 0.474536
0.01095 0.463526
0.011 0.413745
0.01105 0.395311
0.0111 0.490864
0.01115 0.478004
0.0112 0.455121
0.01125 0.500235
0.0113 0.513312
0.01135 0.563772
0.0114 0.49586
0.01145 0.457456
0.0115 0.515847
0.01155 0.442341
0.0116 0.441787
0.01165 0.479417
0.0117 0.506298
0.01175 0.425478
0.0118 0.470466
0.01185 0.436342
0.0119 0.489783
0.01195 0.475781
0.012 0.505988
0.01205 0.44199
0.0121 0.407854
0.01215 0.457764
0.0122 0.546064
0.01225 0.510026
0.0123 0.419981
0.01235 0.481397
0.0124 0.44873
0.01245 0.473456
0.0125 0.448569
0.01255 0.502801
0.0126 0.401363
0.01265 0.458775
0.0127 0.477892
0.01275 0.46143
0.0128 0.478219
0.01285 0.446993
0.0129 0.430718
0.01295 0.48033
0.013 0.408925
0.01305 0.524847
0.0131 0.457245
0.01315 0.462027
0.0132 0.551166
0.01325 0.511272
0.0133 0.421824
0.01335 0.409118
0.0134 0.38662
0.01345 0.411966
0.0135 0.391289
0.01355 0.472145
0.0136 0.453737
0.01365 0.437347
0.0137 0.433457
0.01375 0.359727
0.0138 0.346166
0.01385 0.468714
0.0139 0.415735
0.01395 0.488213
0.014 0.392336
0.01405 0.369062
0.0141 0.465847
0.01415 0.466847
0.0142 0.464463
0.01425 0.408311
0.0143 0.443435
0.01435 0.456779
0.0144 0.404974
0.01445 0.373246
0.0145 0.405529
0.01455 0.394959
0.0146 0.42357
0.01465 0.393408
0.0147 0.390399
0.01475 0.386499
0.0148 0.394467
0.01485 0.419529
0.0149 0.38806
0.01495 0.3893
0.015 0.385161
0.01505 0.435065
0.0151 0.464281
0.01515 0.477393
0.0152 0.447345
0.01525 0.472713
0.0153 0.499579
0.01535 0.433095
0.0154 0.413567
0.01545 0.450911
0.0155 0.395028
0.01555 0.37825
0.0156 0.450226
0.01565 0.407364
0.0157 0.394352
0.01575 0.465926
0.0158 0.404111
0.01585 0.403421
0.0159 0.386158
0.01595 0.440114
0.016 0.490425
0.01605 0.409527
0.0161 0.452892
0.01615 0.398832
0.0162 0.405389
0.01625 0.468099
0.0163 0.458485
0.01635 0.492095
0.0164 0.460887
0.01645 0.443599
0.0165 0.403331
0.01655 0.391599
0.0166 0.43972
0.01665 0.411474
0.0167 0.412136
0.01675 0.424246
0.0168 0.374811
0.01685 0.373625
0.0169 0.404992
0.01695 0.418636
0.017 0.440261
0.01705 0.434049
0.0171 0.465528
0.01715 0.37277
0.0172 0.462757
0.01725 0.405803
0.0173 0.398337
0.01735 0.418315
0.0174 0.423475
0.01745 0.370245
0.0175 0.395549
0.01755 0.419327
0.0176 0.408024
0.01765 0.491866
0.0177 0.381539
0.01775 0.484247
0.0178 0.407909
0.01785 0.429033
0.0179 0.340495
0.01795 0.371111
0.018 0.342796
0.01805 0.398246
0.0181 0.406983
0.01815 0.484967
0.0182 0.485498
0.01825 0.362336
0.0183 0.422409
0.01835 0.418957
0.0184 0.357188
0.01845 0.37041
0.0185 0.402676
0.01855 0.338126
0.0186 0.426372
0.01865 0.424836
0.0187 0.4443
0.01875 0.381964
0.0188 0.386625
0.01885 0.408725
0.0189 0.421539
0.01895 0.378227
0.019 0.375352
0.01905 0.333122
0.0191 0.395516
0.01915 0.405038
0.0192 0.348042
0.01925 0.37399
0.0193 0.436145
0.01935 0.370755
0.0194 0.355829
0.01945 0.451561
0.0195 0.408456
0.01955 0.44931
0.0196 0.400491
0.01965 0.494331
0.0197 0.360587
0.01975 0.400867
0.0198 0.423203
0.01985 0.468007
0.0199 0.446925
0.01995 0.395293
0.02 0.393408
0.02005 0.405188
0.0201 0.372334
0.02015 0.379242
0.0202 0.413753
0.02025 0.468425
0.0203 0.394085
0.02035 0.393461
0.0204 0.3409
0.02045 0.439664
0.0205 0.404355
0.02055 0.450373
0.0206 0.386052
0.02065 0.409454
0.0207 0.438846
0.02075 0.39774
0.0208 0.359265
0.02085 0.381551
0.0209 0.414483
0.02095 0.382561
0.021 0.422832
0.02105 0.346506
0.0211 0.38301
0.02115 0.401976
0.0212 0.452111
0.02125 0.416983
0.0213 0.428585
0.02135 0.417165
0.0214 0.392803
0.02145 0.466749
0.0215 0.370975
0.02155 0.341069
0.0216 0.395833
0.02165 0.403681
0.0217 0.318067
0.02175 0.401039
0.0218 0.391949
0.02185 0.333749
0.0219 0.41081
0.02195 0.385448
0.022 0.382853
0.02205 0.435941
0.0221 0.397697
0.02215 0.420029
0.0222 0.40247
0.02225 0.430292
0.0223 0.398858
0.02235 0.409332
0.0224 0.314818
0.02245 0.38978
0.0225 0.420603
0.02255 0.424519
0.0226 0.368219
0.02265 0.484527
0.0227 0.452372
0.02275 0.404962
0.0228 0.443619
0.02285 0.333687
0.0229 0.404805
0.02295 0.356797
0.023 0.393768
0.02305 0.409274
0.0231 0.450353
0.02315 0.372457
0.0232 0.443793
0.02325 0.436843
0.0233 0.406504
0.02335 0.422776
0.0234 0.368809
0.02345 0.404743
0.0235 0.42961
0.02355 0.42821
0.0236 0.431064
0.02365 0.399814
0.0237 0.312322
0.02375 0.402784
0.0238 0.385546
0.02385 0.349086
0.0239 0.388565
0.02395 0.390859
0.024 0.379706
0.02405 0.426812
0.0241 0.427367
0.02415 0.434707
0.0242 0.307268
0.02425 0.393372
0.0243 0.357292
0.02435 0.40298
0.0244 0.41277
0.02445 0.439286
0.0245 0.37268
0.02455 0.3716
0.0246 0.359674
0.02465 0.404492
0.0247 0.429789
0.02475 0.310413
0.0248 0.434844
0.02485 0.373782
0.0249 0.368744
0.02495 0.397682
0.025 0.476399
0.02505 0.383909
0.0251 0.37638
0.02515 0.48826
0.0252 0.468502
0.02525 0.386392
0.0253 0.305827
0.02535 0.354839
0.0254 0.346122
0.02545 0.36133
0.0255 0.346996
0.02555 0.359208
0.0256 0.36329
0.02565 0.383336
0.0257 0.378785
0.02575 0.301973
0.0258 0.377752
0.02585 0.415646
0.0259 0.402384
0.02595 0.39321
0.026 0.367316
0.02605 0.355372
0.0261 0.326106
0.02615 0.390998
0.0262 0.391168
0.02625 0.374512
0.0263 0.402034
0.02635 0.45295
0.0264 0.367678
0.02645 0.404356
0.0265 0.382306
0.02655 0.383012
0.0266 0.316036
0.02665 0.39981
0.0267 0.386691
0.02675 0.380471
0.0268 0.332335
0.02685 0.373243
0.0269 0.366953
0.02695 0.377913
0.027 0.414907
0.02705 0.457531
0.0271 0.406456
0.02715 0.355102
0.0272 0.375954
0.02725 0.348332
0.0273 0.406442
0.02735 0.342672
0.0274 0.398239
0.02745 0.402415
0.0275 0.370252
0.02755 0.336262
0.0276 0.349097
0.02765 0.361453
0.0277 0.354456
0.02775 0.369666
0.0278 0.328149
0.02785 0.434283
0.0279 0.449317
0.02795 0.368675
0.028 0.36951
0.02805 0.359676
0.0281 0.368936
0.02815 0.382198
0.0282 0.38706
0.02825 0.3795
0.0283 0.375306
0.02835 0.356894
0.0284 0.419187
0.02845 0.370663
0.0285 0.354434
0.02855 0.38274
0.0286 0.367651
0.02865 0.409887
0.0287 0.394848
0.02875 0.361878
0.0288 0.395672
0.02885 0.408838
0.0289 0.40818
0.02895 0.415642
0.029 0.34413
0.02905 0.386906
0.0291 0.331963
0.02915 0.363757
0.0292 0.374074
0.02925 0.39441
0.0293 0.407223
0.02935 0.370713
0.0294 0.375839
0.02945 0.418755
0.0295 0.339556
0.02955 0.449398
0.0296 0.438236
0.02965 0.437712
0.0297 0.392563
0.02975 0.371029
0.0298 0.357151
0.02985 0.426927
0.0299 0.397024
0.02995 0.400574
0.03 0.402943
0.03005 0.412551
0.0301 0.318494
0.03015 0.359268
0.0302 0.419609
0.03025 0.424501
0.0303 0.311055
0.03035 0.391003
0.0304 0.384872
0.03045 0.368954
0.0305 0.334631
0.03055 0.361955
0.0306 0.397386
0.03065 0.388786
0.0307 0.311267
0.03075 0.346717
0.0308 0.383578
0.03085 0.407644
0.0309 0.376739
0.03095 0.415747
0.031 0.356829
0.03105 0.354231
0.0311 0.379659
0.03115 0.361533
0.0312 0.374573
0.03125 0.398321
0.0313 0.311207
0.03135 0.356187
0.0314 0.332825
0.03145 0.340225
0.0315 0.328734
0.03155 0.266632
0.0316 0.354893
0.03165 0.425825
0.0317 0.356126
0.03175 0.401852
0.0318 0.374542
0.03185 0.37454
0.0319 0.354732
0.03195 0.333554
0.032 0.378944
0.03205 0.355214
0.0321 0.34938
0.03215 0.36735
0.0322 0.295107
0.03225 0.363359
0.0323 0.352351
0.03235 0.362679
0.0324 0.361376
0.03245 0.38347
0.0325 0.377676
0.03255 0.314482
0.0326 0.337196
0.03265 0.405798
0.0327 0.430178
0.03275 0.422528
0.0328 0.30644
0.03285 0.347744
0.0329 0.353654
0.03295 0.340454
0.033 0.339095
0.03305 0.371495
0.0331 0.377525
0.03315 0.370305
0.0332 0.3318
0.03325 0.405012
0.0333 0.369169
0.03335 0.409319
0.0334 0.346626
0.03345 0.380134
0.0335 0.339985
0.03355 0.421291
0.0336 0.338078
0.03365 0.352226
0.0337 0.37454
0.03375 0.34558
0.0338 0.287383
0.03385 0.320461
0.0339 0.371343
0.03395 0.336773
0.034 0.363343
0.03405 0.356615
0.0341 0.442748
0.03415 0.367838
0.0342 0.359046
0.03425 0.387948
0.0343 0.366141
0.03435 0.390337
0.0344 0.363655
0.03445 0.356179
0.0345 0.412936
0.03455 0.368218
0.0346 0.373897
0.03465 0.348373
0.0347 0.363746
0.03475 0.3423
0.0348 0.35422
0.03485 0.345952
0.0349 0.369106
0.03495 0.382562
0.035 0.319669
0.03505 0.342153
0.0351 0.338725
0.03515 0.321205
0.0352 0.426988
0.03525 0.414616
0.0353 0.373913
0.03535 0.328791
0.0354 0.479164
0.03545 0.364636
0.0355 0.408889
0.03555 0.355075
0.0356 0.367345
0.03565 0.343255
0.0357 0.354101
0.03575 0.373587
0.0358 0.3064
0.03585 0.256884
0.0359 0.366782
0.03595 0.333142
0.036 0.416887
0.03605 0.391239
0.0361 0.339458
0.03615 0.324388
0.0362 0.385383
0.03625 0.437195
0.0363 0.341642
0.03635 0.308304
0.0364 0.393658
0.03645 0.321686
0.0365 0.402199
0.03655 0.391545
0.0366 0.380116
0.03665 0.337814
0.0367 0.343116
0.03675 0.348442
0.0368 0.350107
0.03685 0.356209
0.0369 0.299523
0.03695 0.319569
0.037 0.335994
0.03705 0.346552
0.0371 0.297715
0.03715 0.343171
0.0372 0.341878
0.03725 0.30925
0.0373 0.352687
0.03735 0.325241
0.0374 0.382324
0.03745 0.297888
0.0375 0.364818
0.03755 0.30493
0.0376 0.350978
0.03765 0.314272
0.0377 0.355187
0.03775 0.353931
0.0378 0.36327
0.03785 0.352182
0.0379 0.349401
0.03795 0.310131
0.038 0.373443
0.03805 0.356997
0.0381 0.29776
0.03815 0.326152
0.0382 0.362308
0.03825 0.448398
0.0383 0.354582
0.03835 0.412464
0.0384 0.326771
0.03845 0.403985
0.0385 0.36431
0.03855 0.339922
0.0386 0.314668
0.03865 0.37678
0.0387 0.336835
0.03875 0.314585
0.0388 0.350526
0.03885 0.320478
0.0389 0.351857
0.03895 0.366979
0.039 0.397
0.03905 0.358322
0.0391 0.3516
0.03915 0.376214
0.0392 0.340479
0.03925 0.380065
0.0393 0.353696
0.03935 0.348504
0.0394 0.318835
0.03945 0.323815
0.0395 0.345427
0.03955 0.401179
0.0396 0.320748
0.03965 0.308298
0.0397 0.313293
0.03975 0.327861
0.0398 0.313794
0.03985 0.373092
0.0399 0.399057
0.03995 0.361121
0.04 0.373507
0.04005 0.353059
0.0401 0.409624
0.04015 0.416554
0.0402 0.405801
0.04025 0.357127
0.0403 0.361535
0.04035 0.354649
0.0404 0.358256
0.04045 0.374028
0.0405 0.355798
0.04055 0.416266
0.0406 0.396472
0.04065 0.33672
0.0407 0.428339
0.04075 0.379945
0.0408 0.36242
0.04085 0.404546
0.0409 0.387041
0.04095 0.371113
0.041 0.38961
0.04105 0.399956
0.0411 0.385651
0.04115 0.358935
0.0412 0.310673
0.04125 0.338229
0.0413 0.363406
0.04135 0.313328
0.0414 0.366695
0.04145 0.376267
0.0415 0.350973
0.04155 0.378005
0.0416 0.28685
0.04165 0.359666
0.0417 0.282446
0.04175 0.325334
0.0418 0.385955
0.04185 0.357967
0.0419 0.3131
0.04195 0.322674
0.042 0.34574
0.04205 0.334368
0.0421 0.393769
0.04215 0.271079
0.0422 0.388779
0.04225 0.362233
0.0423 0.34237
0.04235 0.36823
0.0424 0.318622
0.04245 0.33259
0.0425 0.353417
0.04255 0.316383
0.0426 0.367079
0.04265 0.368423
0.0427 0.345833
0.04275 0.364253
0.0428 0.326177
0.04285 0.362615
0.0429 0.384579
0.04295 0.437581
0.043 0.390032
0.04305 0.331974
0.0431 0.399713
0.04315 0.383881
0.0432 0.38789
0.04325 0.371996
0.0433 0.367319
0.04335 0.320095
0.0434 0.362216
0.04345 0.354024
0.0435 0.305739
0.04355 0.314841
0.0436 0.346674
0.04365 0.272864
0.0437 0.336177
0.04375 0.341893
0.0438 0.302026
0.04385 0.30329
0.0439 0.341478
0.04395 0.327878
0.044 0.350354
0.04405 0.367616
0.0441 0.355799
0.04415 0.336871
0.0442 0.33558
0.04425 0.353778
0.0443 0.33035
0.04435 0.329932
0.0444 0.269062
0.04445 0.396668
0.0445 0.389274
0.04455 0.323876
0.0446 0.358275
0.04465 0.312331
0.0447 0.325304
0.04475 0.285458
0.0448 0.382721
0.04485 0.354591
0.0449 0.339853
0.04495 0.325067
0.045 0.339966
0.04505 0.321542
0.0451 0.345499
0.04515 0.372249
0.0452 0.362889
0.04525 0.362559
0.0453 0.386718
0.04535 0.339226
0.0454 0.347936
0.04545 0.377606
0.0455 0.334495
0.04555 0.333195
0.0456 0.303589
0.04565 0.350663
0.0457 0.387828
0.04575 0.335348
0.0458 0.348721
0.04585 0.394269
0.0459 0.357257
0.04595 0.333005
0.046 0.361172
0.04605 0.322126
0.0461 0.347564
0.04615 0.414666
0.0462 0.308087
0.04625 0.345619
0.0463 0.345267
0.04635 0.424723
0.0464 0.361371
0.04645 0.354545
0.0465 0.383076
0.04655 0.315704
0.0466 0.364741
0.04665 0.350425
0.0467 0.341674
0.04675 0.387184
0.0468 0.381306
0.04685 0.374472
0.0469 0.33663
0.04695 0.361648
0.047 0.296411
0.04705 0.326109
0.0471 0.350245
0.04715 0.330091
0.0472 0.312709
0.04725 0.369061
0.0473 0.345098
0.04735 0.322956
0.0474 0.354838
0.04745 0.319372
0.0475 0.351316
0.04755 0.341474
0.0476 0.389735
0.04765 0.335117
0.0477 0.299428
0.04775 0.3468
0.0478 0.339773
0.04785 0.273329
0.0479 0.287234
0.04795 0.414464
0.048 0.328751
0.04805 0.338009
0.0481 0.368483
0.04815 0.355673
0.0482 0.361159
0.04825 0.333819
0.0483 0.38859
0.04835 0.343828
0.0484 0.284393
0.04845 0.358635
0.0485 0.350573
0.04855 0.302635
0.0486 0.327525
0.04865 0.364181
0.0487 0.366826
0.04875 0.319704
0.0488 0.442436
0.04885 0.351364
0.0489 0.35106
0.04895 0.318416
0.049 0.384754
0.04905 0.365862
0.0491 0.323321
0.04915 0.325915
0.0492 0.332458
0.04925 0.402126
0.0493 0.386138
0.04935 0.360222
0.0494 0.300602
0.04945 0.320992
0.0495 0.334508
0.04955 0.302434
0.0496 0.342753
0.04965 0.346417
0.0497 0.339148
0.04975 0.340822
0.0498 0.409301
0.04985 0.369205
0.0499 0.315003
0.04995 0.360639
0.05 0.344351
0.05005 0.339037
0.0501 0.351762
0.05015 0.291234
0.0502 0.338061
0.05025 0.368933
0.0503 0.341492
0.05035 0.36941
0.0504 0.313665
0.05045 0.342595
0.0505 0.36959
0.05055 0.344042
0.0506 0.28499
0.05065 0.31601
0.0507 0.350168
0.05075 0.331596
0.0508 0.364837
0.05085 0.358475
0.0509 0.38776
0.05095 0.276372
0.051 0.349458
0.05105 0.388012
0.0511 0.341771
0.05115 0.347619
0.0512 0.34426
0.05125 0.339866
0.0513 0.360108
0.05135 0.320786
0.0514 0.388366
0.05145 0.317094
0.0515 0.376552
0.05155 0.4238
0.0516 0.288345
0.05165 0.333447
0.0517 0.351771
0.05175 0.375329
0.0518 0.352291
0.05185 0.310503
0.0519 0.375612
0.05195 0.33067
0.052 0.358469
0.05205 0.335291
0.0521 0.351681
0.05215 0.288775
0.0522 0.322874
0.05225 0.359164
0.0523 0.371478
0.05235 0.326188
0.0524 0.335317
0.05245 0.370723
0.0525 0.333712
0.05255 0.320792
0.0526 0.314154
0.05265 0.357036
0.0527 0.479166
0.05275 0.299628
0.0528 0.377488
0.05285 0.366698
0.0529 0.319872
0.05295 0.332274
0.053 0.333041
0.05305 0.346555
0.0531 0.372864
0.05315 0.33328
0.0532 0.31808
0.05325 0.35294
0.0533 0.310008
0.05335 0.365212
0.0534 0.274119
0.05345 0.311171
0.0535 0.340831
0.05355 0.378079
0.0536 0.375731
0.05365 0.254163
0.0537 0.336506
0.05375 0.345912
0.0538 0.331651
0.05385 0.268841
0.0539 0.37526
0.05395 0.300536
0.054 0.392079
0.05405 0.365939
0.0541 0.263917
0.05415 0.340473
0.0542 0.343462
0.05425 0.423566
0.0543 0.352799
0.05435 0.290541
0.0544 0.377305
0.05445 0.355309
0.0545 0.36271
0.05455 0.371224
0.0546 0.341507
0.05465 0.328119
0.0547 0.29827
0.05475 0.292452
0.0548 0.367797
0.05485 0.280845
0.0549 0.317843
0.05495 0.273543
0.055 0.33592
0.05505 0.343368
0.0551 0.31885
0.05515 0.299786
0.0552 0.295036
0.05525 0.278108
0.0553 0.347481
0.05535 0.411503
0.0554 0.339292
0.05545 0.392316
0.0555 0.308831
0.05555 0.311857
0.0556 0.28818
0.05565 0.35913
0.0557 0.370062
0.05575 0.366516
0.0558 0.283654
0.05585 0.330258
0.0559 0.347894
0.05595 0.318538
0.056 0.330581
0.05605 0.377439
0.0561 0.321107
0.05615 0.342181
0.0562 0.386937
0.05625 0.318087
0.0563 0.369643
0.05635 0.382985
0.0564 0.324107
0.05645 0.324963
0.0565 0.339394
0.05655 0.364052
0.0566 0.346855
0.05665 0.337551
0.0567 0.346383
0.05675 0.281399
0.0568 0.29356
0.05685 0.305754
0.0569 0.369236
0.05695 0.375886
0.057 0.295838
0.05705 0.348052
0.0571 0.335253
0.05715 0.326997
0.0572 0.361085
0.05725 0.368905
0.0573 0.358394
0.05735 0.330636
0.0574 0.337276
0.05745 0.323234
0.0575 0.294193
0.05755 0.316917
0.0576 0.323559
0.05765 0.319833
0.0577 0.306858
0.05775 0.296162
0.0578 0.303951
0.05785 0.397453
0.0579 0.360231
0.05795 0.348433
0.058 0.301775
0.05805 0.352605
0.0581 0.273311
0.05815 0.342805
0.0582 0.287824
0.05825 0.320152
0.0583 0.342061
0.05835 0.361691
0.0584 0.37202
0.05845 0.369506
0.0585 0.396261
0.05855 0.390269
0.0586 0.324439
0.05865 0.325359
0.0587 0.352132
0.05875 0.342518
0.0588 0.30934
0.05885 0.338512
0.0589 0.338284
0.05895 0.346316
0.059 0.39098
0.05905 0.351836
0.0591 0.316142
0.05915 0.38455
0.0592 0.376107
0.05925 0.361713
0.0593 0.337787
0.05935 0.326869
0.0594 0.389642
0.05945 0.314534
0.0595 0.295214
0.05955 0.347366
0.0596 0.413966
0.05965 0.317156
0.0597 0.327653
0.05975 0.408741
0.0598 0.291331
0.05985 0.329367
0.0599 0.309947
0.05995 0.367279
0.06 0.316665
0.06005 0.388529
0.0601 0.282529
0.06015 0.374925
0.0602 0.338617
0.06025 0.328751
0.0603 0.309205
0.06035 0.324643
0.0604 0.438049
0.06045 0.326677
0.0605 0.354294
0.06055 0.325016
0.0606 0.327204
0.06065 0.31483
0.0607 0.443366
0.06075 0.309564
0.0608 0.302
0.06085 0.327304
0.0609 0.362423
0.06095 0.314669
0.061 0.326627
0.06105 0.325173
0.0611 0.384866
0.06115 0.289258
0.0612 0.292641
0.06125 0.337717
0.0613 0.348548
0.06135 0.333618
0.0614 0.327255
0.06145 0.346707
0.0615 0.351435
0.06155 0.346319
0.0616 0.378181
0.06165 0.308933
0.0617 0.279037
0.06175 0.319521
0.0618 0.326705
0.06185 0.264579
0.0619 0.313813
0.06195 0.297447
0.062 0.295934
0.06205 0.334162
0.0621 0.435876
0.06215 0.294012
0.0622 0.339801
0.06225 0.342091
0.0623 0.359351
0.06235 0.377901
0.0624 0.364022
0.06245 0.27886
0.0625 0.319845
0.06255 0.318361
0.0626 0.326898
0.06265 0.29282
0.0627 0.293801
0.06275 0.312369
0.0628 0.312127
0.06285 0.314401
0.0629 0.29276
0.06295 0.259728
0.063 0.362806
0.06305 0.305856
0.0631 0.325814
0.06315 0.28262
0.0632 0.312694
0.06325 0.2922
0.0633 0.411028
0.06335 0.318382
0.0634 0.328306
0.06345 0.263324
0.0635 0.340541
0.06355 0.330173
0.0636 0.324873
0.06365 0.338671
0.0637 0.316802
0.06375 0.377822
0.0638 0.359812
0.06385 0.308532
0.0639 0.434913
0.06395 0.313271
0.064 0.354031
0.06405 0.388477
0.0641 0.385797
0.06415 0.403655
0.0642 0.33289
0.06425 0.314686
0.0643 0.382669
0.06435 0.334891
0.0644 0.283135
0.06445 0.343489
0.0645 0.273593
0.06455 0.330151
0.0646 0.331242
0.06465 0.347864
0.0647 0.30107
0.06475 0.342296
0.0648 0.331738
0.06485 0.378268
0.0649 0.349564
0.06495 0.305194
0.065 0.371307
0.06505 0.319091
0.0651 0.337117
0.06515 0.309545
0.0652 0.31845
0.06525 0.33913
0.0653 0.361165
0.06535 0.328315
0.0654 0.278373
0.06545 0.312157
0.0655 0.370928
0.06555 0.326186
0.0656 0.335175
0.06565 0.300823
0.0657 0.329513
0.06575 0.320105
0.0658 0.334382
0.06585 0.282792
0.0659 0.430254
0.06595 0.356292
0.066 0.350854
0.06605 0.386386
0.0661 0.373048
0.06615 0.368948
0.0662 0.274739
0.06625 0.316895
0.0663 0.348531
0.06635 0.358991
0.0664 0.28309
0.06645 0.305438
0.0665 0.387732
0.06655 0.318364
0.0666 0.32882
0.06665 0.320624
0.0667 0.38183
0.06675 0.367022
0.0668 0.389617
0.06685 0.315927
0.0669 0.310361
0.06695 0.357043
0.067 0.370305
0.06705 0.286973
0.0671 0.347156
0.06715 0.348338
0.0672 0.249993
0.06725 0.331793
0.0673 0.331609
0.06735 0.295029
0.0674 0.325818
0.06745 0.364776
0.0675 0.320059
0.06755 0.330675
0.0676 0.352139
0.06765 0.284287
0.0677 0.303005
0.06775 0.310917
0.0678 0.286279
0.06785 0.292821
0.0679 0.319763
0.06795 0.409325
0.068 0.330321
0.06805 0.346483
0.0681 0.263182
0.06815 0.336558
0.0682 0.311816
0.06825 0.360784
0.0683 0.345611
0.06835 0.329037
0.0684 0.427423
0.06845 0.297235
0.0685 0.305233
0.06855 0.313249
0.0686 0.322656
0.06865 0.391166
0.0687 0.329201
0.06875 0.371677
0.0688 0.344019
0.06885 0.291497
0.0689 0.37814
0.06895 0.313172
0.069 0.268778
0.06905 0.242254
0.0691 0.327696
0.06915 0.320596
0.0692 0.330101
0.06925 0.300819
0.0693 0.28257
0.06935 0.294818
0.0694 0.329317
0.06945 0.340261
0.0695 0.327582
0.06955 0.320444
0.0696 0.349509
0.06965 0.357727
0.0697 0.319928
0.06975 0.328116
0.0698 0.28603
0.06985 0.305366
0.0699 0.28837
0.06995 0.338538
0.07 0.300551
0.07005 0.301739
0.0701 0.340811
0.07015 0.330827
0.0702 0.325037
0.07025 0.326265
0.0703 0.317647
0.07035 0.286483
0.0704 0.27357
0.07045 0.2846
0.0705 0.312586
0.07055 0.298272
0.0706 0.333383
0.07065 0.282315
0.0707 0.325944
0.07075 0.33993
0.0708 0.295849
0.07085 0.278617
0.0709 0.366355
0.07095 0.332159
0.071 0.323469
0.07105 0.331825
0.0711 0.284702
0.07115 0.26596
0.0712 0.321279
0.07125 0.338213
0.0713 0.362318
0.07135 0.330782
0.0714 0.330618
0.07145 0.344754
0.0715 0.336024
0.07155 0.290044
0.0716 0.329948
0.07165 0.33552
0.0717 0.321014
0.07175 0.382586
0.0718 0.343697
0.07185 0.332049
0.0719 0.34484
0.07195 0.366298
0.072 0.356099
0.07205 0.306945
0.0721 0.298093
0.07215 0.333987
0.0722 0.342501
0.07225 0.353925
0.0723 0.384184
0.07235 0.318938
0.0724 0.283986
0.07245 0.247512
0.0725 0.26465
0.07255 0.281824
0.0726 0.371684
0.07265 0.27271
0.0727 0.326307
0.07275 0.288287
0.0728 0.331781
0.07285 0.346205
0.0729 0.327102
0.07295 0.33278
0.073 0.339931
0.07305 0.301775
0.0731 0.317672
0.07315 0.308714
0.0732 0.267508
0.07325 0.30978
0.0733 0.3272
0.07335 0.294744
0.0734 0.337141
0.07345 0.306125
0.0735 0.360364
0.07355 0.276346
0.0736 0.336511
0.07365 0.227289
0.0737 0.33762
0.07375 0.346332
0.0738 0.313706
0.07385 0.34309
0.0739 0.288231
0.07395 0.342781
0.074 0.289329
0.07405 0.335063
0.0741 0.323053
0.07415 0.272435
0.0742 0.346455
0.07425 0.334437
0.0743 0.289681
0.07435 0.347507
0.0744 0.359291
0.07445 0.329379
0.0745 0.278533
0.07455 0.320089
0.0746 0.302009
0.07465 0.322737
0.0747 0.309122
0.07475 0.349336
0.0748 0.31029
0.07485 0.29064
0.0749 0.344402
0.07495 0.270772
0.075 0.290057
0.07505 0.310883
0.0751 0.364817
0.07515 0.342155
0.0752 0.217108
0.07525 0.301146
0.0753 0.314523
0.07535 0.383723
0.0754 0.371575
0.07545 0.327693
0.0755 0.297323
0.07555 0.384829
0.0756 0.300027
0.07565 0.378569
0.0757 0.352732
0.07575 0.284396
0.0758 0.341836
0.07585 0.350814
0.0759 0.305126
0.07595 0.383988
0.076 0.297217
0.07605 0.315293
0.0761 0.363865
0.07615 0.334809
0.0762 0.345346
0.07625 0.297916
0.0763 0.319108
0.07635 0.32659
0.0764 0.311152
0.07645 0.338524
0.0765 0.387384
0.07655 0.35208
0.0766 0.353499
0.07665 0.333445
0.0767 0.276512
0.07675 0.33774
0.0768 0.368348
0.07685 0.35749
0.0769 0.345072
0.07695 0.32647
0.077 0.264684
0.07705 0.287588
0.0771 0.298193
0.07715 0.369035
0.0772 0.34886
0.07725 0.359566
0.0773 0.345541
0.07735 0.382573
0.0774 0.309698
0.07745 0.320382
0.0775 0.307822
0.07755 0.329382
0.0776 0.399127
0.07765 0.364889
0.0777 0.290155
0.07775 0.288409
0.0778 0.292888
0.07785 0.30984
0.0779 0.342415
0.07795 0.325133
0.078 0.315623
0.07805 0.349831
0.0781 0.430995
0.07815 0.316815
0.0782 0.318226
0.07825 0.29615
0.0783 0.330444
0.07835 0.349124
0.0784 0.312925
0.07845 0.347307
0.0785 0.359761
0.07855 0.325079
0.0786 0.298196
0.07865 0.371998
0.0787 0.312066
0.07875 0.326092
0.0788 0.329106
0.07885 0.32897
0.0789 0.265674
0.07895 0.377638
0.079 0.341201
0.07905 0.331589
0.0791 0.318793
0.07915 0.359829
0.0792 0.285238
0.07925 0.362762
0.0793 0.318234
0.07935 0.31491
0.0794 0.321114
0.07945 0.30348
0.0795 0.352635
0.07955 0.290443
0.0796 0.261587
0.07965 0.264557
0.0797 0.299433
0.07975 0.339163
0.0798 0.318282
0.07985 0.310146
0.0799 0.380346
0.07995 0.385078
0.08 0.320976
0.08005 0.31763
0.0801 0.325499
0.08015 0.294887
0.0802 0.307553
0.08025 0.276881
0.0803 0.283113
0.08035 0.300613
0.0804 0.314928
0.08045 0.29063
0.0805 0.324283
0.08055 0.332207
0.0806 0.319177
0.08065 0.301281
0.0807 0.278507
0.08075 0.370427
0.0808 0.321839
0.08085 0.289341
0.0809 0.289163
0.08095 0.305185
0.081 0.311511
0.08105 0.321093
0.0811 0.299856
0.08115 0.317556
0.0812 0.245914
0.08125 0.292838
0.0813 0.323579
0.08135 0.312049
0.0814 0.323304
0.08145 0.29709
0.0815 0.288769
0.08155 0.352241
0.0816 0.327648
0.08165 0.299742
0.0817 0.33882
0.08175 0.317438
0.0818 0.358223
0.08185 0.287699
0.0819 0.336693
0.08195 0.331657
0.082 0.272459
0.08205 0.331377
0.0821 0.350971
0.08215 0.283469
0.0822 0.312899
0.08225 0.319339
0.0823 0.291204
0.08235 0.333882
0.0824 0.34036
0.08245 0.3452
0.0825 0.383069
0.08255 0.282239
0.0826 0.361403
0.08265 0.336509
0.0827 0.31157
0.08275 0.354482
0.0828 0.357704
0.08285 0.382486
0.0829 0.31275
0.08295 0.375688
0.083 0.314165
0.08305 0.392139
0.0831 0.295639
0.08315 0.320437
0.0832 0.34195
0.08325 0.29353
0.0833 0.358379
0.08335 0.333273
0.0834 0.338164
0.08345 0.314674
0.0835 0.301168
0.08355 0.329438
0.0836 0.381181
0.08365 0.302445
0.0837 0.295593
0.08375 0.372529
0.0838 0.320474
0.08385 0.308598
0.0839 0.293343
0.08395 0.353661
0.084 0.365338
0.08405 0.294618
0.0841 0.344948
0.08415 0.270752
0.0842 0.287414
0.08425 0.326024
0.0843 0.347833
0.08435 0.352801
0.0844 0.30373
0.08445 0.310342
0.0845 0.293292
0.08455 0.298208
0.0846 0.333607
0.08465 0.331801
0.0847 0.309652
0.08475 0.231496
0.0848 0.305932
0.08485 0.2956
0.0849 0.264862
0.08495 0.27657
0.085 0.349535
0.08505 0.301787
0.0851 0.335699
0.08515 0.238463
0.0852 0.296211
0.08525 0.267055
0.0853 0.355631
0.08535 0.292351
0.0854 0.305865
0.08545 0.372413
0.0855 0.344973
0.08555 0.307213
0.0856 0.276239
0.08565 0.310343
0.0857 0.330787
0.08575 0.282627
0.0858 0.332252
0.08585 0.289192
0.0859 0.319974
0.08595 0.32329
0.086 0.28875
0.08605 0.2972
0.0861 0.300496
0.08615 0.277938
0.0862 0.307091
0.08625 0.312131
0.0863 0.287821
0.08635 0.261741
0.0864 0.379123
0.08645 0.354849
0.0865 0.294182
0.08655 0.365042
0.0866 0.267924
0.08665 0.338836
0.0867 0.291891
0.08675 0.270905
0.0868 0.367999
0.08685 0.270605
0.0869 0.319119
0.08695 0.359017
0.087 0.289301
0.08705 0.318759
0.0871 0.262861
0.08715 0.294067
0.0872 0.259017
0.08725 0.370571
0.0873 0.293641
0.08735 0.258531
0.0874 0.300317
0.08745 0.373675
0.0875 0.315834
0.08755 0.327974
0.0876 0.31384
0.08765 0.32073
0.0877 0.301307
0.08775 0.283607
0.0878 0.348456
0.08785 0.332548
0.0879 0.360588
0.08795 0.312996
0.088 0.31287
0.08805 0.268694
0.0881 0.361957
0.08815 0.400695
0.0882 0.340659
0.08825 0.310543
0.0883 0.282143
0.08835 0.285519
0.0884 0.276518
0.08845 0.285202
0.0885 0.324008
0.08855 0.352248
0.0886 0.371671
0.08865 0.341455
0.0887 0.272138
0.08875 0.351888
0.0888 0.257627
0.08885 0.310781
0.0889 0.33734
0.08895 0.337244
0.089 0.365644
0.08905 0.313902
0.0891 0.319129
0.08915 0.276197
0.0892 0.295668
0.08925 0.322316
0.0893 0.347222
0.08935 0.348926
0.0894 0.356
0.08945 0.440056
0.0895 0.363063
0.08955 0.298485
0.0896 0.292968
0.08965 0.373554
0.0897 0.25503
0.08975 0.294356
0.0898 0.281635
0.08985 0.333621
0.0899 0.33892
0.08995 0.268628
0.09 0.331493
0.09005 0.311571
0.0901 0.372751
0.09015 0.266261
0.0902 0.287749
0.09025 0.300243
0.0903 0.285653
0.09035 0.323471
0.0904 0.288992
0.09045 0.334096
0.0905 0.305024
0.09055 0.328452
0.0906 0.341041
0.09065 0.371791
0.0907 0.295507
0.09075 0.286289
0.0908 0.273422
0.09085 0.316892
0.0909 0.305864
0.09095 0.327578
0.091 0.276488
0.09105 0.279974
0.0911 0.303519
0.09115 0.279679
0.0912 0.3361
0.09125 0.317748
0.0913 0.28475
0.09135 0.291914
0.0914 0.257023
0.09145 0.326385
0.0915 0.340931
0.09155 0.296877
0.0916 0.333403
0.09165 0.303965
0.0917 0.320354
0.09175 0.294542
0.0918 0.342168
0.09185 0.283268
0.0919 0.327256
0.09195 0.343716
0.092 0.327065
0.09205 0.312229
0.0921 0.306584
0.09215 0.304618
0.0922 0.250989
0.09225 0.260037
0.0923 0.317122
0.09235 0.329948
0.0924 0.357587
0.09245 0.329771
0.0925 0.324122
0.09255 0.23142
0.0926 0.31275
0.09265 0.264432
0.0927 0.358871
0.09275 0.377367
0.0928 0.310471
0.09285 0.336367
0.0929 0.284227
0.09295 0.304543
0.093 0.363973
0.09305 0.268953
0.0931 0.350765
0.09315 0.328325
0.0932 0.294659
0.09325 0.363569
0.0933 0.352309
0.09335 0.281255
0.0934 0.31662
0.09345 0.340822
0.0935 0.335127
0.09355 0.265775
0.0936 0.351771
0.09365 0.299229
0.0937 0.302853
0.09375 0.328995
0.0938 0.340163
0.09385 0.310033
0.0939 0.339983
0.09395 0.307941
0.094 0.315349
0.09405 0.324651
0.0941 0.364096
0.09415 0.305636
0.0942 0.305518
0.09425 0.312944
0.0943 0.301512
0.09435 0.269294
0.0944 0.30314
0.09445 0.36161
0.0945 0.363443
0.09455 0.308519
0.0946 0.333014
0.09465 0.281788
0.0947 0.253221
0.09475 0.326993
0.0948 0.309826
0.09485 0.328694
0.0949 0.319107
0.09495 0.336105
0.095 0.290397
0.09505 0.303579
0.0951 0.286334
0.09515 0.324278
0.0952 0.348947
0.09525 0.306945
0.0953 0.274412
0.09535 0.293344
0.0954 0.32376
0.09545 0.317934
0.0955 0.338853
0.09555 0.319653
0.0956 0.342509
0.09565 0.327121
0.0957 0.328944
0.09575 0.22539
0.0958 0.315291
0.09585 0.286417
0.0959 0.29204
0.09595 0.289992
0.096 0.287941
0.09605 0.357001
0.0961 0.383863
0.09615 0.343427
0.0962 0.335653
0.09625 0.273939
0.0963 0.258377
0.09635 0.337263
0.0964 0.242662
0.09645 0.298454
0.0965 0.32923
0.09655 0.296298
0.0966 0.323238
0.09665 0.317342
0.0967 0.355942
0.09675 0.280378
0.0968 0.307358
0.09685 0.338256
0.0969 0.285825
0.09695 0.372993
0.097 0.310839
0.09705 0.326269
0.0971 0.335894
0.09715 0.36303
0.0972 0.296848
0.09725 0.285052
0.0973 0.321913
0.09735 0.302339
0.0974 0.376287
0.09745 0.354799
0.0975 0.264993
0.09755 0.325353
0.0976 0.307686
0.09765 0.366198
0.0977 0.32314
0.09775 0.262412
0.0978 0.322925
0.09785 0.283673
0.0979 0.293336
0.09795 0.257934
0.098 0.342099
0.09805 0.289053
0.0981 0.324261
0.09815 0.306495
0.0982 0.318177
0.09825 0.355435
0.0983 0.278664
0.09835 0.31592
0.0984 0.268566
0.09845 0.29403
0.0985 0.341214
0.09855 0.374666
0.0986 0.388439
0.09865 0.317351
0.0987 0.30738
0.09875 0.325058
0.0988 0.269614
0.09885 0.281338
0.0989 0.31287
0.09895 0.31871
0.099 0.320597
0.09905 0.314559
0.0991 0.282733
0.09915 0.254827
0.0992 0.324144
0.09925 0.300224
0.0993 0.345813
0.09935 0.302011
0.0994 0.299912
0.09945 0.28786
0.0995 0.249907
0.09955 0.323449
0.0996 0.303431
0.09965 0.347191
0.0997 0.327177
0.09975 0.361025
0.0998 0.309053
0.09985 0.298961
0.0999 0.270863
0.09995 0.250723
0.1 0.288582
0.10005 0.352524
0.1001 0.3084
0.10015 0.312306
0.1002 0.306193
0.10025 0.364263
0.1003 0.312035
0.10035 0.360129
0.1004 0.221458
0.10045 0.24941
0.1005 0.285448
0.10055 0.222952
0.1006 0.307312
0.10065 0.293112
0.1007 0.295011
0.10075 0.284817
0.1008 0.250404
0.10085 0.30675
0.1009 0.34299
0.10095 0.312624
0.101 0.304444
0.10105 0.397352
0.1011 0.389248
0.10115 0.530908
0.1012 0.601903
0.10125 0.646665
0.1013 0.588116
0.10135 0.720112
0.1014 0.77723
0.10145 1.00089
0.1015 1.26144
0.10155 1.4919
0.1016 1.89956
0.10165 2.2285
0.1017 2.70647
0.10175 3.64936
0.1018 4.3553
0.10185 4.80346
0.1019 5.74978
0.10195 6.60568
0.102 7.0975
0.10205 7.28578
0.1021 7.82981
0.10215 8.44003
0.1022 8.60328
0.10225 8.4394
0.1023 7.72053
0.10235 7.38972
0.1024 6.50723
0.10245 5.81613
0.1025 5.15889
0.10255 4.40423
0.1026 3.96668
0.10265 3.46275
0.1027 2.93959
0.10275 2.61098
0.1028 2.25309
0.10285 2.26923
0.1029 1.98066
0.10295 2.02126
0.103 1.70125
0.10305 1.68182
0.1031 1.3653
0.10315 1.34139
0.1032 1.51982
0.10325 1.33076
0.1033 1.39567
0.10335 1.3159
0.1034 1.2443
0.10345 1.30714
0.1035 1.22511
0.10355 1.12637
0.1036 1.15602
0.10365 1.16912
0.1037 1.13658
0.10375 1.08947
0.1038 1.08175
0.10385 1.16545
0.1039 1.00187
0.10395 1.08349
0.104 1.05285
0.10405 1.04924
0.1041 0.98938
0.10415 1.18368
0.1042 1.07176
0.10425 1.00558
0.1043 0.968514
0.10435 1.02536
0.1044 0.942316
0.10445 0.903046
0.1045 0.989179
0.10455 0.933179
0.1046 0.925237
0.10465 0.969633
0.1047 0.940767
0.10475 0.995699
0.1048 0.885046
0.10485 1.0239
0.1049 0.999222
0.10495 1.02071
0.105 0.987606
0.10505 0.964962
0.1051 1.04323
0.10515 0.902791
0.1052 1.00212
0.10525 0.901524
0.1053 0.901918
0.10535 0.912852
0.1054 0.917474
0.10545 0.938982
0.1055 0.901412
0.10555 0.810988
0.1056 0.87891
0.10565 0.908876
0.1057 0.987529
0.10575 0.913941
0.1058 0.977853
0.10585 0.986787
0.1059 0.807142
0.10595 0.936762
0.106 0.871433
0.10605 0.825109
0.1061 0.874254
0.10615 0.87674
0.1062 0.849479
0.10625 0.905093
0.1063 0.8438
0.10635 0.837748
0.1064 0.876396
0.10645 0.846938
0.1065 0.870713
0.10655 0.828429
0.1066 0.739159
0.10665 0.758597
0.1067 0.780197
0.10675 0.874451
0.1068 0.872672
0.10685 0.907236
0.1069 0.890512
0.10695 0.807424
0.107 0.818423
0.10705 0.756609
0.1071 0.797572
0.10715 0.851456
0.1072 0.7617
0.10725 0.843498
0.1073 0.783708
0.10735 0.818346
0.1074 0.859479
0.10745 0.877019
0.1075 0.728956
0.10755 0.785126
0.1076 0.776784
0.10765 0.787816
0.1077 0.846273
0.10775 0.833663
0.1078 0.795151
0.10785 0.637895
0.1079 0.750295
0.10795 0.811011
0.108 0.791854
0.10805 0.78348
0.1081 0.727508
0.10815 0.80779
0.1082 0.762613
0.10825 0.812677
0.1083 0.812969
0.10835 0.798085
0.1084 0.707265
0.10845 0.870209
0.1085 0.848843
0.10855 0.823103
0.1086 0.75604
0.10865 0.734538
0.1087 0.723881
0.10875 0.771961
0.1088 0.772213
0.10885 0.731083
0.1089 0.74655
0.10895 0.727158
0.109 0.664119
0.10905 0.773371
0.1091 0.743061
0.10915 0.660293
0.1092 0.745656
0.10925 0.728394
0.1093 0.7461
0.10935 0.746326
0.1094 0.770631
0.10945 0.738029
0.1095 0.786449
0.10955 0.718759
0.1096 0.745275
0.10965 0.703813
0.1097 0.701804
0.10975 0.719556
0.1098 0.792257
0.10985 0.684821
0.1099 0.755357
0.10995 0.742389
0.11 0.740408
0.11005 0.705394
0.1101 0.723204
0.11015 0.591166
0.1102 0.672833
0.11025 0.778877
0.1103 0.750438
0.11035 0.794824
0.1104 0.784045
0.11045 0.700321
0.1105 0.788941
0.11055 0.700721
0.1106 0.81819
0.11065 0.778624
0.1107 0.785519
0.11075 0.661679
0.1108 0.768239
0.11085 0.693067
0.1109 0.746495
0.11095 0.684555
0.111 0.700266
0.11105 0.713776
0.1111 0.662837
0.11115 0.720805
0.1112 0.667601
0.11125 0.652167
0.1113 0.663436
0.11135 0.699228
0.1114 0.701633
0.11145 0.753101
0.1115 0.657392
0.11155 0.653066
0.1116 0.639802
0.11165 0.63769
0.1117 0.711565
0.11175 0.734111
0.1118 0.700762
0.11185 0.747936
0.1119 0.658594
0.11195 0.669932
0.112 0.7149
0.11205 0.676974
0.1121 0.701801
0.11215 0.713197
0.1122 0.657258
0.11225 0.697822
0.1123 0.740687
0.11235 0.736401
0.1124 0.671386
0.11245 0.660284
0.1125 0.687434
0.11255 0.620036
0.1126 0.660692
0.11265 0.633782
0.1127 0.710566
0.11275 0.683676
0.1128 0.627409
0.11285 0.677193
0.1129 0.616352
0.11295 0.66391
0.113 0.625613
0.11305 0.686793
0.1131 0.732213
0.11315 0.682605
0.1132 0.689556
0.11325 0.639866
0.1133 0.65812
0.11335 0.653718
0.1134 0.529053
0.11345 0.638033
0.1135 0.710821
0.11355 0.735993
0.1136 0.604361
0.11365 0.647653
0.1137 0.693277
0.11375 0.754893
0.1138 0.641261
0.11385 0.664159
0.1139 0.687087
0.11395 0.593765
0.114 0.607527
0.11405 0.644127
0.1141 0.571191
0.11415 0.630631
0.1142 0.591894
0.11425 0.690266
0.1143 0.690426
0.11435 0.599066
0.1144 0.619747
0.11445 0.619845
0.1145 0.608488
0.11455 0.69338
0.1146 0.572013
0.11465 0.565187
0.1147 0.640972
0.11475 0.592872
0.1148 0.625104
0.11485 0.668868
0.1149 0.625327
0.11495 0.634629
0.115 0.646244
0.11505 0.63025
0.1151 0.572781
0.11515 0.701861
0.1152 0.690504
0.11525 0.68605
0.1153 0.667748
0.11535 0.679426
0.1154 0.559506
0.11545 0.58265
0.1155 0.605824
0.11555 0.626716
0.1156 0.617566
0.11565 0.608404
0.1157 0.56219
0.11575 0.58308
0.1158 0.673507
0.11585 0.585565
0.1159 0.532294
0.11595 0.590314
0.116 0.694829
0.11605 0.671769
0.1161 0.651002
0.11615 0.574432
0.1162 0.576813
0.11625 0.625717
0.1163 0.572296
0.11635 0.737638
0.1164 0.6307
0.11645 0.649444
0.1165 0.59362
0.11655 0.59136
0.1166 0.621759
0.11665 0.652197
0.1167 0.554249
0.11675 0.608015
0.1168 0.530978
0.11685 0.727388
0.1169 0.563844
0.11695 0.62005
0.117 0.636531
0.11705 0.613219
0.1171 0.528959
0.11715 0.582887
0.1172 0.641574
0.11725 0.566614
0.1173 0.543192
0.11735 0.533828
0.1174 0.569083
0.11745 0.618483
0.1175 0.517482
0.11755 0.55512
0.1176 0.628101
0.11765 0.562289
0.1177 0.602368
0.11775 0.61187
0.1178 0.515319
0.11785 0.600211
0.1179 0.614441
0.11795 0.593289
0.118 0.645301
0.11805 0.555659
0.1181 0.607683
0.11815 0.579397
0.1182 0.598375
0.11825 0.562959
0.1183 0.629279
0.11835 0.645955
0.1184 0.665021
0.11845 0.570351
0.1185 0.515868
0.11855 0.6914
0.1186 0.58714
0.11865 0.591952
0.1187 0.58727
0.11875 0.62535
0.1188 0.580283
0.11885 0.596987
0.1189 0.578027
0.11895 0.549523
0.119 0.599556
0.11905 0.544844
0.1191 0.461467
0.11915 0.633073
0.1192 0.63556
0.11925 0.571242
0.1193 0.633354
0.11935 0.595248
0.1194 0.547538
0.11945 0.650338
0.1195 0.533295
0.11955 0.578761
0.1196 0.497455
0.11965 0.509413
0.1197 0.581261
0.11975 0.538191
0.1198 0.51664
0.11985 0.564604
0.1199 0.514269
0.11995 0.627071
0.12 0.571944
0.12005 0.680084
0.1201 0.591313
0.12015 0.550511
0.1202 0.552948
0.12025 0.586666
0.1203 0.500076
0.12035 0.490434
0.1204 0.545823
0.12045 0.560311
0.1205 0.541063
0.12055 0.611035
0.1206 0.459098
0.12065 0.582168
0.1207 0.526681
0.12075 0.669237
0.1208 0.519513
0.12085 0.575133
0.1209 0.580023
0.12095 0.538939
0.121 0.580118
0.12105 0.505092
0.1211 0.575353
0.12115 0.589949
0.1212 0.456638
0.12125 0.563336
0.1213 0.558524
0.12135 0.510002
0.1214 0.544006
0.12145 0.488142
0.1215 0.505139
0.12155 0.500269
0.1216 0.558651
0.12165 0.500273
0.1217 0.548963
0.12175 0.490529
0.1218 0.544125
0.12185 0.522209
0.1219 0.590509
0.12195 0.524693
0.122 0.556436
0.12205 0.59066
0.1221 0.524763
0.12215 0.522329
0.1222 0.583462
0.12225 0.551722
0.1223 0.524837
0.12235 0.478335
0.1224 0.561573
0.12245 0.502813
0.1225 0.505256
0.12255 0.595974
0.1226 0.576418
0.12265 0.561746
0.1227 0.586336
0.12275 0.478332
0.1228 0.524987
0.12285 0.502875
0.1229 0.510244
0.12295 0.505322
0.123 0.470862
0.12305 0.488062
0.1231 0.549617
0.12315 0.485583
0.1232 0.520071
0.12325 0.458427
0.1233 0.497855
0.12335 0.465759
0.1234 0.478066
0.12345 0.473098
0.1235 0.487892
0.12355 0.502704
0.1236 0.440871
0.12365 0.485345
0.1237 0.465523
0.12375 0.537289
0.1238 0.51997
0.12385 0.519976
0.1239 0.519982
0.12395 0.462948
0.124 0.482756
0.12405 0.495142
0.1241 0.532373
0.12415 0.470289
0.1242 0.584565
0.12425 0.450379
0.1243 0.55727
0.12435 0.532426
0.1244 0.589689
0.12445 0.515051
0.1245 0.477688
0.12455 0.60226
0.1246 0.577402
0.12465 0.502634
0.1247 0.507616
0.12475 0.54006
0.1248 0.515112
0.12485 0.587556
0.1249 0.485157
0.12495 0.520135
0.125 0.505135
0.12505 0.535153
0.1251 0.537674
0.12515 0.475094
0.1252 0.427469
0.12525 0.459979
0.1253 0.537654
0.12535 0.50507
0.1254 0.532663
0.12545 0.530169
0.1255 0.434765
0.12555 0.502527
0.1256 0.472363
0.12565 0.540209
0.1257 0.555321
0.12575 0.489939
0.1258 0.58305
0.12585 0.535264
0.1259 0.527725
0.12595 0.487417
0.126 0.54538
0.12605 0.47479
0.1261 0.517651
0.12615 0.540371
0.1262 0.502518
0.12625 0.51514
0.1263 0.494926
0.12635 0.505024
0.1264 0.462025
0.12645 0.489815
0.1265 0.44677
0.12655 0.482166
0.1266 0.502406
0.12665 0.520136
0.1267 0.499862
0.12675 0.479564
0.1268 0.573407
0.12685 0.436403
0.1269 0.456655
0.12695 0.619171
0.127 0.535402
0.12705 0.507458
0.1271 0.553228
0.12715 0.487116
0.1272 0.532906
0.12725 0.504916
0.1273 0.461611
0.12735 0.509983
0.1274 0.446256
0.12745 0.507404
0.1275 0.509951
0.12755 0.474221
0.1276 0.486956
0.12765 0.522692
0.1277 0.54825
0.12775 0.568726
0.1278 0.479275
0.12785 0.535525
0.1279 0.484363
0.12795 0.507381
0.128 0.458718
0.12805 0.43818
0.1281 0.494508
0.12815 0.420138
0.1282 0.435456
0.12825 0.430264
0.1283 0.522612
0.12835 0.468692
0.1284 0.56628
0.12845 0.476372
0.1285 0.435208
0.12855 0.442864
0.1286 0.574033
0.12865 0.530323
0.1287 0.502012
0.12875 0.486548
0.1288 0.486528
0.12885 0.440104
0.1289 0.437469
0.12895 0.538031
0.129 0.442554
0.12905 0.45541
0.1291 0.499277
0.12915 0.452755
0.1292 0.457879
0.12925 0.519901
0.1293 0.442297
0.12935 0.527647
0.1294 0.462934
0.12945 0.452536
0.1295 0.473218
0.12955 0.496516
0.1296 0.436865
0.12965 0.460153
0.1297 0.496443
0.12975 0.499027
0.1298 0.395137
0.12985 0.472987
0.1299 0.501546
0.12995 0.457338
0.13 0.410478
0.13005 0.441624
0.1301 0.475409
0.13015 0.457153
0.1302 0.438876
0.13025 0.514394
0.1303 0.480505
0.13035 0.441361
0.1304 0.506532
0.13045 0.425618
0.1305 0.519548
0.13055 0.509106
0.1306 0.519556
0.13065 0.467282
0.1307 0.469863
0.13075 0.409663
0.1308 0.459308
0.13085 0.435706
0.1309 0.56136
0.13095 0.508998
0.131 0.461818
0.13105 0.47489
0.1311 0.532568
0.13115 0.406632
0.1312 0.372427
0.13125 0.464231
0.1313 0.458941
0.13135 0.524601
0.1314 0.443112
0.13145 0.40887
0.1315 0.492984
0.13155 0.424538
0.1316 0.419206
0.13165 0.432306
0.1317 0.426976
0.13175 0.492812
0.1318 0.469065
0.13185 0.471671
0.1319 0.492753
0.13195 0.498019
0.132 0.455753
0.13205 0.521761
0.1321 0.450408
0.13215 0.500598
0.1322 0.47414
0.13225 0.434422
0.1323 0.476716
0.13235 0.442266
0.1324 0.511088
0.13245 0.503138
0.1325 0.511085
0.13255 0.484565
0.1326 0.410261
0.13265 0.516345
0.1327 0.457939
0.13275 0.447275
0.1328 0.412686
0.13285 0.404638
0.1329 0.447102
0.13295 0.423114
0.133 0.441675
0.13305 0.404355
0.1331 0.468187
0.13315 0.478811
0.1332 0.420157
0.13325 0.420089
0.1333 0.441357
0.13335 0.542689
0.1334 0.465312
0.13345 0.459938
0.1335 0.526675
0.13355 0.446527
0.1336 0.467863
0.13365 0.518637
0.1337 0.419668
0.13375 0.371432
0.1338 0.483762
0.13385 0.435538
0.1339 0.462272
0.13395 0.472956
0.134 0.497057
0.13405 0.451453
0.1341 0.472873
0.13415 0.491633
0.1342 0.464769
0.13425 0.421759
0.1343 0.448563
0.13435 0.456581
0.1344 0.394694
0.13445 0.448408
0.1345 0.477963
0.13455 0.512935
0.1346 0.440226
0.13465 0.494054
0.1347 0.429362
0.13475 0.434694
0.1348 0.475093
0.13485 0.504745
0.1349 0.488547
0.13495 0.450731
0.135 0.480398
0.13505 0.488482
0.1351 0.429
0.13515 0.477612
0.1352 0.477588
0.13525 0.450504
0.1353 0.415269
0.13535 0.417907
0.1354 0.417839
0.13545 0.501781
0.1355 0.428578
0.13555 0.452926
0.1356 0.436606
0.13565 0.45555
0.1357 0.46094
0.13575 0.444608
0.1358 0.441843
0.13585 0.452665
0.1359 0.46078
0.13595 0.509704
0.136 0.468889
0.13605 0.438917
0.1361 0.441588
0.13615 0.44971
0.1362 0.455116
0.13625 0.435994
0.1363 0.419578
0.13635 0.444064
0.1364 0.468577
0.13645 0.512227
0.1365 0.397527
0.13655 0.443889
0.1366 0.443841
0.13665 0.430123
0.1367 0.419125
0.13675 0.432739
0.1368 0.503845
0.13685 0.432653
0.1369 0.449031
0.13695 0.558587
0.137 0.416091
0.13705 0.443443
0.1371 0.37482
0.13715 0.42137
0.1372 0.478951
0.13725 0.459707
0.1373 0.36902
0.13735 0.495326
0.1374 0.509061
0.13745 0.415561
0.1375 0.415493
0.13755 0.426433
0.1376 0.404349
0.13765 0.511679
0.1377 0.484131
0.13775 0.481357
0.1378 0.475823
0.13785 0.406849
0.1379 0.423329
0.13795 0.475707
0.138 0.539186
0.13805 0.409394
0.1381 0.478397
0.13815 0.472847
0.1382 0.456231
0.13825 0.464491
0.1383 0.450624
0.13835 0.45335
0.1384 0.433927
0.13845 0.433873
0.1385 0.400567
0.13855 0.392173
0.1386 0.414273
0.13865 0.522391
0.1387 0.441926
0.13875 0.441878
0.1388 0.475154
0.13885 0.500132
0.1389 0.480673
0.13895 0.425053
0.139 0.380497
0.13905 0.377623
0.1391 0.338567
0.13915 0.460941
0.1392 0.455337
0.13925 0.433011
0.1393 0.444105
0.13935 0.480303
0.1394 0.399402
0.13945 0.404904
0.1395 0.449486
0.13955 0.480156
0.1396 0.457792
0.13965 0.407464
0.1397 0.407392
0.13975 0.474424
0.1398 0.435242
0.13985 0.423998
0.1399 0.421139
0.13995 0.468677
0.14 0.477052
0.14005 0.42099
0.1401 0.429337
0.14015 0.440497
0.1402 0.471304
0.14025 0.465666
0.1403 0.406689
0.14035 0.474009
0.1404 0.386906
0.14045 0.42616
0.1405 0.42048
0.14055 0.487906
0.1406 0.42038
0.14065 0.454086
0.1407 0.369598
0.14075 0.414556
0.1408 0.420124
0.14085 0.439788
0.1409 0.459473
0.14095 0.400219
0.141 0.459384
0.14105 0.397266
0.1411 0.476232
0.14115 0.479034
0.1412 0.447939
0.14125 0.470505
0.1413 0.399804
0.14135 0.41104
0.1414 0.450578
0.14145 0.425068
0.1415 0.461813
0.14155 0.424965
0.1416 0.475901
0.14165 0.416365
0.1417 0.464496
0.14175 0.453122
0.1418 0.433225
0.14185 0.447363
0.1419 0.435965
0.14195 0.450115
0.142 0.433029
0.14205 0.418767
0.1421 0.441449
0.14215 0.486907
0.1422 0.393008
0.14225 0.42708
0.1423 0.464035
0.14235 0.432677
0.1424 0.461115
0.14245 0.449683
0.1425 0.438239
0.14255 0.429635
0.1426 0.452405
0.14265 0.378163
0.1427 0.412333
0.14275 0.497947
0.1428 0.492227
0.14285 0.409335
0.1429 0.389254
0.14295 0.394892
0.143 0.500671
0.14305 0.426255
0.1431 0.403295
0.14315 0.434727
0.1432 0.423217
0.14325 0.397365
0.1433 0.380087
0.14335 0.506191
0.1434 0.391431
0.14345 0.391351
0.1435 0.391271
0.14355 0.462991
0.1436 0.411247
0.14365 0.428425
0.1437 0.454246
0.14375 0.422574
0.1438 0.454163
0.14385 0.399445
0.1439 0.399371
0.14395 0.428097
0.144 0.404995
0.14405 0.425099
0.1441 0.442341
0.14415 0.390385
0.1442 0.39319
0.14425 0.47392
0.1443 0.390175
0.14435 0.404535
0.1444 0.427577
0.14445 0.430413
0.1445 0.430361
0.14455 0.401389
0.1446 0.473642
0.14465 0.51703
0.1447 0.493878
0.14475 0.383822
0.1448 0.438781
0.14485 0.473511
0.1449 0.403913
0.14495 0.438643
0.145 0.47631
0.14505 0.40374
0.1451 0.400767
0.14515 0.377463
0.1452 0.394805
0.14525 0.362763
0.1453 0.423712
0.14535 0.484724
0.1454 0.42653
0.14545 0.446846
0.1455 0.37112
0.14555 0.4613
0.1456 0.467096
0.14565 0.420446
0.1457 0.324193
0.14575 0.434877
0.1458 0.370655
0.14585 0.487283
0.1459 0.446405
0.14595 0.417165
0.146 0.405421
0.14605 0.390743
0.1461 0.338051
0.14615 0.422733
0.1462 0.390502
0.14625 0.40798
0.1463 0.413768
0.14635 0.40785
0.1464 0.357991
0.14645 0.422351
0.1465 0.398847
0.14655 0.495531
0.1466 0.413401
0.14665 0.486689
0.1467 0.372212
0.14675 0.392674
0.1468 0.339732
0.14685 0.395442
0.1469 0.401246
0.14695 0.439396
0.147 0.380532
0.14705 0.465766
0.1471 0.430424
0.14715 0.377382
0.1472 0.356681
0.14725 0.421393
0.1473 0.383026
0.14735 0.46254
0.1474 0.374042
0.14745 0.400504
0.1475 0.450601
0.14755 0.444661
0.1476 0.465292
0.14765 0.376646
0.1477 0.385425
0.14775 0.414905
0.1478 0.417802
0.14785 0.447324
0.1479 0.40586
0.14795 0.349554
0.148 0.343528
0.14805 0.384888
0.1481 0.417401
0.14815 0.313603
0.1482 0.44097
0.14825 0.423132
0.1483 0.369672
0.14835 0.411134
0.1484 0.399196
0.14845 0.419916
0.1485 0.327759
0.14855 0.419773
0.1486 0.437555
0.14865 0.378031
0.1487 0.389847
0.14875 0.413579
0.1488 0.380772
0.14885 0.377712
0.1489 0.46104
0.14895 0.428232
0.149 0.398372
0.14905 0.413212
0.1491 0.413152
0.14915 0.401156
0.1492 0.359298
0.14925 0.380104
0.1493 0.388983
0.14935 0.409823
0.1494 0.41275
0.14945 0.39176
0.1495 0.412623
0.14955 0.412563
0.1496 0.352643
0.14965 0.343561
0.1497 0.4363
0.14975 0.445244
0.1498 0.394257
0.14985 0.358209
0.1499 0.406097
0.14995 0.352033
0.15 0.363937
0.15005 0.438895
0.1501 0.396811
0.15015 0.396741
0.1502 0.357606
0.15025 0.399594
0.1503 0.429596
0.15035 0.399468
0.1504 0.405418
0.15045 0.348164
0.1505 0.396238
0.15055 0.350988
0.1506 0.341849
0.15065 0.402023
0.1507 0.371807
0.15075 0.344577
0.1508 0.413864
0.15085 0.42286
0.1509 0.383561
0.15095 0.335163
0.151 0.383389
0.15105 0.443751
0.1511 0.377207
0.15115 0.389221
0.1512 0.316547
0.15125 0.452595
0.1513 0.361753
0.15135 0.401025
0.1514 0.407017
0.15145 0.506945
0.1515 0.434205
0.15155 0.373521
0.1516 0.391635
0.15165 0.440107
0.1517 0.421857
0.15175 0.385373
0.1518 0.418704
0.15185 0.3427
0.1519 0.315245
0.15195 0.378963
0.152 0.33935
0.15205 0.406168
0.1521 0.387848
0.15215 0.39995
0.1522 0.436424
0.15225 0.387646
0.1523 0.372337
0.15235 0.317389
0.1524 0.359955
0.15245 0.442213
0.1525 0.368951
0.15255 0.365813
0.1526 0.377937
0.15265 0.460315
0.1527 0.356419
0.15275 0.353269
0.1528 0.41737
0.15285 0.398968
0.1529 0.392784
0.15295 0.435554
0.153 0.362048
0.15305 0.389516
0.1531 0.45683
0.15315 0.389394
0.1532 0.416907
0.15325 0.352467
0.1533 0.410644
0.15335 0.333886
0.1534 0.284674
0.15345 0.385844
0.1535 0.480971
0.15355 0.401087
0.1536 0.407169
0.15365 0.397887
0.1537 0.376296
0.15375 0.41928
0.1538 0.351534
0.15385 0.412998
0.1539 0.456048
0.15395 0.37594
0.154 0.440561
0.15405 0.366555
0.1541 0.41888
0.15415 0.357148
0.1542 0.341631
0.15425 0.431023
0.1543 0.415544
0.15435 0.409314
0.1544 0.362921
0.15445 0.322663
0.1545 0.477099
0.15455 0.439981
0.1546 0.353339
0.15465 0.418219
0.1547 0.411977
0.15475 0.331425
0.1548 0.411839
0.15485 0.380803
0.1549 0.355935
0.15495 0.368243
0.155 0.461189
0.15505 0.476675
0.1551 0.327717
0.15515 0.389687
0.1552 0.374092
0.15525 0.33674
0.1553 0.414311
0.15535 0.373853
0.1554 0.398645
0.15545 0.392361
0.1555 0.442069
0.15555 0.448257
0.1556 0.417095
0.15565 0.348535
0.1557 0.423199
0.15575 0.420035
0.1558 0.370113
0.15585 0.385621
0.1559 0.385549
0.15595 0.413557
0.156 0.475923
0.15605 0.332297
0.1561 0.429004
0.15615 0.42896
0.1562 0.388291
0.15625 0.435111
0.1563 0.350642
0.15635 0.359932
0.1564 0.441198
0.15645 0.412992
0.1565 0.394152
0.15655 0.403482
0.1566 0.340762
0.15665 0.403342
0.1567 0.321772
0.15675 0.378108
0.1568 0.35921
0.15685 0.343432
0.1569 0.346473
0.15695 0.390337
0.157 0.42482
0.15705 0.330514
0.1571 0.31155
0.15715 0.34916
0.1572 0.455996
0.15725 0.317546
0.1573 0.352049
0.15735 0.358253
0.1574 0.377059
0.15745 0.351783
0.1575 0.335936
0.15755 0.379962
0.1576 0.373582
0.15765 0.341964
0.1577 0.341866
0.15775 0.401732
0.1578 0.363788
0.15785 0.420548
0.1579 0.35732
0.15795 0.382512
0.158 0.366635
0.15805 0.382363
0.1581 0.413921
0.15815 0.410705
0.1582 0.423311
0.15825 0.375775
0.1583 0.410536
0.15835 0.359794
0.1584 0.337525
0.15845 0.346935
0.1585 0.334157
0.15855 0.384807
0.1586 0.400602
0.15865 0.371976
0.1587 0.330623
0.15875 0.387687
0.1588 0.339964
0.15885 0.438384
0.1589 0.308009
0.15895 0.390571
0.159 0.368238
0.15905 0.425434
0.1591 0.384011
0.15915 0.377573
0.1592 0.409349
0.15925 0.425225
0.1593 0.377376
0.15935 0.345422
0.1594 0.393163
0.15945 0.440949
0.1595 0.341994
0.15955 0.36105
0.1596 0.38651
0.15965 0.351308
0.1597 0.370388
0.15975 0.373506
0.1598 0.351051
0.15985 0.366951
0.1599 0.322085
0.15995 0.363577
0.16 0.363495
0.16005 0.321787
0.1601 0.382536
0.16015 0.427322
0.1602 0.38882
0.16025 0.3599
0.1603 0.33416
0.16035 0.38218
0.1604 0.407782
0.16045 0.333898
0.1605 0.365908
0.16055 0.397948
0.1606 0.372184
0.16065 0.362466
0.1607 0.330234
0.16075 0.349428
0.1608 0.449065
0.16085 0.397549
0.1609 0.371737
0.16095 0.352341
0.161 0.355474
0.16105 0.339278
0.1611 0.361743
0.16115 0.342317
0.1612 0.390598
0.16125 0.422794
0.1613 0.345302
0.16135 0.341982
0.1614 0.36772
0.16145 0.412862
0.1615 0.306189
0.16155 0.331929
0.1616 0.412654
0.16165 0.347924
0.1617 0.347834
0.16175 0.412464
0.1618 0.399466
0.16185 0.37998
0.1619 0.373432
0.16195 0.357158
0.162 0.399207
0.16205 0.337551
0.1621 0.3861
0.16215 0.35035
0.1622 0.330792
0.16225 0.320954
0.1623 0.366306
0.16235 0.333748
0.1624 0.411626
0.16245 0.366076
0.1625 0.310731
0.16255 0.317123
0.1626 0.330027
0.16265 0.349451
0.1627 0.407953
0.16275 0.424181
0.1628 0.36877
0.16285 0.31005
0.1629 0.352305
0.16295 0.355479
0.163 0.335829
0.16305 0.384663
0.1631 0.42049
0.16315 0.338846
0.1632 0.456292
0.16325 0.377886
0.1633 0.312476
0.16335 0.377726
0.1634 0.348235
0.16345 0.335067
0.1635 0.393849
0.16355 0.357797
0.1636 0.429721
0.16365 0.347833
0.1637 0.33792
0.16375 0.403346
0.1638 0.35086
0.16385 0.380276
0.1639 0.393324
0.16395 0.426064
0.164 0.409619
0.16405 0.320955
0.1641 0.340549
0.16415 0.353593
0.1642 0.412639
0.16425 0.343585
0.1643 0.330347
0.16435 0.409161
0.1644 0.333464
0.16445 0.428778
0.1645 0.346465
0.16455 0.395757
0.1646 0.389113
0.16465 0.300113
0.1647 0.319767
0.16475 0.332847
0.1648 0.345939
0.16485 0.408513
0.1649 0.362277
0.16495 0.358899
0.165 0.342314
0.16505 0.414868
0.1651 0.388398
0.16515 0.385032
0.1652 0.351918
0.16525 0.30555
0.1653 0.338508
0.16535 0.391344
0.1654 0.387975
0.16545 0.391223
0.1655 0.344809
0.16555 0.387777
0.1656 0.364524
0.16565 0.321366
0.1657 0.354414
0.16575 0.38086
0.1658 0.380794
0.16585 0.364138
0.1659 0.307639
0.16595 0.324129
0.166 0.32735
0.16605 0.40698
0.1661 0.327178
0.16615 0.350348
0.1662 0.400139
0.16625 0.356847
0.1663 0.300208
0.16635 0.38995
0.1664 0.293349
0.16645 0.326531
0.1665 0.373067
0.16655 0.349673
0.1666 0.379586
0.16665 0.382854
0.1667 0.326095
0.16675 0.315989
0.1668 0.339244
0.16685 0.36252
0.1669 0.382478
0.16695 0.328974
0.167 0.365629
0.16705 0.315425
0.1671 0.39221
0.16715 0.311896
0.1672 0.361965
0.16725 0.331775
0.1673 0.314946
0.16735 0.348322
0.1674 0.298003
0.16745 0.381639
0.1675 0.368171
0.16755 0.344635
0.1676 0.357961
0.16765 0.374653
0.1677 0.341035
0.16775 0.351015
0.1678 0.381146
0.16785 0.31728
0.1679 0.330614
0.16795 0.37756
0.168 0.384216
0.16805 0.367344
0.1681 0.323553
0.16815 0.380643
0.1682 0.350294
0.16825 0.414166
0.1683 0.363617
0.16835 0.336599
0.1684 0.363461
0.16845 0.370127
0.1685 0.373428
0.16855 0.316036
0.1686 0.373275
0.16865 0.352963
0.1687 0.359633
0.16875 0.346053
0.1688 0.295314
0.16885 0.393162
0.1689 0.362695
0.16895 0.416701
0.169 0.349039
0.16905 0.338811
0.1691 0.33534
0.16915 0.358938
0.1692 0.389327
0.16925 0.365567
0.1693 0.372269
0.16935 0.287501
0.1694 0.375497
0.16945 0.348311
0.1695 0.361793
0.16955 0.307447
0.1696 0.38538
0.16965 0.344592
0.1697 0.327533
0.16975 0.354607
0.1698 0.381705
0.16985 0.381643
0.1699 0.38498
0.16995 0.34072
0.17 0.330431
0.17005 0.394977
0.1701 0.296236
0.17015 0.357396
0.1702 0.41861
0.17025 0.306172
0.1703 0.38102
0.17035 0.295758
0.1704 0.329736
0.17045 0.438764
0.1705 0.343228
0.17055 0.356792
0.1706 0.360129
0.17065 0.312259
0.1707 0.373627
0.17075 0.339401
0.1708 0.346149
0.17085 0.243527
0.1709 0.304927
0.17095 0.352701
0.171 0.366307
0.17105 0.362815
0.1711 0.331936
0.17115 0.355814
0.1712 0.331763
0.17125 0.427601
0.1713 0.410432
0.17135 0.413816
0.1714 0.400058
0.17145 0.351988
0.1715 0.327893
0.17155 0.338097
0.1716 0.406671
0.17165 0.307039
0.1717 0.361895
0.17175 0.368695
0.1718 0.33082
0.17185 0.36511
0.1719 0.354723
0.17195 0.375287
0.172 0.33049
0.17205 0.406124
0.1721 0.371648
0.17215 0.354362
0.1722 0.395626
0.17225 0.292194
0.1723 0.326552
0.17235 0.367836
0.1724 0.391911
0.17245 0.364257
0.1725 0.398697
0.17255 0.360675
0.1726 0.377868
0.17265 0.353628
0.1727 0.280997
0.17275 0.318895
0.1728 0.304971
0.17285 0.332531
0.1729 0.398164
0.17295 0.377354
0.173 0.380753
0.17305 0.314915
0.1731 0.366762
0.17315 0.321662
0.1732 0.307708
0.17325 0.359596
0.1733 0.335255
0.17335 0.338637
0.1734 0.376712
0.17345 0.33501
0.1735 0.338395
0.17355 0.366087
0.1736 0.428533
0.17365 0.306911
0.1737 0.334609
0.17375 0.299763
0.1738 0.372674
0.17385 0.35522
0.1739 0.320356
0.17395 0.362022
0.174 0.316699
0.17405 0.361869
0.1741 0.330452
0.17415 0.375656
0.1742 0.354684
0.17425 0.344152
0.1743 0.368481
0.17435 0.378879
0.1744 0.357885
0.17445 0.301973
0.1745 0.368198
0.17455 0.315752
0.1746 0.347093
0.17465 0.367979
0.1747 0.350438
0.17475 0.437762
0.1748 0.434239
0.17485 0.339765
0.1749 0.31519
0.17495 0.357094
0.175 0.35002
0.17505 0.34294
0.1751 0.402411
0.17515 0.328781
0.1752 0.314673
0.17525 0.335613
0.1753 0.328515
0.17535 0.356491
0.1754 0.416072
0.17545 0.387954
0.1755 0.338746
0.17555 0.426464
0.1756 0.324555
0.17565 0.352577
0.1757 0.345473
0.17575 0.317267
0.1758 0.313656
0.17585 0.345222
0.1759 0.341625
0.17595 0.366185
0.176 0.397808
0.17605 0.408326
0.1761 0.397715
0.17615 0.380047
0.1762 0.365889
0.17625 0.312933
0.1763 0.277567
0.17635 0.344483
0.1764 0.358521
0.17645 0.404341
0.1765 0.316022
0.17655 0.37244
0.1766 0.294652
0.17665 0.35109
0.1767 0.333341
0.17675 0.287289
0.1768 0.315475
0.17685 0.276463
0.1769 0.368361
0.17695 0.311657
0.177 0.325725
0.17705 0.375225
0.1771 0.364536
0.17715 0.375102
0.1772 0.339592
0.17725 0.35015
0.1773 0.389093
0.17735 0.339369
0.1774 0.328642
0.17745 0.271756
0.1775 0.371066
0.17755 0.317724
0.1776 0.385139
0.17765 0.299789
0.1777 0.317462
0.17775 0.338706
0.1778 0.391981
0.17785 0.349235
0.1779 0.334925
0.17795 0.349083
0.178 0.35257
0.17805 0.313316
0.1781 0.302533
0.17815 0.366585
0.1782 0.305916
0.17825 0.359308
0.1783 0.35924
0.17835 0.359172
0.1784 0.330552
0.17845 0.326898
0.1785 0.326812
0.17855 0.323154
0.1786 0.35165
0.17865 0.301542
0.1787 0.315742
0.17875 0.35141
0.1788 0.354915
0.17885 0.354845
0.1789 0.361933
0.17895 0.322487
0.179 0.351047
0.17905 0.408287
0.1791 0.408247
0.17915 0.289935
0.1792 0.336434
0.17925 0.343526
0.1793 0.303993
0.17935 0.336187
0.1794 0.332518
0.17945 0.382696
0.1795 0.30364
0.17955 0.35383
0.1796 0.292679
0.17965 0.342891
0.1797 0.34641
0.17975 0.34274
0.1798 0.313888
0.17985 0.310198
0.1799 0.367688
0.17995 0.288426
0.18 0.39635
0.18005 0.374692
0.1801 0.306177
0.18015 0.266437
0.1802 0.302369
0.18025 0.331119
0.1803 0.294967
0.18035 0.341769
0.1804 0.327257
0.18045 0.305513
0.1805 0.309028
0.18055 0.330606
0.1806 0.326911
0.18065 0.348511
0.1807 0.344824
0.18075 0.294126
0.1808 0.337428
0.18085 0.30117
0.1809 0.398785
0.18095 0.311861
0.181 0.300906
0.18105 0.275454
0.1811 0.322441
0.18115 0.325979
0.1812 0.383895
0.18125 0.387469
0.1813 0.347522
0.18135 0.303914
0.1814 0.354624
0.18145 0.376336
0.1815 0.321815
0.18155 0.325361
0.1816 0.310745
0.18165 0.365163
0.1817 0.317846
0.18175 0.332302
0.1818 0.364955
0.18185 0.339427
0.1819 0.34299
0.18195 0.397516
0.182 0.357421
0.18205 0.360997
0.1821 0.309931
0.18215 0.379075
0.1822 0.360796
0.18225 0.364378
0.1823 0.313258
0.18235 0.342352
0.1824 0.320384
0.18245 0.312998
0.1825 0.2837
0.18255 0.309158
0.1826 0.305413
0.18265 0.378399
0.1827 0.356415
0.18275 0.261293
0.1828 0.334315
0.18285 0.308631
0.1829 0.337811
0.18295 0.352375
0.183 0.355968
0.18305 0.330268
0.1831 0.388796
0.18315 0.341116
0.1832 0.319052
0.18325 0.322632
0.1833 0.337216
0.18335 0.35548
0.1834 0.307717
0.18345 0.355335
0.1835 0.32223
0.18355 0.340506
0.1836 0.358797
0.18365 0.358733
0.1837 0.314569
0.18375 0.321833
0.1838 0.336457
0.18385 0.391551
0.1839 0.376789
0.18395 0.358335
0.184 0.328823
0.18405 0.406065
0.1841 0.347099
0.18415 0.321241
0.1842 0.321157
0.18425 0.324759
0.1843 0.298868
0.18435 0.313524
0.1844 0.306058
0.18445 0.305966
0.1845 0.383385
0.18455 0.298419
0.1846 0.398034
0.18465 0.383216
0.1847 0.360996
0.18475 0.29071
0.1848 0.32758
0.18485 0.3275
0.1849 0.353313
0.18495 0.319947
0.185 0.301358
0.18505 0.31237
0.1851 0.37153
0.18515 0.38629
0.1852 0.389947
0.18525 0.352841
0.1853 0.326826
0.18535 0.33787
0.1854 0.330378
0.18545 0.37853
0.1855 0.345079
0.18555 0.304177
0.1856 0.35978
0.18565 0.393144
0.1857 0.34852
0.18575 0.344736
0.1858 0.363251
0.18585 0.344601
0.1859 0.314779
0.18595 0.385373
0.186 0.322068
0.18605 0.34804
0.1861 0.336803
0.18615 0.370245
0.1862 0.344114
0.18625 0.317962
0.1863 0.30297
0.18635 0.28051
0.1864 0.299051
0.18645 0.332527
0.1865 0.283948
0.18655 0.287578
0.1866 0.336007
0.18665 0.302327
0.1867 0.30597
0.18675 0.328296
0.1868 0.369325
0.18685 0.339365
0.1869 0.305642
0.18695 0.301812
0.187 0.305461
0.18705 0.372727
0.1871 0.357701
0.18715 0.323943
0.1872 0.305138
0.18725 0.297556
0.1873 0.364908
0.18735 0.30863
0.1874 0.331036
0.18745 0.33471
0.1875 0.267118
0.18755 0.330792
0.1876 0.326963
0.18765 0.349409
0.1877 0.368118
0.18775 0.259138
0.1878 0.307865
0.18785 0.311535
0.1879 0.285136
0.18795 0.367756
0.188 0.337612
0.18805 0.345064
0.1881 0.360048
0.18815 0.284708
0.1882 0.359908
0.18825 0.344784
0.1883 0.344716
0.18835 0.306968
0.1884 0.359646
0.18845 0.408596
0.1885 0.374623
0.18855 0.287815
0.1886 0.314128
0.18865 0.332914
0.1887 0.336615
0.18875 0.359199
0.1888 0.321369
0.18885 0.264619
0.1889 0.33631
0.18895 0.321118
0.189 0.351286
0.18905 0.317184
0.1891 0.407894
0.18915 0.358668
0.1892 0.286693
0.18925 0.294167
0.1893 0.282712
0.18935 0.358372
0.1894 0.373468
0.18945 0.346886
0.1895 0.316492
0.18955 0.274698
0.1896 0.377005
0.18965 0.278311
0.1897 0.384469
0.18975 0.376831
0.1898 0.335014
0.18985 0.293164
0.1899 0.323462
0.18995 0.342384
0.19 0.349918
0.19005 0.311834
0.1901 0.334568
0.19015 0.3383
0.1902 0.30018
0.19025 0.372404
0.1903 0.360931
0.19035 0.311369
0.1904 0.288431
0.19045 0.295955
0.1905 0.330162
0.19055 0.394892
0.1906 0.318592
0.19065 0.337582
0.1907 0.444332
0.19075 0.306942
0.1908 0.245784
0.19085 0.306754
0.1909 0.318125
0.19095 0.310405
0.191 0.337068
0.19105 0.35993
0.1911 0.375164
0.19115 0.344522
0.1912 0.287081
0.19125 0.340549
0.1913 0.325173
0.19135 0.332753
0.1914 0.3748
0.19145 0.26751
0.1915 0.347855
0.19155 0.332463
0.1916 0.286395
0.19165 0.351477
0.1917 0.33224
0.19175 0.324496
0.1918 0.389649
0.19185 0.358903
0.1919 0.316616
0.19195 0.316536
0.192 0.320297
0.19205 0.366323
0.1921 0.281723
0.19215 0.308533
0.1922 0.316139
0.19225 0.300675
0.1923 0.292893
0.19235 0.292801
0.1924 0.315803
0.19245 0.277223
0.1925 0.30408
0.19255 0.35407
0.1926 0.377128
0.19265 0.26146
0.1927 0.284482
0.19275 0.33837
0.1928 0.307446
0.19285 0.268782
0.1929 0.280255
0.19295 0.322617
0.193 0.399761
0.19305 0.314761
0.1931 0.306955
0.19315 0.345511
0.1932 0.372502
0.19325 0.372452
0.1933 0.302796
0.19335 0.32205
0.1934 0.368402
0.19345 0.32578
0.1935 0.368287
0.19355 0.341131
0.1936 0.275224
0.19365 0.313864
0.1937 0.360284
0.19375 0.259452
0.1938 0.321376
0.19385 0.325178
0.1939 0.34062
0.19395 0.344434
0.194 0.301679
0.19405 0.359823
0.1941 0.317054
0.19415 0.28202
0.1942 0.332429
0.19425 0.351789
0.1943 0.40226
0.19435 0.37501
0.1944 0.312738
0.19445 0.300988
0.1945 0.285338
0.19455 0.331948
0.1946 0.38638
0.19465 0.327928
0.1947 0.359016
0.19475 0.26156
0.1948 0.347188
0.19485 0.390004
0.1949 0.323681
0.19495 0.347007
0.195 0.300133
0.19505 0.331263
0.1951 0.370223
0.19515 0.354557
0.1952 0.307639
0.19525 0.366147
0.1953 0.342653
0.19535 0.307417
0.1954 0.420696
0.19545 0.338562
0.1955 0.361962
0.19555 0.283668
0.1956 0.338356
0.19565 0.330462
0.1957 0.338222
0.19575 0.330324
0.1958 0.32242
0.19585 0.388952
0.1959 0.35756
0.19595 0.318304
0.196 0.369201
0.19605 0.302477
0.1961 0.353392
0.19615 0.325866
0.1962 0.341494
0.19625 0.278614
0.1963 0.290299
0.19635 0.384481
0.1964 0.298001
0.19645 0.286125
0.1965 0.293895
0.19655 0.344923
0.1966 0.348794
0.19665 0.293658
0.1967 0.352595
0.19675 0.360409
0.1968 0.376103
0.19685 0.320925
0.1969 0.352363
0.19695 0.305025
0.197 0.281297
0.19705 0.367927
0.1971 0.277188
0.19715 0.308644
0.1972 0.296729
0.19725 0.347941
0.1973 0.37551
0.19735 0.292556
0.1974 0.300366
0.19745 0.355582
0.1975 0.296261
0.19755 0.319887
0.1976 0.331672
0.19765 0.284156
0.1977 0.347344
0.19775 0.343328
0.1978 0.35118
0.19785 0.307584
0.1979 0.295627
0.19795 0.275741
0.198 0.29545
0.19805 0.291402
0.1981 0.346796
0.19815 0.318988
0.1982 0.354599
0.19825 0.354543
0.1983 0.294982
0.19835 0.302832
0.1984 0.334502
0.19845 0.298706
0.1985 0.334361
0.19855 0.350183
0.1986 0.338206
0.19865 0.318272
0.1987 0.338073
0.19875 0.318129
0.1988 0.345894
0.19885 0.337878
0.1989 0.254255
0.19895 0.349669
0.199 0.357573
0.19905 0.397339
0.1991 0.341543
0.19915 0.337497
0.1992 0.377283
0.19925 0.313463
0.1993 0.361231
0.19935 0.253503
0.1994 0.285309
0.19945 0.285219
0.1995 0.32903
0.19955 0.289042
0.1996 0.312912
0.19965 0.31683
0.1997 0.284796
0.19975 0.364626
0.1998 0.3326
0.19985 0.324538
0.1999 0.364458
