0.008345 -0.0250000004 0.0179790187 -0.0300292338 synchronous_release_0
0.028921 -0.0250000004 0.0169328017 0.0306313602 synchronous_release_1
0.036661 -0.0250000004 -0.0349939369 -0.000651443654 synchronous_release_1
0.003852 -0.0250000004 0.0320978214 0.0139545643 synchronous_release_0
0.027501 -0.0250000004 0.0281339178 -0.0208202466 synchronous_release_0
0.025334 -0.0250000004 -0.0121099023 -0.0328382439 synchronous_release_0
0.011572 -0.0250000004 0.0300098856 -0.0180112954 synchronous_release_0
0.02628 -0.0250000004 0.000593296592 0.0349949711 synchronous_release_0
0.02377 -0.0250000004 0.0125783057 -0.0326616936 synchronous_release_1
0.004653 -0.0250000004 -0.000897518888 0.000440976016 synchronous_release_0
0.027441 -0.0250000004 0.0194875152 -0.0290729557 synchronous_release_0
0.033093 -0.0250000004 0.0154341605 0.0314131611 synchronous_release_1
0.025933 -0.0250000004 -0.0193832209 -0.0291425934 synchronous_release_0
0.034061 -0.0250000004 -0.0349298366 0.00221506499 synchronous_release_0
0.03576 -0.0250000004 0.0193832209 0.0291425934 synchronous_release_0
0.028161 -0.0250000004 0.021695535 0.027464591 synchronous_release_0
0.025023 -0.0250000004 0.0007847026 -0.00061987243 synchronous_release_1
0.033745 -0.0250000004 -0.0315561276 -0.0151397098 synchronous_release_0
0.016939 -0.0250000004 0.0315561276 0.0151397098 synchronous_release_1
0.030742 -0.0250000004 0.000997093229 -7.61911569e-05 synchronous_release_1
0.039836 -0.0250000004 0.0288894371 -0.0197585532 synchronous_release_1
0.023386 -0.0250000004 -0.00266669049 -0.034898263 synchronous_release_2
0.02719 -0.0250000004 0.0152946789 -0.0314813087 synchronous_release_0
0.007321 -0.0250000004 -0.000857423386 -0.0349894959 synchronous_release_0
0.028196 -0.0250000004 0.0298730806 -0.0182372984 synchronous_release_0
0.024274 -0.0250000004 0.0122017715 -0.0328042188 synchronous_release_0
0.037371 -0.0250000004 0.0223084011 0.0269691535 synchronous_release_1
0.023801 -0.0250000004 -0.000267335907 -0.034998979 synchronous_release_0
0.033842 -0.0250000004 0.000267335907 0.034998979 synchronous_release_1
0.023837 -0.0250000004 -0.0265829275 0.0227672565 synchronous_release_0
0.028989 -0.0250000004 -0.00642555872 -0.0344051187 synchronous_release_1
0.009596 -0.0250000004 -0.0292716327 -0.0191877961 synchronous_release_0
0.02335 -0.0250000004 0.000548222747 -0.000836332362 synchronous_release_2
0.005997 -0.0250000004 -0.00157075639 -0.0349647354 synchronous_release_0
0.024146 -0.0250000004 0.0349831858 -0.00108476349 synchronous_release_0
0.027953 -0.0250000004 0.0244729434 -0.0250214916 synchronous_release_0
0.025886 -0.0250000004 0.0202688102 -0.0285337578 synchronous_release_0
0.023897 -0.0250000004 -0.014576554 -0.0318201834 synchronous_release_1
0.02366 -0.0250000004 0.0128276103 -0.0325645883 synchronous_release_0
0.024661 -0.0250000004 0.0217879556 0.0273913306 synchronous_release_0
0.034039 -0.0250000004 -0.0217879556 -0.0273913306 synchronous_release_0
0.023671 -0.0250000004 0.0228486945 0.0265129621 synchronous_release_0
0.037114 -0.0250000004 0.000757513203 -0.000652819843 synchronous_release_0
0.026305 -0.0250000004 -0.0008495799 -0.000527459945 synchronous_release_0
0.004619 -0.0250000004 0.0301066714 -0.0178490431 synchronous_release_0
0.02401 -0.0250000004 0.0231230166 0.0262740576 synchronous_release_0
0.025918 -0.0250000004 -0.00442934015 0.0347185965 synchronous_release_1
0.013419 -0.0250000004 0.0297856934 0.0183796754 synchronous_release_0
0.023266 -0.0250000004 -0.000784026932 0.000620726808 synchronous_release_0
0.023281 -0.0250000004 0.0052991334 0.0345965198 synchronous_release_0
0.003766 -0.0250000004 0.0258071365 -0.0236430054 synchronous_release_0
0.024301 -0.0250000004 0.00584632479 -0.0345082669 synchronous_release_0
0.024307 -0.0250000004 0.0279356066 -0.0210855848 synchronous_release_0
0.030477 -0.0250000004 0.0322284553 0.0136501526 synchronous_release_0
0.046108 -0.0250000004 -0.0279356066 0.0210855848 synchronous_release_0
0.023369 -0.0250000004 -0.0348922412 0.00274435904 synchronous_release_0
0.023458 -0.0250000004 -0.0258775311 0.023565937 synchronous_release_0
0.038675 -0.0250000004 0.0258775311 -0.023565937 synchronous_release_1
0.037374 -0.0250000004 0.0266141052 0.022730803 synchronous_release_0
0.024433 -0.0250000004 -0.00637840024 0.0344138927 synchronous_release_1
0.023392 -0.0250000004 0.0349543739 -0.00178654485 synchronous_release_0
0.027823 -0.0250000004 0.0159299937 -0.0311646482 synchronous_release_0
0.023681 -0.0250000004 0.0343753171 0.00658312781 synchronous_release_1
0.003359 -0.0250000004 -0.00475627562 -0.0346753204 synchronous_release_0
0.044198 -0.0250000004 0.00763725349 -0.0341565859 synchronous_release_0
0.024336 -0.0250000004 0.0347888418 -0.0038388133 synchronous_release_0
0.005191 -0.0250000004 0.0319415744 -0.0143085928 synchronous_release_0
0.023854 -0.0250000004 -0.020817247 -0.0281361374 synchronous_release_0
0.003897 -0.0250000004 0.0342847282 -0.00703970259 synchronous_release_0
0.024597 -0.0250000004 -0.0325058378 0.0129757662 synchronous_release_0
0.024442 -0.0250000004 0.0155570388 -0.0313524886 synchronous_release_0
0.024262 -0.0250000004 -0.0301622129 0.017755025 synchronous_release_0
0.030035 -0.0250000004 -0.0277193781 -0.0213690449 synchronous_release_1
0.025984 -0.0250000004 0.0342868611 -0.00702930705 synchronous_release_0
0.027632 -0.0250000004 0.023230989 0.0261786392 synchronous_release_1
0.024729 -0.0250000004 0.034792619 -0.00380442637 synchronous_release_0
0.023576 -0.0250000004 -0.034792619 0.00380442637 synchronous_release_1
0.0308 -0.0250000004 -0.00123145185 -0.0349783294 synchronous_release_0
0.026183 -0.0250000004 0.032916747 0.011894863 synchronous_release_1
0.003634 -0.0250000004 0.0234312897 -0.0259995127 synchronous_release_0
0.026773 -0.0250000004 0.0342318834 0.0072923358 synchronous_release_0
0.023873 -0.0250000004 -0.0322098796 -0.0136939277 synchronous_release_0
0.028858 -0.0250000004 0.0279642291 -0.0210476102 synchronous_release_0
0.017808 -0.0250000004 -0.0231744818 -0.026228675 synchronous_release_0
0.039883 -0.0250000004 0.000749390714 -0.000662128053 synchronous_release_0
0.031068 -0.0250000004 0.0349091313 0.00252042646 synchronous_release_0
0.023463 -0.0250000004 0.019637319 -0.0289719813 synchronous_release_1
0.024746 -0.0250000004 1.89259548e-05 -0.000999820888 synchronous_release_0
0.003435 -0.0250000004 0.0270556375 -0.0222034339 synchronous_release_0
0.024201 -0.0250000004 -0.0270556375 0.0222034339 synchronous_release_0
0.028146 -0.0250000004 -0.000352261499 0.000935901617 synchronous_release_0
0.024465 -0.0250000004 -0.0139940128 -0.0320806422 synchronous_release_0
0.030792 -0.0250000004 0.0207856448 -0.0281594917 synchronous_release_1
0.024772 -0.0250000004 0.0347580927 -0.00410791813 synchronous_release_0
0.039109 -0.0250000004 -0.0138214849 0.0321553503 synchronous_release_0
0.003689 -0.0250000004 0.0309808336 -0.0162845924 synchronous_release_0
0.035196 -0.0250000004 0.000822416956 -0.000568885182 synchronous_release_0
0.0425 -0.0250000004 0.0149726985 -0.0316357124 synchronous_release_0
0.023697 -0.0250000004 0.0340964151 -0.00790154885 synchronous_release_0
0.003746 -0.0250000004 0.0337553209 -0.0092508545 synchronous_release_0
0.025107 -0.0250000004 -0.0337553209 0.0092508545 synchronous_release_0
0.005668 -0.0250000004 0.0347663762 0.00403721241 synchronous_release_0
0.014316 -0.0250000004 0.000917919178 -0.000396767417 synchronous_release_0
0.004039 -0.0250000004 0.0341836631 0.00751512995 synchronous_release_0
0.009824 -0.0250000004 -0.023600125 0.0258463557 synchronous_release_0
0.017042 -0.0250000004 0.00492739338 0.0346514184 synchronous_release_0
0.02337 -0.0250000004 0.0275453119 -0.021592957 synchronous_release_0
0.023475 -0.0250000004 0.0325991114 -0.0127396208 synchronous_release_1
0.025326 -0.0250000004 -0.000990965255 -0.000134118841 synchronous_release_0
0.03116 -0.0250000004 -0.00469415944 0.0346837839 synchronous_release_0
0.031555 -0.0250000004 0.00469415944 -0.0346837839 synchronous_release_0
0.00457 -0.0250000004 0.0309666727 0.0163115045 synchronous_release_0
0.008574 -0.0250000004 0.0013571591 0.0349736775 synchronous_release_0
0.023796 -0.0250000004 0.0091318424 -0.0337877116 synchronous_release_2
0.023906 -0.0250000004 0.000838103729 -0.000545510897 synchronous_release_1
0.034493 -0.0250000004 0.0158572285 -0.0312017356 synchronous_release_1
0.024417 -0.0250000004 0.0217492059 -0.0274221086 synchronous_release_0
0.024068 -0.0250000004 0.00977194343 -0.0336081705 synchronous_release_0
0.024301 -0.0250000004 0.0261689539 -0.0232418986 synchronous_release_0
0.023756 -0.0250000004 -0.00678482656 -0.0343360762 synchronous_release_0
0.003917 -0.0250000004 -0.00202524031 -0.0349413566 synchronous_release_0
0.024907 -0.0250000004 0.0292474823 -0.0192245879 synchronous_release_0
0.02442 -0.0250000004 0.0340107676 0.00826242611 synchronous_release_0
0.003497 -0.0250000004 -0.02631609 0.0230751687 synchronous_release_0
0.023625 -0.0250000004 0.00682563727 0.0343279868 synchronous_release_0
0.033153 -0.0250000004 0.02631609 -0.0230751687 synchronous_release_0
0.024502 -0.0250000004 0.0339026368 -0.00869547104 synchronous_release_0
0.012012 -0.0250000004 0.0345206962 0.00577248047 synchronous_release_0
0.026263 -0.0250000004 0.0122612334 0.0327820401 synchronous_release_1
0.027192 -0.0250000004 -0.0122612334 -0.0327820401 synchronous_release_1
0.023244 -0.0250000004 0.0165618443 0.0308335096 synchronous_release_0
0.030574 -0.0250000004 0.000850278077 0.000526333727 synchronous_release_1
0.004203 -0.0250000004 3.78067456e-05 -0.000999285069 synchronous_release_0
0.029491 -0.0250000004 0.0163415326 0.030950837 synchronous_release_0
0.023687 -0.0250000004 0.018671885 -0.0296033902 synchronous_release_0
0.028344 -0.0250000004 -0.0349732304 -0.0013686317 synchronous_release_0
0.035327 -0.0250000004 -0.018671885 0.0296033902 synchronous_release_2
0.031721 -0.0250000004 0.0332857 -0.0108195274 synchronous_release_0
0.023675 -0.0250000004 0.00727286444 -0.0342360255 synchronous_release_1
0.023522 -0.0250000004 0.0337599413 -0.00923397869 synchronous_release_0
0.02475 -0.0250000004 0.000903283493 0.000429044206 synchronous_release_0
0.032784 -0.0250000004 0.0327864965 0.0122493122 synchronous_release_0
0.023676 -0.0250000004 0.0177870829 -0.0301433191 synchronous_release_0
0.004282 -0.0250000004 0.0341945976 -0.007465219 synchronous_release_0
0.030247 -0.0250000004 -0.000428649654 -0.000903470793 synchronous_release_0
0.013425 -0.0250000004 0.0330497326 -0.0115202071 synchronous_release_0
0.025545 -0.0250000004 -0.0330497326 0.0115202071 synchronous_release_1
0.007035 -0.0250000004 0.0299185527 0.0181626046 synchronous_release_0
0.013442 -0.0250000004 0.033999104 0.00831029043 synchronous_release_1
0.024128 -0.0250000004 0.0343339317 0.00679567047 synchronous_release_0
0.044212 -0.0250000004 0.0112817426 0.0331318923 synchronous_release_0
0.003471 -0.0250000004 0.0347842348 -0.00388033615 synchronous_release_0
0.024886 -0.0250000004 0.0224525245 0.0268492857 synchronous_release_0
0.003455 -0.0250000004 0.0257528476 0.0237021273 synchronous_release_0
0.025768 -0.0250000004 0.0334030682 -0.0104515566 synchronous_release_0
0.039904 -0.0250000004 0.00765022054 -0.0341536839 synchronous_release_0
0.024129 -0.0250000004 0.034911126 0.00249264496 synchronous_release_1
0.004454 -0.0250000004 -0.00544352626 -0.0345740947 synchronous_release_0
0.014306 -0.0250000004 -0.000628607982 -0.000777722319 synchronous_release_0
0.005687 -0.0250000004 0.0275581164 -0.0215766128 synchronous_release_0
0.016553 -0.0250000004 0.0179389568 -0.0300531833 synchronous_release_0
0.027819 -0.0250000004 -0.0170573418 -0.030562184 synchronous_release_0
0.032504 -0.0250000004 -0.0179389568 0.0300531833 synchronous_release_0
0.024436 -0.0250000004 0.0349962986 0.000509000632 synchronous_release_1
0.026913 -0.0250000004 0.0122951927 0.0327693185 synchronous_release_0
0.024123 -0.0250000004 0.0318759464 -0.014454205 synchronous_release_0
0.034844 -0.0250000004 0.00342026452 -0.0348324818 synchronous_release_1
0.025109 -0.0250000004 0.00262918888 0.0349011084 synchronous_release_0
0.031702 -0.0250000004 0.0315398409 0.0151736098 synchronous_release_0
0.023605 -0.0250000004 0.0249623421 0.0245332729 synchronous_release_0
0.024213 -0.0250000004 -0.00876526653 0.0338846588 synchronous_release_1
0.031709 -0.0250000004 0.000916693393 -0.00039959132 synchronous_release_0
0.025297 -0.0250000004 0.0313702738 -0.0155211442 synchronous_release_1
0.023455 -0.0250000004 0.0349268756 0.00226127341 synchronous_release_0
0.028392 -0.0250000004 0.0346568488 0.00488905214 synchronous_release_0
0.033163 -0.0250000004 0.000927378216 -0.000374125173 synchronous_release_0
0.032819 -0.0250000004 0.0332155966 -0.0110328664 synchronous_release_1
0.022981 -0.0250000004 0.0324505639 0.0131133865 synchronous_release_0
0.024116 -0.0250000004 0.0218804809 -0.0273174771 synchronous_release_0
0.025051 -0.0250000004 0.0280495921 0.020933714 synchronous_release_2
0.024095 -0.0250000004 0.0096907474 -0.0336316728 synchronous_release_0
0.024037 -0.0250000004 0.0220981974 0.0271416594 synchronous_release_1
0.024181 -0.0250000004 -0.0293022079 0.0191410713 synchronous_release_0
0.027824 -0.0250000004 0.0293022079 -0.0191410713 synchronous_release_0
0.028693 -0.0250000004 0.031227758 0.0158059208 synchronous_release_0
0.035216 -0.0250000004 0.0277973306 0.0212675436 synchronous_release_0
0.023451 -0.0250000004 0.0349770395 -0.00126755844 synchronous_release_1
0.023929 -0.0250000004 0.0218127911 0.0273715572 synchronous_release_0
0.025852 -0.0250000004 0.0346108594 -0.00520465256 synchronous_release_0
0.014109 -0.0250000004 0.0234301268 -0.0260005608 synchronous_release_0
0.026817 -0.0250000004 -0.0108020827 -0.0332913654 synchronous_release_0
0.028411 -0.0250000004 -0.0234301268 0.0260005608 synchronous_release_0
0.040237 -0.0250000004 0.0342322095 0.00729080461 synchronous_release_0
0.036068 -0.0250000004 -0.0331925123 0.0111021226 synchronous_release_0
0.026836 -0.0250000004 0.0262109763 0.0231944976 synchronous_release_1
0.003575 -0.0250000004 0.033191254 0.011105884 synchronous_release_1
0.036479 -0.0250000004 0.022274889 0.0269968391 synchronous_release_0
0.02397 -0.0250000004 0.034517393 -0.00579220024 synchronous_release_1
0.029801 -0.0250000004 0.0347159092 0.00445035393 synchronous_release_0
0.02718 -0.0250000004 0.0249718009 -0.0245236449 synchronous_release_1
0.008112 -0.0250000004 -0.0154006139 -0.0314296213 synchronous_release_0
0.033408 -0.0250000004 0.000830060956 0.000557672672 synchronous_release_0
0.023955 -0.0250000004 0.0170214232 -0.0305822032 synchronous_release_0
0.029272 -0.0250000004 0.000873777234 0.000486326377 synchronous_release_0
0.003599 -0.0250000004 -0.00960550912 0.0336561167 synchronous_release_0
0.026171 -0.0250000004 -0.00071847638 0.000695551358 synchronous_release_0
0.03853 -0.0250000004 0.00960550912 -0.0336561167 synchronous_release_0
0.024994 -0.0250000004 0.0147949847 0.0317192123 synchronous_release_0
0.023443 -0.0250000004 0.0206199566 0.0282810429 synchronous_release_0
0.028386 -0.0250000004 -0.0141821233 0.0319979277 synchronous_release_0
0.039775 -0.0250000004 0.0348020799 -0.00371688481 synchronous_release_0
0.023459 -0.0250000004 0.0317571955 -0.0147132774 synchronous_release_0
0.025118 -0.0250000004 0.0180706481 0.0299741835 synchronous_release_0
0.037691 -0.0250000004 -0.000244334164 0.0349991471 synchronous_release_0
0.025204 -0.0250000004 0.000506033519 -0.000862513813 synchronous_release_1
0.024059 -0.0250000004 0.0105659658 -0.0333670551 synchronous_release_0
0.029243 -0.0250000004 0.000738112067 -0.000674678128 synchronous_release_0
0.023644 -0.0250000004 0.0349819648 -0.00112344891 synchronous_release_0
0.032116 -0.0250000004 -0.0184639177 -0.0297335458 synchronous_release_0
0.042888 -0.0250000004 0.0165180471 -0.0308569947 synchronous_release_0
0.023606 -0.0250000004 0.0120706617 -0.0328526883 synchronous_release_0
0.027245 -0.0250000004 0.0344865935 -0.00597284447 synchronous_release_0
0.044117 -0.0250000004 -0.0344865935 0.00597284447 synchronous_release_0
0.037767 -0.0250000004 -0.000555473574 0.00083153419 synchronous_release_1
0.004139 -0.0250000004 0.0219626989 -0.0272514194 synchronous_release_0
0.023678 -0.0250000004 0.0345817709 0.00539454548 synchronous_release_0
0.037499 -0.0250000004 0.000932741853 -0.000360544915 synchronous_release_0
0.014499 -0.0250000004 -0.0204500789 0.0284041243 synchronous_release_0
0.026985 -0.0250000004 0.0348237326 0.00350822567 synchronous_release_0
0.036249 -0.0250000004 0.0143736538 0.0319123499 synchronous_release_0
0.003485 -0.0250000004 0.0342144155 -0.0073738575 synchronous_release_0
0.024789 -0.0250000004 0.0107212598 -0.0333174817 synchronous_release_0
0.028489 -0.0250000004 0.0349598115 -0.00167677746 synchronous_release_0
0.023865 -0.0250000004 -0.0160277739 0.0311144736 synchronous_release_1
0.027118 -0.0250000004 0.028409467 -0.020442656 synchronous_release_0
0.03452 -0.0250000004 0.0159744067 0.0311419064 synchronous_release_0
0.043038 -0.0250000004 0.0189824787 -0.0294051952 synchronous_release_1
0.033051 -0.0250000004 -0.000837329011 0.000546699303 synchronous_release_0
0.003602 -0.0250000004 0.0311730692 0.0159135086 synchronous_release_0
0.028244 -0.0250000004 -0.0119358375 -0.0329019115 synchronous_release_0
0.006486 -0.0250000004 -0.0248884386 0.024608243 synchronous_release_0
0.020284 -0.0250000004 0.0248884386 -0.024608243 synchronous_release_0
0.026099 -0.0250000004 -0.0337555829 -0.00924989858 synchronous_release_0
0.023525 -0.0250000004 0.0265706334 -0.0227816032 synchronous_release_0
0.039132 -0.0250000004 0.0064441304 0.0344016451 synchronous_release_0
0.003818 -0.0250000004 -0.0265706334 0.0227816032 synchronous_release_1
0.026894 -0.0250000004 0.0320124153 -0.0141493911 synchronous_release_0
0.031696 -0.0250000004 -0.0268062079 0.0225039378 synchronous_release_0
0.023431 -0.0250000004 0.0328920858 0.0119628881 synchronous_release_1
0.026197 -0.0250000004 0.0343492448 0.00671784064 synchronous_release_0
0.02365 -0.0250000004 0.0151716796 -0.0315407695 synchronous_release_0
0.040538 -0.0250000004 -0.0349009474 0.00263132478 synchronous_release_0
0.017108 -0.0250000004 -0.0197292678 -0.0289094447 synchronous_release_1
0.0295 -0.0250000004 0.0340192124 -0.00822758686 synchronous_release_0
0.024017 -0.0250000004 0.0208606382 -0.0281039815 synchronous_release_0
0.025561 -0.0250000004 0.0319884229 -0.0142035489 synchronous_release_0
0.003914 -0.0250000004 0.0201487481 0.0286186644 synchronous_release_0
0.023459 -0.0250000004 -8.97141583e-05 -0.000995967555 synchronous_release_0
0.042274 -0.0250000004 -0.0201487481 -0.0286186644 synchronous_release_0
0.023299 -0.0250000004 0.0251524452 -0.024338334 synchronous_release_1
0.037588 -0.0250000004 0.000970052099 -0.000242896942 synchronous_release_1
0.023627 -0.0250000004 0.0294392139 0.0189296774 synchronous_release_0
0.024656 -0.0250000004 0.0311131884 -0.0160302684 synchronous_release_0
0.048735 -0.0250000004 -0.00167397452 0.0349599458 synchronous_release_0
0.031795 -0.0250000004 0.000979073725 0.000203505876 synchronous_release_0
0.004075 -0.0250000004 0.0250541488 -0.0244395095 synchronous_release_0
0.025978 -0.0250000004 0.0336923105 0.0094777746 synchronous_release_1
0.004302 -0.0250000004 0.0337559735 0.00924847296 synchronous_release_0
0.018953 -0.0250000004 0.00886857423 0.0338577671 synchronous_release_0
0.033459 -0.0250000004 -0.0337559735 -0.00924847296 synchronous_release_0
0.02394 -0.0250000004 -0.000967364774 0.000253387835 synchronous_release_1
0.024927 -0.0250000004 -0.0246953253 -0.0248020344 synchronous_release_0
0.011631 -0.0250000004 0.0091315292 -0.0337877962 synchronous_release_1
0.023292 -0.0250000004 -0.0101674552 -0.0334906383 synchronous_release_0
0.030644 -0.0250000004 0.0101674552 0.0334906383 synchronous_release_1
0.028135 -0.0250000004 0.030000216 -0.0180273969 synchronous_release_1
0.024581 -0.0250000004 -0.000256901195 0.000966437673 synchronous_release_0
0.026369 -0.0250000004 0.0338253186 0.00899154184 synchronous_release_1
0.009237 -0.0250000004 0.0319585696 -0.0142705932 synchronous_release_0
0.024269 -0.0250000004 -0.0344301719 -0.00628993364 synchronous_release_0
0.03967 -0.0250000004 0.0226623283 -0.0266724367 synchronous_release_1
0.023288 -0.0250000004 0.000988513463 -0.000151132836 synchronous_release_0
0.024505 -0.0250000004 -0.0332407745 0.0109567747 synchronous_release_0
0.036358 -0.0250000004 0.007131542 -0.0342657425 synchronous_release_0
0.030873 -0.0250000004 0.0130407058 -0.0324798398 synchronous_release_0
0.023375 -0.0250000004 0.0216477886 -0.0275022408 synchronous_release_0
0.030975 -0.0250000004 -0.0346415335 -0.00499641442 synchronous_release_0
0.00415 -0.0250000004 -0.0134736551 -0.0323026411 synchronous_release_0
0.024888 -0.0250000004 0.0212380802 -0.0278198481 synchronous_release_1
0.003372 -0.0250000004 0.0337513945 0.00926516952 synchronous_release_0
0.023942 -0.0250000004 -0.0088518251 -0.0338621499 synchronous_release_0
0.024792 -0.0250000004 -0.0135747025 0.0322603077 synchronous_release_0
0.023454 -0.0250000004 0.00434890283 -0.0347287639 synchronous_release_1
0.024933 -0.0250000004 0.0322504432 -0.0135981216 synchronous_release_1
0.00385 -0.0250000004 -0.00412122167 0.0347565178 synchronous_release_0
0.023653 -0.0250000004 0.0280394166 0.0209473416 synchronous_release_0
0.023684 -0.0250000004 0.0190660004 0.0293511095 synchronous_release_0
0.032324 -0.0250000004 -5.24596001e-05 -0.000998623047 synchronous_release_0
0.003435 -0.0250000004 0.0188378684 0.0294980459 synchronous_release_0
0.025189 -0.0250000004 0.0314007304 -0.015459435 synchronous_release_0
0.028648 -0.0250000004 -0.00231210172 0.0349235477 synchronous_release_0
0.024555 -0.0250000004 0.0280134066 0.0209821127 synchronous_release_0
0.032246 -0.0250000004 0.020278227 -0.0285270663 synchronous_release_0
0.024778 -0.0250000004 0.0170554171 0.0305632581 synchronous_release_0
0.033637 -0.0250000004 0.00928542976 0.0337458263 synchronous_release_0
0.02495 -0.0250000004 -0.00928542976 -0.0337458263 synchronous_release_1
0.008132 -0.0250000004 -0.0292338675 -0.0192452848 synchronous_release_0
0.023926 -0.0250000004 0.0312838393 -0.0156946295 synchronous_release_0
0.025198 -0.0250000004 -0.0020499718 0.0349399144 synchronous_release_0
0.03306 -0.0250000004 0.0292338675 0.0192452848 synchronous_release_0
0.034156 -0.0250000004 -0.000622655194 -0.000782496332 synchronous_release_0
0.024108 -0.0250000004 0.0253302 0.0241532807 synchronous_release_0
0.004071 -0.0250000004 0.0335824546 -0.00985995639 synchronous_release_1
0.003912 -0.0250000004 0.0308823465 -0.0164706004 synchronous_release_0
0.007338 -0.0250000004 0.0348956103 -0.00270118178 synchronous_release_0
0.009709 -0.0250000004 -0.0151085131 0.0315710759 synchronous_release_0
0.01498 -0.0250000004 0.0151085131 -0.0315710759 synchronous_release_0
0.003638 -0.0250000004 0.0335463382 -0.00998214363 synchronous_release_0
0.040089 -0.0250000004 -0.0335463382 0.00998214363 synchronous_release_0
0.023422 -0.0250000004 -0.000688350685 -0.000725378064 synchronous_release_1
0.007311 -0.0250000004 0.0348330458 -0.00341451612 synchronous_release_0
0.023088 -0.0250000004 0.000994018674 -0.000109210237 synchronous_release_0
0.035573 -0.0250000004 0.00382235831 0.0347906536 synchronous_release_0
0.02608 -0.0250000004 0.0233607773 0.0260628871 synchronous_release_1
0.018342 -0.0250000004 -0.0124744179 0.0327015122 synchronous_release_0
0.023545 -0.0250000004 0.0277742578 0.0212976666 synchronous_release_0
0.004291 -0.0250000004 -0.034768607 0.004017956 synchronous_release_0
0.023558 -0.0250000004 0.034768607 -0.004017956 synchronous_release_0
0.024693 -0.0250000004 0.0208639554 0.0281015189 synchronous_release_0
0.025299 -0.0250000004 0.0048157985 -0.0346671038 synchronous_release_0
0.003632 -0.0250000004 3.92255782e-05 -0.000999230381 synchronous_release_0
0.023456 -0.0250000004 0.0186754938 -0.0296011137 synchronous_release_0
0.029186 -0.0250000004 0.0162975695 0.0309740089 synchronous_release_0
0.004181 -0.0250000004 0.0344066894 0.00641714287 synchronous_release_0
0.024857 -0.0250000004 0.0227736048 -0.0265774891 synchronous_release_0
0.003633 -0.0250000004 -0.0177665559 0.0301554223 synchronous_release_0
0.025471 -0.0250000004 0.0318071237 0.0146050293 synchronous_release_0
0.028186 -0.0250000004 0.0285518883 -0.0202432625 synchronous_release_0
0.026754 -0.0250000004 -0.00294085406 -0.0348762294 synchronous_release_1
0.024128 -0.0250000004 0.0347090866 0.00450325486 synchronous_release_0
0.005451 -0.0250000004 0.0153801283 -0.031439651 synchronous_release_0
0.015521 -0.0250000004 0.0195374723 0.0290394073 synchronous_release_0
0.043083 -0.0250000004 -0.0217744315 0.0274020827 synchronous_release_0
0.004015 -0.0250000004 0.0103635595 0.0334304746 synchronous_release_0
0.006833 -0.0250000004 0.0345358895 0.00568087468 synchronous_release_0
0.029475 -0.0250000004 0.000162310705 -0.0009867397 synchronous_release_0
0.03079 -0.0250000004 -0.012348163 -0.032749395 synchronous_release_0
0.023856 -0.0250000004 0.012348163 0.032749395 synchronous_release_1
0.023984 -0.0250000004 -0.0347779034 -0.00393667796 synchronous_release_0
0.031414 -0.0250000004 0.0347779034 0.00393667796 synchronous_release_0
0.004807 -0.0250000004 -0.000463456987 0.000886119417 synchronous_release_0
0.025083 -0.0250000004 -0.000997856164 -6.54452108e-05 synchronous_release_1
0.02883 -0.0250000004 0.00683336364 0.0343264496 synchronous_release_0
0.035443 -0.0250000004 -0.00683336364 -0.0343264496 synchronous_release_0
0.006728 -0.0250000004 0.0247783535 0.0247190857 synchronous_release_0
0.023519 -0.0250000004 0.0337965329 -0.0090991407 synchronous_release_0
0.031082 -0.0250000004 0.000966235041 0.000257662271 synchronous_release_0
0.02533 -0.0250000004 -7.63789763e-05 -0.000997078859 synchronous_release_0
0.0269 -0.0250000004 -0.0285654728 0.0202240888 synchronous_release_0
0.036726 -0.0250000004 -0.000577831108 -0.000816156364 synchronous_release_1
0.00582 -0.0250000004 0.0343941189 -0.00648417945 synchronous_release_0
0.023612 -0.0250000004 0.0115815953 -0.0330282705 synchronous_release_0
0.030966 -0.0250000004 -0.0284428193 0.0203962259 synchronous_release_0
0.03602 -0.0250000004 0.00344224019 0.034830317 synchronous_release_0
0.025555 -0.0250000004 0.0220077529 -0.0272150475 synchronous_release_0
0.023451 -0.0250000004 0.0258478951 0.0235984389 synchronous_release_0
0.023744 -0.0250000004 0.0231893204 0.0262155568 synchronous_release_1
0.027313 -0.0250000004 0.0342979984 -0.0069747622 synchronous_release_1
0.028737 -0.0250000004 -0.0347389707 0.00426660479 synchronous_release_0
0.007138 -0.0250000004 -0.0190358303 -0.0293706855 synchronous_release_0
0.024458 -0.0250000004 0.0190358303 0.0293706855 synchronous_release_0
0.030485 -0.0250000004 0.0349536749 -0.00180016984 synchronous_release_0
0.02327 -0.0250000004 0.0264159422 0.0229607926 synchronous_release_0
0.029098 -0.0250000004 0.0330926008 -0.0113964807 synchronous_release_1
0.003249 -0.0250000004 0.0188302723 0.0295028955 synchronous_release_0
0.024498 -0.0250000004 0.0349653932 -0.00155604641 synchronous_release_1
0.005428 -0.0250000004 0.0267735566 0.0225427741 synchronous_release_0
0.024301 -0.0250000004 0.0093886168 0.0337172637 synchronous_release_1
0.025371 -0.0250000004 0.0338943154 0.00872785122 synchronous_release_1
0.038163 -0.0250000004 0.0245056986 -0.0249894125 synchronous_release_1
0.023804 -0.0250000004 0.0338904504 0.00874284708 synchronous_release_1
0.004149 -0.0250000004 -0.0193415945 0.029170237 synchronous_release_0
0.024008 -0.0250000004 -0.015591369 -0.0313354306 synchronous_release_0
0.03 -0.0250000004 0.0349329635 0.00216519367 synchronous_release_0
0.039857 -0.0250000004 6.18626762e-05 -0.00099808467 synchronous_release_0
0.027248 -0.0250000004 -0.00903562695 -0.033813569 synchronous_release_0
0.023489 -0.0250000004 0.0256285567 -0.0238364654 synchronous_release_0
0.0244 -0.0250000004 -0.0256285567 0.0238364654 synchronous_release_0
0.004199 -0.0250000004 0.0271288224 0.0221139547 synchronous_release_0
0.023676 -0.0250000004 -0.00558683534 0.0345512268 synchronous_release_0
0.024005 -0.0250000004 0.00356251793 -0.0348182203 synchronous_release_0
0.023475 -0.0250000004 0.0433008589 0.0424268266 synchronous_release_0
0.028448 -0.0250000004 0.0244951398 -0.0249997625 synchronous_release_0
0.036586 -0.0250000004 -0.000248958058 0.000968514267 synchronous_release_0
0.024539 -0.0250000004 0.0266649804 0.022671101 synchronous_release_0
0.029049 -0.0250000004 0.000647745742 -0.000761856584 synchronous_release_0
0.008013 -0.0250000004 0.0128456535 0.0325574751 synchronous_release_0
0.033067 -0.0250000004 -0.0128456535 -0.0325574751 synchronous_release_0
0.024143 -0.0250000004 -0.0345040285 -0.00587128741 synchronous_release_1
0.023515 -0.0250000004 0.0206103695 -0.0282880305 synchronous_release_0
0.032496 -0.0250000004 0.000808229442 0.000588867701 synchronous_release_0
0.024953 -0.0250000004 0.0325927172 0.0127559705 synchronous_release_1
0.023513 -0.0250000004 0.00416981904 -0.034750721 synchronous_release_0
0.004741 -0.0250000004 0.0257992158 -0.0236516482 synchronous_release_0
0.024352 -0.0250000004 0.0309406122 -0.0163608837 synchronous_release_0
0.029599 -0.0250000004 0.0349499975 -0.0018702063 synchronous_release_0
0.029178 -0.0250000004 -0.0129033471 -0.0325346528 synchronous_release_0
0.0413 -0.0250000004 0.00882081517 -0.0599766056 synchronous_release_0
0.023495 -0.0250000004 0.0217241623 -0.0274419528 synchronous_release_1
0.028639 -0.0250000004 0.0238485041 0.0256173545 synchronous_release_0
0.023234 -0.0250000004 0.0293736518 0.0190312526 synchronous_release_0
0.033388 -0.0250000004 0.00179472234 -0.034953955 synchronous_release_1
0.004076 -0.0250000004 0.0349999832 -3.427066e-05 synchronous_release_0
0.004036 -0.0250000004 0.0349992653 -0.000226780428 synchronous_release_1
0.00411 -0.0250000004 -0.0190638962 0.0293524762 synchronous_release_0
0.023661 -0.0250000004 0.015888042 0.0311860565 synchronous_release_0
0.023934 -0.0250000004 0.0326347729 0.0126479878 synchronous_release_0
0.009022 -0.0250000004 -0.00536390775 -0.0345865363 synchronous_release_1
0.023271 -0.0250000004 0.00814423029 0.0340392643 synchronous_release_0
0.035716 -0.0250000004 0.0254067524 -0.0240727425 synchronous_release_1
0.023832 -0.0250000004 0.0161038853 0.0310751489 synchronous_release_0
0.032831 -0.0250000004 0.0171794733 -0.0304936993 synchronous_release_0
0.037722 -0.0250000004 0.0349980549 -0.000368989307 synchronous_release_0
0.025074 -0.0250000004 0.0179970027 -0.0300184592 synchronous_release_1
0.023549 -0.0250000004 0.0329036144 -0.0119311425 synchronous_release_0
0.025862 -0.0250000004 0.0267844797 0.0225297947 synchronous_release_0
0.017938 -0.0250000004 0.000950057101 -0.000312076121 synchronous_release_0
0.027163 -0.0250000004 -0.000757850573 -0.000652428164 synchronous_release_0
0.00671 -0.0250000004 0.0224292057 0.0268687687 synchronous_release_0
0.023422 -0.0250000004 0.0120544334 -0.0328586463 synchronous_release_0
0.033995 -0.0250000004 0.0344836391 -0.00598987763 synchronous_release_0
0.023937 -0.0250000004 -0.0257087133 0.0237499907 synchronous_release_0
0.026317 -0.0250000004 0.033422452 0.0103894035 synchronous_release_1
0.00539 -0.0250000004 -0.000508971558 -0.000860783337 synchronous_release_0
0.023673 -0.0250000004 0.0602548336 -0.035628009 synchronous_release_0
0.028712 -0.0250000004 -0.0304910889 -0.017184106 synchronous_release_0
0.003702 -0.0250000004 0.0281578465 -0.0207878734 synchronous_release_0
0.023285 -0.0250000004 0.0320817497 0.0139914737 synchronous_release_0
0.023607 -0.0250000004 -0.0097547572 -0.0336131628 synchronous_release_0
0.025092 -0.0250000004 0.0250039169 0.0244908991 synchronous_release_0
0.003768 -0.0250000004 0.0273302083 0.0218645768 synchronous_release_0
0.023487 -0.0250000004 0.00527017479 -0.034600943 synchronous_release_0
0.034517 -0.0250000004 0.0190151602 0.0293840719 synchronous_release_1
0.029827 -0.0250000004 0.0288638705 -0.0197958829 synchronous_release_0
0.027235 -0.0250000004 0.0145726666 0.0318219639 synchronous_release_0
0.003823 -0.0250000004 0.0345285077 0.00572557041 synchronous_release_0
0.023587 -0.0250000004 -0.0123057644 -0.03276535 synchronous_release_0
0.045084 -0.0250000004 0.0222227433 -0.0270397796 synchronous_release_0
0.049277 -0.0250000004 0.000936152858 -0.000351593269 synchronous_release_1
0.023368 -0.0250000004 -0.00313724496 -0.0348591121 synchronous_release_0
0.025669 -0.0250000004 0.000575613996 0.000817721546 synchronous_release_0
0.008825 -0.0250000004 0.0286202541 -0.0201464899 synchronous_release_1
0.00454 -0.0250000004 0.0059127552 0.0344969466 synchronous_release_0
0.027037 -0.0250000004 -0.0328316097 -0.0121278771 synchronous_release_0
0.024784 -0.0250000004 -0.021491862 -0.0276242623 synchronous_release_0
0.030218 -0.0250000004 -0.0346692439 0.00480036734 synchronous_release_1
0.022963 -0.0250000004 0.0265752941 -0.0227761661 synchronous_release_0
0.02872 -0.0250000004 -0.0265752941 0.0227761661 synchronous_release_0
0.034804 -0.0250000004 0.00643709144 0.0344029629 synchronous_release_0
0.024454 -0.0250000004 -0.0065883772 0.0343743114 synchronous_release_0
0.040149 -0.0250000004 0.0264748383 0.0228928577 synchronous_release_0
0.023558 -0.0250000004 0.0248429237 0.0246541911 synchronous_release_0
0.028641 -0.0250000004 0.0273160632 0.021882246 synchronous_release_1
0.026553 -0.0250000004 -0.0249032921 -0.0245932113 synchronous_release_1
0.028115 -0.0250000004 -0.000469689106 -0.000882831888 synchronous_release_0
0.02342 -0.0250000004 0.0348990178 0.00265679479 synchronous_release_0
0.011156 -0.0250000004 0.0345358317 0.00568122622 synchronous_release_0
0.007832 -0.0250000004 0.0347403008 0.00425576088 synchronous_release_0
0.004312 -0.0250000004 0.0194881552 -0.0290725267 synchronous_release_0
0.024976 -0.0250000004 0.0154334691 0.0314135008 synchronous_release_0
0.024626 -0.0250000004 0.0299766802 0.0180665062 synchronous_release_0
0.028997 -0.0250000004 0.0306343934 -0.0169273134 synchronous_release_1
0.023372 -0.0250000004 0.0118959075 -0.0329163695 synchronous_release_1
0.023923 -0.0250000004 0.0343565734 0.00668025938 synchronous_release_0
0.034681 -0.0250000004 0.022963561 -0.0264135356 synchronous_release_1
0.028321 -0.0250000004 0.00394601398 -0.0347768454 synchronous_release_0
0.031399 -0.0250000004 -0.0306028076 0.0169843507 synchronous_release_0
0.033016 -0.0250000004 -0.0300102829 -0.0180106335 synchronous_release_1
0.023257 -0.0250000004 0.0203197922 -0.0284974743 synchronous_release_2
0.023664 -0.0250000004 0.0320623125 0.0140359579 synchronous_release_0
0.026842 -0.0250000004 0.0281866524 -0.0207487982 synchronous_release_0
0.023943 -0.0250000004 0.0299442774 -0.0181201614 synchronous_release_0
0.024543 -0.0250000004 0.013248541 -0.0323956195 synchronous_release_0
0.023558 -0.0250000004 0.0244597891 -0.0250343507 synchronous_release_0
0.027679 -0.0250000004 0.000962856403 -0.000270013976 synchronous_release_0
0.047207 -0.0250000004 -0.00168459841 0.0349594355 synchronous_release_0
0.02596 -0.0250000004 0.02943346 0.0189386227 synchronous_release_1
0.027281 -0.0250000004 -0.0125707005 -0.0326646214 synchronous_release_0
0.030595 -0.0250000004 -0.000681727032 0.000731606625 synchronous_release_0
0.02444 -0.0250000004 -0.0245659309 -0.0249302033 synchronous_release_0
0.024645 -0.0250000004 0.0216497872 0.0275006675 synchronous_release_0
0.024733 -0.0250000004 0.0147462435 -0.0317419014 synchronous_release_0
0.031602 -0.0250000004 0.0201161712 0.0286415722 synchronous_release_0
0.036819 -0.0250000004 0.0304723034 0.0172173959 synchronous_release_0
0.023389 -0.0250000004 0.000526537585 -0.000850151852 synchronous_release_0
0.035928 -0.0250000004 0.0308374798 -0.0165544508 synchronous_release_0
0.04687 -0.0250000004 0.0297553148 0.0184288155 synchronous_release_0
0.008476 -0.0250000004 -0.014519083 0.0318464477 synchronous_release_0
0.023415 -0.0250000004 0.0337493664 0.00927255453 synchronous_release_0
0.028651 -0.0250000004 -0.0225507036 -0.0267668782 synchronous_release_0
0.028021 -0.0250000004 -0.0014071659 -0.0349717012 synchronous_release_1
0.003253 -0.0250000004 0.0294215933 0.0189570526 synchronous_release_0
0.027699 -0.0250000004 0.0311280858 -0.0160013209 synchronous_release_0
0.023039 -0.0250000004 -0.0204271101 0.028420647 synchronous_release_0
0.023951 -0.0250000004 0.0204271101 -0.028420647 synchronous_release_0
0.028819 -0.0250000004 0.0492260046 0.0353807925 synchronous_release_0
0.01241 -0.0250000004 -0.0130050432 0.0324941356 synchronous_release_0
0.023584 -0.0250000004 0.033553296 -0.00995873133 synchronous_release_0
0.024511 -0.0250000004 0.0265352919 -0.0228227581 synchronous_release_0
0.031947 -0.0250000004 -0.0265352919 0.0228227581 synchronous_release_0
0.026903 -0.0250000004 -0.0320990167 0.0139518146 synchronous_release_0
0.023537 -0.0250000004 0.0248705525 0.0246263196 synchronous_release_0
0.027253 -0.0250000004 -0.0248705525 -0.0246263196 synchronous_release_0
0.031278 -0.0250000004 0.0337622946 -0.00922537052 synchronous_release_0
0.003919 -0.0250000004 0.0347316227 0.00432601245 synchronous_release_0
0.032473 -0.0250000004 -0.021112248 0.0279154614 synchronous_release_0
0.025382 -0.0250000004 0.021112248 -0.0279154614 synchronous_release_1
0.023697 -0.0250000004 0.0205259858 -0.0283493193 synchronous_release_0
0.033579 -0.0250000004 0.0348142236 0.00360136546 synchronous_release_0
0.036694 -0.0250000004 -0.0142882378 -0.0319506848 synchronous_release_0
0.005871 -0.0250000004 -0.000638899926 0.000769289857 synchronous_release_0
0.024059 -0.0250000004 0.0344596591 0.00612632788 synchronous_release_0
0.026212 -0.0250000004 0.0299371423 -0.0181319473 synchronous_release_0
0.019778 -0.0250000004 -0.000518055637 -0.000855346922 synchronous_release_1
0.024049 -0.0250000004 0.0218312757 -0.0273568164 synchronous_release_0
0.024126 -0.0250000004 0.0335132056 -0.0100928218 synchronous_release_1
0.035771 -0.0250000004 0.0107616194 0.0333044674 synchronous_release_0
0.004734 -0.0250000004 0.0326169465 -0.0126938883 synchronous_release_0
0.024813 -0.0250000004 -0.000362682524 -0.000931912757 synchronous_release_0
0.028236 -0.0250000004 -0.027301703 -0.0219001601 synchronous_release_0
0.044008 -0.0250000004 0.027301703 0.0219001601 synchronous_release_0
0.008518 -0.0250000004 0.0258949724 -0.0235467705 synchronous_release_0
0.03119 -0.0250000004 -0.0266288487 0.0227135294 synchronous_release_1
0.030339 -0.0250000004 0.0172603319 -0.0304480039 synchronous_release_0
0.023631 -0.0250000004 -0.017738579 -0.0301718878 synchronous_release_1
0.00491 -0.0250000004 0.0224563166 0.0268461142 synchronous_release_0
0.016193 -0.0250000004 0.0175503616 -0.030281757 synchronous_release_0
0.02359 -0.0250000004 0.00366494416 -0.034807588 synchronous_release_0
0.029798 -0.0250000004 -0.0329598555 0.0117748853 synchronous_release_0
0.004926 -0.0250000004 0.0341659838 -0.00759510046 synchronous_release_0
0.04323 -0.0250000004 0.0187338612 -0.0295642088 synchronous_release_0
0.025458 -0.0250000004 0.0273956699 -0.0217824991 synchronous_release_0
0.023556 -0.0250000004 0.0325620326 0.0128340965 synchronous_release_1
0.023611 -0.0250000004 0.0268557284 0.0224448179 synchronous_release_0
0.034945 -0.0250000004 0.000322425159 -0.000946594959 synchronous_release_0
0.024752 -0.0250000004 -0.0331308236 -0.0112848806 synchronous_release_1
0.041278 -0.0250000004 -0.00679241854 -0.0343345751 synchronous_release_1
0.025759 -0.0250000004 0.0292103997 0.0192808855 synchronous_release_0
0.031401 -0.0250000004 -0.000550882444 0.00083458285 synchronous_release_0
0.029861 -0.0250000004 0.0246993625 -0.0247980138 synchronous_release_1
0.023766 -0.0250000004 0.00412204466 -0.0347564202 synchronous_release_0
0.032592 -0.0250000004 0.0321609652 -0.0138084147 synchronous_release_1
0.027688 -0.0250000004 -0.0285752145 -0.0202103221 synchronous_release_1
0.004553 -0.0250000004 0.0311011063 -0.016053697 synchronous_release_0
0.032388 -0.0250000004 0.000458677056 0.000888603038 synchronous_release_0
0.027441 -0.0250000004 0.0312193337 -0.0158225537 synchronous_release_0
0.043348 -0.0250000004 0.0019069334 -0.0349480129 synchronous_release_0
0.028867 -0.0250000004 0.0293124003 0.0191254592 synchronous_release_1
0.030377 -0.0250000004 -0.02977351 0.0183994049 synchronous_release_0
0.024191 -0.0250000004 0.0308211071 0.0165849136 synchronous_release_1
0.029159 -0.0250000004 -0.00104759705 -0.0349843185 synchronous_release_2
0.023932 -0.0250000004 0.0162771578 0.0309847403 synchronous_release_0
0.023632 -0.0250000004 0.0349398424 0.00205119844 synchronous_release_1
0.029416 -0.0250000004 0.034912662 0.00247103889 synchronous_release_1
0.003792 -0.0250000004 -0.00562111914 0.0345456657 synchronous_release_0
0.044546 -0.0250000004 0.00562111914 -0.0345456657 synchronous_release_0
0.031848 -0.0250000004 0.0327279837 -0.0124048009 synchronous_release_1
0.025248 -0.0250000004 0.0246525856 0.024844517 synchronous_release_0
0.005718 -0.0250000004 0.0349537669 0.00179838165 synchronous_release_0
0.024063 -0.0250000004 -0.0159194393 -0.031170041 synchronous_release_0
0.026818 -0.0250000004 0.0190343277 -0.0293716593 synchronous_release_0
0.00342 -0.0250000004 0.0191738468 0.0292807719 synchronous_release_0
0.025465 -0.0250000004 0.000836593482 -0.000547824193 synchronous_release_0
0.023431 -0.0250000004 -0.0262413188 0.0231601638 synchronous_release_0
0.008548 -0.0250000004 0.000318444767 -0.000947941417 synchronous_release_1
0.023851 -0.0250000004 0.0139144876 0.032115215 synchronous_release_0
0.039635 -0.0250000004 0.000781957145 -0.000623332193 synchronous_release_1
0.039464 -0.0250000004 0.000556930329 0.000830559215 synchronous_release_0
0.029383 -0.0250000004 -0.0349998555 0.000100589236 synchronous_release_0
0.023558 -0.0250000004 0.0347359238 -0.00429133996 synchronous_release_0
0.003402 -0.0250000004 0.0322798984 0.0135280508 synchronous_release_0
0.024886 -0.0250000004 0.00442431355 0.0347192375 synchronous_release_0
0.023712 -0.0250000004 0.0129854737 0.0325019611 synchronous_release_0
0.023963 -0.0250000004 0.0201637065 -0.0286081272 synchronous_release_0
0.006042 -0.0250000004 0.0287422818 -0.0199720114 synchronous_release_0
0.02451 -0.0250000004 0.0316674101 0.0149055405 synchronous_release_0
0.023638 -0.0250000004 0.0138666363 -0.0321359051 synchronous_release_0
0.027563 -0.0250000004 0.0208971921 0.0280768118 synchronous_release_0
0.036802 -0.0250000004 -0.0167939917 0.0307076838 synchronous_release_0
0.010243 -0.0250000004 0.0167939917 -0.0307076838 synchronous_release_1
0.023273 -0.0250000004 0.00656061774 0.0343796203 synchronous_release_0
0.003762 -0.0250000004 0.0180315098 -0.0299977442 synchronous_release_0
0.007165 -0.0250000004 -0.0169630536 -0.0306146176 synchronous_release_0
0.008814 -0.0250000004 -0.0180315098 0.0299977442 synchronous_release_0
0.025503 -0.0250000004 0.0348679675 0.0030372427 synchronous_release_0
0.030325 -0.0250000004 0.0200643131 -0.0286779243 synchronous_release_0
0.033097 -0.0250000004 -0.0200643131 0.0286779243 synchronous_release_2
0.024019 -0.0250000004 0.0308573415 -0.0165173991 synchronous_release_0
0.028434 -0.0250000004 0.0011241835 -0.0349819412 synchronous_release_2
0.008795 -0.0250000004 0.000184108115 -0.000982905998 synchronous_release_0
0.023734 -0.0250000004 0.0344017099 0.00644378404 synchronous_release_1
0.023608 -0.0250000004 -0.00116535947 0.0349805937 synchronous_release_0
0.039321 -0.0250000004 -0.000904085098 -0.000427352472 synchronous_release_0
0.023421 -0.0250000004 0.0123720987 -0.03274036 synchronous_release_0
0.038718 -0.0250000004 0.029624647 -0.0186381407 synchronous_release_1
0.024248 -0.0250000004 -0.00655920913 0.0343798891 synchronous_release_0
0.028534 -0.0250000004 0.00655920913 -0.0343798891 synchronous_release_1
0.010354 -0.0250000004 0.00375452957 0.0347980388 synchronous_release_0
0.024279 -0.0250000004 0.0258012971 0.0236493777 synchronous_release_0
0.023821 -0.0250000004 0.0218839525 0.0273146961 synchronous_release_0
0.031629 -0.0250000004 -0.0218839525 -0.0273146961 synchronous_release_0
0.006944 -0.0250000004 0.0287391818 -0.0199764719 synchronous_release_0
0.029455 -0.0250000004 -0.0287391818 0.0199764719 synchronous_release_0
0.023539 -0.0250000004 -0.0110871032 0.0331975322 synchronous_release_0
0.031677 -0.0250000004 0.0232063546 0.0262004791 synchronous_release_1
0.00344 -0.0250000004 0.0295259526 0.0187940981 synchronous_release_0
0.024057 -0.0250000004 0.0310391427 -0.016173176 synchronous_release_0
0.011536 -0.0250000004 0.00970510742 0.0336275317 synchronous_release_0
0.024174 -0.0250000004 0.0339748505 0.00840889629 synchronous_release_0
0.032723 -0.0250000004 -0.00970510742 -0.0336275317 synchronous_release_0
0.023368 -0.0250000004 0.00460264913 0.0346960462 synchronous_release_0
0.032542 -0.0250000004 -0.00460264913 -0.0346960462 synchronous_release_0
0.024283 -0.0250000004 0.0091882165 0.0337724248 synchronous_release_0
0.040259 -0.0250000004 0.0246536696 -0.0248434413 synchronous_release_1
0.026128 -0.0250000004 0.00099128987 -0.000131698113 synchronous_release_0
0.023449 -0.0250000004 0.0119767008 -0.0328870588 synchronous_release_0
0.003478 -0.0250000004 0.0344693788 -0.00607140224 synchronous_release_1
0.026058 -0.0250000004 -0.000999963486 8.5455686e-06 synchronous_release_0
0.031525 -0.0250000004 0.0301602349 -0.0177583848 synchronous_release_0
0.023723 -0.0250000004 0.0332287746 -0.0109931131 synchronous_release_1
0.023328 -0.0250000004 0.0112329333 -0.0595719834 synchronous_release_0
0.006577 -0.0250000004 0.0271602538 0.0220753395 synchronous_release_0
0.011413 -0.0250000004 0.0114226547 -0.0330835754 synchronous_release_0
0.024292 -0.0250000004 0.0343625441 -0.00664947856 synchronous_release_0
0.039875 -0.0250000004 0.0272300547 -0.0219891819 synchronous_release_0
0.026417 -0.0250000004 0.00542816273 0.0345765101 synchronous_release_1
0.006296 -0.0250000004 0.00391569703 0.0347802719 synchronous_release_0
0.024871 -0.0250000004 -0.0320784476 -0.0139990429 synchronous_release_0
0.029312 -0.0250000004 -0.0158019161 0.0312297846 synchronous_release_0
0.023926 -0.0250000004 -0.0349467449 0.00193003151 synchronous_release_1
0.024268 -0.0250000004 0.0349467449 -0.00193003151 synchronous_release_1
0.023142 -0.0250000004 0.0287527523 0.0199569345 synchronous_release_0
0.038193 -0.0250000004 -0.00290683605 0.0348790812 synchronous_release_0
0.042684 -0.0250000004 0.000996545177 8.30524584e-05 synchronous_release_0
0.023852 -0.0250000004 0.000598327987 0.000801251284 synchronous_release_0
0.038292 -0.0250000004 0.0280437949 -0.0209414795 synchronous_release_0
0.043341 -0.0250000004 0.0321577507 0.0138158991 synchronous_release_0
0.026157 -0.0250000004 0.0299723373 -0.01807371 synchronous_release_0
0.023328 -0.0250000004 0.000516391716 0.000856352495 synchronous_release_1
0.004857 -0.0250000004 -0.0251255701 -0.0243660774 synchronous_release_0
0.02415 -0.0250000004 -0.00853885699 0.0339424207 synchronous_release_0
0.02524 -0.0250000004 0.0251255701 0.0243660774 synchronous_release_1
0.026609 -0.0250000004 -0.0247684152 -0.0247290438 synchronous_release_1
0.0156 -0.0250000004 -0.0170760018 -0.030551762 synchronous_release_0
0.025113 -0.0250000004 0.0346767916 0.0047455374 synchronous_release_1
0.007886 -0.0250000004 -0.00805341719 -0.0340608642 synchronous_release_0
0.03725 -0.0250000004 0.0254708651 -0.024004896 synchronous_release_0
0.027041 -0.0250000004 0.0204404584 -0.0284110482 synchronous_release_0
0.009399 -0.0250000004 -0.0348249187 -0.00349643216 synchronous_release_1
0.004557 -0.0250000004 -0.000552195008 0.000833714983 synchronous_release_0
0.024183 -0.0250000004 0.00214750948 -0.0349340551 synchronous_release_0
0.029813 -0.0250000004 0.0291800244 0.0193268253 synchronous_release_0
0.003445 -0.0250000004 -0.0135308216 0.0322787371 synchronous_release_0
0.023586 -0.0250000004 -0.00121351759 0.0349789562 synchronous_release_0
0.036054 -0.0250000004 -0.0296859059 -0.0185404151 synchronous_release_1
0.02598 -0.0250000004 -0.0112601698 -0.0331392302 synchronous_release_0
0.003372 -0.0250000004 0.0312139226 0.0158332257 synchronous_release_0
0.025025 -0.0250000004 -0.00189498566 -0.0349486628 synchronous_release_0
0.003658 -0.0250000004 0.0337887011 -0.00912818031 synchronous_release_0
0.023588 -0.0250000004 0.0349826246 0.00110271432 synchronous_release_0
0.032088 -0.0250000004 -0.000849842411 -0.000527036883 synchronous_release_0
0.041268 -0.0250000004 -0.0349826246 -0.00110271432 synchronous_release_0
0.02345 -0.0250000004 0.0348532954 -0.0032012181 synchronous_release_0
0.027296 -0.0250000004 0.0146543115 -0.0317844483 synchronous_release_0
0.026356 -0.0250000004 0.03108839 0.0160783086 synchronous_release_0
0.01778 -0.0250000004 0.0294684187 -0.0188841812 synchronous_release_1
0.025017 -0.0250000004 -0.000844176243 0.000536065734 synchronous_release_0
0.023728 -0.0250000004 0.000999997147 2.38887265e-06 synchronous_release_0
0.003511 -0.0250000004 0.0262036993 -0.0232027184 synchronous_release_0
0.023597 -0.0250000004 0.0331959932 0.0110917101 synchronous_release_0
0.023291 -0.0250000004 -0.0332624611 0.0108907612 synchronous_release_0
0.003584 -0.0250000004 0.00432023062 -0.0347323424 synchronous_release_0
0.030358 -0.0250000004 0.0279189755 0.0211076007 synchronous_release_0
0.036544 -0.0250000004 0.0301985665 0.0176931224 synchronous_release_0
0.006776 -0.0250000004 -0.0304219767 0.0173061645 synchronous_release_1
0.033559 -0.0250000004 -0.0345455382 0.00562190286 synchronous_release_0
0.004904 -0.0250000004 0.0333864013 -0.0105046757 synchronous_release_0
0.025669 -0.0250000004 0.00759588462 -0.0341658095 synchronous_release_0
0.023714 -0.0250000004 0.000110301546 -0.000993898168 synchronous_release_0
0.01118 -0.0250000004 0.0297129094 -0.0184971083 synchronous_release_0
0.02386 -0.0250000004 -0.00116251097 -0.0349806885 synchronous_release_0
0.038798 -0.0250000004 -0.0297129094 0.0184971083 synchronous_release_0
0.039039 -0.0250000004 0.0348657798 0.00306225357 synchronous_release_0
0.023981 -0.0250000004 0.000978341286 0.000206998379 synchronous_release_0
0.023809 -0.0250000004 0.0321058385 -0.013936109 synchronous_release_1
0.023474 -0.0250000004 0.0266350033 -0.0227063119 synchronous_release_0
0.026967 -0.0250000004 0.00557432404 0.0345532475 synchronous_release_0
0.030279 -0.0250000004 0.0238029879 0.0256596525 synchronous_release_1
0.024107 -0.0250000004 -0.0123698112 0.0327412243 synchronous_release_1
0.023789 -0.0250000004 0.000432687725 -0.00090154386 synchronous_release_0
0.023735 -0.0250000004 0.0348279185 0.00346642348 synchronous_release_0
0.004258 -0.0250000004 0.0349999985 -1.03445572e-05 synchronous_release_0
0.041958 -0.0250000004 -0.0175089579 -0.0303057155 synchronous_release_0
0.005041 -0.0250000004 -0.0312273475 0.0158067318 synchronous_release_0
0.027268 -0.0250000004 -0.00192464245 0.0349470421 synchronous_release_0
0.032139 -0.0250000004 0.029302705 0.0191403103 synchronous_release_0
0.012703 -0.0250000004 0.0241735605 -0.025310847 synchronous_release_0
0.025193 -0.0250000004 0.0304978472 0.0171721087 synchronous_release_0
0.023699 -0.0250000004 0.00524463237 0.0346048238 synchronous_release_0
0.005175 -0.0250000004 0.0315398453 -0.0151736007 synchronous_release_0
0.023144 -0.0250000004 0.000563643056 -0.000826018466 synchronous_release_0
0.028351 -0.0250000004 -0.00262919902 0.0349011076 synchronous_release_0
0.023234 -0.0250000004 0.0114129241 -0.0330869334 synchronous_release_0
0.023907 -0.0250000004 0.0349223458 -0.00233018525 synchronous_release_0
0.033845 -0.0250000004 6.65767215e-05 0.000997781309 synchronous_release_0
0.013509 -0.0250000004 -0.0289945585 -0.0196039684 synchronous_release_0
0.003789 -0.0250000004 0.0267027092 -0.0226266507 synchronous_release_0
0.032026 -0.0250000004 0.0274893296 -0.0216641814 synchronous_release_0
0.039251 -0.0250000004 -0.0325063963 -0.012974367 synchronous_release_0
0.023479 -0.0250000004 0.0325063963 0.012974367 synchronous_release_1
0.025324 -0.0250000004 -0.0101722432 0.0334891843 synchronous_release_0
0.031802 -0.0250000004 0.034088606 -0.00793517113 synchronous_release_0
0.025784 -0.0250000004 -0.00382265506 0.034790621 synchronous_release_1
0.026209 -0.0250000004 -0.00234102561 -0.0349216208 synchronous_release_0
0.026962 -0.0250000004 0.0276770317 0.0214238633 synchronous_release_0
0.032234 -0.0250000004 0.033627657 0.00970467339 synchronous_release_0
0.035256 -0.0250000004 -0.000758298853 0.000651907087 synchronous_release_0
0.023877 -0.0250000004 0.0268662822 0.0224321841 synchronous_release_0
0.028435 -0.0250000004 -0.0328599824 0.0120507908 synchronous_release_0
0.00361 -0.0250000004 0.0257674583 0.0236862427 synchronous_release_0
0.026744 -0.0250000004 -0.033396617 0.0104721521 synchronous_release_0
0.023756 -0.0250000004 -0.00762915876 0.0341583948 synchronous_release_2
0.026825 -0.0250000004 0.000550774374 0.000834654173 synchronous_release_0
0.003631 -0.0250000004 0.031300909 0.0156605586 synchronous_release_1
0.024343 -0.0250000004 -0.027872224 -0.0211692968 synchronous_release_0
0.024559 -0.0250000004 0.000220145734 -0.000975466994 synchronous_release_0
0.047948 -0.0250000004 0.0341413448 0.00770510069 synchronous_release_1
0.025116 -0.0250000004 0.0318583256 0.0144930014 synchronous_release_0
0.003709 -0.0250000004 0.0347082376 0.00450979373 synchronous_release_1
0.023725 -0.0250000004 0.0124495994 -0.0327109687 synchronous_release_0
0.025043 -0.0250000004 0.0349565208 -0.00174403291 synchronous_release_0
0.026036 -0.0250000004 -0.00700072264 -0.0342927089 synchronous_release_0
0.030388 -0.0250000004 0.0331987184 0.0110835508 synchronous_release_0
0.031783 -0.0250000004 0.00363483223 0.0348107454 synchronous_release_1
0.026351 -0.0250000004 -0.0190389159 0.0293686854 synchronous_release_0
0.036208 -0.0250000004 0.00209550776 0.0349372129 synchronous_release_0
0.006393 -0.0250000004 -0.0349333562 -0.00215884772 synchronous_release_0
0.02065 -0.0250000004 -0.0193362951 0.0291737501 synchronous_release_0
0.027769 -0.0250000004 -0.000833535716 -0.000552465573 synchronous_release_0
0.035521 -0.0250000004 -0.0155970611 -0.0313325978 synchronous_release_1
0.024022 -0.0250000004 -0.0135211263 0.0322827995 synchronous_release_0
0.011234 -0.0250000004 0.0343986297 0.006460207 synchronous_release_0
0.048017 -0.0250000004 -0.000943434019 0.000331560328 synchronous_release_0
0.029134 -0.0250000004 0.0227940182 -0.0265599837 synchronous_release_1
0.024903 -0.0250000004 0.0349725936 0.00138480981 synchronous_release_0
0.030127 -0.0250000004 0.0304434217 0.0172684126 synchronous_release_0
0.03578 -0.0250000004 -0.0301765949 0.0177305702 synchronous_release_0
0.027708 -0.0250000004 0.0194774842 -0.0290796769 synchronous_release_0
0.023863 -0.0250000004 0.0503674779 0.0337359922 synchronous_release_2
0.026054 -0.0250000004 -0.000939098662 -0.000343647642 synchronous_release_0
0.023025 -0.0250000004 0.0289519546 0.0196668332 synchronous_release_0
0.006331 -0.0250000004 -0.00942092145 0.0337082518 synchronous_release_0
0.023492 -0.0250000004 0.0244817416 0.0250128832 synchronous_release_0
0.024858 -0.0250000004 -0.00481157929 0.0346676896 synchronous_release_0
0.023787 -0.0250000004 0.0126222968 -0.0326447182 synchronous_release_0
0.027783 -0.0250000004 -0.0219600069 -0.0272535887 synchronous_release_0
0.045256 -0.0250000004 0.0345823036 -0.00539112944 synchronous_release_0
0.015125 -0.0250000004 0.000299336363 -0.000954147652 synchronous_release_0
0.023549 -0.0250000004 0.0311880298 -0.0158841681 synchronous_release_0
0.038265 -0.0250000004 0.00183792179 -0.0349517102 synchronous_release_0
0.027841 -0.0250000004 -0.000362416331 0.0349981236 synchronous_release_0
0.026279 -0.0250000004 -0.009054509 -0.0338085177 synchronous_release_0
0.023309 -0.0250000004 0.0331695505 -0.0111705382 synchronous_release_0
0.026709 -0.0250000004 0.00691080541 -0.0343109424 synchronous_release_0
0.024764 -0.0250000004 -0.0249014646 -0.0245950618 synchronous_release_0
0.030678 -0.0250000004 0.0249014646 0.0245950618 synchronous_release_0
0.029487 -0.0250000004 0.055847138 -0.0235817127 synchronous_release_0
0.026146 -0.0250000004 -0.000538750482 0.0349958533 synchronous_release_0
0.027928 -0.0250000004 0.000513271379 -0.000858226364 synchronous_release_0
0.006292 -0.0250000004 0.0263037892 -0.0230891895 synchronous_release_0
0.02365 -0.0250000004 0.0331477193 0.0112351549 synchronous_release_0
0.023933 -0.0250000004 0.0200350489 0.0286983765 synchronous_release_0
0.023641 -0.0250000004 -0.00778528228 -0.0341231502 synchronous_release_0
0.028854 -0.0250000004 0.0256588738 -0.0238038273 synchronous_release_0
0.034733 -0.0250000004 0.0334441561 0.0103193229 synchronous_release_0
0.032383 -0.0250000004 0.000608526145 0.0349947095 synchronous_release_0
0.03681 -0.0250000004 -0.0306105705 -0.0169703557 synchronous_release_0
0.040573 -0.0250000004 0.026529556 0.0228294252 synchronous_release_1
0.032875 -0.0250000004 0.0307921024 -0.0166387028 synchronous_release_0
0.024071 -0.0250000004 0.0331727889 0.0111609175 synchronous_release_0
0.028877 -0.0250000004 -0.0331727889 -0.0111609175 synchronous_release_0
0.031365 -0.0250000004 0.0262520325 -0.0231480192 synchronous_release_0
0.030202 -0.0250000004 -0.0074801929 0.0341913251 synchronous_release_0
0.026604 -0.0250000004 -0.0258704597 -0.0235736996 synchronous_release_1
0.023996 -0.0250000004 0.00138965423 -0.0349724014 synchronous_release_0
0.029245 -0.0250000004 0.0260883359 -0.0233323537 synchronous_release_0
0.04849 -0.0250000004 0.0253058711 0.0241787694 synchronous_release_0
0.023683 -0.0250000004 0.0305514345 -0.0170765877 synchronous_release_0
0.043133 -0.0250000004 -0.00048695852 0.0349966123 synchronous_release_0
0.003982 -0.0250000004 0.0300742211 0.0179036651 synchronous_release_0
0.036793 -0.0250000004 0.000511533289 -0.000859263461 synchronous_release_0
0.030562 -0.0250000004 0.0305421394 -0.0170932069 synchronous_release_1
0.032066 -0.0250000004 -0.0349423685 -0.0020077069 synchronous_release_0
0.003643 -0.0250000004 0.034547532 0.0056096374 synchronous_release_0
0.027859 -0.0250000004 -0.0314851575 0.0152867543 synchronous_release_0
0.008554 -0.0250000004 0.0228303689 -0.026528744 synchronous_release_0
0.02604 -0.0250000004 0.0343897506 0.00650730747 synchronous_release_0
0.031303 -0.0250000004 -0.0115593817 -0.0330360514 synchronous_release_1
0.023787 -0.0250000004 0.0330707273 0.0114597993 synchronous_release_0
0.03139 -0.0250000004 0.00661088635 0.0343699896 synchronous_release_0
0.009126 -0.0250000004 0.0215821041 -0.0275538161 synchronous_release_0
0.02689 -0.0250000004 -0.0287850707 -0.0199102915 synchronous_release_0
0.026125 -0.0250000004 0.0332595994 0.0108994975 synchronous_release_0
0.02929 -0.0250000004 0.0153640316 0.0314475203 synchronous_release_0
0.024775 -0.0250000004 0.0144213112 0.0318908417 synchronous_release_0
0.04568 -0.0250000004 0.0204076234 -0.0284346427 synchronous_release_0
0.027787 -0.0250000004 0.016712613 0.0307520498 synchronous_release_0
0.004923 -0.0250000004 0.0230279824 0.0263573904 synchronous_release_0
0.007279 -0.0250000004 0.0346993029 0.00457803242 synchronous_release_0
0.023878 -0.0250000004 0.0289215012 -0.0197115898 synchronous_release_0
0.028726 -0.0250000004 0.0026099869 0.0349025496 synchronous_release_0
0.023566 -0.0250000004 0.0189262107 -0.0294414427 synchronous_release_0
0.030328 -0.0250000004 0.0349601427 0.00166985787 synchronous_release_0
0.023929 -0.0250000004 -0.0266013384 0.0227457424 synchronous_release_0
0.027779 -0.0250000004 -0.00639772152 -0.034410306 synchronous_release_1
0.023528 -0.0250000004 0.0196171919 -0.0289856134 synchronous_release_0
0.024516 -0.0250000004 0.0349108735 0.00249617984 synchronous_release_0
0.031595 -0.0250000004 0.0152936816 0.0314817932 synchronous_release_1
0.025142 -0.0250000004 0.0150645537 0.0315920753 synchronous_release_0
0.007456 -0.0250000004 0.0113064275 -0.0331234765 synchronous_release_0
0.025596 -0.0250000004 0.00567289652 0.0345372009 synchronous_release_1
0.03459 -0.0250000004 0.0122109116 0.0328008176 synchronous_release_0
0.010137 -0.0250000004 0.0244667576 -0.0250275402 synchronous_release_0
0.020807 -0.0250000004 -0.00741507069 -0.0342055073 synchronous_release_0
0.032082 -0.0250000004 0.0259153029 -0.0235243932 synchronous_release_0
0.033062 -0.0250000004 -0.0259153029 0.0235243932 synchronous_release_0
0.039062 -0.0250000004 0.0333303736 0.010681114 synchronous_release_1
0.004303 -0.0250000004 0.0163354237 0.0309540617 synchronous_release_0
0.034386 -0.0250000004 -0.0349747156 -0.00133013896 synchronous_release_0
0.02902 -0.0250000004 0.00293888501 -0.0348763954 synchronous_release_0
0.031243 -0.0250000004 -0.00293888501 0.0348763954 synchronous_release_0
0.024361 -0.0250000004 0.0287344019 0.0199833468 synchronous_release_1
0.01168 -0.0250000004 0.0349996421 0.000158291039 synchronous_release_0
0.010955 -0.0250000004 0.0117185422 -0.0329799298 synchronous_release_0
0.023866 -0.0250000004 0.0333917133 0.0104877778 synchronous_release_0
0.03797 -0.0250000004 -0.0333917133 -0.0104877778 synchronous_release_0
0.023486 -0.0250000004 0.0600777807 0.00810310219 synchronous_release_0
0.023605 -0.0250000004 0.030274579 0.0175627408 synchronous_release_0
0.026849 -0.0250000004 0.0267120008 0.0226156807 synchronous_release_0
0.024173 -0.0250000004 0.0212431608 -0.0278159688 synchronous_release_0
0.023196 -0.0250000004 0.025800421 -0.0236503335 synchronous_release_0
0.023932 -0.0250000004 -0.025800421 0.0236503335 synchronous_release_0
0.011042 -0.0250000004 0.0249940025 0.0245010171 synchronous_release_0
0.024227 -0.0250000004 -0.00336606004 0.0348377617 synchronous_release_0
0.02407 -0.0250000004 -0.0346449241 0.00497284944 synchronous_release_0
0.027557 -0.0250000004 0.021629076 0.0275169597 synchronous_release_0
0.003612 -0.0250000004 0.0295639204 0.0187343164 synchronous_release_0
0.023234 -0.0250000004 0.0310063541 -0.0162359479 synchronous_release_0
0.042682 -0.0250000004 -0.000535266182 0.00084468344 synchronous_release_0
0.023986 -0.0250000004 -0.011125954 -0.0331845317 synchronous_release_0
0.027177 -0.0250000004 0.0261568918 -0.0232554727 synchronous_release_0
0.00558 -0.0250000004 0.0275749884 0.0215550462 synchronous_release_0
0.02683 -0.0250000004 -0.0330415467 -0.0115436645 synchronous_release_1
0.037152 -0.0250000004 0.0288685147 0.0197891096 synchronous_release_0
0.028537 -0.0250000004 0.031572129 -0.0151063123 synchronous_release_1
0.005327 -0.0250000004 0.0326224185 0.0126798191 synchronous_release_0
0.026441 -0.0250000004 -0.0272922547 0.0219119336 synchronous_release_1
0.003662 -0.0250000004 0.0165688057 -0.0308297693 synchronous_release_0
0.025554 -0.0250000004 0.0343673018 0.00662484473 synchronous_release_1
0.029242 -0.0250000004 0.000692448469 0.000721467337 synchronous_release_0
0.024987 -0.0250000004 0.0335088433 0.0101072956 synchronous_release_0
0.032642 -0.0250000004 0.0255075964 -0.0239658617 synchronous_release_0
0.003842 -0.0250000004 0.0218030922 0.0273792836 synchronous_release_0
0.013837 -0.0250000004 0.000930619243 0.000365988831 synchronous_release_0
0.026615 -0.0250000004 -0.0128096091 0.0325716735 synchronous_release_0
0.006192 -0.0250000004 0.0349999188 7.54069071e-05 synchronous_release_0
0.023547 -0.0250000004 0.0174346551 0.0303485222 synchronous_release_0
0.032686 -0.0250000004 -0.0174346551 -0.0303485222 synchronous_release_0
0.027018 -0.0250000004 0.0348160797 0.00358337789 synchronous_release_0
0.00327 -0.0250000004 0.0267342865 -0.0225893321 synchronous_release_0
0.006941 -0.0250000004 0.0329300787 0.0118579053 synchronous_release_0
0.026005 -0.0250000004 0.0266535475 -0.0226845412 synchronous_release_0
0.043213 -0.0250000004 0.0329721626 0.0117403786 synchronous_release_0
0.024717 -0.0250000004 0.0152081749 -0.0315231886 synchronous_release_0
0.027546 -0.0250000004 -0.0152081749 0.0315231886 synchronous_release_0
0.031477 -0.0250000004 -0.0349039695 0.00259092849 synchronous_release_1
0.026634 -0.0250000004 -0.0343417959 -0.00675581616 synchronous_release_0
0.031837 -0.0250000004 -0.0230216064 0.0263629596 synchronous_release_0
0.024381 -0.0250000004 0.0113201895 0.0331187758 synchronous_release_1
0.011234 -0.0250000004 0.0343417959 0.00675581616 synchronous_release_2
0.003421 -0.0250000004 0.0342589992 -0.00716386591 synchronous_release_0
0.012499 -0.0250000004 0.0344242539 -0.00632224169 synchronous_release_0
0.028314 -0.0250000004 0.0117369051 -0.0329733993 synchronous_release_0
0.022952 -0.0250000004 -6.00532947e-05 -0.000998195172 synchronous_release_0
0.032186 -0.0250000004 0.0156481468 -0.0313071159 synchronous_release_0
0.007032 -0.0250000004 -0.0120108476 0.0328746033 synchronous_release_0
0.029308 -0.0250000004 0.0224648178 0.0268390008 synchronous_release_0
0.023582 -0.0250000004 -0.0327877164 0.0122460466 synchronous_release_0
0.003601 -0.0250000004 0.00695916555 0.0343011664 synchronous_release_0
0.024015 -0.0250000004 0.0262260987 -0.0231773973 synchronous_release_0
0.026205 -0.0250000004 -0.000317821972 0.000948150407 synchronous_release_0
0.023377 -0.0250000004 -0.00551960066 -0.0345620313 synchronous_release_0
0.003556 -0.0250000004 0.0271717968 -0.02206113 synchronous_release_1
0.024062 -0.0250000004 0.00610639847 0.0344631963 synchronous_release_0
0.038721 -0.0250000004 0.00482757638 0.0346654656 synchronous_release_0
0.023776 -0.0250000004 0.032434962 0.013151929 synchronous_release_1
0.006247 -0.0250000004 0.000168771642 0.000985655179 synchronous_release_0
0.02353 -0.0250000004 0.0266819783 -0.0226510934 synchronous_release_0
0.025565 -0.0250000004 -0.0266819783 0.0226510934 synchronous_release_0
0.034818 -0.0250000004 0.0244782044 -0.0250163448 synchronous_release_2
0.027631 -0.0250000004 -0.0266055619 -0.022740802 synchronous_release_0
0.023723 -0.0250000004 0.000885868152 -0.000463937084 synchronous_release_0
0.005767 -0.0250000004 0.0322209079 0.0136679588 synchronous_release_0
0.02814 -0.0250000004 -0.0197604552 0.0288881362 synchronous_release_0
0.010446 -0.0250000004 0.0248670934 -0.0246298125 synchronous_release_0
0.028267 -0.0250000004 0.0024297841 0.0349155574 synchronous_release_0
0.031104 -0.0250000004 -0.0290228677 0.0195620335 synchronous_release_0
0.023741 -0.0250000004 -0.0349839848 0.00105868312 synchronous_release_0
0.0291 -0.0250000004 0.0165751459 -0.0308263611 synchronous_release_0
0.023276 -0.0250000004 0.0349839848 -0.00105868312 synchronous_release_1
0.027264 -0.0250000004 -0.000850505085 0.000525966825 synchronous_release_1
0.026703 -0.0250000004 0.0130169172 -0.0324893808 synchronous_release_0
0.030779 -0.0250000004 -0.0130169172 0.0324893808 synchronous_release_0
0.024056 -0.0250000004 0.0349341557 0.0021458714 synchronous_release_0
0.023737 -0.0250000004 0.0347842109 0.00388055009 synchronous_release_1
0.0234 -0.0250000004 0.0349973051 0.000434325073 synchronous_release_0
0.030624 -0.0250000004 0.0178747891 -0.0300913927 synchronous_release_0
0.031824 -0.0250000004 -0.0178747891 0.0300913927 synchronous_release_0
0.023665 -0.0250000004 0.00575959068 0.0345228492 synchronous_release_0
0.023912 -0.0250000004 0.0341444039 0.007691533 synchronous_release_0
0.041446 -0.0250000004 0.0281238284 -0.0208338733 synchronous_release_0
0.003997 -0.0250000004 0.028889858 -0.0197579378 synchronous_release_0
0.02317 -0.0250000004 0.031555805 0.0151403821 synchronous_release_0
0.005025 -0.0250000004 0.0173807702 -0.0303794145 synchronous_release_0
0.028459 -0.0250000004 0.0289210196 -0.0197122962 synchronous_release_0
0.02608 -0.0250000004 0.0347156506 0.00445237063 synchronous_release_0
0.04096 -0.0250000004 0.000922594875 -0.000385770263 synchronous_release_0
0.005532 -0.0250000004 0.0145860987 0.0318158094 synchronous_release_0
0.024319 -0.0250000004 0.0202602498 -0.0285398367 synchronous_release_0
0.028766 -0.0250000004 9.35992199e-05 -0.000995609957 synchronous_release_0
0.009085 -0.0250000004 -0.0106419201 0.0333429083 synchronous_release_0
0.026266 -0.0250000004 0.0341967657 -0.00745528104 synchronous_release_0
0.034234 -0.0250000004 -0.0231648839 0.0262371522 synchronous_release_0
0.005439 -0.0250000004 0.0319408995 -0.0143100992 synchronous_release_0
0.011562 -0.0250000004 0.0294197289 0.018959946 synchronous_release_0
0.024024 -0.0250000004 -0.000998805874 -4.88551568e-05 synchronous_release_0
0.023927 -0.0250000004 -0.0157246148 0.0312687782 synchronous_release_0
0.032358 -0.0250000004 0.0157246148 -0.0312687782 synchronous_release_0
0.043322 -0.0250000004 -0.00542520851 -0.0345769737 synchronous_release_0
0.02566 -0.0250000004 0.0326571419 0.0125901185 synchronous_release_1
0.024844 -0.0250000004 -0.0169143267 0.0306415658 synchronous_release_0
0.030862 -0.0250000004 0.018079211 0.0299690195 synchronous_release_0
0.005418 -0.0250000004 0.0294513691 0.0189107603 synchronous_release_0
0.023625 -0.0250000004 0.0345130851 0.00581781397 synchronous_release_0
0.02507 -0.0250000004 0.0122181678 0.0327981154 synchronous_release_1
0.024297 -0.0250000004 0.000695123547 -0.000718890293 synchronous_release_0
0.02796 -0.0250000004 -0.000742597508 -0.000669737965 synchronous_release_0
0.029323 -0.0250000004 0.0234408288 -0.0259909128 synchronous_release_0
0.023559 -0.0250000004 0.0107883763 0.0332958096 synchronous_release_1
0.007385 -0.0250000004 0.0205978051 0.0282971805 synchronous_release_0
0.023688 -0.0250000004 0.0348049797 -0.00368963218 synchronous_release_0
0.028104 -0.0250000004 -0.0348049797 0.00368963218 synchronous_release_0
0.029192 -0.0250000004 0.0178988767 -0.0300770712 synchronous_release_0
0.022783 -0.0250000004 0.0349674634 0.00150880822 synchronous_release_0
0.023394 -0.0250000004 -0.0161770655 -0.0310371157 synchronous_release_0
0.027496 -0.0250000004 0.0161770655 0.0310371157 synchronous_release_0
0.02671 -0.0250000004 0.000700024758 0.0349929988 synchronous_release_0
0.030789 -0.0250000004 -0.000517221104 -0.000855851815 synchronous_release_1
0.025814 -0.0250000004 0.0233697186 -0.02605487 synchronous_release_1
0.003483 -0.0250000004 0.0338484827 -0.00890394394 synchronous_release_0
0.03487 -0.0250000004 0.00921319971 -0.0337656179 synchronous_release_0
0.0233 -0.0250000004 0.000244622114 0.000969618493 synchronous_release_0
0.029372 -0.0250000004 0.0339366472 -0.00856177398 synchronous_release_0
0.023725 -0.0250000004 0.0294356555 0.0189352102 synchronous_release_1
0.038263 -0.0250000004 0.0344159519 0.00636728027 synchronous_release_0
0.024362 -0.0250000004 0.0345771054 -0.00542436921 synchronous_release_0
0.027168 -0.0250000004 0.000778070488 -0.000628176978 synchronous_release_0
0.024169 -0.0250000004 0.0338102374 0.00904808542 synchronous_release_0
0.003299 -0.0250000004 0.0349617808 -0.00163520159 synchronous_release_0
0.023767 -0.0250000004 0.0349883107 -0.00090449787 synchronous_release_0
0.006404 -0.0250000004 -0.000934666997 -0.000355524407 synchronous_release_0
0.024063 -0.0250000004 0.0134811572 -0.0322995108 synchronous_release_0
0.024398 -0.0250000004 -0.0183809438 0.0297849107 synchronous_release_0
0.039191 -0.0250000004 0.0201753019 0.0285999509 synchronous_release_0
0.029026 -0.0250000004 0.0177353125 -0.030173808 synchronous_release_0
0.025769 -0.0250000004 0.0321977446 0.0137224357 synchronous_release_1
0.003743 -0.0250000004 0.0312475182 0.0157668198 synchronous_release_0
0.024354 -0.0250000004 -0.00196929262 -0.0349445545 synchronous_release_0
0.028812 -0.0250000004 0.0322866292 0.0135119791 synchronous_release_0
0.025176 -0.0250000004 0.034912353 0.00247540118 synchronous_release_0
0.009248 -0.0250000004 0.0320415698 -0.0140832455 synchronous_release_0
0.028566 -0.0250000004 0.000591634019 -0.000806206666 synchronous_release_0
0.00738 -0.0250000004 0.000999903505 1.38917713e-05 synchronous_release_0
0.023348 -0.0250000004 0.0335379235 -0.010010379 synchronous_release_2
0.003876 -0.0250000004 0.0313683174 0.0155250978 synchronous_release_0
0.040927 -0.0250000004 0.00223902959 0.0349283087 synchronous_release_0
0.004231 -0.0250000004 0.00051182017 0.00085909261 synchronous_release_0
0.02737 -0.0250000004 0.0300682414 -0.017913706 synchronous_release_0
0.023221 -0.0250000004 0.0293984788 -0.0189928788 synchronous_release_0
0.031746 -0.0250000004 0.0311475549 0.0159633901 synchronous_release_0
0.03568 -0.0250000004 0.0017490761 0.0349562689 synchronous_release_1
0.02605 -0.0250000004 -0.0303914172 0.0173597743 synchronous_release_0
0.024221 -0.0250000004 0.0304100215 -0.0173271635 synchronous_release_0
0.02673 -0.0250000004 0.000199246952 -0.0349994329 synchronous_release_0
0.034936 -0.0250000004 0.0306836289 -0.0168379013 synchronous_release_0
0.023333 -0.0250000004 0.0552599287 -0.024926698 synchronous_release_0
0.023344 -0.0250000004 0.0343885157 0.00651383052 synchronous_release_0
0.004593 -0.0250000004 0.0114929001 -0.0330592385 synchronous_release_1
0.024607 -0.0250000004 0.0228836903 0.0264827627 synchronous_release_1
0.030816 -0.0250000004 0.00094454967 0.000328368574 synchronous_release_1
0.026717 -0.0250000004 0.0168850834 -0.0582227959 synchronous_release_1
0.003818 -0.0250000004 0.0348175175 0.00356938052 synchronous_release_0
0.014117 -0.0250000004 0.00643259569 0.0344038038 synchronous_release_0
0.023368 -0.0250000004 0.0330108659 0.0116311106 synchronous_release_0
0.039407 -0.0250000004 -0.0265782702 0.0227726932 synchronous_release_0
0.030489 -0.0250000004 0.0337698223 -0.00919777683 synchronous_release_1
0.005437 -0.0250000004 0.0331338079 -0.0112761153 synchronous_release_0
0.007219 -0.0250000004 0.0263323063 0.0230566617 synchronous_release_0
0.024136 -0.0250000004 0.00422865948 0.03474361 synchronous_release_0
0.032036 -0.0250000004 0.0324476852 0.0131205079 synchronous_release_0
0.025818 -0.0250000004 0.0259155776 -0.0235240906 synchronous_release_0
0.028293 -0.0250000004 -0.00741467126 -0.0342055938 synchronous_release_0
0.024742 -0.0250000004 -0.0312764899 -0.0626241262 synchronous_release_0
0.023369 -0.0250000004 -0.000172517313 -0.0349995748 synchronous_release_0
0.024509 -0.0250000004 0.0303967796 0.017350383 synchronous_release_0
