0 0.070268
5e-05 0.068884
0.0001 0.090345
0.00015 0.100727
0.0002 0.088616
0.00025 0.087572
0.0003 0.105927
0.00035 0.062997
0.0004 0.136383
0.00045 0.079961
0.0005 0.134301
0.00055 0.134995
0.0006 0.059893
0.00065 0.082027
0.0007 0.088969
0.00075 0.096567
0.0008 0.085496
0.00085 0.100036
0.0009 0.124614
0.00095 0.090002
0.001 0.11251
0.00105 0.15887
0.0011 0.158532
0.00115 0.17446
0.0012 0.267923
0.00125 0.253383
0.0013 0.371758
0.00135 0.392528
0.0014 0.408447
0.00145 0.594709
0.0015 0.725171
0.00155 0.914185
0.0016 1.29943
0.00165 1.6186
0.0017 2.0111
0.00175 2.53206
0.0018 3.0558
0.00185 3.67369
0.0019 4.31161
0.00195 5.1981
0.002 5.72666
0.00205 6.05622
0.0021 6.36877
0.00215 6.37258
0.0022 6.58651
0.00225 6.34247
0.0023 6.08634
0.00235 5.51098
0.0024 4.85926
0.00245 4.21017
0.0025 3.69477
0.00255 3.11952
0.0026 2.65808
0.00265 2.19142
0.0027 2.10634
0.00275 1.78576
0.0028 1.59509
0.00285 1.46004
0.0029 1.3209
0.00295 1.24473
0.003 1.13537
0.00305 1.1035
0.0031 0.994833
0.00315 0.983771
0.0032 0.95259
0.00325 0.888592
0.0033 0.817945
0.00335 0.794009
0.0034 0.782319
0.00345 0.851195
0.0035 0.781267
0.00355 0.863931
0.0036 0.771241
0.00365 0.788527
0.0037 0.766339
0.00375 0.769893
0.0038 0.658707
0.00385 0.748359
0.0039 0.644529
0.00395 0.725197
0.004 0.637268
0.00405 0.773284
0.0041 0.752197
0.00415 0.609163
0.0042 0.666733
0.00425 0.611625
0.0043 0.637958
0.00435 0.64798
0.0044 0.642477
0.00445 0.686405
0.0045 0.59084
0.00455 0.54515
0.0046 0.57533
0.00465 0.637586
0.0047 0.517469
0.00475 0.705815
0.0048 0.663294
0.00485 0.57798
0.0049 0.587058
0.00495 0.562928
0.005 0.632399
0.00505 0.585293
0.0051 0.563507
0.00515 0.676013
0.0052 0.609308
0.00525 0.631388
0.0053 0.48426
0.00535 0.575632
0.0054 0.60884
0.00545 0.65523
0.0055 0.499117
0.00555 0.559081
0.0056 0.572908
0.00565 0.574234
0.0057 0.54592
0.00575 0.639926
0.0058 0.571494
0.00585 0.52826
0.0059 0.488042
0.00595 0.551048
0.006 0.598169
0.00605 0.500595
0.0061 0.553162
0.00615 0.533034
0.0062 0.550065
0.00625 0.539553
0.0063 0.555593
0.00635 0.584685
0.0064 0.543367
0.00645 0.514057
0.0065 0.514439
0.00655 0.528141
0.0066 0.466981
0.00665 0.486007
0.0067 0.569017
0.00675 0.536191
0.0068 0.509553
0.00685 0.578723
0.0069 0.528676
0.00695 0.502512
0.007 0.566363
0.00705 0.515331
0.0071 0.521025
0.00715 0.497361
0.0072 0.476285
0.00725 0.552485
0.0073 0.558407
0.00735 0.503635
0.0074 0.49246
0.00745 0.529378
0.0075 0.548176
0.00755 0.496822
0.0076 0.528598
0.00765 0.535128
0.0077 0.456216
0.00775 0.512574
0.0078 0.459018
0.00785 0.482158
0.0079 0.50573
0.00795 0.55421
0.008 0.539656
0.00805 0.519282
0.0081 0.499142
0.00815 0.45514
0.0082 0.582885
0.00825 0.508575
0.0083 0.480788
0.00835 0.492772
0.0084 0.480587
0.00845 0.471703
0.0085 0.558711
0.00855 0.494283
0.0086 0.49059
0.00865 0.498774
0.0087 0.482182
0.00875 0.463122
0.0088 0.464198
0.00885 0.399362
0.0089 0.530439
0.00895 0.480769
0.009 0.483213
0.00905 0.475967
0.0091 0.48901
0.00915 0.431706
0.0092 0.489369
0.00925 0.466413
0.0093 0.44224
0.00935 0.439578
0.0094 0.457946
0.00945 0.496838
0.0095 0.482188
0.00955 0.490044
0.0096 0.481892
0.00965 0.492898
0.0097 0.460473
0.00975 0.423313
0.0098 0.435702
0.00985 0.464204
0.0099 0.489836
0.00995 0.41193
0.01 0.424984
0.01005 0.455888
0.0101 0.476976
0.01015 0.450508
0.0102 0.436019
0.01025 0.404703
0.0103 0.450628
0.01035 0.502702
0.0104 0.430822
0.01045 0.45289
0.0105 0.419427
0.01055 0.481165
0.0106 0.379409
0.01065 0.386275
0.0107 0.468344
0.01075 0.497844
0.0108 0.406943
0.01085 0.375661
0.0109 0.430299
0.01095 0.427453
0.011 0.51789
0.01105 0.51593
0.0111 0.484778
0.01115 0.401734
0.0112 0.438678
0.01125 0.499904
0.0113 0.411723
0.01135 0.402223
0.0114 0.378456
0.01145 0.418834
0.0115 0.42815
0.01155 0.544128
0.0116 0.403027
0.01165 0.415055
0.0117 0.438805
0.01175 0.385265
0.0118 0.391527
0.01185 0.424815
0.0119 0.497292
0.01195 0.409446
0.012 0.373802
0.01205 0.380596
0.0121 0.469173
0.01215 0.480813
0.0122 0.361071
0.01225 0.452199
0.0123 0.430621
0.01235 0.368645
0.0124 0.458598
0.01245 0.396932
0.0125 0.44902
0.01255 0.470022
0.0126 0.435399
0.01265 0.403703
0.0127 0.481576
0.01275 0.435478
0.0128 0.419713
0.01285 0.451789
0.0129 0.328876
0.01295 0.399054
0.013 0.368297
0.01305 0.472417
0.0131 0.372104
0.01315 0.33351
0.0132 0.437882
0.01325 0.45091
0.0133 0.498561
0.01335 0.343635
0.0134 0.44578
0.01345 0.403574
0.0135 0.388572
0.01355 0.35739
0.0136 0.396879
0.01365 0.367791
0.0137 0.420643
0.01375 0.395999
0.0138 0.343695
0.01385 0.365917
0.0139 0.388415
0.01395 0.424349
0.014 0.430914
0.01405 0.379486
0.0141 0.406779
0.01415 0.376741
0.0142 0.35639
0.01425 0.392484
0.0143 0.402011
0.01435 0.353203
0.0144 0.369807
0.01445 0.409815
0.0145 0.349872
0.01455 0.364382
0.0146 0.358269
0.01465 0.455023
0.0147 0.458689
0.01475 0.384567
0.0148 0.343574
0.01485 0.379376
0.0149 0.382977
0.01495 0.377641
0.015 0.369268
0.01505 0.368992
0.0151 0.358438
0.01515 0.39067
0.0152 0.372007
0.01525 0.454165
0.0153 0.392864
0.01535 0.35008
0.0154 0.355107
0.01545 0.358349
0.0155 0.41514
0.01555 0.379528
0.0156 0.365818
0.01565 0.360792
0.0157 0.397952
0.01575 0.340058
0.0158 0.381174
0.01585 0.345748
0.0159 0.392631
0.01595 0.375979
0.016 0.417293
0.01605 0.336011
0.0161 0.39062
0.01615 0.414332
0.0162 0.448359
0.01625 0.354275
0.0163 0.362347
0.01635 0.370187
0.0164 0.350155
0.01645 0.381111
0.0165 0.292217
0.01655 0.331021
0.0166 0.322914
0.01665 0.326112
0.0167 0.365876
0.01675 0.388546
0.0168 0.432669
0.01685 0.431573
0.0169 0.341665
0.01695 0.388337
0.017 0.376789
0.01705 0.367893
0.0171 0.293424
0.01715 0.423346
0.0172 0.340178
0.01725 0.29713
0.0173 0.369279
0.01735 0.376301
0.0174 0.445523
0.01745 0.359257
0.0175 0.410208
0.01755 0.39262
0.0176 0.3929
0.01765 0.362754
0.0177 0.377098
0.01775 0.333552
0.0178 0.360341
0.01785 0.311835
0.0179 0.328636
0.01795 0.386636
0.018 0.351999
0.01805 0.304419
0.0181 0.334869
0.01815 0.418369
0.0182 0.349274
0.01825 0.330498
0.0183 0.40994
0.01835 0.328864
0.0184 0.360792
0.01845 0.287176
0.0185 0.29534
0.01855 0.383568
0.0186 0.338618
0.01865 0.410382
0.0187 0.388237
0.01875 0.320431
0.0188 0.428533
0.01885 0.321295
0.0189 0.317442
0.01895 0.355754
0.019 0.359332
0.01905 0.353784
0.0191 0.280032
0.01915 0.32514
0.0192 0.369462
0.01925 0.334628
0.0193 0.317725
0.01935 0.373649
0.0194 0.360389
0.01945 0.338069
0.0195 0.35078
0.01955 0.36321
0.0196 0.301864
0.01965 0.365748
0.0197 0.430133
0.01975 0.383347
0.0198 0.337804
0.01985 0.310634
0.0199 0.33993
0.01995 0.33346
0.02 0.318533
0.02005 0.344511
0.0201 0.319515
0.02015 0.346865
0.0202 0.383746
0.02025 0.353922
0.0203 0.365402
0.02035 0.322306
0.0204 0.320213
0.02045 0.355837
0.0205 0.304602
0.02055 0.355592
0.0206 0.346255
0.02065 0.361287
0.0207 0.346974
0.02075 0.353784
0.0208 0.352314
0.02085 0.379268
0.0209 0.32933
0.02095 0.305504
0.021 0.33246
0.02105 0.396756
0.0211 0.340965
0.02115 0.321251
0.0212 0.377483
0.02125 0.313565
0.0213 0.337595
0.02135 0.300601
0.0214 0.418227
0.02145 0.382317
0.0215 0.329786
0.02155 0.313618
0.0216 0.316833
0.02165 0.357839
0.0217 0.305614
0.02175 0.338494
0.0218 0.372485
0.02185 0.327879
0.0219 0.318535
0.02195 0.379537
0.022 0.340417
0.02205 0.332863
0.0221 0.347417
0.02215 0.387831
0.0222 0.339972
0.02225 0.373416
0.0223 0.323505
0.02235 0.317171
0.0224 0.343132
0.02245 0.299976
0.0225 0.373801
0.02255 0.331059
0.0226 0.338777
0.02265 0.318407
0.0227 0.284716
0.02275 0.35934
0.0228 0.296451
0.02285 0.239569
0.0229 0.271829
0.02295 0.370551
0.023 0.316414
0.02305 0.28919
0.0231 0.384493
0.02315 0.325911
0.0232 0.366467
0.02325 0.322015
0.0233 0.337527
0.02335 0.339107
0.0234 0.318662
0.02345 0.375174
0.0235 0.333616
0.02355 0.319176
0.0236 0.292354
0.02365 0.27959
0.0237 0.357004
0.02375 0.311156
0.0238 0.280767
0.02385 0.293215
0.0239 0.383827
0.02395 0.274375
0.024 0.276799
0.02405 0.311059
0.0241 0.329602
0.02415 0.290672
0.0242 0.335413
0.02425 0.324063
0.0243 0.280995
0.02435 0.315261
0.0244 0.28911
0.02445 0.366196
0.0245 0.298426
0.02455 0.316348
0.0246 0.361995
0.02465 0.367419
0.0247 0.346152
0.02475 0.29153
0.0248 0.320577
0.02485 0.360265
0.0249 0.318363
0.02495 0.291215
0.025 0.383149
0.02505 0.276849
0.0251 0.32937
0.02515 0.317196
0.0252 0.310006
0.02525 0.352368
0.0253 0.285476
0.02535 0.309126
0.0254 0.276424
0.02545 0.330746
0.0255 0.267865
0.02555 0.312653
0.0256 0.267423
0.02565 0.319081
0.0257 0.298433
0.02575 0.300375
0.0258 0.339042
0.02585 0.311118
0.0259 0.339609
0.02595 0.293911
0.026 0.278694
0.02605 0.304112
0.0261 0.256986
0.02615 0.368892
0.0262 0.334446
0.02625 0.304016
0.0263 0.300822
0.02635 0.311872
0.0264 0.35526
0.02645 0.31834
0.0265 0.27272
0.02655 0.34176
0.0266 0.34617
0.02665 0.353814
0.0267 0.336361
0.02675 0.297911
0.0268 0.290397
0.02685 0.273701
0.0269 0.339385
0.02695 0.369261
0.027 0.262976
0.02705 0.328462
0.0271 0.352506
0.02715 0.370704
0.0272 0.259842
0.02725 0.330192
0.0273 0.335295
0.02735 0.359611
0.0274 0.295676
0.02745 0.292446
0.0275 0.330529
0.02755 0.364961
0.0276 0.30281
0.02765 0.320102
0.0277 0.302528
0.02775 0.309328
0.0278 0.306144
0.02785 0.344798
0.0279 0.359069
0.02795 0.323021
0.028 0.313151
0.02805 0.315597
0.0281 0.317498
0.02815 0.328438
0.0282 0.298196
0.02825 0.352132
0.0283 0.38538
0.02835 0.36996
0.0284 0.316339
0.02845 0.296639
0.0285 0.258568
0.02855 0.283794
0.0286 0.321764
0.02865 0.274412
0.0287 0.349867
0.02875 0.239673
0.0288 0.315857
0.02885 0.288981
0.0289 0.30829
0.02895 0.311464
0.029 0.292581
0.02905 0.316673
0.0291 0.261606
0.02915 0.252396
0.0292 0.307494
0.02925 0.29549
0.0293 0.294582
0.02935 0.278386
0.0294 0.299808
0.02945 0.384474
0.0295 0.299367
0.02955 0.325719
0.0296 0.316036
0.02965 0.286706
0.0297 0.253662
0.02975 0.292572
0.0298 0.328101
0.02985 0.348863
0.0299 0.278685
0.02995 0.287959
0.03 0.280456
0.03005 0.31506
0.0301 0.302807
0.03015 0.314657
0.0302 0.294505
0.03025 0.294255
0.0303 0.29765
0.03035 0.259114
0.0304 0.269721
0.03045 0.269405
0.0305 0.276424
0.03055 0.27063
0.0306 0.290558
0.03065 0.285414
0.0307 0.296854
0.03075 0.27201
0.0308 0.301962
0.03085 0.359874
0.0309 0.263321
0.03095 0.286583
0.031 0.287606
0.03105 0.310408
0.0311 0.282238
0.03115 0.270784
0.0312 0.326779
0.03125 0.253465
0.0313 0.322759
0.03135 0.283745
0.0314 0.284175
0.03145 0.316111
0.0315 0.351358
0.03155 0.2806
0.0316 0.275974
0.03165 0.270696
0.0317 0.337787
0.03175 0.297715
0.0318 0.252998
0.03185 0.281444
0.0319 0.354758
0.03195 0.33882
0.032 0.229865
0.03205 0.272557
0.0321 0.317382
0.03215 0.339236
0.0322 0.29734
0.03225 0.33148
0.0323 0.315963
0.03235 0.383321
0.0324 0.267327
0.03245 0.319799
0.0325 0.305464
0.03255 0.32497
0.0326 0.296247
0.03265 0.288977
0.0327 0.284297
0.03275 0.343887
0.0328 0.277609
0.03285 0.309731
0.0329 0.279398
0.03295 0.29579
0.033 0.267973
0.03305 0.284387
0.0331 0.293586
0.03315 0.32275
0.0332 0.264269
0.03325 0.329403
0.0333 0.252096
0.03335 0.286
0.0334 0.322736
0.03345 0.25244
0.0335 0.242893
0.03355 0.270939
0.0336 0.26008
0.03365 0.278158
0.0337 0.350995
0.03375 0.307211
0.0338 0.215168
0.03385 0.330188
0.0339 0.320106
0.03395 0.263742
0.034 0.305196
0.03405 0.282728
0.0341 0.296363
0.03415 0.246449
0.0342 0.233994
0.03425 0.383384
0.0343 0.275806
0.03435 0.286784
0.0344 0.279899
0.03445 0.291617
0.0345 0.286114
0.03455 0.344254
0.0346 0.28276
0.03465 0.28832
0.0347 0.277922
0.03475 0.292538
0.0348 0.246581
0.03485 0.332351
0.0349 0.278693
0.03495 0.308107
0.035 0.315919
0.03505 0.276733
0.0351 0.359001
0.03515 0.255063
0.0352 0.271239
0.03525 0.286075
0.0353 0.27199
0.03535 0.318028
0.0354 0.263586
0.03545 0.260036
0.0355 0.28918
0.03555 0.361882
0.0356 0.325804
0.03565 0.217462
0.0357 0.304577
0.03575 0.255305
0.0358 0.294737
0.03585 0.344389
0.0359 0.243261
0.03595 0.277073
0.036 0.272095
0.03605 0.259879
0.0361 0.285934
0.03615 0.311376
0.0362 0.261526
0.03625 0.267374
0.0363 0.309599
0.03635 0.271193
0.0364 0.341981
0.03645 0.254653
0.0365 0.367993
0.03655 0.257809
0.0366 0.262989
0.03665 0.297553
0.0367 0.240386
0.03675 0.302956
0.0368 0.238283
0.03685 0.224271
0.0369 0.259718
0.03695 0.313072
0.037 0.325149
0.03705 0.267529
0.0371 0.273576
0.03715 0.25361
0.0372 0.299871
0.03725 0.310513
0.0373 0.23903
0.03735 0.300406
0.0374 0.25792
0.03745 0.274516
0.0375 0.278414
0.03755 0.265786
0.0376 0.259134
0.03765 0.256982
0.0377 0.263884
0.03775 0.287448
0.0378 0.295968
0.03785 0.252222
0.0379 0.209064
0.03795 0.333698
0.038 0.234332
0.03805 0.310598
0.0381 0.264324
0.03815 0.29427
0.0382 0.321276
0.03825 0.280216
0.0383 0.294988
0.03835 0.270652
0.0384 0.269293
0.03845 0.307201
0.0385 0.294373
0.03855 0.300025
0.0386 0.225309
0.03865 0.262535
0.0387 0.285183
0.03875 0.265241
0.0388 0.226576
0.03885 0.289682
0.0389 0.291493
0.03895 0.301893
0.039 0.288124
0.03905 0.305584
0.0391 0.264388
0.03915 0.272428
0.0392 0.264801
0.03925 0.222563
0.0393 0.232108
0.03935 0.268484
0.0394 0.294744
0.03945 0.285556
0.0395 0.310348
0.03955 0.247324
0.0396 0.287153
0.03965 0.276319
0.0397 0.205026
0.03975 0.245702
0.0398 0.267406
0.03985 0.309144
0.0399 0.227196
0.03995 0.262542
0.04 0.256371
0.04005 0.305517
0.0401 0.260898
0.04015 0.269178
0.0402 0.279906
0.04025 0.290676
0.0403 0.246612
0.04035 0.279146
0.0404 0.264072
0.04045 0.225454
0.0405 0.249953
0.04055 0.245313
0.0406 0.345535
0.04065 0.315889
0.0407 0.225825
0.04075 0.304343
0.0408 0.284295
0.04085 0.294441
0.0409 0.31773
0.04095 0.259106
0.041 0.27498
0.04105 0.284338
0.0411 0.319245
0.04115 0.247161
0.0412 0.239991
0.04125 0.263359
0.0413 0.3017
0.04135 0.265662
0.0414 0.202138
0.04145 0.249606
0.0415 0.262346
0.04155 0.234366
0.0416 0.339567
0.04165 0.255831
0.0417 0.287025
0.04175 0.302449
0.0418 0.288635
0.04185 0.237063
0.0419 0.228097
0.04195 0.219941
0.042 0.277356
0.04205 0.296246
0.0421 0.261253
0.04215 0.246393
0.0422 0.285562
0.04225 0.214892
0.0423 0.201569
0.04235 0.295897
0.0424 0.337923
0.04245 0.257699
0.0425 0.278462
0.04255 0.23114
0.0426 0.27663
0.04265 0.260794
0.0427 0.263714
0.04275 0.242678
0.0428 0.239567
0.04285 0.293075
0.0429 0.274616
0.04295 0.255234
0.043 0.23062
0.04305 0.26971
0.0431 0.23472
0.04315 0.223802
0.0432 0.263883
0.04325 0.260805
0.0433 0.328812
0.04335 0.238212
0.0434 0.212475
0.04345 0.231021
0.0435 0.278376
0.04355 0.27096
0.0436 0.294948
0.04365 0.27969
0.0437 0.257381
0.04375 0.237625
0.0438 0.239728
0.04385 0.226914
0.0439 0.260645
0.04395 0.243453
0.044 0.274659
0.04405 0.251289
0.0441 0.263161
0.04415 0.235295
0.0442 0.255126
0.04425 0.24756
0.0443 0.2311
0.04435 0.205706
0.0444 0.247792
0.04445 0.253532
0.0445 0.254838
0.04455 0.243662
0.0446 0.271742
0.04465 0.256112
0.0447 0.215371
0.04475 0.256927
0.0448 0.226864
0.04485 0.273032
0.0449 0.269012
0.04495 0.24788
0.045 0.293353
0.04505 0.298389
0.0451 0.303443
0.04515 0.232579
0.0452 0.297231
0.04525 0.210797
0.0453 0.261942
0.04535 0.22609
0.0454 0.241025
0.04545 0.219611
0.0455 0.209971
0.04555 0.260493
0.0456 0.297488
0.04565 0.298046
0.0457 0.223577
0.04575 0.256953
0.0458 0.252843
0.04585 0.294621
0.0459 0.239123
0.04595 0.275445
0.046 0.27781
0.04605 0.285716
0.0461 0.289034
0.04615 0.264644
0.0462 0.257751
0.04625 0.272135
0.0463 0.231874
0.04635 0.277788
0.0464 0.317349
0.04645 0.255669
0.0465 0.252444
0.04655 0.279034
0.0466 0.231071
0.04665 0.253939
0.0467 0.218912
0.04675 0.20811
0.0468 0.208519
0.04685 0.291475
0.0469 0.26953
0.04695 0.217436
0.047 0.234811
0.04705 0.229635
0.0471 0.293283
0.04715 0.259903
0.0472 0.217913
0.04725 0.256201
0.0473 0.247262
0.04735 0.301812
0.0474 0.30529
0.04745 0.24513
0.0475 0.274175
0.04755 0.239529
0.0476 0.258143
0.04765 0.243427
0.0477 0.281191
0.04775 0.258847
0.0478 0.222079
0.04785 0.228307
0.0479 0.261408
0.04795 0.253334
0.048 0.27791
0.04805 0.230414
0.0481 0.217439
0.04815 0.298897
0.0482 0.25709
0.04825 0.246066
0.0483 0.193428
0.04835 0.26066
0.0484 0.210853
0.04845 0.265653
0.0485 0.320624
0.04855 0.266902
0.0486 0.265557
0.04865 0.288559
0.0487 0.221933
0.04875 0.227327
0.0488 0.289405
0.04885 0.234315
0.0489 0.253461
0.04895 0.256007
0.049 0.196759
0.04905 0.267937
0.0491 0.263643
0.04915 0.240641
0.0492 0.265835
0.04925 0.265471
0.0493 0.22464
0.04935 0.232098
0.0494 0.20002
0.04945 0.252986
0.0495 0.273411
0.04955 0.253227
0.0496 0.245892
0.04965 0.262392
0.0497 0.260038
0.04975 0.307478
0.0498 0.274305
0.04985 0.239037
0.0499 0.232635
0.04995 0.283215
0.05 0.234849
0.05005 0.248463
0.0501 0.209963
0.05015 0.262713
0.0502 0.234217
0.05025 0.263985
0.0503 0.215297
0.05035 0.212833
0.0504 0.199264
0.05045 0.252316
0.0505 0.249922
0.05055 0.259666
0.0506 0.225881
0.05065 0.235599
0.0507 0.239257
0.05075 0.250039
0.0508 0.246616
0.05085 0.258454
0.0509 0.238739
0.05095 0.236307
0.051 0.26552
0.05105 0.22328
0.0511 0.308792
0.05115 0.248124
0.0512 0.286704
0.05125 0.232032
0.0513 0.240875
0.05135 0.283669
0.0514 0.236037
0.05145 0.264487
0.0515 0.255905
0.05155 0.240075
0.0516 0.283081
0.05165 0.170079
0.0517 0.302045
0.05175 0.263455
0.0518 0.272456
0.05185 0.28875
0.0519 0.228206
0.05195 0.221568
0.052 0.305479
0.05205 0.215619
0.0521 0.340359
0.05215 0.252483
0.0522 0.23855
0.05225 0.288384
0.0523 0.193876
0.05235 0.233242
0.0524 0.229713
0.05245 0.278675
0.0525 0.273126
0.05255 0.26651
0.0526 0.249346
0.05265 0.303806
0.0527 0.300397
0.05275 0.245235
0.0528 0.288218
0.05285 0.236104
0.0529 0.246324
0.05295 0.195094
0.053 0.241332
0.05305 0.24947
0.0531 0.25338
0.05315 0.250918
0.0532 0.228215
0.05325 0.248089
0.0533 0.247747
0.05335 0.245269
0.0534 0.257751
0.05345 0.286319
0.0535 0.227146
0.05355 0.290016
0.0536 0.228595
0.05365 0.213185
0.0537 0.257933
0.05375 0.224259
0.0538 0.195877
0.05385 0.250423
0.0539 0.24254
0.05395 0.265956
0.054 0.23755
0.05405 0.263166
0.0541 0.305099
0.05415 0.246337
0.0542 0.237323
0.05425 0.244575
0.0543 0.248587
0.05435 0.230851
0.0544 0.207622
0.05445 0.24864
0.0545 0.310501
0.05455 0.212009
0.0546 0.228012
0.05465 0.181702
0.0547 0.250241
0.05475 0.290473
0.0548 0.258414
0.05485 0.23615
0.0549 0.298449
0.05495 0.236619
0.055 0.31665
0.05505 0.309842
0.0551 0.2236
0.05515 0.255252
0.0552 0.245001
0.05525 0.187165
0.0553 0.211091
0.05535 0.239515
0.0554 0.217003
0.05545 0.243271
0.0555 0.226282
0.05555 0.200352
0.0556 0.235568
0.05565 0.221864
0.0557 0.264989
0.05575 0.266939
0.0558 0.213045
0.05585 0.219379
0.0559 0.307418
0.05595 0.205294
0.056 0.243022
0.05605 0.269632
0.0561 0.308667
0.05615 0.266879
0.0562 0.282355
0.05625 0.228061
0.0563 0.26491
0.05635 0.27253
0.0564 0.227108
0.05645 0.242586
0.0565 0.270547
0.05655 0.258963
0.0566 0.205428
0.05665 0.236802
0.0567 0.21605
0.05675 0.277036
0.0568 0.287019
0.05685 0.293615
0.0569 0.211387
0.05695 0.263463
0.057 0.243794
0.05705 0.285742
0.0571 0.248934
0.05715 0.268086
0.0572 0.217444
0.05725 0.207926
0.0573 0.245411
0.05735 0.245111
0.0574 0.242513
0.05745 0.254859
0.0575 0.243067
0.05755 0.254285
0.0576 0.25285
0.05765 0.289494
0.0577 0.238454
0.05775 0.240458
0.0578 0.252881
0.05785 0.282707
0.0579 0.268569
0.05795 0.231195
0.058 0.226233
0.05805 0.242175
0.0581 0.237225
0.05815 0.210147
0.0582 0.21562
0.05825 0.167472
0.0583 0.179885
0.05835 0.201675
0.0584 0.258592
0.05845 0.272366
0.0585 0.204206
0.05855 0.268308
0.0586 0.218794
0.05865 0.194982
0.0587 0.226335
0.05875 0.237777
0.0588 0.223355
0.05885 0.208897
0.0589 0.196761
0.05895 0.250675
0.059 0.248039
0.05905 0.250125
0.0591 0.230923
0.05915 0.201017
0.0592 0.216066
0.05925 0.307058
0.0593 0.247532
0.05935 0.266264
0.0594 0.238673
0.05945 0.236003
0.0595 0.261911
0.05955 0.210405
0.0596 0.269719
0.05965 0.251573
0.0597 0.296717
0.05975 0.248687
0.0598 0.262781
0.05985 0.212219
0.0599 0.235869
0.05995 0.223579
0.06 0.199249
0.06005 0.218131
0.0601 0.239467
0.06015 0.259653
0.0602 0.25338
0.06025 0.2085
0.0603 0.216617
0.06035 0.201803
0.0604 0.244985
0.06045 0.270125
0.0605 0.275952
0.06055 0.219982
0.0606 0.247571
0.06065 0.229097
0.0607 0.272543
0.06075 0.307585
0.0608 0.213712
0.06085 0.201214
0.0609 0.258169
0.06095 0.273785
0.061 0.308976
0.06105 0.223276
0.0611 0.219307
0.06115 0.205537
0.0612 0.256659
0.06125 0.198793
0.0613 0.248762
0.06135 0.226402
0.0614 0.196614
0.06145 0.207344
0.0615 0.223025
0.06155 0.267081
0.0616 0.265624
0.06165 0.245654
0.0617 0.246631
0.06175 0.191991
0.0618 0.20278
0.06185 0.263116
0.0619 0.222001
0.06195 0.188227
0.062 0.244965
0.06205 0.268307
0.0621 0.21464
0.06215 0.250412
0.0622 0.229001
0.06225 0.207539
0.0623 0.287033
0.06235 0.295583
0.0624 0.22172
0.06245 0.30393
0.0625 0.244975
0.06255 0.274771
0.0626 0.23823
0.06265 0.270572
0.0627 0.236477
0.06275 0.245005
0.0628 0.207045
0.06285 0.204219
0.0629 0.266855
0.06295 0.266641
0.063 0.236163
0.06305 0.290167
0.0631 0.254627
0.06315 0.261979
0.0632 0.303504
0.06325 0.251444
0.0633 0.251208
0.06335 0.181232
0.0634 0.258295
0.06345 0.219971
0.0635 0.271798
0.06355 0.2487
0.0636 0.193723
0.06365 0.231619
0.0637 0.24283
0.06375 0.223444
0.0638 0.225722
0.06385 0.243342
0.0639 0.188101
0.06395 0.228731
0.064 0.270738
0.06405 0.224386
0.0641 0.176643
0.06415 0.232793
0.0642 0.232535
0.06425 0.223275
0.0643 0.190828
0.06435 0.22657
0.0644 0.236616
0.06445 0.293126
0.0645 0.246488
0.06455 0.233334
0.0646 0.224029
0.06465 0.258699
0.0647 0.20021
0.06475 0.262114
0.0648 0.29044
0.06485 0.212396
0.0649 0.235494
0.06495 0.254746
0.065 0.222003
0.06505 0.266003
0.0651 0.21238
0.06515 0.218618
0.0652 0.220956
0.06525 0.250726
0.0653 0.196917
0.06535 0.225389
0.0654 0.287961
0.06545 0.256357
0.0655 0.237791
0.06555 0.203439
0.0656 0.304248
0.06565 0.19899
0.0657 0.218417
0.06575 0.218149
0.0658 0.24027
0.06585 0.255852
0.0659 0.225305
0.06595 0.244849
0.066 0.248586
0.06605 0.210028
0.0661 0.225626
0.06615 0.235964
0.0662 0.225126
0.06625 0.252718
0.0663 0.244544
0.06635 0.252288
0.0664 0.256063
0.06645 0.247877
0.0665 0.194419
0.06655 0.243405
0.0666 0.26051
0.06665 0.213622
0.0667 0.272094
0.06675 0.265234
0.0668 0.223597
0.06685 0.270175
0.0669 0.267315
0.06695 0.220229
0.067 0.199858
0.06705 0.215676
0.0671 0.293308
0.06715 0.219242
0.0672 0.244541
0.06725 0.206635
0.0673 0.211749
0.06735 0.297755
0.0674 0.188348
0.06745 0.192098
0.0675 0.1864
0.06755 0.210434
0.0676 0.243993
0.06765 0.249193
0.0677 0.23679
0.06775 0.275888
0.0678 0.184801
0.06785 0.230671
0.0679 0.238591
0.06795 0.261489
0.068 0.21911
0.06805 0.243376
0.0681 0.206361
0.06815 0.222461
0.0682 0.242692
0.06825 0.282092
0.0683 0.232724
0.06835 0.231128
0.0684 0.195304
0.06845 0.219682
0.0685 0.190645
0.06855 0.253469
0.0686 0.223067
0.06865 0.269543
0.0687 0.195121
0.06875 0.168697
0.0688 0.246868
0.06885 0.286626
0.0689 0.261658
0.06895 0.220076
0.069 0.239168
0.06905 0.205786
0.0691 0.256695
0.06915 0.234363
0.0692 0.249378
0.06925 0.233934
0.0693 0.283646
0.06935 0.262678
0.0694 0.201384
0.06945 0.273398
0.0695 0.266281
0.06955 0.222957
0.0696 0.183719
0.06965 0.182035
0.0697 0.255678
0.06975 0.188484
0.0698 0.164453
0.06985 0.241027
0.0699 0.285589
0.06995 0.219647
0.07 0.254436
0.07005 0.223406
0.0701 0.225982
0.07015 0.224352
0.0702 0.221314
0.07025 0.21827
0.0703 0.191301
0.07035 0.212147
0.0704 0.207676
0.07045 0.210246
0.0705 0.215644
0.07055 0.229526
0.0706 0.26322
0.07065 0.216388
0.0707 0.243037
0.07075 0.176287
0.0708 0.191582
0.07085 0.212582
0.0709 0.202409
0.07095 0.250435
0.071 0.199093
0.07105 0.275623
0.0711 0.208592
0.07115 0.25534
0.0712 0.283662
0.07125 0.255004
0.0713 0.223432
0.07135 0.236062
0.0714 0.225855
0.07145 0.204187
0.0715 0.21968
0.07155 0.218022
0.0716 0.290877
0.07165 0.217617
0.0717 0.190124
0.07175 0.234374
0.0718 0.251414
0.07185 0.193714
0.0719 0.284111
0.07195 0.246537
0.072 0.289581
0.07205 0.237543
0.0721 0.2157
0.07215 0.250128
0.0722 0.262953
0.07225 0.257007
0.0723 0.245261
0.07235 0.250867
0.0724 0.201423
0.07245 0.186677
0.0725 0.263314
0.07255 0.222498
0.0726 0.231
0.07265 0.20317
0.0727 0.237848
0.07275 0.266774
0.0728 0.272448
0.07285 0.22273
0.0729 0.229811
0.07295 0.222307
0.073 0.21771
0.07305 0.178016
0.0731 0.269911
0.07315 0.247803
0.0732 0.165585
0.07325 0.229799
0.0733 0.251602
0.07335 0.213262
0.0734 0.217445
0.07345 0.239277
0.0735 0.230263
0.07355 0.253615
0.0736 0.266704
0.07365 0.24297
0.0737 0.272288
0.07375 0.221962
0.0738 0.202551
0.07385 0.239265
0.0739 0.22281
0.07395 0.225562
0.074 0.185371
0.07405 0.260695
0.0741 0.259056
0.07415 0.272254
0.0742 0.249839
0.07425 0.263043
0.0743 0.245047
0.07435 0.225527
0.0744 0.211924
0.07445 0.244484
0.0745 0.271146
0.07455 0.205358
0.0746 0.272315
0.07465 0.172079
0.0747 0.227122
0.07475 0.2359
0.0748 0.235714
0.07485 0.18909
0.0749 0.214325
0.07495 0.202111
0.075 0.237905
0.07505 0.258751
0.0751 0.24507
0.07515 0.243394
0.0752 0.21613
0.07525 0.20086
0.0753 0.263924
0.07535 0.233618
0.0754 0.212306
0.07545 0.240782
0.0755 0.237584
0.07555 0.243452
0.0756 0.203942
0.07565 0.262764
0.0757 0.214138
0.07575 0.256376
0.0758 0.183406
0.07585 0.21807
0.0759 0.216347
0.07595 0.178141
0.076 0.241767
0.07605 0.265947
0.0761 0.238393
0.07615 0.178781
0.0762 0.244102
0.07625 0.233252
0.0763 0.269718
0.07635 0.220688
0.0764 0.225077
0.07645 0.204995
0.0765 0.200184
0.07655 0.218344
0.0766 0.235007
0.07665 0.228693
0.0767 0.223902
0.07675 0.18531
0.0768 0.186605
0.07685 0.258651
0.0769 0.28159
0.07695 0.224494
0.077 0.241255
0.07705 0.239545
0.0771 0.227031
0.07715 0.268533
0.0772 0.265311
0.07725 0.203335
0.0773 0.2387
0.07735 0.213762
0.0774 0.221305
0.07745 0.187013
0.0775 0.244164
0.07755 0.276594
0.0776 0.198824
0.07765 0.2359
0.0777 0.223288
0.07775 0.201316
0.0778 0.23224
0.07785 0.199346
0.0779 0.210041
0.07795 0.200477
0.078 0.231481
0.07805 0.217247
0.0781 0.251439
0.07815 0.245033
0.0782 0.232355
0.07825 0.227483
0.0783 0.186561
0.07835 0.219257
0.0784 0.200239
0.07845 0.245555
0.0785 0.212408
0.07855 0.179198
0.0786 0.249743
0.07865 0.252741
0.0787 0.19432
0.07875 0.255564
0.0788 0.253845
0.07885 0.214251
0.0789 0.223531
0.07895 0.188589
0.079 0.205754
0.07905 0.22928
0.0791 0.195863
0.07915 0.168719
0.0792 0.217604
0.07925 0.209486
0.0793 0.244202
0.07935 0.191644
0.0794 0.170767
0.07945 0.205501
0.0795 0.216436
0.07955 0.25764
0.0796 0.220865
0.07965 0.223871
0.0797 0.214123
0.07975 0.231489
0.0798 0.186605
0.07985 0.189577
0.0799 0.20055
0.07995 0.216344
0.08 0.244976
0.08005 0.206378
0.0801 0.214195
0.08015 0.226839
0.0802 0.247532
0.08025 0.200812
0.0803 0.221499
0.08035 0.184337
0.0804 0.216293
0.08045 0.225769
0.0805 0.209487
0.08055 0.247983
0.0806 0.217192
0.08065 0.218624
0.0807 0.179684
0.08075 0.252176
0.0808 0.222932
0.08085 0.230848
0.0809 0.216113
0.08095 0.201351
0.081 0.24816
0.08105 0.165296
0.0811 0.252694
0.08115 0.202214
0.0812 0.185766
0.08125 0.224572
0.0813 0.239045
0.08135 0.207961
0.0814 0.235464
0.08145 0.191298
0.0815 0.233494
0.08155 0.231704
0.0816 0.205416
0.08165 0.241172
0.0817 0.239389
0.08175 0.234331
0.0818 0.198161
0.08185 0.238911
0.0819 0.22401
0.08195 0.228762
0.082 0.217113
0.08205 0.228431
0.0821 0.234841
0.08215 0.165639
0.0822 0.234491
0.08225 0.219523
0.0823 0.18147
0.08235 0.24882
0.0824 0.235492
0.08245 0.20234
0.0825 0.167477
0.08255 0.211847
0.0826 0.208361
0.08265 0.231333
0.0827 0.249382
0.08275 0.280712
0.0828 0.249133
0.08285 0.255631
0.0829 0.255505
0.08295 0.257039
0.083 0.250271
0.08305 0.270083
0.0831 0.241704
0.08315 0.234906
0.0832 0.203121
0.08325 0.216261
0.0833 0.182749
0.08335 0.225905
0.0834 0.235759
0.08345 0.258991
0.0835 0.22378
0.08355 0.211914
0.0836 0.2017
0.08365 0.241688
0.0837 0.208048
0.08375 0.2615
0.0838 0.195981
0.08385 0.225991
0.0839 0.220796
0.08395 0.212232
0.084 0.205334
0.08405 0.221972
0.0841 0.280715
0.08415 0.188003
0.0842 0.202966
0.08425 0.214584
0.0843 0.22791
0.08435 0.236196
0.0844 0.20565
0.08445 0.22406
0.0845 0.232357
0.08455 0.245745
0.0846 0.22699
0.08465 0.27935
0.0847 0.219933
0.08475 0.241819
0.0848 0.224713
0.08485 0.202483
0.0849 0.232883
0.08495 0.273537
0.085 0.19009
0.08505 0.283504
0.0851 0.215298
0.08515 0.293516
0.0852 0.201372
0.08525 0.185836
0.0853 0.24026
0.08535 0.170096
0.0854 0.193804
0.08545 0.243204
0.0855 0.203719
0.08555 0.191557
0.0856 0.229051
0.08565 0.220333
0.0857 0.21846
0.08575 0.20972
0.0858 0.206116
0.08585 0.20766
0.0859 0.207488
0.08595 0.222796
0.086 0.255341
0.08605 0.234561
0.0861 0.184454
0.08615 0.182532
0.0862 0.244432
0.08625 0.227044
0.0863 0.23035
0.08635 0.223294
0.0864 0.2266
0.08645 0.221262
0.0865 0.2765
0.08655 0.236574
0.0866 0.219108
0.08665 0.22242
0.0867 0.227473
0.08675 0.213439
0.0868 0.171589
0.08685 0.279135
0.0869 0.223401
0.08695 0.233691
0.087 0.219625
0.08705 0.200309
0.0871 0.231507
0.08715 0.198231
0.0872 0.231208
0.08725 0.231068
0.0873 0.278097
0.08735 0.260531
0.0874 0.276166
0.08745 0.197328
0.0875 0.226917
0.08755 0.235533
0.0876 0.209104
0.08765 0.222972
0.0877 0.224579
0.08775 0.215653
0.0878 0.201441
0.08785 0.167867
0.0879 0.269679
0.08795 0.216785
0.088 0.188455
0.08805 0.256987
0.0881 0.26922
0.08815 0.219734
0.0882 0.242529
0.08825 0.207085
0.0883 0.215756
0.08835 0.210298
0.0884 0.245518
0.08845 0.268408
0.0885 0.239978
0.08855 0.269976
0.0886 0.204283
0.08865 0.220083
0.0887 0.177335
0.08875 0.241075
0.0888 0.216073
0.08885 0.251481
0.0889 0.297623
0.08895 0.194323
0.089 0.238672
0.08905 0.234982
0.0891 0.233069
0.08915 0.248993
0.0892 0.189974
0.08925 0.284452
0.0893 0.24149
0.08935 0.198456
0.0894 0.234066
0.08945 0.230356
0.0895 0.187238
0.08955 0.22648
0.0896 0.274753
0.08965 0.213673
0.0897 0.244036
0.08975 0.231346
0.0898 0.229417
0.08985 0.270637
0.0899 0.173403
0.08995 0.270407
0.09 0.216289
0.09005 0.219745
0.0901 0.22501
0.09015 0.199616
0.0902 0.2175
0.09025 0.215548
0.0903 0.256961
0.09035 0.256859
0.0904 0.218768
0.09045 0.198714
0.0905 0.243823
0.09055 0.216527
0.0906 0.198251
0.09065 0.228923
0.0907 0.225161
0.09075 0.255897
0.0908 0.22854
0.09085 0.206592
0.0909 0.220988
0.09095 0.259068
0.091 0.218908
0.09105 0.175038
0.0911 0.214954
0.09115 0.273176
0.0912 0.243894
0.09125 0.229172
0.0913 0.221734
0.09135 0.188692
0.0914 0.236072
0.09145 0.25791
0.0915 0.182741
0.09155 0.193553
0.0916 0.189719
0.09165 0.184045
0.0917 0.224237
0.09175 0.220431
0.0918 0.20376
0.09185 0.196252
0.0919 0.194249
0.09195 0.175683
0.092 0.195748
0.09205 0.22874
0.0921 0.186223
0.09215 0.254277
0.0922 0.211742
0.09225 0.252208
0.0923 0.220707
0.09235 0.203939
0.0924 0.190842
0.09245 0.253574
0.0925 0.257176
0.09255 0.190408
0.0926 0.234712
0.09265 0.203074
0.0927 0.201065
0.09275 0.212045
0.0928 0.223043
0.09285 0.213621
0.0929 0.207902
0.09295 0.244954
0.093 0.265317
0.09305 0.259645
0.0931 0.268868
0.09315 0.229642
0.0932 0.246303
0.09325 0.214475
0.0933 0.214335
0.09335 0.266499
0.0934 0.236511
0.09345 0.236395
0.0935 0.191375
0.09355 0.219291
0.0936 0.157348
0.09365 0.192754
0.0937 0.245092
0.09375 0.24311
0.0938 0.216724
0.09385 0.237246
0.0939 0.237132
0.09395 0.201298
0.094 0.218075
0.09405 0.170891
0.0941 0.221548
0.09415 0.193158
0.0942 0.240123
0.09425 0.179661
0.0943 0.232323
0.09435 0.235981
0.0944 0.224533
0.09445 0.222517
0.0945 0.220498
0.09455 0.180636
0.0946 0.237254
0.09465 0.223884
0.0947 0.193438
0.09475 0.227408
0.0948 0.210213
0.09485 0.196787
0.0949 0.196633
0.09495 0.234479
0.095 0.251474
0.09505 0.21524
0.0951 0.24936
0.09515 0.230222
0.0952 0.247249
0.09525 0.250961
0.0953 0.191748
0.09535 0.166786
0.0954 0.237235
0.09545 0.183645
0.0955 0.214055
0.09555 0.217745
0.0956 0.213789
0.09565 0.186859
0.0957 0.175207
0.09575 0.203773
0.0958 0.226633
0.09585 0.239939
0.0959 0.230238
0.09595 0.212842
0.096 0.249207
0.09605 0.210671
0.0961 0.20092
0.09615 0.210394
0.0962 0.196783
0.09625 0.177373
0.0963 0.225378
0.09635 0.22333
0.0964 0.240569
0.09645 0.223095
0.0965 0.221042
0.09655 0.19387
0.0966 0.226579
0.09665 0.241933
0.0967 0.220546
0.09675 0.195254
0.0968 0.208663
0.09685 0.191085
0.0969 0.227772
0.09695 0.229596
0.097 0.192603
0.09705 0.206045
0.0971 0.196192
0.09715 0.254364
0.0972 0.242606
0.09725 0.186072
0.0973 0.187861
0.09735 0.220821
0.0974 0.19926
0.09745 0.193266
0.0975 0.22043
0.09755 0.189076
0.0976 0.192828
0.09765 0.225896
0.0977 0.212095
0.09775 0.229569
0.0978 0.217715
0.09785 0.211717
0.0979 0.207669
0.09795 0.244775
0.098 0.20742
0.09805 0.228868
0.0981 0.236608
0.09815 0.167764
0.0982 0.248155
0.09825 0.224471
0.0983 0.179114
0.09835 0.300968
0.0984 0.243829
0.09845 0.226003
0.0985 0.218005
0.09855 0.204079
0.0986 0.188159
0.09865 0.237357
0.0987 0.20368
0.09875 0.183784
0.0988 0.146065
0.09885 0.276419
0.0989 0.222924
0.09895 0.193108
0.099 0.222677
0.09905 0.186885
0.0991 0.190699
0.09915 0.198487
0.0992 0.236062
0.09925 0.178366
0.0993 0.209998
0.09935 0.197942
0.0994 0.193824
0.09945 0.21955
0.0995 0.211468
0.09955 0.217318
0.0996 0.227163
0.09965 0.250981
0.0997 0.209
0.09975 0.288712
0.0998 0.220766
0.09985 0.208662
0.0999 0.184546
0.09995 0.236394
0.1 0.214283
0.10005 0.198145
0.1001 0.264106
0.10015 0.203914
0.1002 0.201777
0.10025 0.217691
0.1003 0.241657
0.10035 0.209435
0.1004 0.215336
0.10045 0.241346
0.1005 0.182933
0.10055 0.190829
0.1006 0.257114
0.10065 0.267106
0.1007 0.256963
0.10075 0.220597
0.1008 0.210398
0.10085 0.202202
0.1009 0.250526
0.10095 0.270642
0.101 0.21399
0.10105 0.256332
0.1011 0.343243
0.10115 0.333131
0.1012 0.416154
0.10125 0.501326
0.1013 0.485274
0.10135 0.56857
0.1014 0.654018
0.10145 0.857332
0.1015 1.11375
0.10155 1.31772
0.1016 1.67446
0.10165 2.02359
0.1017 2.55842
0.10175 3.3465
0.1018 3.89333
0.10185 4.30849
0.1019 5.59084
0.10195 6.03458
0.102 6.56061
0.10205 6.89955
0.1021 7.73746
0.10215 7.70176
0.1022 7.79279
0.10225 7.66502
0.1023 7.33849
0.10235 7.0381
0.1024 6.15739
0.10245 5.69153
0.1025 4.59738
0.10255 4.11311
0.1026 3.53164
0.10265 3.17936
0.1027 2.62929
0.10275 2.26961
0.1028 2.15008
0.10285 1.97686
0.1029 1.77867
0.10295 1.72852
0.103 1.48868
0.10305 1.36808
0.1031 1.34633
0.10315 1.35551
0.1032 1.25526
0.10325 1.15692
0.1033 1.24654
0.10335 1.19773
0.1034 1.12402
0.10345 1.01915
0.1035 1.11294
0.10355 1.10742
0.1036 1.02726
0.10365 0.994678
0.1037 1.04505
0.10375 1.02491
0.1038 0.98813
0.10385 0.834924
0.1039 0.939292
0.10395 0.89613
0.104 0.917416
0.10405 0.965798
0.1041 0.972589
0.10415 0.906449
0.1042 0.977823
0.10425 0.844871
0.1043 0.79312
0.10435 0.893718
0.1044 0.789738
0.10445 0.808918
0.1045 0.869945
0.10455 0.897587
0.1046 0.70341
0.10465 0.867028
0.1047 0.806715
0.10475 0.838539
0.1048 0.784431
0.10485 0.812067
0.1049 0.814554
0.10495 0.802344
0.105 0.794318
0.10505 0.79679
0.1051 0.763514
0.10515 0.816454
0.1052 0.757904
0.10525 0.802464
0.1053 0.724881
0.10535 0.817935
0.1054 0.784581
0.10545 0.850349
0.1055 0.819104
0.10555 0.74135
0.1056 0.665598
0.10565 0.748288
0.1057 0.716885
0.10575 0.698133
0.1058 0.819076
0.10585 0.783458
0.1059 0.747789
0.10595 0.828669
0.106 0.756951
0.10605 0.742425
0.1061 0.738493
0.10615 0.641099
0.1062 0.756067
0.10625 0.758519
0.1063 0.739704
0.10635 0.731502
0.1064 0.680708
0.10645 0.672442
0.1065 0.723832
0.10655 0.721994
0.1066 0.745749
0.10665 0.626559
0.1067 0.658786
0.10675 0.767954
0.1068 0.764014
0.10685 0.755792
0.1069 0.591411
0.10695 0.756359
0.107 0.77595
0.10705 0.677758
0.1071 0.720866
0.10715 0.652546
0.1072 0.63132
0.10725 0.74097
0.1073 0.713365
0.10735 0.681425
0.1074 0.741847
0.10745 0.694853
0.1075 0.645642
0.10755 0.762066
0.1076 0.67627
0.10765 0.590354
0.1077 0.685338
0.10775 0.644626
0.1078 0.685823
0.10785 0.629967
0.1079 0.679824
0.10795 0.65631
0.108 0.71272
0.10805 0.617868
0.1081 0.661316
0.10815 0.624756
0.1082 0.670415
0.10825 0.601339
0.1083 0.640517
0.10835 0.627717
0.1084 0.604054
0.10845 0.693198
0.1085 0.591417
0.10855 0.671943
0.1086 0.683044
0.10865 0.700682
0.1087 0.609594
0.10875 0.588012
0.1088 0.69702
0.10885 0.70599
0.1089 0.564621
0.10895 0.682477
0.109 0.630377
0.10905 0.632755
0.1091 0.600208
0.10915 0.587272
0.1092 0.668273
0.10925 0.602923
0.1093 0.620589
0.10935 0.572639
0.1094 0.577159
0.10945 0.682425
0.1095 0.538061
0.10955 0.579819
0.1096 0.553651
0.10965 0.716131
0.1097 0.755913
0.10975 0.659597
0.1098 0.54777
0.10985 0.585254
0.1099 0.682162
0.10995 0.629602
0.11 0.528548
0.11005 0.649758
0.1101 0.572863
0.11015 0.619287
0.1102 0.628289
0.11025 0.619655
0.1103 0.652942
0.11035 0.64653
0.1104 0.551749
0.11045 0.633639
0.1105 0.624989
0.11055 0.647295
0.1106 0.58775
0.11065 0.556906
0.1107 0.599115
0.11075 0.654677
0.1108 0.59503
0.11085 0.595188
0.1109 0.597565
0.11095 0.544445
0.111 0.613408
0.11105 0.631358
0.1111 0.562635
0.11115 0.625035
0.1112 0.629669
0.11125 0.527461
0.1113 0.532011
0.11135 0.565531
0.1114 0.636989
0.11145 0.525683
0.1115 0.617248
0.11155 0.588408
0.1116 0.555063
0.11165 0.488163
0.1117 0.566448
0.11175 0.606826
0.1118 0.600281
0.11185 0.488541
0.1119 0.598312
0.11195 0.50663
0.112 0.589623
0.11205 0.562869
0.1121 0.52935
0.11215 0.612474
0.1122 0.536314
0.11225 0.599304
0.1123 0.574745
0.11235 0.624337
0.1124 0.52781
0.11245 0.516654
0.1125 0.539248
0.11255 0.600156
0.1126 0.530471
0.11265 0.589171
0.1127 0.541964
0.11275 0.544326
0.1128 0.596345
0.11285 0.506179
0.1129 0.562728
0.11295 0.623872
0.113 0.583352
0.11305 0.540516
0.1131 0.590406
0.11315 0.484146
0.1132 0.617835
0.11325 0.513771
0.1133 0.586395
0.11335 0.538911
0.1134 0.554896
0.11345 0.482372
0.1135 0.557367
0.11355 0.548397
0.1136 0.530323
0.11365 0.478115
0.1137 0.571438
0.11375 0.567016
0.1138 0.503386
0.11385 0.517124
0.1139 0.571902
0.11395 0.578872
0.114 0.51514
0.11405 0.627038
0.1141 0.567858
0.11415 0.52002
0.1142 0.501824
0.11425 0.62305
0.1143 0.506587
0.11435 0.488355
0.1144 0.4907
0.11445 0.497628
0.1145 0.495401
0.11455 0.465667
0.1146 0.511563
0.11465 0.451995
0.1147 0.461199
0.11475 0.532407
0.1148 0.610599
0.11485 0.548715
0.1149 0.553421
0.11495 0.496033
0.115 0.493794
0.11505 0.461626
0.1151 0.510021
0.11515 0.468623
0.1152 0.466356
0.11525 0.464086
0.1153 0.484883
0.11535 0.457239
0.1154 0.5427
0.11545 0.485052
0.1155 0.489726
0.11555 0.503654
0.1156 0.489844
0.11565 0.4899
0.1157 0.545516
0.11575 0.47614
0.1158 0.527158
0.11585 0.527246
0.1159 0.522696
0.11595 0.5483
0.116 0.450924
0.11605 0.518284
0.1161 0.520687
0.11615 0.511473
0.1162 0.465047
0.11625 0.530209
0.1163 0.546588
0.11635 0.500132
0.1164 0.474577
0.11645 0.446659
0.1165 0.518938
0.11655 0.453722
0.1166 0.491074
0.11665 0.484128
0.1167 0.474838
0.11675 0.495904
0.1168 0.49129
0.11685 0.507712
0.1169 0.453985
0.11695 0.507829
0.117 0.470443
0.11705 0.449403
0.1171 0.414278
0.11715 0.51506
0.1172 0.402576
0.11725 0.44713
0.1173 0.503476
0.11735 0.414318
0.1174 0.487127
0.11745 0.496579
0.1175 0.449619
0.11755 0.473159
0.1176 0.527318
0.11765 0.435598
0.1177 0.489771
0.11775 0.423857
0.1178 0.511064
0.11785 0.527642
0.1179 0.485266
0.11795 0.501836
0.118 0.504261
0.11805 0.457087
0.1181 0.438209
0.11815 0.454767
0.1182 0.542296
0.11825 0.537662
0.1183 0.473847
0.11835 0.440735
0.1184 0.473913
0.11845 0.464473
0.1185 0.457392
0.11855 0.561786
0.1186 0.497829
0.11865 0.459905
0.1187 0.495558
0.11875 0.448096
0.1188 0.464753
0.11885 0.479053
0.1189 0.555225
0.11895 0.483933
0.119 0.445885
0.11905 0.474485
0.1191 0.424482
0.11915 0.455472
0.1192 0.457881
0.11925 0.465065
0.1193 0.469871
0.11935 0.381551
0.1194 0.422126
0.11945 0.412562
0.1195 0.493844
0.11955 0.45802
0.1196 0.448474
0.11965 0.532282
0.1197 0.50363
0.11975 0.45817
0.1198 0.448608
0.11985 0.458218
0.1199 0.417461
0.11995 0.453453
0.12 0.458277
0.12005 0.455901
0.1201 0.496776
0.12015 0.467986
0.1202 0.36701
0.12025 0.417486
0.1203 0.38378
0.12035 0.44876
0.1204 0.477686
0.12045 0.412658
0.1205 0.468099
0.12055 0.395773
0.1206 0.465724
0.12065 0.487482
0.1207 0.502022
0.12075 0.393364
0.1208 0.441676
0.12085 0.429598
0.1209 0.448952
0.12095 0.38121
0.121 0.468328
0.12105 0.42961
0.1211 0.400536
0.12115 0.429602
0.1212 0.405354
0.12125 0.480542
0.1213 0.473305
0.12135 0.480627
0.1214 0.473384
0.12145 0.485572
0.1215 0.480758
0.12155 0.427298
0.1216 0.473525
0.12165 0.507639
0.1217 0.46631
0.12175 0.417622
0.1218 0.446858
0.12185 0.444436
0.1219 0.478596
0.12195 0.476198
0.122 0.410331
0.12205 0.466483
0.1221 0.437199
0.12215 0.437207
0.1222 0.48367
0.12225 0.439688
0.1223 0.513108
0.12235 0.464218
0.1224 0.407921
0.12245 0.410355
0.1225 0.412792
0.12255 0.464272
0.1226 0.456943
0.12265 0.488869
0.1227 0.405449
0.12275 0.439815
0.1228 0.375943
0.12285 0.417687
0.1229 0.491449
0.12295 0.405401
0.123 0.420149
0.12305 0.395523
0.1231 0.405349
0.12315 0.393011
0.1232 0.380658
0.12325 0.506386
0.1233 0.400369
0.12335 0.402815
0.1234 0.434892
0.12345 0.526288
0.1235 0.395405
0.12355 0.368187
0.1236 0.496735
0.12365 0.395357
0.1237 0.444831
0.12375 0.402753
0.1238 0.390348
0.12385 0.439878
0.1239 0.380392
0.12395 0.417554
0.124 0.412584
0.12405 0.4225
0.1241 0.3927
0.12415 0.452288
0.1242 0.474673
0.12425 0.360355
0.1243 0.412528
0.12435 0.424956
0.1244 0.405042
0.12445 0.469764
0.1245 0.372649
0.12455 0.350177
0.1246 0.41244
0.12465 0.44485
0.1247 0.414924
0.12475 0.457346
0.1248 0.459867
0.12485 0.444905
0.1249 0.434923
0.12495 0.474929
0.125 0.459961
0.12505 0.419955
0.1251 0.432464
0.12515 0.367364
0.1252 0.452486
0.12525 0.48759
0.1253 0.419949
0.12535 0.377307
0.1254 0.432465
0.12545 0.414899
0.1255 0.394801
0.12555 0.377191
0.1256 0.424898
0.12565 0.40227
0.1257 0.43243
0.12575 0.427402
0.1258 0.394681
0.12585 0.422353
0.1259 0.382045
0.12595 0.339169
0.126 0.46767
0.12605 0.371866
0.1261 0.414713
0.12615 0.457611
0.1262 0.412185
0.12625 0.427329
0.1263 0.445018
0.12635 0.348968
0.1264 0.432363
0.12645 0.407067
0.1265 0.412113
0.12655 0.417165
0.1266 0.434888
0.12665 0.404486
0.1267 0.379118
0.12675 0.412048
0.1268 0.401888
0.12685 0.419634
0.1269 0.470408
0.12695 0.437422
0.127 0.394233
0.12705 0.401833
0.1271 0.39927
0.12715 0.460304
0.1272 0.39925
0.12725 0.40432
0.1273 0.46543
0.12735 0.411952
0.1274 0.399195
0.12745 0.394073
0.1275 0.450169
0.12755 0.442531
0.1276 0.394036
0.12765 0.427212
0.1277 0.376112
0.12775 0.42208
0.1278 0.409291
0.12785 0.493691
0.1279 0.445122
0.12795 0.340176
0.128 0.439987
0.12805 0.416939
0.1281 0.396427
0.12815 0.404095
0.1282 0.422032
0.12825 0.419462
0.1283 0.393786
0.12835 0.396328
0.1284 0.421994
0.12845 0.38601
0.1285 0.403975
0.12855 0.388525
0.1286 0.409079
0.12865 0.311253
0.1287 0.383263
0.12875 0.406413
0.1288 0.401243
0.12885 0.416691
0.1289 0.452789
0.12895 0.377989
0.129 0.408923
0.12905 0.468295
0.1291 0.375339
0.12915 0.416643
0.1292 0.37786
0.12925 0.406268
0.1293 0.4166
0.12935 0.481292
0.1294 0.395897
0.12945 0.393283
0.1295 0.341437
0.12955 0.424315
0.1296 0.377639
0.12965 0.364631
0.1297 0.426863
0.12975 0.416479
0.1298 0.40868
0.12985 0.341118
0.1299 0.432017
0.12995 0.364421
0.13 0.333161
0.13005 0.395537
0.1301 0.286187
0.13015 0.390239
0.1302 0.361556
0.13025 0.38496
0.1303 0.356251
0.13035 0.319685
0.1304 0.366565
0.13045 0.465699
0.1305 0.392621
0.13055 0.389983
0.1306 0.389955
0.13065 0.293209
0.1307 0.353252
0.13075 0.397668
0.1308 0.426433
0.13085 0.311241
0.1309 0.405437
0.13095 0.402801
0.131 0.3425
0.13105 0.376522
0.1311 0.352877
0.13115 0.389557
0.1312 0.379029
0.13125 0.381619
0.1313 0.389466
0.13135 0.352646
0.1314 0.339445
0.13145 0.318339
0.1315 0.355091
0.13155 0.362933
0.1316 0.328656
0.13165 0.341752
0.1317 0.331148
0.13175 0.46024
0.1318 0.320505
0.13185 0.431221
0.1319 0.39164
0.13195 0.352014
0.132 0.476085
0.13205 0.428567
0.1321 0.346636
0.13215 0.325424
0.1322 0.359733
0.13225 0.383497
0.1323 0.272291
0.13235 0.330431
0.1324 0.431021
0.13245 0.452225
0.1325 0.404527
0.13255 0.327603
0.1326 0.364671
0.13265 0.446899
0.1327 0.308855
0.13275 0.345951
0.1328 0.433572
0.13285 0.39105
0.1329 0.37507
0.13295 0.356412
0.133 0.401597
0.13305 0.358987
0.1331 0.425512
0.13315 0.36424
0.1332 0.358864
0.13325 0.353482
0.1333 0.366763
0.13335 0.388063
0.1334 0.278606
0.13345 0.428016
0.1335 0.37994
0.13355 0.355858
0.1336 0.334422
0.13365 0.35842
0.1337 0.36372
0.13375 0.288746
0.1338 0.334153
0.13385 0.384967
0.1339 0.339394
0.13395 0.34201
0.134 0.307095
0.13405 0.408923
0.1341 0.3633
0.13415 0.384726
0.1342 0.336366
0.13425 0.34973
0.1343 0.427597
0.13435 0.314703
0.1344 0.346889
0.13445 0.365661
0.1345 0.311797
0.13455 0.373629
0.1346 0.397828
0.13465 0.362786
0.1347 0.311535
0.13475 0.378851
0.1348 0.346453
0.13485 0.451617
0.1349 0.384162
0.13495 0.354432
0.135 0.330071
0.13505 0.397551
0.1351 0.429967
0.13515 0.332627
0.1352 0.351494
0.13525 0.3785
0.1353 0.473211
0.13535 0.308059
0.1354 0.318809
0.13545 0.386481
0.1355 0.375609
0.13555 0.372861
0.1356 0.332128
0.13565 0.383626
0.1357 0.408031
0.13575 0.348267
0.1358 0.42157
0.13585 0.334592
0.1359 0.388906
0.13595 0.3916
0.136 0.432391
0.13605 0.421509
0.1361 0.364324
0.13615 0.315248
0.1362 0.350593
0.13625 0.413237
0.1363 0.399594
0.13635 0.396848
0.1364 0.396828
0.13645 0.334018
0.1365 0.309373
0.13655 0.344805
0.1366 0.42947
0.13665 0.393932
0.1367 0.31186
0.13675 0.35829
0.1368 0.292554
0.13685 0.341742
0.1369 0.344421
0.13695 0.366283
0.137 0.330608
0.13705 0.346992
0.1371 0.39631
0.13715 0.47861
0.1372 0.35787
0.13725 0.40725
0.1373 0.467672
0.13735 0.368776
0.1374 0.346744
0.13745 0.451188
0.1375 0.360425
0.13755 0.335611
0.1376 0.371336
0.13765 0.343758
0.1377 0.385025
0.13775 0.412557
0.1378 0.379465
0.13785 0.335305
0.1379 0.39318
0.13795 0.348998
0.138 0.429013
0.13805 0.337871
0.1381 0.323994
0.13815 0.351562
0.1382 0.34598
0.13825 0.368052
0.1383 0.334808
0.13835 0.351352
0.1384 0.3513
0.13845 0.306928
0.1385 0.306844
0.13855 0.359428
0.1386 0.356609
0.13865 0.259471
0.1387 0.306528
0.13875 0.317548
0.1388 0.367458
0.13885 0.347972
0.1389 0.322907
0.13895 0.358975
0.139 0.281061
0.13905 0.361637
0.1391 0.394989
0.13915 0.344857
0.1392 0.467341
0.13925 0.350361
0.1393 0.347522
0.13935 0.403228
0.1394 0.389269
0.13945 0.364135
0.1395 0.297109
0.13955 0.372403
0.1396 0.377953
0.13965 0.268955
0.1397 0.324745
0.13975 0.288327
0.1398 0.355359
0.13985 0.330129
0.1399 0.296475
0.13995 0.315985
0.14 0.254287
0.14005 0.327019
0.1401 0.340966
0.14015 0.32128
0.1402 0.318403
0.14025 0.363225
0.1403 0.385639
0.14035 0.363149
0.1404 0.377152
0.14045 0.29282
0.1405 0.360192
0.14055 0.329216
0.1406 0.32915
0.14065 0.331898
0.1407 0.320574
0.14075 0.297974
0.1408 0.334507
0.14085 0.365443
0.1409 0.31748
0.14095 0.368166
0.141 0.348381
0.14105 0.342685
0.1411 0.317222
0.14115 0.331268
0.1412 0.334029
0.14125 0.263317
0.1413 0.274513
0.14135 0.294205
0.1414 0.345037
0.14145 0.370453
0.1415 0.32229
0.14155 0.342044
0.1416 0.35332
0.14165 0.367442
0.1417 0.381579
0.14175 0.316323
0.1418 0.358804
0.14185 0.350246
0.1419 0.31045
0.14195 0.341612
0.142 0.321669
0.14205 0.318757
0.1421 0.324371
0.14215 0.293019
0.1422 0.338449
0.14225 0.329853
0.1423 0.369647
0.14235 0.420875
0.1424 0.324009
0.14245 0.335341
0.1425 0.33243
0.14255 0.303848
0.1426 0.363679
0.14265 0.375055
0.1427 0.289373
0.14275 0.337833
0.1428 0.35206
0.14285 0.312
0.1429 0.329078
0.14295 0.363334
0.143 0.300352
0.14305 0.311716
0.1431 0.308777
0.14315 0.340203
0.1432 0.348742
0.14325 0.3143
0.1433 0.282689
0.14335 0.382973
0.1434 0.282532
0.14345 0.308266
0.1435 0.365608
0.14355 0.256434
0.1436 0.376986
0.14365 0.362586
0.1437 0.353921
0.14375 0.342371
0.1438 0.322178
0.14385 0.310598
0.1439 0.339312
0.14395 0.336376
0.144 0.416986
0.14405 0.31035
0.1441 0.321806
0.14415 0.390954
0.1442 0.356314
0.14425 0.344726
0.1443 0.361996
0.14435 0.263764
0.1444 0.30988
0.14445 0.330034
0.1445 0.303953
0.14455 0.353037
0.1446 0.341419
0.14465 0.309531
0.1447 0.361565
0.14475 0.367317
0.1448 0.268783
0.14485 0.341129
0.1449 0.367166
0.14495 0.33523
0.145 0.332271
0.14505 0.306093
0.1451 0.40762
0.14515 0.29726
0.1452 0.317511
0.14525 0.372655
0.1453 0.34646
0.14535 0.355134
0.1454 0.369635
0.14545 0.288121
0.1455 0.346251
0.14555 0.305433
0.1456 0.334485
0.14565 0.325685
0.1457 0.430561
0.14575 0.354753
0.1458 0.308037
0.14585 0.305043
0.1459 0.31956
0.14595 0.301972
0.146 0.331102
0.14605 0.287212
0.1461 0.371889
0.14615 0.336769
0.1462 0.301613
0.14625 0.374683
0.1463 0.371726
0.14635 0.386334
0.1464 0.301371
0.14645 0.283711
0.1465 0.271895
0.14655 0.353891
0.1466 0.321584
0.14665 0.353792
0.1467 0.327333
0.14675 0.315527
0.1468 0.333079
0.14685 0.341835
0.1469 0.335905
0.14695 0.324089
0.147 0.391668
0.14705 0.326926
0.1471 0.371009
0.14715 0.379809
0.1472 0.285543
0.14725 0.306075
0.1473 0.279476
0.14735 0.364874
0.1474 0.308807
0.14745 0.311683
0.1475 0.320464
0.14755 0.391246
0.1476 0.276061
0.14765 0.305505
0.1477 0.373394
0.14775 0.352672
0.1478 0.293488
0.14785 0.349606
0.1479 0.334765
0.14795 0.316949
0.148 0.340569
0.14805 0.313859
0.1481 0.313789
0.14815 0.322611
0.1482 0.372952
0.14825 0.349194
0.1483 0.313544
0.14835 0.34909
0.1484 0.334199
0.14845 0.301473
0.1485 0.363786
0.14855 0.345918
0.1486 0.322086
0.14865 0.292282
0.1487 0.354673
0.14875 0.318919
0.1488 0.32183
0.14885 0.309854
0.1489 0.28595
0.14895 0.303742
0.149 0.327514
0.14905 0.297634
0.1491 0.366163
0.14915 0.324353
0.1492 0.282501
0.14925 0.330187
0.1493 0.303246
0.14935 0.306158
0.1494 0.297117
0.14945 0.350857
0.1495 0.350813
0.14955 0.296913
0.1496 0.29384
0.14965 0.284776
0.1497 0.317633
0.14975 0.299591
0.1498 0.326486
0.14985 0.287452
0.1499 0.302361
0.14995 0.299285
0.15 0.329217
0.15005 0.332161
0.1501 0.278051
0.15015 0.320015
0.1502 0.319951
0.15025 0.289827
0.1503 0.307785
0.15035 0.346817
0.1504 0.37987
0.15045 0.349746
0.1505 0.289482
0.15055 0.33759
0.1506 0.382733
0.15065 0.274207
0.1507 0.319338
0.15075 0.346418
0.1508 0.2981
0.15085 0.279914
0.1509 0.225482
0.15095 0.355216
0.151 0.297777
0.15105 0.394403
0.1511 0.321837
0.15115 0.321775
0.1512 0.339863
0.15125 0.306527
0.1513 0.373049
0.15135 0.321545
0.1514 0.333599
0.15145 0.324455
0.1515 0.27893
0.15155 0.30916
0.1516 0.342453
0.15165 0.312065
0.1517 0.354487
0.15175 0.421239
0.1518 0.305837
0.15185 0.311841
0.1519 0.317851
0.15195 0.366427
0.152 0.314698
0.15205 0.3268
0.1521 0.323699
0.15215 0.323639
0.1522 0.341849
0.15225 0.329617
0.1523 0.347843
0.15235 0.350847
0.1524 0.329462
0.15245 0.341606
0.1525 0.341558
0.15255 0.368978
0.1526 0.3201
0.15265 0.316984
0.1527 0.326085
0.15275 0.274075
0.1528 0.341237
0.15285 0.344247
0.1529 0.28608
0.15295 0.295176
0.153 0.33183
0.15305 0.298094
0.1531 0.328648
0.15315 0.346976
0.1532 0.362257
0.15325 0.313167
0.1533 0.313101
0.15335 0.340647
0.1534 0.291495
0.15345 0.346675
0.1535 0.229933
0.15355 0.349621
0.1536 0.272754
0.15365 0.349512
0.1537 0.35562
0.15375 0.309442
0.1538 0.346298
0.15385 0.303162
0.1539 0.290774
0.15395 0.306094
0.154 0.287538
0.15405 0.373752
0.1541 0.333647
0.15415 0.271915
0.1542 0.290333
0.15425 0.318027
0.1543 0.256225
0.15435 0.302443
0.1544 0.283837
0.15445 0.274483
0.1545 0.379487
0.15455 0.292889
0.1546 0.367043
0.15465 0.326791
0.1547 0.31126
0.15475 0.29881
0.1548 0.267766
0.15485 0.261476
0.1549 0.28617
0.15495 0.233388
0.155 0.326302
0.15505 0.279716
0.1551 0.350999
0.15515 0.288879
0.1552 0.307429
0.15525 0.282513
0.1553 0.310392
0.15535 0.266814
0.1554 0.325791
0.15545 0.300855
0.1555 0.244785
0.15555 0.322477
0.1556 0.297515
0.15565 0.341037
0.1557 0.260001
0.15575 0.334687
0.1558 0.33152
0.15585 0.259754
0.1559 0.219109
0.15595 0.278265
0.156 0.318752
0.15605 0.349912
0.1561 0.259305
0.15615 0.356051
0.1562 0.24039
0.15625 0.343438
0.1563 0.271473
0.15635 0.349583
0.1564 0.362059
0.15645 0.333857
0.1565 0.268056
0.15655 0.311812
0.1566 0.283551
0.15665 0.305407
0.1567 0.311609
0.15675 0.289593
0.1568 0.298926
0.15685 0.308268
0.1569 0.317619
0.15695 0.330119
0.157 0.264106
0.15705 0.308
0.1571 0.238788
0.15715 0.29527
0.1572 0.301486
0.15725 0.28254
0.1573 0.339104
0.15735 0.307578
0.1574 0.339002
0.15745 0.316906
0.1575 0.364111
0.15755 0.316801
0.1576 0.307282
0.15765 0.338756
0.1577 0.31347
0.15775 0.326032
0.1578 0.291251
0.15785 0.357493
0.1579 0.250053
0.15795 0.300511
0.158 0.287797
0.15805 0.331987
0.1581 0.316122
0.15815 0.316062
0.1582 0.309672
0.15825 0.334936
0.1583 0.281049
0.15835 0.363335
0.1584 0.280911
0.15845 0.296679
0.1585 0.347343
0.15855 0.299723
0.1586 0.280615
0.15865 0.255141
0.1587 0.318543
0.15875 0.302605
0.1588 0.296183
0.15885 0.289755
0.1589 0.305574
0.15895 0.264168
0.159 0.349963
0.15905 0.311741
0.1591 0.286215
0.15915 0.295689
0.1592 0.349762
0.15925 0.292376
0.1593 0.311424
0.15935 0.371934
0.1594 0.301752
0.15945 0.362294
0.1595 0.343118
0.15955 0.28562
0.1596 0.3047
0.15965 0.304634
0.1597 0.352493
0.15975 0.266165
0.1598 0.262878
0.15985 0.32035
0.1599 0.297901
0.15995 0.275431
0.16 0.291352
0.16005 0.300884
0.1601 0.342455
0.16015 0.342413
0.1602 0.297501
0.16025 0.278195
0.1603 0.390358
0.16035 0.278066
0.1604 0.326119
0.16045 0.326067
0.1605 0.326015
0.16055 0.342023
0.1606 0.296999
0.16065 0.248719
0.1607 0.345069
0.16075 0.354677
0.1608 0.287086
0.16085 0.251612
0.1609 0.348084
0.16095 0.344826
0.161 0.270703
0.16105 0.296393
0.1611 0.276985
0.16115 0.334935
0.1612 0.305864
0.16125 0.283218
0.1613 0.31541
0.16135 0.30244
0.1614 0.279771
0.16145 0.289381
0.1615 0.282845
0.16155 0.253679
0.1616 0.321476
0.16165 0.308486
0.1617 0.301954
0.16175 0.30836
0.1618 0.305061
0.16185 0.304997
0.1619 0.269304
0.16195 0.298378
0.162 0.239972
0.16205 0.29174
0.1621 0.259238
0.16215 0.314294
0.1622 0.353176
0.16225 0.333666
0.1623 0.336867
0.16235 0.362807
0.1624 0.336787
0.16245 0.300993
0.1625 0.323684
0.16255 0.281356
0.1626 0.323567
0.16265 0.290975
0.1627 0.333218
0.16275 0.26154
0.1628 0.274478
0.16285 0.290686
0.1629 0.306909
0.16295 0.316627
0.163 0.293744
0.16305 0.35239
0.1631 0.264255
0.16315 0.316391
0.1632 0.264095
0.16325 0.277071
0.1633 0.283525
0.16335 0.381489
0.1634 0.283403
0.16345 0.325837
0.1635 0.345413
0.16355 0.335559
0.1636 0.335515
0.16365 0.276539
0.1637 0.296109
0.16375 0.289489
0.1638 0.292694
0.16385 0.335238
0.1639 0.263056
0.16395 0.390888
0.164 0.315415
0.16405 0.282539
0.1641 0.354689
0.16415 0.315249
0.1642 0.344758
0.16425 0.338148
0.1643 0.301949
0.16435 0.285445
0.1644 0.351151
0.16445 0.268867
0.1645 0.25891
0.16455 0.301616
0.1646 0.301552
0.16465 0.291606
0.1647 0.347551
0.16475 0.324443
0.1648 0.340878
0.16485 0.2386
0.1649 0.26489
0.16495 0.304404
0.165 0.287837
0.16505 0.251443
0.1651 0.290985
0.16515 0.314043
0.1652 0.313987
0.16525 0.254423
0.1653 0.307243
0.16535 0.257563
0.1654 0.317035
0.16545 0.293811
0.1655 0.340097
0.16555 0.263881
0.1656 0.28036
0.16565 0.353192
0.1657 0.263655
0.16575 0.246989
0.1658 0.286697
0.16585 0.329759
0.1659 0.256695
0.16595 0.379445
0.166 0.309688
0.16605 0.286376
0.1661 0.25972
0.16615 0.326112
0.1662 0.296139
0.16625 0.272791
0.1663 0.296
0.16635 0.322558
0.1664 0.299205
0.16645 0.315791
0.1665 0.315737
0.16655 0.265703
0.1666 0.298949
0.16665 0.255543
0.1667 0.358838
0.16675 0.318778
0.1668 0.305378
0.16685 0.228544
0.1669 0.328608
0.16695 0.281802
0.167 0.271705
0.16705 0.315071
0.1671 0.238128
0.16715 0.26478
0.1672 0.294801
0.16725 0.311465
0.1673 0.281286
0.16735 0.31804
0.1674 0.281149
0.16745 0.311225
0.1675 0.324573
0.16755 0.250781
0.1676 0.300984
0.16765 0.297568
0.1677 0.341119
0.16775 0.277317
0.1678 0.324239
0.16785 0.273821
0.1679 0.273743
0.16795 0.283745
0.168 0.3072
0.16805 0.27016
0.1681 0.243176
0.16815 0.32718
0.1682 0.293484
0.16825 0.26649
0.1683 0.32028
0.16835 0.195614
0.1684 0.279715
0.16845 0.296491
0.1685 0.27283
0.16855 0.282868
0.1686 0.286169
0.16865 0.289473
0.1687 0.302905
0.16875 0.302845
0.1688 0.2859
0.16885 0.295964
0.1689 0.26211
0.16895 0.289066
0.169 0.268712
0.16905 0.305834
0.1691 0.312542
0.16915 0.332792
0.1692 0.281975
0.16925 0.278517
0.1693 0.285217
0.16935 0.329191
0.1694 0.274923
0.16945 0.251117
0.1695 0.322238
0.16955 0.291662
0.1696 0.247487
0.16965 0.267759
0.1697 0.332184
0.16975 0.281202
0.1698 0.352467
0.16985 0.226711
0.1699 0.308183
0.16995 0.287727
0.17 0.25705
0.17005 0.256964
0.1701 0.311326
0.17015 0.338504
0.1702 0.331656
0.17025 0.35205
0.1703 0.287287
0.17035 0.280403
0.1704 0.266695
0.17045 0.290485
0.1705 0.218788
0.17055 0.273272
0.1706 0.283435
0.17065 0.297021
0.1707 0.279884
0.17075 0.27298
0.1708 0.259236
0.17085 0.320676
0.1709 0.248829
0.17095 0.272679
0.171 0.317076
0.17105 0.279384
0.1711 0.279312
0.17115 0.29636
0.1712 0.238073
0.17125 0.296219
0.1713 0.244752
0.17135 0.316648
0.1714 0.237731
0.17145 0.289085
0.1715 0.371363
0.17155 0.299273
0.1716 0.29578
0.17165 0.302586
0.1717 0.281918
0.17175 0.27154
0.1718 0.285212
0.17185 0.264516
0.1719 0.281631
0.17195 0.298761
0.172 0.274614
0.17205 0.30896
0.1721 0.33645
0.17215 0.312304
0.1722 0.353592
0.17225 0.274306
0.1723 0.270785
0.17235 0.325877
0.1724 0.256853
0.17245 0.308519
0.1725 0.267053
0.17255 0.349823
0.1726 0.301451
0.17265 0.259945
0.1727 0.297868
0.17275 0.249424
0.1728 0.280449
0.17285 0.270005
0.1729 0.283765
0.17295 0.311377
0.173 0.273254
0.17305 0.345882
0.1731 0.352776
0.17315 0.29386
0.1732 0.241823
0.17325 0.293721
0.1733 0.324862
0.17335 0.265862
0.1734 0.290067
0.17345 0.276123
0.1735 0.300348
0.17355 0.289874
0.1736 0.22035
0.17365 0.300148
0.1737 0.26534
0.17375 0.289594
0.1738 0.310392
0.17385 0.359032
0.1739 0.313781
0.17395 0.313731
0.174 0.282352
0.17405 0.230054
0.1741 0.268269
0.17415 0.285613
0.1742 0.327367
0.17425 0.278521
0.1743 0.313321
0.17435 0.271415
0.1744 0.302742
0.17445 0.288726
0.1745 0.302626
0.17455 0.361934
0.1746 0.295545
0.17465 0.281509
0.1747 0.291926
0.17475 0.2604
0.1748 0.274308
0.17485 0.246252
0.1749 0.288152
0.17495 0.235588
0.175 0.252999
0.17505 0.259919
0.1751 0.280857
0.17515 0.333349
0.1752 0.249191
0.17525 0.273647
0.1753 0.270068
0.17535 0.319106
0.1754 0.262916
0.17545 0.315488
0.1755 0.311929
0.17555 0.248663
0.1756 0.266142
0.17565 0.276608
0.1757 0.241388
0.17575 0.329198
0.1758 0.290471
0.17585 0.251711
0.1759 0.255146
0.17595 0.230424
0.176 0.283143
0.17605 0.209115
0.1761 0.311174
0.17615 0.297028
0.1762 0.35337
0.17625 0.318084
0.1763 0.23339
0.17635 0.275632
0.1764 0.296736
0.17645 0.243728
0.1765 0.307198
0.17655 0.289486
0.1766 0.33182
0.17665 0.275238
0.1767 0.306983
0.17675 0.303395
0.1768 0.264434
0.17685 0.2962
0.1769 0.296142
0.17695 0.250064
0.177 0.292472
0.17705 0.27116
0.1771 0.363206
0.17715 0.27813
0.1772 0.270972
0.17725 0.28863
0.1773 0.27438
0.17735 0.30979
0.1774 0.306191
0.17745 0.252889
0.1775 0.302521
0.17755 0.302467
0.1776 0.231353
0.17765 0.281015
0.1777 0.280949
0.17775 0.266659
0.1778 0.302155
0.17785 0.298543
0.1779 0.227307
0.17795 0.287731
0.178 0.298352
0.17805 0.25199
0.1781 0.280412
0.17815 0.258962
0.1782 0.262449
0.17825 0.315863
0.1783 0.233776
0.17835 0.301476
0.1784 0.255025
0.17845 0.269225
0.1785 0.247727
0.17855 0.254787
0.1786 0.326167
0.17865 0.293961
0.1787 0.276028
0.17875 0.31172
0.1788 0.29021
0.17885 0.282994
0.1789 0.300825
0.17895 0.304351
0.179 0.300718
0.17905 0.27559
0.1791 0.254024
0.17915 0.289784
0.1792 0.268214
0.17925 0.217938
0.1793 0.303926
0.17935 0.232114
0.1794 0.264323
0.17945 0.332459
0.1795 0.282149
0.17955 0.314413
0.1796 0.310774
0.17965 0.285568
0.1797 0.299886
0.17975 0.281852
0.1798 0.249415
0.17985 0.303303
0.1799 0.296053
0.17995 0.256397
0.18 0.29593
0.18005 0.274262
0.1801 0.259782
0.18015 0.295746
0.1802 0.31011
0.18025 0.263184
0.1803 0.317215
0.18035 0.317171
0.1804 0.241338
0.18045 0.277352
0.1805 0.270064
0.18055 0.230262
0.1806 0.262687
0.18065 0.284297
0.1807 0.291465
0.18075 0.284175
0.1808 0.255177
0.18085 0.284043
0.1809 0.25141
0.18095 0.33459
0.181 0.27662
0.18105 0.28742
0.1811 0.298229
0.18115 0.258311
0.1812 0.27636
0.18125 0.27992
0.1813 0.21457
0.18135 0.243494
0.1814 0.214378
0.18145 0.283248
0.1815 0.312234
0.18155 0.26134
0.1816 0.286697
0.18165 0.275735
0.1817 0.312019
0.18175 0.253797
0.1818 0.26463
0.18185 0.286386
0.1819 0.246297
0.18195 0.249855
0.182 0.311672
0.18205 0.311626
0.1821 0.271507
0.18215 0.286015
0.1822 0.322405
0.18225 0.318719
0.1823 0.271266
0.18235 0.245662
0.1824 0.314911
0.18245 0.267417
0.1825 0.249092
0.18255 0.30014
0.1826 0.285476
0.18265 0.259838
0.1827 0.274384
0.18275 0.267006
0.1828 0.23768
0.18285 0.24491
0.1829 0.2741
0.18295 0.325274
0.183 0.222728
0.18305 0.25193
0.1831 0.325112
0.18315 0.215154
0.1832 0.255371
0.18325 0.269959
0.1833 0.229554
0.18335 0.222128
0.1834 0.266062
0.18345 0.277002
0.1835 0.32099
0.18355 0.26587
0.1836 0.243762
0.18365 0.258376
0.1837 0.284027
0.18375 0.243531
0.1838 0.298604
0.18385 0.26545
0.1839 0.30217
0.18395 0.28004
0.184 0.276297
0.18405 0.243095
0.1841 0.268794
0.18415 0.242938
0.1842 0.239171
0.18425 0.239087
0.1843 0.231629
0.18435 0.249981
0.1844 0.286793
0.18445 0.312565
0.1845 0.253465
0.18455 0.271849
0.1846 0.286555
0.18465 0.264333
0.1847 0.249483
0.18475 0.227229
0.1848 0.286291
0.18485 0.282535
0.1849 0.234388
0.18495 0.256502
0.185 0.219418
0.18505 0.271152
0.1851 0.274789
0.18515 0.271021
0.1852 0.29689
0.18525 0.241248
0.1853 0.24858
0.18535 0.25221
0.1854 0.22988
0.18545 0.285442
0.1855 0.251985
0.18555 0.326149
0.1856 0.274131
0.18565 0.285209
0.1857 0.262861
0.18575 0.251643
0.1858 0.255284
0.18585 0.303544
0.1859 0.281182
0.18595 0.292282
0.186 0.255018
0.18605 0.240056
0.1861 0.239974
0.18615 0.217548
0.1862 0.280779
0.18625 0.295623
0.1863 0.250847
0.18635 0.265683
0.1864 0.280531
0.18645 0.239441
0.1865 0.313979
0.18655 0.351257
0.1866 0.276575
0.18665 0.269045
0.1867 0.272714
0.18675 0.287594
0.1868 0.246431
0.18685 0.253829
0.1869 0.276189
0.18695 0.253687
0.187 0.261095
0.18705 0.305929
0.1871 0.279682
0.18715 0.290854
0.1872 0.26084
0.18725 0.290738
0.1873 0.24572
0.18735 0.290618
0.1874 0.271819
0.18745 0.230505
0.1875 0.260427
0.18755 0.290373
0.1876 0.264048
0.18765 0.286504
0.1877 0.271428
0.18775 0.278876
0.1878 0.267545
0.18785 0.271237
0.1879 0.289968
0.18795 0.267354
0.188 0.244722
0.18805 0.248406
0.1881 0.282197
0.18815 0.263319
0.1882 0.259486
0.18825 0.263182
0.1883 0.319619
0.18835 0.236685
0.1884 0.244141
0.18845 0.270453
0.1885 0.232679
0.18855 0.228823
0.1886 0.277786
0.18865 0.255082
0.1887 0.273885
0.18875 0.322911
0.1888 0.30399
0.18885 0.326612
0.1889 0.266114
0.18895 0.243368
0.189 0.262195
0.18905 0.231871
0.1891 0.277183
0.18915 0.314963
0.1892 0.261933
0.18925 0.235363
0.1893 0.288299
0.18935 0.220061
0.1894 0.295751
0.18945 0.272961
0.1895 0.257735
0.18955 0.284209
0.1896 0.250016
0.18965 0.310646
0.1897 0.234704
0.18975 0.223234
0.1898 0.253522
0.18985 0.287632
0.1899 0.321769
0.18995 0.260933
0.19 0.257064
0.19005 0.28741
0.1901 0.245523
0.19015 0.222623
0.1902 0.260585
0.19025 0.226263
0.1903 0.252826
0.19035 0.24133
0.1904 0.237443
0.19045 0.241173
0.1905 0.256339
0.19055 0.244833
0.1906 0.263822
0.19065 0.256128
0.1907 0.259873
0.19075 0.225461
0.1908 0.297898
0.19085 0.29785
0.1909 0.324535
0.19095 0.221361
0.191 0.236557
0.19105 0.267053
0.1911 0.270812
0.19115 0.247806
0.1912 0.201832
0.19125 0.270602
0.1913 0.23227
0.19135 0.270468
0.1914 0.278064
0.19145 0.239706
0.1915 0.243459
0.19155 0.304695
0.1916 0.346814
0.19165 0.243274
0.1917 0.296888
0.19175 0.250808
0.1918 0.269921
0.19185 0.231479
0.1919 0.223719
0.19195 0.292753
0.192 0.231247
0.19205 0.246533
0.1921 0.284889
0.19215 0.269459
0.1922 0.300157
0.19225 0.273189
0.1923 0.307752
0.19235 0.234598
0.1924 0.288404
0.19245 0.326852
0.1925 0.265204
0.19255 0.276696
0.1926 0.168754
0.19265 0.330508
0.1927 0.315058
0.19275 0.241756
0.1928 0.253251
0.19285 0.272471
0.1929 0.280129
0.19295 0.253053
0.193 0.291593
0.19305 0.222027
0.1931 0.276023
0.19315 0.275965
0.1932 0.283637
0.19325 0.302913
0.1933 0.271933
0.19335 0.318289
0.1934 0.244742
0.19345 0.275628
0.1935 0.283312
0.19355 0.217434
0.1936 0.240584
0.19365 0.298618
0.1937 0.259822
0.19375 0.31402
0.1938 0.25195
0.19385 0.236368
0.1939 0.321628
0.19395 0.247874
0.194 0.232278
0.19405 0.31372
0.1941 0.352512
0.19415 0.220438
0.1942 0.255317
0.19425 0.220275
0.1943 0.255172
0.19435 0.24344
0.1944 0.220032
0.19445 0.270516
0.1945 0.243219
0.19455 0.262605
0.1946 0.293685
0.19465 0.231333
0.1947 0.254623
0.19475 0.266243
0.1948 0.242799
0.19485 0.285603
0.1949 0.269955
0.19495 0.215295
0.195 0.219108
0.19505 0.222924
0.1951 0.234549
0.19515 0.253991
0.1952 0.269543
0.19525 0.331979
0.1953 0.249904
0.19535 0.249834
0.1954 0.214583
0.19545 0.241865
0.1955 0.230058
0.19555 0.265186
0.1956 0.237733
0.19565 0.280711
0.1957 0.272827
0.19575 0.264937
0.1958 0.249207
0.19585 0.225629
0.1959 0.217709
0.19595 0.248983
0.196 0.241071
0.19605 0.291983
0.1961 0.280166
0.19615 0.236948
0.1962 0.280047
0.19625 0.283919
0.1963 0.264232
0.19635 0.220962
0.1964 0.271955
0.19645 0.232597
0.1965 0.256105
0.19655 0.279631
0.1966 0.295309
0.19665 0.263791
0.1967 0.251924
0.19675 0.283344
0.1968 0.275418
0.19685 0.255672
0.1969 0.235911
0.19695 0.200375
0.197 0.243632
0.19705 0.196256
0.1971 0.243476
0.19715 0.271012
0.1972 0.255174
0.19725 0.24327
0.1973 0.215569
0.19735 0.294443
0.1974 0.211468
0.19745 0.21928
0.1975 0.27451
0.19755 0.28631
0.1976 0.270448
0.19765 0.29016
0.1977 0.250562
0.19775 0.266318
0.1978 0.242516
0.19785 0.333478
0.1979 0.293862
0.19795 0.281936
0.198 0.238313
0.19805 0.293707
0.1981 0.269883
0.19815 0.269825
0.1982 0.230117
0.19825 0.226073
0.1983 0.281531
0.19835 0.233863
0.1984 0.348888
0.19845 0.28535
0.1985 0.301184
0.19855 0.249506
0.1986 0.273276
0.19865 0.289116
0.1987 0.281118
0.19875 0.269138
0.1988 0.241241
0.19885 0.249125
0.1989 0.264973
0.19895 0.316653
0.199 0.264866
0.19905 0.280734
0.1991 0.244835
0.19915 0.284605
0.1992 0.21681
0.19925 0.228684
0.1993 0.256515
0.19935 0.240499
0.1994 0.296273
0.19945 0.268299
0.1995 0.30416
0.19955 0.260208
0.1996 0.240181
0.19965 0.300019
0.1997 0.208092
0.19975 0.263948
0.1998 0.251897
0.19985 0.223845
0.1999 0.255757
