0.029809 -0.0250000004 0.0333967574 -0.0104717046 synchronous_release_0
0.020113 -0.0250000004 0.0271757033 -0.0220563177 synchronous_release_0
0.025151 -0.0250000004 -0.000357334016 0.00093397666 synchronous_release_1
0.029461 -0.0250000004 -0.000972602051 0.000232476344 synchronous_release_0
0.02802 -0.0250000004 0.0316140556 -0.0150183717 synchronous_release_0
0.037618 -0.0250000004 -0.0160827684 0.0310860831 synchronous_release_0
0.027242 -0.0250000004 -0.0150996943 0.0315752946 synchronous_release_0
0.030101 -0.0250000004 0.0250989303 0.0243935175 synchronous_release_1
0.023435 -0.0250000004 0.0344638279 -0.00610283253 synchronous_release_0
0.024778 -0.0250000004 -0.00509941078 0.0346265218 synchronous_release_0
0.026367 -0.0250000004 0.000964612217 0.00026367266 asynchronous_release_0
0.023874 -0.0250000004 0.0339605858 -0.00846632221 synchronous_release_0
0.034261 -0.0250000004 -0.0215011213 -0.027617056 synchronous_release_0
0.041499 -0.0250000004 -0.00285139192 -0.0348836576 asynchronous_release_0
0.046982 -0.0250000004 0.000427784313 -0.000903880845 asynchronous_release_1
0.028775 -0.0250000004 0.0316358296 0.0149724509 synchronous_release_0
0.004458 -0.0250000004 -0.000831371842 -0.000555716528 synchronous_release_0
0.005672 -0.0250000004 0.0139948211 -0.0320802896 synchronous_release_0
0.008011 -0.0250000004 0.0349994917 0.000188635097 synchronous_release_0
0.030448 -0.0250000004 0.0176631086 -0.0302161314 synchronous_release_0
0.025437 -0.0250000004 0.027149634 0.022088399 synchronous_release_0
0.030823 -0.0250000004 0.018314113 0.0298260501 synchronous_release_0
0.045233 -0.0250000004 0.0345305846 -0.00571303133 synchronous_release_0
0.016125 -0.0250000004 0.0224013163 0.0268920254 synchronous_release_0
0.028626 -0.0250000004 0.000768343582 -0.000640037608 synchronous_release_0
0.038817 -0.0250000004 -0.012088519 0.0328461217 synchronous_release_0
0.028573 -0.0250000004 0.0149146427 -0.0316631242 synchronous_release_1
0.027032 -0.0250000004 0.021487402 -0.0276277316 synchronous_release_0
0.00969 -0.0250000004 0.0347830798 -0.0038906763 synchronous_release_0
0.024998 -0.0250000004 0.0208615135 0.0281033318 synchronous_release_0
0.024182 -0.0250000004 0.0329216479 0.0118812921 synchronous_release_0
0.025876 -0.0250000004 0.0288557841 0.0198076683 synchronous_release_1
0.004924 -0.0250000004 0.0349906909 0.000807187515 synchronous_release_1
0.02332 -0.0250000004 0.0012796848 0.034976598 synchronous_release_0
0.027893 -0.0250000004 0.00761368925 0.0341618462 synchronous_release_0
0.024638 -0.0250000004 0.0311980354 -0.0158645071 synchronous_release_0
0.038092 -0.0250000004 0.0343571288 -0.00667740217 asynchronous_release_0
0.029441 -0.0250000004 0.0229613643 0.0264154453 synchronous_release_0
0.028418 -0.0250000004 0.0184487159 0.0297429804 asynchronous_release_0
0.023876 -0.0250000004 -0.0327895221 -0.0122412109 synchronous_release_0
0.028695 -0.0250000004 0.00378254981 -0.0347950042 synchronous_release_0
0.023431 -0.0250000004 0.00914031804 0.0337854197 synchronous_release_0
0.039135 -0.0250000004 0.0349444196 0.00197168417 asynchronous_release_0
0.01184 -0.0250000004 0.0349793932 0.00120085565 synchronous_release_0
0.026809 -0.0250000004 3.43101615e-05 -0.000999411233 synchronous_release_0
0.042553 -0.0250000004 0.0329385419 -0.011834376 asynchronous_release_0
0.031454 -0.0250000004 0.000984080059 0.000177725735 synchronous_release_0
0.025064 -0.0250000004 0.0599460735 -0.00902597758 synchronous_release_0
0.032645 -0.0250000004 -0.00765824596 -0.0341518853 asynchronous_release_0
0.0411 -0.0250000004 0.0294223527 0.018955874 asynchronous_release_0
0.026455 -0.0250000004 -0.0005415964 0.00084063865 synchronous_release_0
0.025096 -0.0250000004 0.0329091178 -0.0119159541 synchronous_release_0
0.027564 -0.0250000004 0.0328399336 -0.0121053195 synchronous_release_0
0.030682 -0.0250000004 -0.0195710632 -0.0290167794 asynchronous_release_0
0.023454 -0.0250000004 0.0153437365 -0.0314574276 synchronous_release_0
0.031355 -0.0250000004 0.0312567605 -0.0157484896 synchronous_release_0
0.019873 -0.0250000004 -0.0140793207 -0.0320432946 asynchronous_release_0
0.027964 -0.0250000004 0.0342441736 -0.00723440217 synchronous_release_0
0.023337 -0.0250000004 0.0330779012 0.0114390756 synchronous_release_0
0.024456 -0.0250000004 -4.28967777e-05 -0.00099907951 synchronous_release_0
0.026599 -0.0250000004 0.0339615802 -0.00846233262 synchronous_release_0
0.032192 -0.0250000004 0.00241522743 0.0349165674 synchronous_release_0
0.018668 -0.0250000004 -0.0310236403 0.0162028931 asynchronous_release_0
0.028751 -0.0250000004 -0.00147970312 0.0349687071 synchronous_release_0
0.039774 -0.0250000004 0.000975074272 0.000221878717 synchronous_release_0
0.038762 -0.0250000004 -0.0184299056 -0.0297546396 asynchronous_release_0
0.024958 -0.0250000004 0.00163581166 0.0349617522 synchronous_release_1
0.027784 -0.0250000004 -0.0328917978 0.0119636799 asynchronous_release_0
0.024661 -0.0250000004 0.00608504815 -0.0344669724 synchronous_release_0
0.003741 -0.0250000004 0.0346523082 -0.0049211313 synchronous_release_0
0.023364 -0.0250000004 0.034685848 0.00467888357 synchronous_release_0
0.023524 -0.0250000004 0.0261067585 0.0233117387 synchronous_release_0
0.023452 -0.0250000004 0.0166502125 -0.0307858802 synchronous_release_0
0.03067 -0.0250000004 0.0169304075 0.0306326835 synchronous_release_0
0.024731 -0.0250000004 0.0349938859 0.000654178738 synchronous_release_1
0.028479 -0.0250000004 0.0337166002 -0.00939099938 synchronous_release_0
0.03576 -0.0250000004 -0.000836604424 -0.000547807482 asynchronous_release_0
0.025407 -0.0250000004 0.000999727891 -2.33268967e-05 synchronous_release_0
0.003351 -0.0250000004 0.0349999993 -6.99085176e-06 synchronous_release_0
0.005573 -0.0250000004 0.0318024119 0.0146152864 synchronous_release_0
0.026253 -0.0250000004 -0.00161988076 -0.034962494 synchronous_release_0
0.026531 -0.0250000004 -0.0335268878 0.0100472778 synchronous_release_0
0.024961 -0.0250000004 0.016687968 0.0307654307 synchronous_release_0
0.024219 -0.0250000004 0.0206621629 0.0282502216 synchronous_release_0
0.020939 -0.0250000004 0.00351176872 -0.0348233755 synchronous_release_0
0.029828 -0.0250000004 0.0349690903 0.00147061966 synchronous_release_1
0.025731 -0.0250000004 0.0348724552 0.00298527534 synchronous_release_0
0.023703 -0.0250000004 0.0263922826 0.0229879842 synchronous_release_0
0.02365 -0.0250000004 0.0333511438 -0.0106160826 synchronous_release_0
0.02388 -0.0250000004 0.0349194178 -0.00237366037 synchronous_release_1
0.011406 -0.0250000004 -0.0169252707 -0.0306355221 synchronous_release_0
0.023264 -0.0250000004 0.0248256095 -0.0246716257 synchronous_release_0
0.034256 -0.0250000004 0.000704903591 0.000709303128 synchronous_release_0
0.040255 -0.0250000004 0.0287501151 0.0199607336 asynchronous_release_0
0.025994 -0.0250000004 0.00291144481 -0.0348786968 synchronous_release_0
0.039336 -0.0250000004 0.0186175588 0.029637586 asynchronous_release_0
0.029569 -0.0250000004 -0.000190314563 0.000981723162 synchronous_release_0
0.025757 -0.0250000004 -0.0322013956 -0.0137138659 synchronous_release_0
0.03174 -0.0250000004 0.0332124218 0.0110424198 synchronous_release_0
0.025186 -0.0250000004 0.0337299017 0.00934311129 synchronous_release_0
0.035932 -0.0250000004 -0.0194306057 0.0291110213 synchronous_release_1
0.02628 -0.0250000004 0.0323619926 0.0133304701 synchronous_release_1
0.026214 -0.0250000004 0.000715762679 -0.000698343603 synchronous_release_1
0.026014 -0.0250000004 0.0349495086 0.00187932203 synchronous_release_0
0.035493 -0.0250000004 -0.000982573608 0.000185873896 synchronous_release_1
0.023837 -0.0250000004 -0.0213292527 -0.0277500087 synchronous_release_0
0.023675 -0.0250000004 -0.0156644258 -0.0312989738 synchronous_release_0
0.035084 -0.0250000004 -0.0110153411 0.0332214127 synchronous_release_0
0.035039 -0.0250000004 0.0164693183 0.0308830302 synchronous_release_0
0.011824 -0.0250000004 0.0299395749 0.0181279303 synchronous_release_0
0.008988 -0.0250000004 0.0305690961 -0.0170449512 synchronous_release_0
0.040091 -0.0250000004 -0.0108228953 0.0332846051 asynchronous_release_0
0.025007 -0.0250000004 0.000459449077 -0.000888204113 synchronous_release_0
0.025988 -0.0250000004 -0.0149680818 -0.031637897 asynchronous_release_0
0.003824 -0.0250000004 0.0267165598 -0.0226102948 synchronous_release_0
0.02622 -0.0250000004 0.0349281302 -0.00224181152 synchronous_release_0
0.034508 -0.0250000004 0.0329628313 0.0117665522 synchronous_release_1
0.034216 -0.0250000004 0.0340721782 -0.00800541525 synchronous_release_0
0.028718 -0.0250000004 0.0202316208 -0.0285601386 synchronous_release_0
0.03796 -0.0250000004 0.034849616 0.00324102825 synchronous_release_0
0.043652 -0.0250000004 0.0285672344 -0.0202216003 asynchronous_release_0
0.030495 -0.0250000004 0.0333758172 -0.0105382552 synchronous_release_0
0.029483 -0.0250000004 -0.0345106874 -0.00583201964 synchronous_release_1
0.023452 -0.0250000004 0.0315838562 -0.015081778 synchronous_release_0
0.03186 -0.0250000004 0.0347063599 0.0045242215 synchronous_release_0
0.025186 -0.0250000004 -0.0327433436 -0.0123642002 synchronous_release_0
0.024966 -0.0250000004 0.0111140484 0.033188521 synchronous_release_0
0.033478 -0.0250000004 0.0152960379 -0.0314806484 synchronous_release_0
0.027446 -0.0250000004 0.0343271406 -0.00682989128 synchronous_release_0
0.023762 -0.0250000004 0.0229293266 0.0264432597 synchronous_release_0
0.043726 -0.0250000004 0.0114358713 -0.0330790092 synchronous_release_2
0.03875 -0.0250000004 0.0167294169 0.0307429115 synchronous_release_0
0.005422 -0.0250000004 0.0123094738 0.0327639566 synchronous_release_0
0.015898 -0.0250000004 0.0204248426 0.0284222766 synchronous_release_0
0.023295 -0.0250000004 0.016967855 -0.0306119567 synchronous_release_1
0.041409 -0.0250000004 -0.000559078198 0.0349955345 asynchronous_release_0
0.023984 -0.0250000004 0.0303683911 -0.0174000236 synchronous_release_0
0.029383 -0.0250000004 0.034138677 -0.00771691221 synchronous_release_0
0.029898 -0.0250000004 0.00155109239 0.0349656133 synchronous_release_0
0.005443 -0.0250000004 -0.0157012786 -0.0312805027 synchronous_release_0
0.023829 -0.0250000004 0.0349015556 0.00262324595 synchronous_release_0
0.045837 -0.0250000004 0.000650100456 -0.000759848273 asynchronous_release_0
0.023517 -0.0250000004 0.0298156087 -0.0183311068 synchronous_release_0
0.026189 -0.0250000004 0.0199365559 0.0287668861 synchronous_release_0
0.024766 -0.0250000004 0.000681694888 0.000731636576 synchronous_release_0
0.026409 -0.0250000004 0.0345885461 -0.00535093273 synchronous_release_1
0.041621 -0.0250000004 0.034717855 -0.00443514871 asynchronous_release_0
0.033096 -0.0250000004 0.03327939 0.0108389205 synchronous_release_0
0.024775 -0.0250000004 0.0237652935 -0.025694568 asynchronous_release_0
0.038624 -0.0250000004 -0.000955103769 0.000296271482 synchronous_release_0
0.035026 -0.0250000004 -0.00595179121 0.0344902331 synchronous_release_1
0.023873 -0.0250000004 0.014657 -0.0317832086 synchronous_release_0
0.037313 -0.0250000004 -0.0316749644 -0.0148894805 asynchronous_release_0
0.049951 -0.0250000004 0.0102250962 -0.0334730848 asynchronous_release_0
0.023765 -0.0250000004 0.0171261234 0.030523694 synchronous_release_0
0.025208 -0.0250000004 0.0207434284 0.0281906044 synchronous_release_0
0.043568 -0.0250000004 -0.00387665728 -0.034784645 asynchronous_release_0
0.023506 -0.0250000004 0.0349621777 0.00162669401 synchronous_release_0
0.026792 -0.0250000004 -0.0112590892 0.0331395973 synchronous_release_0
0.028269 -0.0250000004 -0.0327013333 0.0124748867 synchronous_release_0
0.009662 -0.0250000004 0.0343381111 -0.0067745204 synchronous_release_1
0.021529 -0.0250000004 -0.00783358202 -0.0341120945 asynchronous_release_0
0.003748 -0.0250000004 -0.0047727541 -0.0346730561 synchronous_release_0
0.027931 -0.0250000004 0.00258155015 -0.0349046644 asynchronous_release_0
0.023628 -0.0250000004 0.000164507769 -0.000986375787 synchronous_release_0
0.024022 -0.0250000004 0.0349925546 0.000721888619 synchronous_release_0
0.025376 -0.0250000004 -0.0181214512 0.0299434969 synchronous_release_0
0.045097 -0.0250000004 0.0166756329 0.0307721183 asynchronous_release_0
0.013042 -0.0250000004 0.0336606053 0.00958976809 synchronous_release_0
0.028995 -0.0250000004 -0.0313215891 0.0156191567 asynchronous_release_0
0.015653 -0.0250000004 0.0178787351 -0.0300890484 asynchronous_release_1
0.023302 -0.0250000004 -0.0178787351 0.0300890484 synchronous_release_0
0.024534 -0.0250000004 0.0344314657 -0.00628284724 synchronous_release_1
0.010058 -0.0250000004 0.0319299061 -0.0143346118 synchronous_release_0
0.027917 -0.0250000004 0.028379091 0.0204848039 synchronous_release_0
0.023537 -0.0250000004 0.0198065977 0.028856519 synchronous_release_0
0.003424 -0.0250000004 0.0280711288 0.0209048254 synchronous_release_0
0.02341 -0.0250000004 0.00096851526 -0.000248954196 synchronous_release_0
0.030814 -0.0250000004 -0.00367246999 0.0348067948 synchronous_release_0
0.023629 -0.0250000004 0.00844452655 -0.033966012 synchronous_release_0
0.028937 -0.0250000004 0.0348767393 -0.00293480098 synchronous_release_0
0.023993 -0.0250000004 -0.000784457686 0.000620182343 synchronous_release_0
0.03709 -0.0250000004 0.0129244189 -0.0325262878 synchronous_release_0
0.024968 -0.0250000004 0.000998974762 4.52705693e-05 synchronous_release_1
0.025418 -0.0250000004 0.0182777675 0.0298483369 synchronous_release_0
0.011844 -0.0250000004 -0.0338790354 0.00878697672 synchronous_release_0
0.024635 -0.0250000004 0.0325908201 -0.0127608167 synchronous_release_0
0.038077 -0.0250000004 0.0346672847 -0.00481449595 asynchronous_release_0
0.019159 -0.0250000004 0.0342139677 -0.0073759349 asynchronous_release_0
0.038909 -0.0250000004 0.0107192368 -0.0333181326 synchronous_release_0
0.029737 -0.0250000004 -0.0254125347 0.0240666383 synchronous_release_0
0.02724 -0.0250000004 0.0300963998 -0.0178663572 synchronous_release_0
0.031018 -0.0250000004 0.0319250317 0.0143454645 synchronous_release_0
0.026135 -0.0250000004 -0.0171273472 0.0305230074 synchronous_release_0
0.012129 -0.0250000004 0.0342471546 -0.0072202769 synchronous_release_0
0.011074 -0.0250000004 0.0332594148 0.0109000609 asynchronous_release_0
0.034563 -0.0250000004 -0.0340166468 -0.00823818802 synchronous_release_0
0.026932 -0.0250000004 0.0254326457 -0.0240453848 synchronous_release_0
0.027958 -0.0250000004 -0.0283517525 -0.0205226248 synchronous_release_0
0.010029 -0.0250000004 0.0349654838 0.00155400914 synchronous_release_0
0.024161 -0.0250000004 0.0335947434 -0.00981800471 synchronous_release_0
0.025845 -0.0250000004 0.0348449909 -0.00329038093 synchronous_release_0
0.024939 -0.0250000004 -0.030490932 0.0171843844 synchronous_release_0
0.028152 -0.0250000004 0.0321679595 -0.013792113 synchronous_release_0
0.023728 -0.0250000004 0.0349741294 -0.0013454648 synchronous_release_0
0.030021 -0.0250000004 0.0344319038 0.00628044602 synchronous_release_1
0.02532 -0.0250000004 -0.0148564898 0.0316904514 synchronous_release_0
0.006561 -0.0250000004 0.0317248266 0.0147829422 synchronous_release_0
0.024864 -0.0250000004 0.0344497171 -0.00618198935 synchronous_release_0
0.039897 -0.0250000004 0.0312817374 -0.0156988186 synchronous_release_0
0.023867 -0.0250000004 -0.0311864518 0.0158872661 synchronous_release_0
0.023699 -0.0250000004 0.0335610274 0.00993264502 synchronous_release_0
0.039061 -0.0250000004 0.0193236733 0.0291821118 synchronous_release_0
0.029086 -0.0250000004 0.0332794407 -0.0108387651 synchronous_release_0
0.024133 -0.0250000004 0.0345496175 0.00559677886 synchronous_release_0
0.029406 -0.0250000004 -0.000662025619 0.000749481207 synchronous_release_0
0.029602 -0.0250000004 -0.0347319235 0.0043235971 synchronous_release_0
0.004534 -0.0250000004 0.0298303466 -0.018307114 synchronous_release_0
0.024318 -0.0250000004 -0.00818251725 -0.034030081 asynchronous_release_0
0.014035 -0.0250000004 0.00587688729 0.0345030752 synchronous_release_0
0.034982 -0.0250000004 -0.00701367378 -0.0342900624 synchronous_release_0
0.027371 -0.0250000004 0.0349738757 0.00135204177 synchronous_release_0
0.024472 -0.0250000004 0.0321979835 -0.0137218752 synchronous_release_0
0.037364 -0.0250000004 0.0336617595 -0.00958571593 synchronous_release_0
0.022762 -0.0250000004 0.0260367226 -0.0233899353 synchronous_release_0
0.034625 -0.0250000004 -0.000250755968 -0.000968050332 synchronous_release_0
0.011304 -0.0250000004 -0.0200322139 0.0287003555 synchronous_release_0
0.025062 -0.0250000004 -0.0201598322 -0.0286108575 synchronous_release_1
0.028273 -0.0250000004 0.0316896483 -0.0148582028 synchronous_release_1
0.019607 -0.0250000004 -0.0341268281 -0.00776914432 asynchronous_release_0
0.012775 -0.0250000004 0.0347160032 0.00444962026 synchronous_release_0
0.041485 -0.0250000004 0.0216730143 0.0274823662 asynchronous_release_0
0.02737 -0.0250000004 0.034337121 0.00677953678 synchronous_release_0
0.030779 -0.0250000004 0.0119009722 0.0329145387 synchronous_release_0
0.019345 -0.0250000004 0.0226114153 -0.0267156115 synchronous_release_0
0.023532 -0.0250000004 0.0322350604 -0.0136345473 synchronous_release_0
0.03083 -0.0250000004 0.013574937 0.032260209 synchronous_release_0
0.026817 -0.0250000004 0.0349794343 -0.00119965607 synchronous_release_0
0.02434 -0.0250000004 0.0238650767 0.0256019162 synchronous_release_1
0.024321 -0.0250000004 0.0312718931 0.0157184192 synchronous_release_0
0.043665 -0.0250000004 0.0349989316 -0.000273472215 asynchronous_release_0
0.02718 -0.0250000004 -0.0172626319 0.0304467 synchronous_release_0
0.023757 -0.0250000004 -0.0327609965 0.0123173498 synchronous_release_0
0.032959 -0.0250000004 0.0305282369 -0.0171180241 synchronous_release_0
0.031409 -0.0250000004 -0.0177290072 0.0301775132 asynchronous_release_0
0.023475 -0.0250000004 0.0284960203 -0.0203218313 synchronous_release_1
0.032708 -0.0250000004 0.0284747031 -0.0203516899 synchronous_release_0
0.038341 -0.0250000004 0.018632669 -0.0296280888 asynchronous_release_0
0.02661 -0.0250000004 -0.0213222952 0.027755355 synchronous_release_0
0.003439 -0.0250000004 0.034635276 0.00503960903 synchronous_release_0
0.037705 -0.0250000004 -0.0132500164 -0.0323950161 synchronous_release_0
0.031364 -0.0250000004 -0.000503594338 0.0349963769 asynchronous_release_1
0.022627 -0.0250000004 0.0343694239 0.00661382667 synchronous_release_0
0.013024 -0.0250000004 0.0344739598 0.00604533695 synchronous_release_0
0.023538 -0.0250000004 -0.000323519155 0.0349985048 synchronous_release_0
0.02692 -0.0250000004 0.000979812754 -0.0001999174 synchronous_release_0
0.030857 -0.0250000004 0.0262004413 -0.0232063973 synchronous_release_0
0.026801 -0.0250000004 -0.0304170637 -0.0173147982 synchronous_release_0
0.031184 -0.0250000004 -0.000979281926 0.000202501627 synchronous_release_0
0.045404 -0.0250000004 -0.000237715333 0.000971334865 asynchronous_release_0
0.024986 -0.0250000004 0.0247952962 0.0247020908 synchronous_release_0
0.023699 -0.0250000004 -0.000142917673 0.0349997082 synchronous_release_0
0.027302 -0.0250000004 0.0262520873 0.023147957 synchronous_release_0
0.0041 -0.0250000004 0.0275547221 -0.0215809473 synchronous_release_0
0.044728 -0.0250000004 -0.030843398 0.0165434217 asynchronous_release_0
0.024262 -0.0250000004 0.0255097046 -0.0239636177 synchronous_release_0
0.025415 -0.0250000004 -0.00418309952 -0.0347491249 synchronous_release_0
0.026825 -0.0250000004 0.00043206866 -0.000901840714 synchronous_release_0
0.031018 -0.0250000004 0.00268582723 0.0348967954 synchronous_release_0
0.029554 -0.0250000004 0.0342816769 -0.00705454676 synchronous_release_0
0.01235 -0.0250000004 0.0159186784 0.0311704295 synchronous_release_0
0.025337 -0.0250000004 0.0119442893 -0.0328988443 synchronous_release_0
0.024173 -0.0250000004 0.0347134039 -0.00446985311 synchronous_release_1
0.024045 -0.0250000004 0.0349485877 -0.00189636977 synchronous_release_0
0.043673 -0.0250000004 0.0330756364 -0.0114456227 asynchronous_release_0
0.004001 -0.0250000004 0.0264500182 0.02292153 synchronous_release_0
0.005494 -0.0250000004 0.00032701779 0.000945018182 synchronous_release_0
0.041056 -0.0250000004 -0.0221351856 -0.0271115023 synchronous_release_0
0.02596 -0.0250000004 0.0166629342 0.0307789965 synchronous_release_0
0.032858 -0.0250000004 0.0349868599 0.000958973915 synchronous_release_0
0.003387 -0.0250000004 0.0301492542 0.0177770208 synchronous_release_0
0.042739 -0.0250000004 0.00409317514 -0.034759832 synchronous_release_0
0.023645 -0.0250000004 0.0349976563 0.00040503944 synchronous_release_0
0.029506 -0.0250000004 -0.000963191251 -0.000268817064 synchronous_release_0
0.035665 -0.0250000004 -0.0244908846 -0.0250039311 synchronous_release_0
0.027112 -0.0250000004 0.0196385994 -0.0289711135 synchronous_release_0
0.003458 -0.0250000004 0.0340057056 0.00828323547 synchronous_release_0
0.003819 -0.0250000004 -0.00260746342 0.0349027382 synchronous_release_0
0.030234 -0.0250000004 0.0220701338 -0.0271644841 synchronous_release_0
0.0496 -0.0250000004 0.00984245845 0.0335875872 asynchronous_release_0
0.01389 -0.0250000004 0.0335845831 0.00985270418 synchronous_release_0
0.025798 -0.0250000004 0.0349754337 0.00131111958 synchronous_release_0
0.023603 -0.0250000004 0.0314610156 -0.0153363783 synchronous_release_0
0.023617 -0.0250000004 0.0317613531 0.0147043005 synchronous_release_0
0.004277 -0.0250000004 0.0161476623 -0.0310524235 synchronous_release_0
0.024554 -0.0250000004 0.000175969986 -0.000984395532 synchronous_release_0
0.023582 -0.0250000004 0.0250959403 0.0243965936 synchronous_release_0
0.049132 -0.0250000004 0.0158202059 -0.0312205235 synchronous_release_0
0.03357 -0.0250000004 0.0347372308 -0.00428074751 synchronous_release_0
0.047378 -0.0250000004 0.0339215501 -0.0086213943 asynchronous_release_0
0.03121 -0.0250000004 0.0341622789 -0.00761174754 synchronous_release_1
0.045032 -0.0250000004 -0.0349999998 -3.83153818e-06 asynchronous_release_0
0.003584 -0.0250000004 0.028932156 0.0196959476 synchronous_release_0
0.032756 -0.0250000004 0.0282426207 0.0206725513 synchronous_release_0
0.024705 -0.0250000004 -0.0345250303 0.00574650201 asynchronous_release_0
0.027545 -0.0250000004 0.0256798606 -0.023781185 synchronous_release_1
0.024121 -0.0250000004 0.027166895 -0.022067166 synchronous_release_0
0.023614 -0.0250000004 0.0269721305 0.0223048017 synchronous_release_0
0.038824 -0.0250000004 0.00354595634 0.0348199109 asynchronous_release_0
0.048352 -0.0250000004 0.000265605433 -0.000964081819 asynchronous_release_0
0.026767 -0.0250000004 0.0349763662 0.00128600361 synchronous_release_0
0.005028 -0.0250000004 0.0124546297 0.0327090538 synchronous_release_0
0.003921 -0.0250000004 -0.000999448937 3.3193714e-05 synchronous_release_0
0.037836 -0.0250000004 0.032215936 0.0136796736 synchronous_release_0
0.008314 -0.0250000004 0.0159023647 -0.0311787555 synchronous_release_0
0.027092 -0.0250000004 0.0337834971 0.00914742152 synchronous_release_0
0.0245 -0.0250000004 0.0323885102 0.0132659114 synchronous_release_0
0.010255 -0.0250000004 -0.0165191226 0.0308564189 synchronous_release_0
0.027438 -0.0250000004 0.0329574565 0.0117815983 synchronous_release_0
0.023606 -0.0250000004 0.00621399329 -0.0344439586 synchronous_release_0
0.033113 -0.0250000004 0.0245622053 -0.024933874 synchronous_release_0
0.027896 -0.0250000004 0.0311036185 -0.0160488292 synchronous_release_1
0.029062 -0.0250000004 0.0200492002 -0.028688492 synchronous_release_0
0.019427 -0.0250000004 -0.00099928263 3.7871166e-05 synchronous_release_0
0.027191 -0.0250000004 -0.0338601755 0.00885937453 synchronous_release_0
0.032414 -0.0250000004 0.0326326869 0.0126533689 synchronous_release_1
0.025302 -0.0250000004 0.0197519689 -0.0288939392 synchronous_release_1
0.023952 -0.0250000004 0.0313317475 -0.0155987691 synchronous_release_0
0.028609 -0.0250000004 0.029174804 0.0193347048 synchronous_release_0
0.040221 -0.0250000004 0.0349996512 0.000156266954 synchronous_release_0
0.046338 -0.0250000004 -0.000591541902 0.000806274258 synchronous_release_0
0.029905 -0.0250000004 0.0349996018 -0.000166947098 synchronous_release_1
0.023574 -0.0250000004 0.0314841879 0.0152887511 synchronous_release_1
0.023553 -0.0250000004 0.0348975005 0.00267665016 synchronous_release_0
0.025963 -0.0250000004 0.0319435287 0.0143042292 synchronous_release_0
0.024955 -0.0250000004 0.017899635 0.0300766199 synchronous_release_1
0.024963 -0.0250000004 0.0215360995 -0.0275897883 synchronous_release_0
0.033115 -0.0250000004 0.0188146876 0.0295128367 synchronous_release_1
0.003313 -0.0250000004 0.0349992856 -0.000223616218 synchronous_release_0
0.02592 -0.0250000004 -0.0173059855 0.0304220786 synchronous_release_0
0.023885 -0.0250000004 0.0103004696 -0.0334499675 synchronous_release_0
0.026473 -0.0250000004 0.0226562156 0.0266776291 synchronous_release_0
0.01667 -0.0250000004 0.0236065385 -0.025840498 synchronous_release_1
0.029383 -0.0250000004 0.0238399063 -0.0256253559 synchronous_release_0
0.00377 -0.0250000004 -0.000732153026 -0.000681140181 synchronous_release_1
0.025432 -0.0250000004 0.0102721354 0.0334586795 synchronous_release_0
0.004229 -0.0250000004 0.011543347 0.0330416576 synchronous_release_0
0.00507 -0.0250000004 -0.0213946406 -0.0276996274 synchronous_release_0
0.031126 -0.0250000004 0.0334648736 -0.0102519381 synchronous_release_0
0.043694 -0.0250000004 0.00785399799 -0.0341073997 synchronous_release_0
0.023938 -0.0250000004 0.0165730199 0.0308275041 synchronous_release_0
0.044737 -0.0250000004 -0.02431929 0.0251708589 asynchronous_release_0
0.039958 -0.0250000004 0.0271620304 0.0220731535 asynchronous_release_0
0.024194 -0.0250000004 0.00553489653 -0.0345595851 asynchronous_release_3
0.028577 -0.0250000004 0.0335776628 -0.0098762626 synchronous_release_0
0.024662 -0.0250000004 0.0298478239 0.0182786052 synchronous_release_0
0.031622 -0.0250000004 0.0277241059 -0.0213629107 synchronous_release_0
0.041183 -0.0250000004 -0.0277241059 0.0213629107 synchronous_release_0
0.027061 -0.0250000004 -0.0295329255 0.018783139 synchronous_release_0
0.020449 -0.0250000004 0.03189942 0.0144023263 synchronous_release_0
0.046334 -0.0250000004 -0.0280852351 0.0208858701 synchronous_release_0
0.025055 -0.0250000004 0.0335597979 0.00993679868 synchronous_release_0
0.034387 -0.0250000004 -0.025385419 0.0240952381 synchronous_release_0
0.028559 -0.0250000004 0.0261486848 0.0232647004 asynchronous_release_0
0.024428 -0.0250000004 -0.000399859458 0.000916576464 synchronous_release_0
0.023625 -0.0250000004 0.0347265766 -0.00436633496 synchronous_release_0
0.007192 -0.0250000004 0.0262635617 -0.0231349374 synchronous_release_0
0.041792 -0.0250000004 0.0343063923 -0.0069333574 synchronous_release_1
0.045216 -0.0250000004 -0.00408581682 -0.0347606976 synchronous_release_0
0.031605 -0.0250000004 0.0602072944 -0.00707684233 synchronous_release_1
0.02645 -0.0250000004 0.0158928394 -0.031183612 synchronous_release_0
0.03197 -0.0250000004 -0.00338234495 -0.0348361844 asynchronous_release_0
0.023363 -0.0250000004 0.0318601931 0.0144888955 synchronous_release_0
0.03185 -0.0250000004 -0.0349885879 0.000893711418 synchronous_release_0
0.023296 -0.0250000004 0.0349885879 -0.000893711418 synchronous_release_1
0.033173 -0.0250000004 -0.0201976971 -0.0285841395 synchronous_release_0
0.032931 -0.0250000004 -0.0147175839 0.0317551999 synchronous_release_0
0.034371 -0.0250000004 0.0323929495 -0.0132550677 synchronous_release_0
0.023206 -0.0250000004 0.029969382 0.0180786101 synchronous_release_1
0.010133 -0.0250000004 0.0324605783 0.0130885774 synchronous_release_0
0.026284 -0.0250000004 0.0193241865 0.029181772 synchronous_release_0
0.033446 -0.0250000004 -0.0189401993 -0.0294324455 synchronous_release_1
0.032721 -0.0250000004 0.0136304938 -0.0322367746 asynchronous_release_0
0.023457 -0.0250000004 0.0347331127 -0.0043140334 synchronous_release_0
0.024964 -0.0250000004 -0.0331588381 0.0112022969 synchronous_release_0
0.027689 -0.0250000004 0.0319688039 -0.0142476517 synchronous_release_1
0.026603 -0.0250000004 0.00097318623 0.00023001861 synchronous_release_0
0.035421 -0.0250000004 0.0228671236 -0.0264970689 synchronous_release_0
0.024822 -0.0250000004 0.0349900426 0.000834815886 synchronous_release_0
0.044046 -0.0250000004 0.0182179931 -0.0298848578 synchronous_release_0
0.036467 -0.0250000004 0.0302019217 -0.0176873945 synchronous_release_0
0.023398 -0.0250000004 0.0349676531 0.00150440518 synchronous_release_1
0.026938 -0.0250000004 -0.0177258901 -0.0301793443 synchronous_release_0
0.036255 -0.0250000004 0.0339586848 0.00847394382 synchronous_release_0
0.040564 -0.0250000004 -0.000999487914 -3.19986054e-05 asynchronous_release_0
0.037232 -0.0250000004 0.026314861 0.0230765702 synchronous_release_1
0.023595 -0.0250000004 0.0256521646 0.0238110574 synchronous_release_0
0.023569 -0.0250000004 0.0302920812 -0.0175325359 synchronous_release_0
0.025201 -0.0250000004 0.034160422 0.00762007688 synchronous_release_1
0.026546 -0.0250000004 0.012425877 -0.0327199875 synchronous_release_1
0.004717 -0.0250000004 0.024437907 0.025055712 synchronous_release_1
0.023588 -0.0250000004 0.0137622102 0.032180764 synchronous_release_0
0.003782 -0.0250000004 0.0338459626 0.00891351872 synchronous_release_0
0.027897 -0.0250000004 0.0308102564 -0.0166050625 synchronous_release_0
0.02929 -0.0250000004 0.0208077115 -0.02814319 synchronous_release_0
0.005124 -0.0250000004 0.0326331817 0.0126520929 synchronous_release_0
0.033529 -0.0250000004 0.00957918432 0.0336636188 asynchronous_release_0
0.002965 -0.0250000004 0.0244588795 -0.0250352394 synchronous_release_0
0.005065 -0.0250000004 0.0255229573 0.0239495021 synchronous_release_0
0.026867 -0.0250000004 0.0194537035 0.0290955911 synchronous_release_0
0.025572 -0.0250000004 -0.00882023969 0.0338703908 asynchronous_release_2
0.025861 -0.0250000004 0.0171896877 -0.0304879425 synchronous_release_0
0.028516 -0.0250000004 -0.0121372362 0.032828151 synchronous_release_0
0.03839 -0.0250000004 0.0178496441 -0.030106315 asynchronous_release_1
0.025352 -0.0250000004 -0.000924045044 0.000382283608 synchronous_release_1
0.027584 -0.0250000004 0.0164666248 0.0308844664 synchronous_release_0
0.024814 -0.0250000004 0.0207446444 0.0281897096 synchronous_release_0
0.045641 -0.0250000004 -0.0335813066 0.00986386565 asynchronous_release_0
0.003524 -0.0250000004 0.00739131827 -0.0342106477 synchronous_release_0
0.030286 -0.0250000004 0.0211034207 0.0279221352 synchronous_release_0
0.016609 -0.0250000004 0.0348740396 0.00296670927 asynchronous_release_2
0.023349 -0.0250000004 0.00450205897 -0.0347092418 synchronous_release_0
0.007762 -0.0250000004 -0.0328598252 0.0120512194 synchronous_release_0
0.030994 -0.0250000004 -0.00648513714 -0.0343939384 asynchronous_release_0
0.028369 -0.0250000004 -0.0154201461 -0.0314200429 synchronous_release_0
0.02667 -0.0250000004 0.034333245 -0.00679913897 synchronous_release_0
0.034497 -0.0250000004 0.000922426911 0.000386171715 asynchronous_release_0
0.026979 -0.0250000004 0.0280562052 0.02092485 synchronous_release_0
0.031756 -0.0250000004 -0.000368944349 0.000929451487 asynchronous_release_0
0.031759 -0.0250000004 -0.00322351044 -0.0348512407 synchronous_release_1
0.004839 -0.0250000004 0.0349976351 -0.000406860873 synchronous_release_1
0.026303 -0.0250000004 0.0342012376 -0.00743473935 synchronous_release_0
0.035198 -0.0250000004 -0.001457818 -0.0349696263 asynchronous_release_0
0.038815 -0.0250000004 -0.0141402179 -0.0320164682 asynchronous_release_0
0.004944 -0.0250000004 -0.000416791949 0.000909001909 synchronous_release_0
0.023399 -0.0250000004 0.0318150668 0.0145877182 synchronous_release_0
0.004337 -0.0250000004 -0.0349477304 -0.00191210271 synchronous_release_0
0.041748 -0.0250000004 -0.0317438757 -0.014741993 asynchronous_release_0
0.003959 -0.0250000004 0.0313835514 -0.0154942796 synchronous_release_0
0.024783 -0.0250000004 0.0288558455 -0.0198075789 synchronous_release_0
0.033695 -0.0250000004 -0.0288558455 0.0198075789 synchronous_release_0
0.022363 -0.0250000004 0.0347894433 -0.00383335847 synchronous_release_0
0.049846 -0.0250000004 -0.0238708145 -0.0255965665 asynchronous_release_0
