0.525805 -0.0250000004 0.0671578077 -0.0197440844 asynchronous_release_0
0.533334 -0.0250000004 -0.0335789038 0.00987204218 asynchronous_release_0
0.380779 -0.0250000004 0.0290001117 0.0195957527 asynchronous_release_0
0.545125 -0.0250000004 -4.26509238e-05 0.000999090035 asynchronous_release_0
0.326038 -0.0250000004 -0.0030587094 0.0348660909 asynchronous_release_0
0.581631 -0.0250000004 -0.0245748733 0.0249213885 asynchronous_release_0
0.384856 -0.0250000004 -0.0272710561 0.0219383112 asynchronous_release_0
0.428466 -0.0250000004 0.0242776411 0.0252110322 asynchronous_release_0
0.48986 -0.0250000004 -0.0120618782 0.0328559141 asynchronous_release_0
0.258301 -0.0250000004 -0.0318085899 0.0146018359 asynchronous_release_0
0.463851 -0.0250000004 -0.0285498558 -0.0202461289 asynchronous_release_0
0.528599 -0.0250000004 0.00699639828 -0.0342935914 asynchronous_release_0
0.393063 -0.0250000004 0.0587363105 0.0150015276 asynchronous_release_0
0.434475 -0.0250000004 0.00866113597 -0.0339114247 asynchronous_release_0
0.53659 -0.0250000004 0.0296522989 0.0185941166 asynchronous_release_0
0.518841 -0.0250000004 0.0349617773 0.00163527609 asynchronous_release_0
0.105175 -0.0250000004 -0.0275543054 -0.0215814795 asynchronous_release_0
0.519344 -0.0250000004 -0.0151197605 0.0587059864 asynchronous_release_0
0.434003 -0.0250000004 0.0328796766 -0.0119969524 asynchronous_release_0
0.471394 -0.0250000004 0.0346597186 0.00486866609 asynchronous_release_0
0.160407 -0.0250000004 -0.0191929963 -0.0292682232 asynchronous_release_1
0.330068 -0.0250000004 -0.0039240234 -0.0347793335 asynchronous_release_0
0.421937 -0.0250000004 0.0324506555 0.0131131597 asynchronous_release_0
0.211632 -0.0250000004 -0.0275816572 0.0215465122 asynchronous_release_1
0.352933 -0.0250000004 -0.0111360382 -0.0331811491 asynchronous_release_0
0.528099 -0.0250000004 -0.0201318263 -0.0286305705 asynchronous_release_0
0.412653 -0.0250000004 0.034999475 -0.000191695853 asynchronous_release_0
0.38318 -0.0250000004 0.00980728918 0.0598232152 asynchronous_release_0
0.594225 -0.0250000004 -0.0345389494 0.00566224105 asynchronous_release_0
0.218481 -0.0250000004 -0.00579278615 0.0345172946 asynchronous_release_0
0.547026 -0.0250000004 -0.0385820333 0.046759242 asynchronous_release_0
0.596952 -0.0250000004 -0.0327892471 0.0122419473 asynchronous_release_0
0.426205 -0.0250000004 0.00935894849 -0.0337255109 asynchronous_release_0
0.448103 -0.0250000004 -0.0584142983 -0.0162101743 asynchronous_release_0
0.224812 -0.0250000004 0.0329561129 0.0117853564 asynchronous_release_0
0.347965 -0.0250000004 -0.00627163841 -0.0344335091 asynchronous_release_0
0.534602 -0.0250000004 -0.0594882153 0.0116684291 asynchronous_release_0
0.379319 -0.0250000004 -0.0313511241 0.0155597885 asynchronous_release_0
0.227162 -0.0250000004 0.029534467 0.018780715 asynchronous_release_0
0.332729 -0.0250000004 -0.029534467 -0.018780715 asynchronous_release_1
0.415055 -0.0250000004 0.0293703693 -0.0190363181 asynchronous_release_0
0.20448 -0.0250000004 -0.0623422395 -0.0318346537 asynchronous_release_2
0.323695 -0.0250000004 -0.000385032201 0.0349978821 asynchronous_release_0
0.454383 -0.0250000004 0.0305015711 -0.0171654934 asynchronous_release_0
0.212506 -0.0250000004 -0.0179649062 0.0300376788 asynchronous_release_0
0.540239 -0.0250000004 -0.0349113591 0.00248937911 asynchronous_release_0
0.436324 -0.0250000004 -0.0301065118 -0.0178493122 asynchronous_release_0
0.295818 -0.0250000004 -0.0147152033 -0.0317563032 asynchronous_release_0
0.412865 -0.0250000004 0.0348593669 0.00313441167 asynchronous_release_0
0.216529 -0.0250000004 8.95546192e-05 -0.000995981913 asynchronous_release_1
0.370181 -0.0250000004 -0.00133849705 -0.0349743967 asynchronous_release_0
0.406307 -0.0250000004 -0.0213036256 -0.0277696873 asynchronous_release_0
0.252836 -0.0250000004 0.0118968447 0.0594429566 asynchronous_release_0
0.5464 -0.0250000004 -0.0112112812 0.0331558015 asynchronous_release_0
0.504228 -0.0250000004 -0.00183920208 -0.0349516428 asynchronous_release_1
0.441282 -0.0250000004 -0.0330987375 -0.0113786457 asynchronous_release_0
0.341863 -0.0250000004 -0.0339196784 -0.00862875506 asynchronous_release_2
0.550733 -0.0250000004 -0.000952837957 0.000303479533 asynchronous_release_0
0.104574 -0.0250000004 0.0219995062 -0.0272217143 asynchronous_release_0
0.141174 -0.0250000004 -0.00388150616 0.0347841043 asynchronous_release_0
0.520746 -0.0250000004 0.00388150616 -0.0347841043 asynchronous_release_0
0.333977 -0.0250000004 0.0015457831 0.0349658484 asynchronous_release_0
0.449401 -0.0250000004 0.0584305152 -0.0161516218 asynchronous_release_0
0.511001 -0.0250000004 -0.000963853535 0.000266432663 asynchronous_release_0
0.483958 -0.0250000004 0.00836005829 0.0339869008 asynchronous_release_0
0.218725 -0.0250000004 0.00295204696 0.0348752838 asynchronous_release_0
0.232925 -0.0250000004 -0.0316789052 -0.0148810942 asynchronous_release_0
0.520022 -0.0250000004 -0.000848617864 0.000529006352 asynchronous_release_0
0.345008 -0.0250000004 0.0185152223 0.0297016253 asynchronous_release_1
0.113495 -0.0250000004 -0.0215106851 -0.0276096075 asynchronous_release_0
0.504795 -0.0250000004 0.0215106851 0.0276096075 asynchronous_release_0
0.392909 -0.0250000004 0.0145746645 0.0318210489 asynchronous_release_0
0.528146 -0.0250000004 0.0202705045 -0.0285325542 asynchronous_release_0
0.233258 -0.0250000004 0.0311789879 -0.015901909 asynchronous_release_0
0.43276 -0.0250000004 -0.00181803677 0.0349527501 asynchronous_release_0
0.597216 -0.0250000004 0.000901975111 0.000431788027 asynchronous_release_0
0.261511 -0.0250000004 0.000442374428 -0.000896830455 asynchronous_release_0
0.22747 -0.0250000004 -0.0576164179 -0.0188506868 asynchronous_release_0
0.277064 -0.0250000004 -0.0300007534 -0.0180265025 asynchronous_release_0
0.191569 -0.0250000004 -0.0224913424 -0.0268167768 asynchronous_release_0
0.318759 -0.0250000004 0.0119783388 -0.0328864623 asynchronous_release_0
0.37716 -0.0250000004 0.015669509 0.0312964293 asynchronous_release_0
0.404961 -0.0250000004 -0.0170732243 0.0305533143 asynchronous_release_2
0.552496 -0.0250000004 -0.0573055258 0.0197756596 asynchronous_release_0
0.459231 -0.0250000004 -0.000771182453 -0.000636614188 asynchronous_release_0
0.51172 -0.0250000004 -0.0345159741 -0.00580064914 asynchronous_release_0
0.33279 -0.0250000004 -0.00264892671 -0.0348996159 asynchronous_release_0
0.588126 -0.0250000004 0.0307708138 -0.01667804 asynchronous_release_0
0.438609 -0.0250000004 -0.0197039834 -0.0289266839 asynchronous_release_0
0.597164 -0.0250000004 0.0151992514 -0.0315274921 asynchronous_release_1
0.443475 -0.0250000004 -0.015663182 -0.0312995963 asynchronous_release_0
0.265444 -0.0250000004 -0.023627062 -0.0258217339 asynchronous_release_0
0.365812 -0.0250000004 0.000953500082 0.000301392757 asynchronous_release_0
0.52581 -0.0250000004 -0.00847354801 -0.0339587836 asynchronous_release_0
0.419792 -0.0250000004 -0.033221078 0.0110163505 asynchronous_release_0
0.2202 -0.0250000004 0.0206253442 -0.028277114 asynchronous_release_0
0.299103 -0.0250000004 0.0348013712 0.00372351507 asynchronous_release_0
0.555869 -0.0250000004 -0.034573131 -0.00544964366 asynchronous_release_0
0.591192 -0.0250000004 0.000997165182 -7.5243607e-05 asynchronous_release_1
0.240496 -0.0250000004 -0.000474070348 -0.00088048697 asynchronous_release_0
0.532475 -0.0250000004 -0.0297780157 -0.0183921118 asynchronous_release_0
0.257397 -0.0250000004 0.0349996117 -0.000164856385 asynchronous_release_0
0.575849 -0.0250000004 0.0173570361 -0.0303929811 asynchronous_release_0
0.118572 -0.0250000004 0.0176425757 0.0302281247 asynchronous_release_1
0.468612 -0.0250000004 -0.0349996117 0.000164856385 asynchronous_release_2
0.484383 -0.0250000004 -0.00102496223 0.034984989 asynchronous_release_0
0.357332 -0.0250000004 -0.0184636457 -0.0297337147 asynchronous_release_0
0.523368 -0.0250000004 0.0184636457 0.0297337147 asynchronous_release_0
0.536974 -0.0250000004 -0.0349819751 0.00112312887 asynchronous_release_0
0.336962 -0.0250000004 -0.0337574208 0.009243189 asynchronous_release_0
0.508772 -0.0250000004 -0.000967325099 -0.000253539254 asynchronous_release_1
0.457232 -0.0250000004 1.64346838e-05 -0.000999864941 asynchronous_release_0
0.575181 -0.0250000004 0.00780840691 -0.034117866 asynchronous_release_0
0.418077 -0.0250000004 -0.00179730836 -0.0349538221 asynchronous_release_0
0.474229 -0.0250000004 0.00179730836 0.0349538221 asynchronous_release_0
0.505553 -0.0250000004 -0.026394148 -0.0545742517 asynchronous_release_2
0.514532 -0.0250000004 -0.00560707911 -0.0345479473 asynchronous_release_0
0.546791 -0.0250000004 -0.0383300187 -0.046966048 asynchronous_release_0
0.386645 -0.0250000004 0.00116872912 0.0606105112 asynchronous_release_0
0.506765 -0.0250000004 -0.034993495 0.000674766072 asynchronous_release_0
0.129895 -0.0250000004 0.000820031381 0.00057231856 asynchronous_release_0
0.536537 -0.0250000004 0.0148403055 0.0316980336 asynchronous_release_0
0.208793 -0.0250000004 0.000573900543 -0.000818925006 asynchronous_release_0
0.323841 -0.0250000004 0.0286623752 0.020086519 asynchronous_release_0
0.518778 -0.0250000004 -0.00306424813 0.0348656046 asynchronous_release_0
0.320846 -0.0250000004 -0.0294044228 0.018983675 asynchronous_release_0
0.17697 -0.0250000004 0.00841664907 0.0339729307 asynchronous_release_0
0.366532 -0.0250000004 -0.0672594911 -0.0193948669 asynchronous_release_0
0.373068 -0.0250000004 -0.00841664907 -0.0339729307 asynchronous_release_0
0.496721 -0.0250000004 0.0276286054 -0.0214862786 asynchronous_release_0
0.312862 -0.0250000004 0.0331971349 0.0110882928 asynchronous_release_0
0.521937 -0.0250000004 -0.0331971349 -0.0110882928 asynchronous_release_0
0.548794 -0.0250000004 0.0295789226 -0.0187106209 asynchronous_release_0
0.540935 -0.0250000004 -0.060050667 -0.00830164967 asynchronous_release_1
0.166473 -0.0250000004 -0.0247498013 -0.0247476733 asynchronous_release_0
0.588383 -0.0250000004 -0.0333477725 0.0106266679 asynchronous_release_0
0.374555 -0.0250000004 0.00747092191 -0.0341933521 asynchronous_release_1
0.280537 -0.0250000004 0.0323786839 0.0132898769 asynchronous_release_0
0.529537 -0.0250000004 -0.00467997097 -0.0346857013 asynchronous_release_1
0.209076 -0.0250000004 0.0600271991 0.00846967358 asynchronous_release_0
0.427398 -0.0250000004 0.0315483756 -0.0151558568 asynchronous_release_0
0.522019 -0.0250000004 0.00264883083 -0.0348996231 asynchronous_release_0
0.414821 -0.0250000004 -0.023707996 0.025747445 asynchronous_release_0
0.447892 -0.0250000004 0.023707996 -0.025747445 asynchronous_release_0
0.231271 -0.0250000004 -0.0349802703 0.00117502627 asynchronous_release_0
0.284028 -0.0250000004 0.0175301323 -0.0302934723 asynchronous_release_0
0.093119 -0.0250000004 0.0251902528 0.0242992009 asynchronous_release_0
0.267654 -0.0250000004 -0.0316325934 -0.0149792868 asynchronous_release_0
0.299589 -0.0250000004 0.000427979624 -0.000903788383 asynchronous_release_0
0.525741 -0.0250000004 -0.0287887396 0.0199049861 asynchronous_release_0
0.207255 -0.0250000004 0.0339663868 -0.00844301885 asynchronous_release_1
0.129657 -0.0250000004 0.0294128611 0.0189705983 asynchronous_release_0
0.125098 -0.0250000004 0.000346346053 0.000938106823 asynchronous_release_0
0.2533 -0.0250000004 0.0248110564 -0.024686261 asynchronous_release_0
0.396587 -0.0250000004 -0.0337844573 -0.00914387463 asynchronous_release_0
0.204341 -0.0250000004 -0.0192059953 0.0292596949 asynchronous_release_0
0.376355 -0.0250000004 0.0157366414 0.0312627273 asynchronous_release_0
0.410631 -0.0250000004 0.0319111664 -0.0143762811 asynchronous_release_0
0.304838 -0.0250000004 0.0328726147 0.0120162891 asynchronous_release_0
0.373507 -0.0250000004 0.0293331819 -0.0190935707 asynchronous_release_0
0.276306 -0.0250000004 -0.0266816398 -0.0226514922 asynchronous_release_0
0.415464 -0.0250000004 -0.0266816398 -0.0226514922 asynchronous_release_0
0.259008 -0.0250000004 0.0101779142 0.0334874613 asynchronous_release_0
0.50033 -0.0250000004 0.0442678634 0.0414168597 asynchronous_release_0
0.148743 -0.0250000004 0.0315102673 -0.0152349289 asynchronous_release_0
0.303821 -0.0250000004 -0.0025612982 0.0349061564 asynchronous_release_0
0.441687 -0.0250000004 -0.00195735491 0.0349452252 asynchronous_release_0
0.23916 -0.0250000004 0.0177760428 0.0301498309 asynchronous_release_0
0.216003 -0.0250000004 0.0271169387 -0.0221285253 asynchronous_release_0
0.49159 -0.0250000004 -0.000632243581 -0.000774769678 asynchronous_release_0
0.222169 -0.0250000004 -0.00501042129 -0.0346395104 asynchronous_release_0
0.400873 -0.0250000004 -0.000370874373 0.000928683046 asynchronous_release_0
0.517814 -0.0250000004 0.0325039066 0.0129806031 asynchronous_release_0
0.560858 -0.0250000004 -0.0697995345 0.00529386263 asynchronous_release_0
0.506332 -0.0250000004 0.00450030033 0.0347094698 asynchronous_release_0
0.225003 -0.0250000004 -0.00668538104 -0.0343555771 asynchronous_release_0
0.446771 -0.0250000004 -0.00065621424 -0.00075457463 asynchronous_release_0
0.383136 -0.0250000004 0.0142813512 -0.0319537636 asynchronous_release_0
0.307153 -0.0250000004 0.0287283468 0.0199920506 asynchronous_release_0
0.118806 -0.0250000004 -0.000563265579 -0.000826275915 asynchronous_release_0
0.437983 -0.0250000004 0.025610999 -0.0238553291 asynchronous_release_0
0.137604 -0.0250000004 -0.0349731832 -0.00136983816 asynchronous_release_0
0.519382 -0.0250000004 0.0237937537 -0.0256682154 asynchronous_release_0
0.318244 -0.0250000004 0.0444586533 0.0412119904 asynchronous_release_4
0.205091 -0.0250000004 0.010708675 0.0333215288 asynchronous_release_0
0.518899 -0.0250000004 0.0284659705 0.0203639025 asynchronous_release_0
0.523868 -0.0250000004 0.0318686421 -0.0144703023 asynchronous_release_0
0.425312 -0.0250000004 -0.0345691977 -0.0054745383 asynchronous_release_0
0.428965 -0.0250000004 0.0125435096 0.0326750726 asynchronous_release_0
0.535457 -0.0250000004 0.00948217848 -0.0598756068 asynchronous_release_0
0.28013 -0.0250000004 -0.000501278171 -0.000865286193 asynchronous_release_0
0.380034 -0.0250000004 -5.16786891e-05 -0.0349999618 asynchronous_release_0
0.425501 -0.0250000004 -0.0303366954 -0.0174552259 asynchronous_release_0
0.415578 -0.0250000004 -0.0606217122 8.95101152e-05 asynchronous_release_1
0.17076 -0.0250000004 0.0203344838 0.028486993 asynchronous_release_0
0.512573 -0.0250000004 -0.0145032177 0.031853676 asynchronous_release_0
0.207791 -0.0250000004 -0.0349047025 0.00258103548 asynchronous_release_0
0.473077 -0.0250000004 0.015217109 -0.0315188768 asynchronous_release_0
0.419821 -0.0250000004 0.000875727383 0.000482805915 asynchronous_release_0
0.329348 -0.0250000004 -0.014691889 0.0317670962 asynchronous_release_0
0.546202 -0.0250000004 -0.0333561831 -0.0106002381 asynchronous_release_0
0.25527 -0.0250000004 0.000728548671 -0.00068499404 asynchronous_release_0
0.266528 -0.0250000004 -0.0132696132 -0.0323869938 asynchronous_release_0
0.523058 -0.0250000004 0.022612152 0.0267149879 asynchronous_release_0
0.313507 -0.0250000004 -0.000177862975 -0.000984055264 asynchronous_release_1
0.244611 -0.0250000004 -0.0183674277 0.0297932475 asynchronous_release_0
0.597523 -0.0250000004 0.0293231054 0.0191090421 asynchronous_release_0
0.523145 -0.0250000004 0.000552423517 0.000833563589 asynchronous_release_0
0.322778 -0.0250000004 0.0151077546 0.0315714388 asynchronous_release_0
0.504615 -0.0250000004 -0.0151077546 -0.0315714388 asynchronous_release_0
0.565793 -0.0250000004 0.0348955454 0.00270202011 asynchronous_release_0
0.4263 -0.0250000004 -0.0344507159 -0.00617642097 asynchronous_release_0
0.501968 -0.0250000004 0.000176469171 -0.000984306168 asynchronous_release_0
0.332307 -0.0250000004 0.0347521248 -0.00415810282 asynchronous_release_0
0.507956 -0.0250000004 -0.0247871827 -0.0247102322 asynchronous_release_0
0.390094 -0.0250000004 0.0346898079 0.00464943299 asynchronous_release_0
0.478033 -0.0250000004 0.0133183769 0.0323669714 asynchronous_release_0
0.222471 -0.0250000004 0.0343886055 0.00651335659 asynchronous_release_1
0.44713 -0.0250000004 -0.0281821332 0.0207549359 asynchronous_release_0
0.491918 -0.0250000004 0.0320653684 0.0140289753 asynchronous_release_0
0.264783 -0.0250000004 -0.0348105677 -0.00363653378 asynchronous_release_0
0.316077 -0.0250000004 -0.0205546145 0.028328569 asynchronous_release_0
0.39727 -0.0250000004 0.0348105677 0.00363653378 asynchronous_release_0
0.466222 -0.0250000004 0.0204968061 0.0283704237 asynchronous_release_0
0.44632 -0.0250000004 0.000860685682 -0.000509136678 asynchronous_release_0
0.486815 -0.0250000004 -0.0356395675 -0.0602479977 asynchronous_release_0
0.328497 -0.0250000004 -0.030116713 0.0178320947 asynchronous_release_0
0.597828 -0.0250000004 -0.0293438782 0.019077128 asynchronous_release_0
0.521689 -0.0250000004 0.00703335291 -0.0696457604 asynchronous_release_0
0.533739 -0.0250000004 -0.0283991607 -0.0204569713 asynchronous_release_0
0.576204 -0.0250000004 0.0319158371 -0.014365909 asynchronous_release_0
0.243399 -0.0250000004 -0.00993973356 0.0335589287 asynchronous_release_0
0.364789 -0.0250000004 0.024093018 0.0253875261 asynchronous_release_0
0.168142 -0.0250000004 -0.0218323768 0.0273559376 asynchronous_release_0
0.280585 -0.0250000004 0.0218323768 -0.0273559376 asynchronous_release_0
0.398363 -0.0250000004 -0.0109372292 -0.0332472107 asynchronous_release_0
0.131611 -0.0250000004 -0.0345315545 -0.00570716583 asynchronous_release_0
0.468036 -0.0250000004 0.0222083279 -0.0270516205 asynchronous_release_0
0.419223 -0.0250000004 -0.0252983604 -0.0241866278 asynchronous_release_0
0.445641 -0.0250000004 0.00829705388 -0.0340023366 asynchronous_release_0
0.481507 -0.0250000004 -0.0326598938 -0.012582978 asynchronous_release_0
0.291958 -0.0250000004 0.00072124959 0.000692675269 asynchronous_release_0
0.328266 -0.0250000004 -0.0118617333 -0.0329287 asynchronous_release_0
0.113247 -0.0250000004 0.000645030859 -0.000764156522 asynchronous_release_0
0.121007 -0.0250000004 -0.0267454783 -0.0225760801 asynchronous_release_0
0.42941 -0.0250000004 -0.0338384964 0.00894182094 asynchronous_release_0
0.218563 -0.0250000004 0.00289431487 0.0348801224 asynchronous_release_0
0.286122 -0.0250000004 -0.0199363009 -0.0671009978 asynchronous_release_0
0.349639 -0.0250000004 0.0340396596 0.00814257794 asynchronous_release_0
0.409906 -0.0250000004 -0.00996815044 -0.0335504989 asynchronous_release_1
0.553418 -0.0250000004 -0.0593766266 0.0122235926 asynchronous_release_0
0.230213 -0.0250000004 0.0172339107 0.0304629664 asynchronous_release_0
0.307275 -0.0250000004 -0.0177647474 0.0301564877 asynchronous_release_0
0.538768 -0.0250000004 -0.000642066843 0.00076664866 asynchronous_release_0
0.58495 -0.0250000004 -0.000861026396 0.0349894074 asynchronous_release_0
0.12585 -0.0250000004 -0.0195886474 0.0290049115 asynchronous_release_0
0.557662 -0.0250000004 0.00520870692 0.0346102495 asynchronous_release_0
0.430785 -0.0250000004 -0.0348959201 0.00269717576 asynchronous_release_0
0.313228 -0.0250000004 0.00260248354 -0.0349031099 asynchronous_release_0
0.458173 -0.0250000004 0.0289257381 0.0197053718 asynchronous_release_0
0.496226 -0.0250000004 0.0390929993 -0.0580666634 asynchronous_release_0
0.549887 -0.0250000004 -0.015370353 -0.0314444311 asynchronous_release_1
0.313602 -0.0250000004 0.0152721882 -0.0314922255 asynchronous_release_0
0.407843 -0.0250000004 0.0260536873 -0.0233710371 asynchronous_release_0
0.344206 -0.0250000004 0.00888366933 0.0338538095 asynchronous_release_1
0.516995 -0.0250000004 -0.0126529734 -0.0326328403 asynchronous_release_1
0.458825 -0.0250000004 0.0272535388 -0.0219600688 asynchronous_release_0
0.525073 -0.0250000004 -0.00864850904 0.0339146472 asynchronous_release_0
0.506856 -0.0250000004 0.000860816283 0.000508915834 asynchronous_release_4
0.467266 -0.0250000004 0.0602564183 0.00664560389 asynchronous_release_0
0.325588 -0.0250000004 0.0328920791 0.0119629065 asynchronous_release_0
0.307697 -0.0250000004 -0.0182302183 -0.0298774018 asynchronous_release_0
0.506883 -0.0250000004 0.0182302183 0.0298774018 asynchronous_release_0
0.404418 -0.0250000004 0.0167594798 -0.0307265331 asynchronous_release_1
0.379379 -0.0250000004 -0.000256549968 -0.0349990597 asynchronous_release_0
0.40533 -0.0250000004 0.0299252499 -0.0527207684 asynchronous_release_0
0.231373 -0.0250000004 0.0282328168 0.0206859386 asynchronous_release_0
0.537002 -0.0250000004 -0.0320309567 0.0141073673 asynchronous_release_0
0.573152 -0.0250000004 0.0349996295 0.000161045702 asynchronous_release_0
0.265028 -0.0250000004 -0.0331041086 -0.01136301 asynchronous_release_0
0.50646 -0.0250000004 -0.006711399 -0.034350504 asynchronous_release_1
0.115276 -0.0250000004 -0.00663105155 0.0343661047 asynchronous_release_0
0.493185 -0.0250000004 -0.0286790353 0.020062725 asynchronous_release_0
0.154699 -0.0250000004 0.0295486401 -0.0187584079 asynchronous_release_0
0.373401 -0.0250000004 0.0279678973 -0.0210427356 asynchronous_release_0
0.374255 -0.0250000004 0.0248228912 -0.0246743607 asynchronous_release_0
0.166259 -0.0250000004 -0.0193010023 0.0291971113 asynchronous_release_0
0.591744 -0.0250000004 0.015634939 0.031313714 asynchronous_release_0
0.413499 -0.0250000004 0.0300995421 0.0178610628 asynchronous_release_0
0.144207 -0.0250000004 0.0341378627 -0.00772051367 asynchronous_release_0
0.50404 -0.0250000004 0.057892955 0.0179834858 asynchronous_release_0
0.553433 -0.0250000004 0.000983491168 0.000180956134 asynchronous_release_0
0.129363 -0.0250000004 0.0328826067 -0.0119889189 asynchronous_release_0
0.157468 -0.0250000004 -0.000342540541 -0.000939503048 asynchronous_release_0
0.489567 -0.0250000004 -0.0341957139 -0.00746010385 asynchronous_release_0
0.266631 -0.0250000004 -0.0278481364 -0.021200974 asynchronous_release_0
0.262587 -0.0250000004 -0.0330496154 -0.0115205436 asynchronous_release_0
0.509482 -0.0250000004 0.0348765943 0.00293652363 asynchronous_release_1
0.46351 -0.0250000004 -0.0347435471 0.00422917681 asynchronous_release_0
0.596396 -0.0250000004 -0.00334343249 0.0348399406 asynchronous_release_0
0.258395 -0.0250000004 0.0215923407 -0.027545795 asynchronous_release_0
0.490532 -0.0250000004 -0.0130591879 -0.0324724131 asynchronous_release_0
0.127676 -0.0250000004 0.00831771482 -0.0339972884 asynchronous_release_0
0.16403 -0.0250000004 0.0149414589 0.0316504788 asynchronous_release_0
0.453523 -0.0250000004 0.0224548085 0.0268473756 asynchronous_release_0
0.44541 -0.0250000004 -0.0201434913 0.0286223646 asynchronous_release_0
0.526276 -0.0250000004 -0.0147159492 -0.0317559575 asynchronous_release_0
0.263759 -0.0250000004 0.0174451622 0.0303424837 asynchronous_release_0
0.267029 -0.0250000004 0.034840512 0.00333747294 asynchronous_release_0
0.535147 -0.0250000004 -0.0164651571 0.0308852489 asynchronous_release_0
0.439981 -0.0250000004 -0.000779698193 0.000626155514 asynchronous_release_0
0.514744 -0.0250000004 0.0137502496 0.0321858764 asynchronous_release_0
0.356351 -0.0250000004 0.0198160521 0.0288500274 asynchronous_release_0
0.490743 -0.0250000004 -0.0234274643 -0.0260029597 asynchronous_release_0
0.358356 -0.0250000004 0.0273496816 -0.0218402133 asynchronous_release_0
0.407509 -0.0250000004 -0.00087990828 -0.000475143577 asynchronous_release_0
0.472185 -0.0250000004 -0.00742446713 -0.0342034689 asynchronous_release_0
0.510994 -0.0250000004 0.0259088394 -0.0235315116 asynchronous_release_1
0.393422 -0.0250000004 -0.0178704605 -0.0579279435 asynchronous_release_0
0.469722 -0.0250000004 -0.000294786148 -0.000955563251 asynchronous_release_0
0.566866 -0.0250000004 -0.0114569916 -0.0330717 asynchronous_release_0
0.427182 -0.0250000004 -0.000987325885 -0.000158706005 asynchronous_release_0
0.553752 -0.0250000004 0.0548746035 0.0257638873 asynchronous_release_0
0.558992 -0.0250000004 0.0199999081 0.0287228772 asynchronous_release_0
0.309155 -0.0250000004 -0.0138127452 0.0321591055 asynchronous_release_0
0.318389 -0.0250000004 -0.0209442297 -0.028041741 asynchronous_release_0
0.417587 -0.0250000004 -0.0576186102 0.0188439847 asynchronous_release_0
0.448589 -0.0250000004 -0.0340423982 0.00813112087 asynchronous_release_0
0.458446 -0.0250000004 0.0337049341 -0.00943278434 asynchronous_release_0
0.597497 -0.0250000004 -0.0250214979 -0.024472937 asynchronous_release_0
0.483708 -0.0250000004 -0.000989624329 -0.000143679111 asynchronous_release_0
0.562364 -0.0250000004 0.0100575378 -0.069273703 asynchronous_release_0
0.330752 -0.0250000004 -0.0190737305 0.0575429649 asynchronous_release_0
0.551939 -0.0250000004 -0.0332224463 -0.0110122234 asynchronous_release_0
0.448709 -0.0250000004 0.000212614203 0.0349993542 asynchronous_release_0
0.406198 -0.0250000004 0.0299914086 -0.0526831606 asynchronous_release_1
0.341255 -0.0250000004 -0.0298822977 -0.018222192 asynchronous_release_0
0.473407 -0.0250000004 0.000999712142 2.39923526e-05 asynchronous_release_0
0.479387 -0.0250000004 0.0298822977 0.018222192 asynchronous_release_0
0.578944 -0.0250000004 -0.000839732341 0.034989925 asynchronous_release_0
0.498208 -0.0250000004 -0.0345496784 0.00559640267 asynchronous_release_0
0.263112 -0.0250000004 0.0246353092 0.024861648 asynchronous_release_0
0.438014 -0.0250000004 -0.000964732216 -0.000263233263 asynchronous_release_0
0.492123 -0.0250000004 -0.000198481979 -0.000980104537 asynchronous_release_0
0.327969 -0.0250000004 -0.023014668 -0.026369017 asynchronous_release_0
0.516234 -0.0250000004 0.023014668 0.026369017 asynchronous_release_1
0.526118 -0.0250000004 0.0169308726 0.0306324265 asynchronous_release_0
0.591991 -0.0250000004 0.00232637047 -0.0349226001 asynchronous_release_0
0.405543 -0.0250000004 0.0095934331 0.0336595609 asynchronous_release_0
0.141118 -0.0250000004 0.0345786656 0.00541441457 asynchronous_release_0
0.146947 -0.0250000004 0.000154697559 -0.000987961874 asynchronous_release_0
0.220583 -0.0250000004 -0.00082866307 0.000559747725 asynchronous_release_0
0.280134 -0.0250000004 -0.0153219293 0.031468055 asynchronous_release_0
0.534221 -0.0250000004 0.05450427 0.0265383599 asynchronous_release_0
0.599567 -0.0250000004 -0.0349130996 0.00246484752 asynchronous_release_0
0.478212 -0.0250000004 -0.0288930052 -0.0197533352 asynchronous_release_0
0.499449 -0.0250000004 -0.0349266991 0.00226399905 asynchronous_release_0
0.55101 -0.0250000004 0.0184151339 0.0297637841 asynchronous_release_0
0.277859 -0.0250000004 -0.000862075346 0.0349893816 asynchronous_release_0
0.541449 -0.0250000004 0.030732731 -0.0167481117 asynchronous_release_0
0.212288 -0.0250000004 0.024104029 0.0253770721 asynchronous_release_0
0.396588 -0.0250000004 0.0439543782 -0.0417494029 asynchronous_release_0
0.486636 -0.0250000004 -0.0332233035 -0.0110096368 asynchronous_release_0
0.489737 -0.0250000004 0.0187356345 -0.0295630851 asynchronous_release_0
0.419581 -0.0250000004 0.000724614337 -0.000689154599 asynchronous_release_0
0.303902 -0.0250000004 0.0142169116 0.0589311414 asynchronous_release_1
0.572805 -0.0250000004 -0.0157486221 -0.0312566937 asynchronous_release_0
0.197099 -0.0250000004 0.0101189644 0.0335053214 asynchronous_release_0
0.535713 -0.0250000004 -0.0239569772 0.0255159409 asynchronous_release_0
0.226605 -0.0250000004 0.0253310158 -0.0241524251 asynchronous_release_0
0.532032 -0.0250000004 0.01707991 -0.0581659408 asynchronous_release_0
0.265465 -0.0250000004 -0.033138175 -0.0112632747 asynchronous_release_0
0.22472 -0.0250000004 0.01044883 -0.0334039212 asynchronous_release_0
0.454207 -0.0250000004 0.0209470469 -0.0280396367 asynchronous_release_0
0.519282 -0.0250000004 -0.000973509657 -0.000228645902 asynchronous_release_0
0.307316 -0.0250000004 0.0280702803 -0.0209059648 asynchronous_release_4
0.226571 -0.0250000004 -0.0303871822 -0.0173671862 asynchronous_release_0
0.567769 -0.0250000004 0.0340989656 0.00789053522 asynchronous_release_0
0.231673 -0.0250000004 -0.020900358 -0.0280744552 asynchronous_release_1
0.328754 -0.0250000004 0.0319539716 0.0142808857 asynchronous_release_0
0.407754 -0.0250000004 0.0343365324 -0.00678251737 asynchronous_release_0
0.22059 -0.0250000004 0.0302466165 0.0176108542 asynchronous_release_0
0.510699 -0.0250000004 -0.0492490565 -0.0353486977 asynchronous_release_0
0.276946 -0.0250000004 0.0016713022 -0.0349600736 asynchronous_release_0
0.16465 -0.0250000004 0.00104266018 -0.034984466 asynchronous_release_0
0.305754 -0.0250000004 -0.00104266018 0.034984466 asynchronous_release_0
0.409138 -0.0250000004 -0.000982123713 0.000188236584 asynchronous_release_0
0.158493 -0.0250000004 0.0336341661 -0.00968209031 asynchronous_release_0
0.346173 -0.0250000004 -0.0672683321 0.0193641806 asynchronous_release_0
0.440783 -0.0250000004 0.00843214686 -0.0339690874 asynchronous_release_0
0.210967 -0.0250000004 -0.000948386708 -0.000317116148 asynchronous_release_0
0.296596 -0.0250000004 0.0231969118 0.0262088398 asynchronous_release_0
0.591558 -0.0250000004 -0.0303534835 -0.0174260161 asynchronous_release_0
0.320768 -0.0250000004 -0.000968574378 0.000248724091 asynchronous_release_0
0.157948 -0.0250000004 0.0349001171 0.00264231432 asynchronous_release_0
0.523098 -0.0250000004 0.0058970925 0.0344996275 asynchronous_release_0
0.398386 -0.0250000004 -0.010370365 0.0334283641 asynchronous_release_0
0.377291 -0.0250000004 0.000241089137 -0.000970502977 asynchronous_release_0
0.211912 -0.0250000004 0.0341871651 0.00749918291 asynchronous_release_0
0.388936 -0.0250000004 0.00095304414 -0.000302831418 asynchronous_release_0
0.436229 -0.0250000004 -0.0235880654 0.025857362 asynchronous_release_0
0.341324 -0.0250000004 0.0105990996 0.0333565449 asynchronous_release_1
0.274702 -0.0250000004 -0.0348554915 -0.00317721768 asynchronous_release_0
0.513916 -0.0250000004 0.0146761945 0.0317743499 asynchronous_release_0
0.324041 -0.0250000004 0.00090783857 -0.000419319844 asynchronous_release_1
0.302066 -0.0250000004 -0.0120335313 -0.0328663068 asynchronous_release_0
0.366497 -0.0250000004 -0.0344798223 -0.00601180959 asynchronous_release_0
0.56642 -0.0250000004 -0.0321408021 -0.0138552821 asynchronous_release_0
0.581378 -0.0250000004 0.00543212365 -0.034575888 asynchronous_release_0
0.165756 -0.0250000004 -0.000916428135 -0.000400199293 asynchronous_release_0
0.562696 -0.0250000004 -0.0557046242 0.0239164137 asynchronous_release_0
0.596644 -0.0250000004 -0.0485645339 -0.0362834128 asynchronous_release_0
0.124706 -0.0250000004 -0.022948264 0.0264268269 asynchronous_release_0
0.411973 -0.0250000004 0.022948264 -0.0264268269 asynchronous_release_0
0.134737 -0.0250000004 0.0194753935 -0.0290810771 asynchronous_release_0
0.227962 -0.0250000004 0.0040281387 -0.0604878012 asynchronous_release_0
0.419846 -0.0250000004 -0.000997729997 6.73413176e-05 asynchronous_release_0
0.466967 -0.0250000004 0.00235694612 0.0349205499 asynchronous_release_0
0.197384 -0.0250000004 0.0325985702 0.0127410054 asynchronous_release_0
0.472165 -0.0250000004 0.0273333195 -0.0218606872 asynchronous_release_1
0.269133 -0.0250000004 0.00107884433 -0.0349833688 asynchronous_release_0
0.566532 -0.0250000004 0.0595141279 0.036851982 asynchronous_release_0
0.496882 -0.0250000004 0.00025505341 0.000966926966 asynchronous_release_0
0.323182 -0.0250000004 -0.011147698 0.0331772336 asynchronous_release_0
0.351928 -0.0250000004 0.0316376476 0.014968609 asynchronous_release_0
0.500146 -0.0250000004 -0.0316376476 -0.014968609 asynchronous_release_1
0.081324 -0.0250000004 -0.00056018608 0.0008283668 asynchronous_release_0
0.324152 -0.0250000004 -0.0314761572 0.0153052778 asynchronous_release_0
0.41942 -0.0250000004 -0.0200488729 0.0286887207 asynchronous_release_0
0.553114 -0.0250000004 0.0148207245 0.0317071936 asynchronous_release_0
0.309517 -0.0250000004 0.0591346873 0.0133449901 asynchronous_release_0
0.478955 -0.0250000004 -0.0184336371 0.029752328 asynchronous_release_0
0.390001 -0.0250000004 0.0341351666 0.0077324251 asynchronous_release_0
0.425933 -0.0250000004 -0.000589353015 0.0349950377 asynchronous_release_0
0.536492 -0.0250000004 -0.0116908872 0.0329897432 asynchronous_release_0
0.390025 -0.0250000004 0.000760556483 -0.000649271774 asynchronous_release_1
0.245318 -0.0250000004 0.0104294706 0.0334099707 asynchronous_release_0
0.227088 -0.0250000004 -0.000102118023 -0.034999851 asynchronous_release_0
0.456447 -0.0250000004 0.0303618191 0.0174114887 asynchronous_release_0
0.466471 -0.0250000004 0.0183387324 -0.029810919 asynchronous_release_0
0.412449 -0.0250000004 -0.0294699522 0.0188817879 asynchronous_release_0
0.407228 -0.0250000004 0.000869396851 0.000494114475 asynchronous_release_0
0.548817 -0.0250000004 -0.0177051883 -0.030191494 asynchronous_release_0
0.309742 -0.0250000004 0.0257520567 -0.0237029866 asynchronous_release_0
0.116755 -0.0250000004 -0.00765136021 -0.0341534286 asynchronous_release_1
0.214087 -0.0250000004 0.0290884896 -0.0194643205 asynchronous_release_0
0.197302 -0.0250000004 0.0306075798 0.0169757491 asynchronous_release_0
0.536467 -0.0250000004 0.0699403269 -0.0028897531 asynchronous_release_0
0.428884 -0.0250000004 0.0596019365 -0.0110729024 asynchronous_release_0
0.523122 -0.0250000004 -0.0113734973 -0.0331005069 asynchronous_release_0
0.529786 -0.0250000004 0.0586676123 0.0152679819 asynchronous_release_0
0.256455 -0.0250000004 -0.0192014289 0.0292626917 asynchronous_release_0
0.442337 -0.0250000004 -0.0133099803 0.0323704252 asynchronous_release_0
0.317565 -0.0250000004 0.00935389845 -0.0337269119 asynchronous_release_0
0.424799 -0.0250000004 -0.00935389845 0.0337269119 asynchronous_release_0
0.314204 -0.0250000004 0.0253078098 -0.0241767401 asynchronous_release_0
0.216763 -0.0250000004 -0.0241413942 -0.0253415289 asynchronous_release_0
0.470124 -0.0250000004 0.0051870952 -0.0346134951 asynchronous_release_0
0.453359 -0.0250000004 -0.00955459069 -0.0598640944 asynchronous_release_0
0.439106 -0.0250000004 0.0229314811 0.0264413913 asynchronous_release_0
0.135228 -0.0250000004 -0.0347923135 -0.0038072199 asynchronous_release_0
0.42931 -0.0250000004 0.0494879086 0.0495070389 asynchronous_release_0
0.496183 -0.0250000004 -0.0247439543 -0.0247535195 asynchronous_release_0
0.533634 -0.0250000004 -0.00906519954 0.0338056527 asynchronous_release_0
0.203631 -0.0250000004 -0.0345227992 -0.00575989015 asynchronous_release_0
0.179975 -0.0250000004 0.0252535519 -0.0242334091 asynchronous_release_0
0.534712 -0.0250000004 0.0344722437 -0.00605511458 asynchronous_release_0
0.548116 -0.0250000004 -0.0330312576 -0.011573073 asynchronous_release_0
0.521431 -0.0250000004 0.024018331 -0.0254581966 asynchronous_release_0
0.532898 -0.0250000004 0.0340566105 0.00807138652 asynchronous_release_0
0.443131 -0.0250000004 -0.0343453952 0.00673749415 asynchronous_release_0
0.582685 -0.0250000004 0.0116696822 0.0594879695 asynchronous_release_0
0.365404 -0.0250000004 0.0232160582 0.0261918812 asynchronous_release_0
0.370761 -0.0250000004 -0.0232160582 -0.0261918812 asynchronous_release_0
0.543347 -0.0250000004 -0.0286666476 -0.0200804212 asynchronous_release_0
0.150008 -0.0250000004 -0.000716138201 -0.0349926727 asynchronous_release_0
0.353556 -0.0250000004 -0.00952178905 -0.0336798981 asynchronous_release_0
0.467142 -0.0250000004 0.00952178905 0.0336798981 asynchronous_release_1
0.527799 -0.0250000004 -0.0032741753 -0.0348465174 asynchronous_release_0
0.374591 -0.0250000004 -0.00517905289 -0.0346146994 asynchronous_release_0
0.525057 -0.0250000004 -0.0273876825 0.021792541 asynchronous_release_0
0.234891 -0.0250000004 -0.00643122828 -0.0344040594 asynchronous_release_0
0.521906 -0.0250000004 0.0064054862 -0.0344088615 asynchronous_release_0
0.389362 -0.0250000004 -0.0305314396 -0.0171123113 asynchronous_release_0
0.538413 -0.0250000004 0.0305314396 0.0171123113 asynchronous_release_0
0.301318 -0.0250000004 -0.0349954463 0.000564569198 asynchronous_release_0
0.440473 -0.0250000004 0.0302087355 0.0176757546 asynchronous_release_0
0.221379 -0.0250000004 -0.0344341928 -0.00626788387 asynchronous_release_0
0.447719 -0.0250000004 0.0344341928 0.00626788387 asynchronous_release_0
0.211338 -0.0250000004 -0.0305741802 0.01703583 asynchronous_release_0
0.177124 -0.0250000004 -0.0182334177 -0.0298754495 asynchronous_release_0
0.330963 -0.0250000004 0.0182334177 0.0298754495 asynchronous_release_0
0.355741 -0.0250000004 -0.0300007445 -0.0180265174 asynchronous_release_0
0.378111 -0.0250000004 -0.000830596056 -0.000556875383 asynchronous_release_0
0.431523 -0.0250000004 -0.0154307857 -0.031414819 asynchronous_release_0
0.503267 -0.0250000004 0.0161686051 0.031041524 asynchronous_release_0
0.117978 -0.0250000004 0.0345849156 -0.00537434742 asynchronous_release_0
0.290397 -0.0250000004 -0.0126381364 0.0326385892 asynchronous_release_0
0.374525 -0.0250000004 -0.0345849156 0.00537434742 asynchronous_release_0
0.549366 -0.0250000004 -0.00930864279 -0.0599028311 asynchronous_release_0
0.323762 -0.0250000004 -0.0107048152 0.0691766357 asynchronous_release_0
0.525955 -0.0250000004 -0.0340924525 -0.00791862875 asynchronous_release_0
0.204951 -0.0250000004 -0.00887583938 -0.0338558632 asynchronous_release_0
0.250564 -0.0250000004 0.0248821179 -0.024614634 asynchronous_release_0
0.27177 -0.0250000004 0.000431740028 0.000901998087 asynchronous_release_0
0.280452 -0.0250000004 -0.031569933 0.015110901 asynchronous_release_0
0.387989 -0.0250000004 0.0261728482 0.054680728 asynchronous_release_0
0.453905 -0.0250000004 0.031569933 -0.015110901 asynchronous_release_0
0.476247 -0.0250000004 -0.0288713906 -0.0197849135 asynchronous_release_0
0.213045 -0.0250000004 -0.0142247318 0.0319790088 asynchronous_release_0
0.307982 -0.0250000004 0.0205822681 0.0283084835 asynchronous_release_0
0.202285 -0.0250000004 0.000615981724 0.000787760443 asynchronous_release_0
0.209504 -0.0250000004 -0.00488514599 -0.0346573996 asynchronous_release_0
0.317135 -0.0250000004 0.00488514599 0.0346573996 asynchronous_release_0
0.507971 -0.0250000004 -0.00690093988 -0.0602277098 asynchronous_release_0
0.405512 -0.0250000004 -0.0294840729 -0.0188597308 asynchronous_release_0
0.105217 -0.0250000004 0.00228670037 0.0349252201 asynchronous_release_0
0.51953 -0.0250000004 -0.0313894781 -0.0154822695 asynchronous_release_0
0.586572 -0.0250000004 0.0155469351 0.0313575 asynchronous_release_0
0.564584 -0.0250000004 0.0453994255 -0.0401732767 asynchronous_release_0
0.584785 -0.0250000004 -0.0120913654 -0.0594036942 asynchronous_release_0
0.218869 -0.0250000004 0.00852074934 0.0339469709 asynchronous_release_0
0.323133 -0.0250000004 0.00012798408 -0.000991776222 asynchronous_release_0
0.369235 -0.0250000004 -0.0347121678 -0.0044794428 asynchronous_release_0
0.405395 -0.0250000004 -0.0217288123 0.027438271 asynchronous_release_0
0.386616 -0.0250000004 -0.0148818574 -0.0316785467 asynchronous_release_1
0.485531 -0.0250000004 0.025724114 0.023733309 asynchronous_release_0
0.571858 -0.0250000004 0.0334157056 -0.0104110817 asynchronous_release_0
0.330488 -0.0250000004 0.0314265513 0.0154068775 asynchronous_release_0
0.511997 -0.0250000004 -0.00237052828 -0.0349196305 asynchronous_release_0
0.494947 -0.0250000004 0.0204334532 0.0284160868 asynchronous_release_0
0.526569 -0.0250000004 0.0175903145 0.0302585663 asynchronous_release_0
0.535986 -0.0250000004 -0.0175903145 -0.0302585663 asynchronous_release_0
0.242662 -0.0250000004 0.0187646257 0.0295446919 asynchronous_release_0
0.48338 -0.0250000004 0.0343338451 0.00679610789 asynchronous_release_0
0.312024 -0.0250000004 0.0340274677 0.00819337805 asynchronous_release_0
0.312651 -0.0250000004 -0.000101038712 0.000994882495 asynchronous_release_0
0.371622 -0.0250000004 -0.0464137917 -0.0389969222 asynchronous_release_0
0.392973 -0.0250000004 0.0305893025 -0.0170086617 asynchronous_release_0
0.41125 -0.0250000004 -0.0255942238 -0.0238733263 asynchronous_release_0
0.239345 -0.0250000004 -6.25797246e-05 0.000998039968 asynchronous_release_0
0.575403 -0.0250000004 0.00940601525 0.0337124143 asynchronous_release_0
0.178084 -0.0250000004 0.00505907859 -0.0346324375 asynchronous_release_0
0.472146 -0.0250000004 -0.0274630313 -0.0216975093 asynchronous_release_0
0.544322 -0.0250000004 0.00731377185 -0.0342273099 asynchronous_release_0
0.411592 -0.0250000004 -0.0325848813 0.012775974 asynchronous_release_0
0.462578 -0.0250000004 0.0026088797 0.0605656152 asynchronous_release_0
0.278136 -0.0250000004 0.023425032 -0.026005151 asynchronous_release_0
0.420128 -0.0250000004 -0.00559778801 -0.034549454 asynchronous_release_0
0.339933 -0.0250000004 -0.0308078922 0.0166094484 asynchronous_release_0
0.462229 -0.0250000004 0.0297881504 0.0183756931 asynchronous_release_0
0.564578 -0.0250000004 0.0010197418 -0.0349851415 asynchronous_release_0
0.188003 -0.0250000004 0.000262262051 0.000964996693 asynchronous_release_0
0.516464 -0.0250000004 -0.0588529413 0.0145372382 asynchronous_release_0
0.537278 -0.0250000004 -0.0591635574 -0.0132164093 asynchronous_release_0
0.566549 -0.0250000004 0.0345089603 0.00584223065 asynchronous_release_0
0.226934 -0.0250000004 0.0334212081 -0.0103934041 asynchronous_release_0
0.449594 -0.0250000004 0.057518009 -0.0191488548 asynchronous_release_0
0.593309 -0.0250000004 -0.000747955611 -0.00066374875 asynchronous_release_0
0.422952 -0.0250000004 -0.000806301624 -0.000591504599 asynchronous_release_0
0.36718 -0.0250000004 0.0349604518 -0.00166337359 asynchronous_release_0
0.514339 -0.0250000004 -0.00609717489 0.0344648293 asynchronous_release_1
0.108259 -0.0250000004 0.0344688047 -0.00607466082 asynchronous_release_0
0.299756 -0.0250000004 -0.0224952129 -0.0268135301 asynchronous_release_0
0.309256 -0.0250000004 0.0346754047 0.0047556607 asynchronous_release_0
0.547514 -0.0250000004 0.000790055743 0.000613035009 asynchronous_release_0
0.575701 -0.0250000004 0.000967202292 -0.0349866334 asynchronous_release_0
0.532677 -0.0250000004 0.000342248292 0.0349983266 asynchronous_release_1
0.496133 -0.0250000004 -0.0210925242 -0.0279303674 asynchronous_release_0
0.57425 -0.0250000004 -0.010149201 0.0334961747 asynchronous_release_0
0.52791 -0.0250000004 0.00321745983 -0.0348517998 asynchronous_release_0
0.246737 -0.0250000004 0.00261294881 -0.034902328 asynchronous_release_0
0.261448 -0.0250000004 -0.00261294881 0.034902328 asynchronous_release_0
0.379685 -0.0250000004 -0.00043395097 -0.000900936488 asynchronous_release_0
0.140283 -0.0250000004 0.0326456448 -0.0126198999 asynchronous_release_0
0.158113 -0.0250000004 0.0272519763 0.0219620078 asynchronous_release_0
0.514522 -0.0250000004 -0.0348358662 -0.00338562025 asynchronous_release_0
0.538088 -0.0250000004 -0.00108146105 0.034983288 asynchronous_release_0
0.204681 -0.0250000004 0.0111128049 0.0331889374 asynchronous_release_0
0.541772 -0.0250000004 -0.0111128049 -0.0331889374 asynchronous_release_0
0.22684 -0.0250000004 0.0330398548 -0.0115485062 asynchronous_release_0
0.455548 -0.0250000004 -0.0330398548 0.0115485062 asynchronous_release_0
0.396353 -0.0250000004 0.0346510227 -0.00493017519 asynchronous_release_0
0.42168 -0.0250000004 -0.0346510227 0.00493017519 asynchronous_release_0
0.556393 -0.0250000004 0.0130558544 -0.0324737535 asynchronous_release_0
0.29646 -0.0250000004 -0.0173908132 0.0303736665 asynchronous_release_0
0.362364 -0.0250000004 0.0179606493 0.0300402243 asynchronous_release_0
0.218992 -0.0250000004 -6.23848437e-06 0.00099998054 asynchronous_release_0
0.36817 -0.0250000004 0.0465314219 -0.0388564895 asynchronous_release_0
0.393295 -0.0250000004 0.0307352235 0.0167435371 asynchronous_release_0
0.223589 -0.0250000004 0.0289687401 -0.0196421001 asynchronous_release_0
0.553611 -0.0250000004 0.0340211153 0.0501753297 asynchronous_release_0
0.456212 -0.0250000004 -0.00252618762 -0.0349087149 asynchronous_release_1
0.363724 -0.0250000004 0.024080657 0.0253992512 asynchronous_release_0
0.430226 -0.0250000004 -0.0344438703 -0.00621448302 asynchronous_release_0
0.545691 -0.0250000004 0.0226038353 -0.0267220252 asynchronous_release_0
0.529362 -0.0250000004 -0.000885559652 0.000464525675 asynchronous_release_0
0.430486 -0.0250000004 0.0204384501 -0.028412493 asynchronous_release_0
0.391497 -0.0250000004 0.0100485137 0.0335265174 asynchronous_release_0
0.369143 -0.0250000004 -0.0287422575 -0.0199720463 asynchronous_release_0
0.305947 -0.0250000004 -0.034979767 -0.00118991656 asynchronous_release_0
0.32027 -0.0250000004 0.034979767 0.00118991656 asynchronous_release_0
0.219281 -0.0250000004 0.0349983157 -0.000343364445 asynchronous_release_0
0.255467 -0.0250000004 0.0177965202 0.0301377483 asynchronous_release_0
0.478532 -0.0250000004 9.81041273e-06 0.000999951877 asynchronous_release_0
0.398359 -0.0250000004 0.000489280114 0.000872126694 asynchronous_release_0
0.545617 -0.0250000004 -0.00524416862 0.0603945254 asynchronous_release_0
0.35218 -0.0250000004 0.0377633924 -0.0474228447 asynchronous_release_0
0.417498 -0.0250000004 0.00861064889 -0.0339242793 asynchronous_release_0
0.124321 -0.0250000004 -0.0314221598 0.015415832 asynchronous_release_0
0.402573 -0.0250000004 0.00144578198 -0.034970126 asynchronous_release_0
0.24391 -0.0250000004 -0.00077298178 0.000634428221 asynchronous_release_0
0.325882 -0.0250000004 0.0228248967 -0.0265334523 asynchronous_release_0
0.212931 -0.0250000004 0.03409348 0.00791420385 asynchronous_release_0
0.43404 -0.0250000004 -0.03409348 -0.00791420385 asynchronous_release_0
0.522464 -0.0250000004 0.00725755023 -0.0342392752 asynchronous_release_0
0.11645 -0.0250000004 -0.00092572413 0.000378199464 asynchronous_release_0
0.490225 -0.0250000004 0.000146617847 0.00098919321 asynchronous_release_0
0.545243 -0.0250000004 0.000479513091 0.000877534726 asynchronous_release_0
0.308886 -0.0250000004 0.00605128303 -0.0344729165 asynchronous_release_4
0.299219 -0.0250000004 0.0167330596 -0.030740929 asynchronous_release_0
0.399911 -0.0250000004 -0.0182558956 -0.0298617192 asynchronous_release_0
0.164145 -0.0250000004 -0.00872776777 0.0338943368 asynchronous_release_0
0.314223 -0.0250000004 0.0337172406 -0.00938869982 asynchronous_release_0
0.571602 -0.0250000004 0.00872776777 -0.0338943368 asynchronous_release_0
0.297115 -0.0250000004 0.0342261897 0.00731901211 asynchronous_release_0
0.213202 -0.0250000004 0.0106657168 0.0333353039 asynchronous_release_0
0.423422 -0.0250000004 0.0349999999 -3.21776664e-06 asynchronous_release_0
0.19362 -0.0250000004 -0.00015515145 -0.000987890696 asynchronous_release_0
0.220013 -0.0250000004 -0.0347260877 -0.0496900275 asynchronous_release_0
0.338137 -0.0250000004 0.00301876851 0.0348695718 asynchronous_release_0
0.343515 -0.0250000004 -0.0193232593 -0.029182386 asynchronous_release_0
0.577917 -0.0250000004 -0.0264572882 -0.0229131382 asynchronous_release_0
0.511878 -0.0250000004 0.0264572882 0.0229131382 asynchronous_release_1
0.300807 -0.0250000004 0.0235391102 0.0259019361 asynchronous_release_1
0.285142 -0.0250000004 -0.0333796817 -0.0105260081 asynchronous_release_0
0.418162 -0.0250000004 0.00593197197 -0.0344936474 asynchronous_release_0
0.51571 -0.0250000004 0.0133111094 -0.0323699609 asynchronous_release_0
0.415145 -0.0250000004 0.0509980057 -0.0327750426 asynchronous_release_0
0.546022 -0.0250000004 -0.0131471065 -0.0324369171 asynchronous_release_0
0.520605 -0.0250000004 -0.045710878 -0.0398185338 asynchronous_release_0
0.543776 -0.0250000004 -0.0343500596 -0.00671367306 asynchronous_release_0
0.540954 -0.0250000004 0.0217982251 0.0273831587 asynchronous_release_0
0.495011 -0.0250000004 0.040498697 0.0451093731 asynchronous_release_0
0.434977 -0.0250000004 -0.0653104052 0.0251902951 asynchronous_release_0
0.148832 -0.0250000004 -5.42915396e-05 -0.000998525127 asynchronous_release_0
0.524535 -0.0250000004 0.0311833422 -0.0158933686 asynchronous_release_0
0.457764 -0.0250000004 0.000889138036 0.000457639107 asynchronous_release_0
0.527183 -0.0250000004 0.0696519473 -0.00697181692 asynchronous_release_0
0.181664 -0.0250000004 -0.0266809991 0.0226522469 asynchronous_release_0
0.310026 -0.0250000004 -0.0123509178 -0.0327483561 asynchronous_release_0
0.322748 -0.0250000004 0.0123509178 0.0327483561 asynchronous_release_0
0.522556 -0.0250000004 0.0345363672 0.00567796948 asynchronous_release_0
0.514869 -0.0250000004 -0.0151299988 0.0315607848 asynchronous_release_0
0.569842 -0.0250000004 0.0553659552 -0.0246903018 asynchronous_release_0
0.304074 -0.0250000004 0.0243386603 0.0251521294 asynchronous_release_0
0.225977 -0.0250000004 -0.000999087668 4.27063356e-05 asynchronous_release_0
0.563464 -0.0250000004 0.00149472175 0.0349680684 asynchronous_release_0
0.596387 -0.0250000004 0.00980959343 -0.0335972004 asynchronous_release_0
0.371445 -0.0250000004 -0.0139474866 -0.0321008974 asynchronous_release_0
0.440961 -0.0250000004 -0.0393131056 0.0461462862 asynchronous_release_0
0.506469 -0.0250000004 -0.0329778382 0.011724427 asynchronous_release_1
0.292987 -0.0250000004 0.0123895095 -0.0327337754 asynchronous_release_0
0.519032 -0.0250000004 0.0345430358 -0.00563725777 asynchronous_release_0
0.565051 -0.0250000004 -0.0345430358 0.00563725777 asynchronous_release_0
0.552559 -0.0250000004 -0.0135870804 -0.0322550964 asynchronous_release_0
0.499966 -0.0250000004 0.000896422311 -0.000443200903 asynchronous_release_0
0.37293 -0.0250000004 0.00697603192 -0.0342977401 asynchronous_release_0
0.590087 -0.0250000004 0.0331907302 -0.0111074492 asynchronous_release_0
0.249901 -0.0250000004 -0.00236032771 -0.0605758108 asynchronous_release_0
0.493923 -0.0250000004 -0.0349734607 0.00136273584 asynchronous_release_0
0.352869 -0.0250000004 0.0163065665 -0.0309692733 asynchronous_release_1
0.24224 -0.0250000004 -0.0306277978 0.0169392445 asynchronous_release_0
0.198298 -0.0250000004 0.0346286382 -0.00508501904 asynchronous_release_0
0.471445 -0.0250000004 0.0129105634 -0.0325317899 asynchronous_release_0
0.361666 -0.0250000004 -0.0350619065 -0.049453642 asynchronous_release_0
0.500556 -0.0250000004 -0.03180699 -0.0146053204 asynchronous_release_0
0.115242 -0.0250000004 0.0102674045 0.0334601316 asynchronous_release_0
0.405312 -0.0250000004 0.0341110262 0.00783823262 asynchronous_release_0
0.437803 -0.0250000004 -0.0476872434 0.0512437979 asynchronous_release_0
0.278728 -0.0250000004 0.000743210016 0.000669058197 asynchronous_release_0
0.320056 -0.0250000004 -0.0234170369 0.0260123506 asynchronous_release_0
0.307145 -0.0250000004 -0.000865301178 0.000501252303 asynchronous_release_0
0.325371 -0.0250000004 -0.0175438306 -0.0302855412 asynchronous_release_0
0.327908 -0.0250000004 0.0349999634 -5.06323747e-05 asynchronous_release_0
0.529274 -0.0250000004 0.0174561328 -0.0303361736 asynchronous_release_0
0.252012 -0.0250000004 0.028447062 0.0203903081 asynchronous_release_0
0.497553 -0.0250000004 0.000412592123 0.00091091588 asynchronous_release_0
0.578583 -0.0250000004 0.0312013734 0.0158579411 asynchronous_release_1
0.418866 -0.0250000004 -0.0349998862 8.9258297e-05 asynchronous_release_0
0.409541 -0.0250000004 -0.000845399667 -0.0349897885 asynchronous_release_0
0.569811 -0.0250000004 -0.000478935905 0.000877849873 asynchronous_release_0
0.358732 -0.0250000004 0.0026250763 -0.0349014179 asynchronous_release_0
0.508237 -0.0250000004 0.0289129764 0.0197240917 asynchronous_release_0
0.573335 -0.0250000004 0.0259749343 0.0234585334 asynchronous_release_0
0.165687 -0.0250000004 -0.0565903609 0.0217377793 asynchronous_release_0
0.208736 -0.0250000004 -0.0125503127 -0.0326724601 asynchronous_release_0
0.334633 -0.0250000004 0.0125503127 0.0326724601 asynchronous_release_0
0.384588 -0.0250000004 -0.0126823884 -0.0326214197 asynchronous_release_0
0.523984 -0.0250000004 0.021909784 -0.0272939804 asynchronous_release_0
0.112014 -0.0250000004 0.0281449337 0.0208053528 asynchronous_release_0
0.341206 -0.0250000004 0.0587909254 0.0379950929 asynchronous_release_0
0.363881 -0.0250000004 -0.0311500892 0.0159584442 asynchronous_release_0
0.378136 -0.0250000004 -0.0395120574 0.0459760516 asynchronous_release_0
0.334239 -0.0250000004 -0.00184867464 0.0349511431 asynchronous_release_0
0.421961 -0.0250000004 -0.0347873929 0.00385192065 asynchronous_release_0
0.217915 -0.0250000004 0.0239252134 -0.025545727 asynchronous_release_0
0.52246 -0.0250000004 -0.0340858552 -0.00794697908 asynchronous_release_0
0.266589 -0.0250000004 -1.0781803e-05 0.000999941875 asynchronous_release_0
0.297596 -0.0250000004 0.0236117033 0.0258357788 asynchronous_release_0
0.447991 -0.0250000004 0.0105685891 -0.0333662243 asynchronous_release_0
0.423095 -0.0250000004 -0.0105685891 0.0333662243 asynchronous_release_1
0.392913 -0.0250000004 -0.0215868951 -0.0275500628 asynchronous_release_0
0.20523 -0.0250000004 0.0239933058 -0.0254817832 asynchronous_release_0
0.433406 -0.0250000004 0.0100712187 0.033519704 asynchronous_release_0
0.483086 -0.0250000004 -0.0441357432 -0.0415576248 asynchronous_release_0
0.504299 -0.0250000004 0.0340920309 -0.00792044392 asynchronous_release_3
0.542091 -0.0250000004 -0.0283183424 0.0205687016 asynchronous_release_0
0.443993 -0.0250000004 -0.0334912248 -0.0101655232 asynchronous_release_0
0.363966 -0.0250000004 0.0255492137 -0.0239214899 asynchronous_release_1
0.341991 -0.0250000004 -0.000173285794 -0.000984871582 asynchronous_release_0
0.449658 -0.0250000004 0.000516160554 -0.000856491846 asynchronous_release_0
0.353957 -0.0250000004 -0.0304018259 0.0173415392 asynchronous_release_0
0.27886 -0.0250000004 0.0342359345 0.00727329303 asynchronous_release_0
0.418287 -0.0250000004 0.0108191107 0.0332858355 asynchronous_release_0
0.513762 -0.0250000004 -0.00234750496 -0.0349211858 asynchronous_release_0
0.125974 -0.0250000004 0.0055550321 -0.0345563542 asynchronous_release_0
0.350307 -0.0250000004 -0.0598533613 -0.00962159783 asynchronous_release_0
0.388971 -0.0250000004 0.0297609353 -0.0184197376 asynchronous_release_0
0.169929 -0.0250000004 0.0261581058 0.0232541072 asynchronous_release_0
0.448166 -0.0250000004 0.00125991108 -0.0349773159 asynchronous_release_0
0.492418 -0.0250000004 -0.0153664515 0.0314463379 asynchronous_release_0
0.526948 -0.0250000004 0.00991127055 0.033567346 asynchronous_release_0
0.58973 -0.0250000004 -0.00991127055 -0.033567346 asynchronous_release_0
0.375969 -0.0250000004 -0.0221180657 0.0271254709 asynchronous_release_0
0.436838 -0.0250000004 -0.0124323141 -0.0327175422 asynchronous_release_0
0.227841 -0.0250000004 -0.0279430046 -0.0210757797 asynchronous_release_0
0.545904 -0.0250000004 -0.00428065833 0.0347372417 asynchronous_release_0
0.382093 -0.0250000004 0.00295839277 -0.0348747461 asynchronous_release_0
0.561189 -0.0250000004 0.026682604 -0.0226503563 asynchronous_release_1
0.353199 -0.0250000004 0.0142712439 0.031958279 asynchronous_release_0
0.417504 -0.0250000004 0.0205410595 -0.0283383993 asynchronous_release_0
0.44469 -0.0250000004 -0.0142712439 -0.031958279 asynchronous_release_0
0.506186 -0.0250000004 0.0316599503 0.0149213789 asynchronous_release_1
0.518617 -0.0250000004 0.0335956553 0.00981488386 asynchronous_release_0
0.283202 -0.0250000004 -0.0335956636 0.00981485552 asynchronous_release_0
0.42943 -0.0250000004 0.0288687127 0.0197888208 asynchronous_release_0
0.580369 -0.0250000004 0.0197700288 -0.0288815852 asynchronous_release_0
0.157804 -0.0250000004 -0.0261436411 -0.023270368 asynchronous_release_0
0.455974 -0.0250000004 0.00897061209 0.0338308752 asynchronous_release_0
0.572771 -0.0250000004 -0.0337837034 -0.00914665965 asynchronous_release_0
0.37126 -0.0250000004 -0.0197906789 0.0288674389 asynchronous_release_0
0.201495 -0.0250000004 -0.0209349155 0.0280486954 asynchronous_release_0
0.556771 -0.0250000004 0.0320319181 0.0514680117 asynchronous_release_0
0.532104 -0.0250000004 -0.0103882063 0.0597250799 asynchronous_release_0
0.558124 -0.0250000004 -0.0100244557 -0.0335337187 asynchronous_release_0
0.410679 -0.0250000004 -0.00321868447 -0.0348516868 asynchronous_release_0
0.310343 -0.0250000004 -0.0605989158 0.001664754 asynchronous_release_0
0.3312 -0.0250000004 -0.0317411772 -0.0516478235 asynchronous_release_0
0.510105 -0.0250000004 0.030780031 0.0166610232 asynchronous_release_0
0.296797 -0.0250000004 0.0014932778 0.0349681301 asynchronous_release_0
0.064737 -0.0250000004 0.0245810005 0.024915345 asynchronous_release_0
0.255556 -0.0250000004 -0.0225798405 0.0267423036 asynchronous_release_0
0.259085 -0.0250000004 -0.0272518661 -0.0219621445 asynchronous_release_0
0.407725 -0.0250000004 0.0272518661 0.0219621445 asynchronous_release_0
0.59727 -0.0250000004 -0.0326457082 0.0126197361 asynchronous_release_0
0.319201 -0.0250000004 0.0056863651 0.0345349859 asynchronous_release_0
0.325492 -0.0250000004 0.0270649926 -0.0221920296 asynchronous_release_1
0.512781 -0.0250000004 -0.0585706123 -0.015635964 asynchronous_release_0
0.482125 -0.0250000004 0.000422567776 -0.034997449 asynchronous_release_0
0.574225 -0.0250000004 0.0487674742 -0.0502168643 asynchronous_release_0
0.55489 -0.0250000004 9.39083493e-05 -0.000995580847 asynchronous_release_0
0.450711 -0.0250000004 -0.0268054709 0.0225048156 asynchronous_release_0
0.263544 -0.0250000004 -0.0183723605 0.0297902059 asynchronous_release_0
0.21313 -0.0250000004 0.00613863292 0.0344574692 asynchronous_release_0
0.250786 -0.0250000004 -0.018484265 0.0297209009 asynchronous_release_0
0.104382 -0.0250000004 -0.0161796142 0.0310357872 asynchronous_release_0
0.573845 -0.0250000004 0.0349675872 -0.00150593668 asynchronous_release_0
0.307521 -0.0250000004 0.0299899641 0.0180444466 asynchronous_release_0
0.488676 -0.0250000004 0.000358386281 0.00093357339 asynchronous_release_0
0.532951 -0.0250000004 -0.0280512606 -0.0209314782 asynchronous_release_0
0.413388 -0.0250000004 0.0125429387 0.0326752917 asynchronous_release_0
0.449737 -0.0250000004 0.0220261633 -0.0272001494 asynchronous_release_0
0.575677 -0.0250000004 -0.0220261633 0.0272001494 asynchronous_release_0
0.551879 -0.0250000004 0.0239027386 0.0255667575 asynchronous_release_1
0.372707 -0.0250000004 0.0315074222 -0.0152408119 asynchronous_release_0
0.142155 -0.0250000004 0.000824552271 0.034990286 asynchronous_release_0
0.520745 -0.0250000004 0.00961764177 -0.0336526517 asynchronous_release_0
0.405248 -0.0250000004 0.00965637228 0.0336415587 asynchronous_release_1
0.369396 -0.0250000004 0.0517440198 0.0315841165 asynchronous_release_0
0.386166 -0.0250000004 -0.0167544608 -0.0307292701 asynchronous_release_0
0.548607 -0.0250000004 -0.034989559 -0.000854846347 asynchronous_release_0
0.359279 -0.0250000004 0.0328074637 -0.0121930443 asynchronous_release_0
0.470027 -0.0250000004 0.00584424573 -0.0345086191 asynchronous_release_0
0.580486 -0.0250000004 0.034975477 0.00130996552 asynchronous_release_0
0.4628 -0.0250000004 -0.0343884956 0.00651393665 asynchronous_release_0
0.41707 -0.0250000004 -0.0127918126 0.0325786668 asynchronous_release_0
0.241675 -0.0250000004 -0.0331797836 -0.011140106 asynchronous_release_0
0.417976 -0.0250000004 0.0331797836 0.011140106 asynchronous_release_0
0.131825 -0.0250000004 -0.0289488722 0.0196713701 asynchronous_release_0
0.324584 -0.0250000004 -0.00256147012 -0.0349061437 asynchronous_release_0
0.334934 -0.0250000004 0.0315103423 0.0152347737 asynchronous_release_0
0.144746 -0.0250000004 0.0257539723 0.0237009053 asynchronous_release_0
0.471403 -0.0250000004 -0.0335427426 0.00999421931 asynchronous_release_0
0.207044 -0.0250000004 -0.000949888333 0.000312589436 asynchronous_release_0
0.548935 -0.0250000004 0.0233216448 -0.0260979096 asynchronous_release_0
0.206543 -0.0250000004 0.0349615596 0.0016399239 asynchronous_release_0
0.265318 -0.0250000004 -0.0673810039 -0.0189684031 asynchronous_release_0
0.337153 -0.0250000004 0.0250588104 -0.0244347298 asynchronous_release_0
0.407371 -0.0250000004 0.00633135007 -0.0344225799 asynchronous_release_0
0.385699 -0.0250000004 0.0586891145 0.015185119 asynchronous_release_0
0.263019 -0.0250000004 -0.0315681864 -0.0151145495 asynchronous_release_0
0.466652 -0.0250000004 -0.0342626958 -0.0500106756 asynchronous_release_0
0.212468 -0.0250000004 0.0331116359 -0.0113410567 asynchronous_release_0
0.322933 -0.0250000004 0.0327856504 0.0122515765 asynchronous_release_0
0.549496 -0.0250000004 0.0270030017 -0.0222674179 asynchronous_release_0
0.304335 -0.0250000004 -0.033168543 0.0111735292 asynchronous_release_0
0.413547 -0.0250000004 -0.0154726102 0.0313942404 asynchronous_release_0
0.455109 -0.0250000004 -6.56413343e-05 -0.000997843282 asynchronous_release_0
0.498664 -0.0250000004 -0.0349245149 0.0022974467 asynchronous_release_0
0.505327 -0.0250000004 -0.0100124094 -0.0335373174 asynchronous_release_1
0.123444 -0.0250000004 0.0132308776 0.0324028375 asynchronous_release_0
0.307543 -0.0250000004 -0.059813335 0.0363643363 asynchronous_release_0
0.310908 -0.0250000004 -0.000999941674 1.08003636e-05 asynchronous_release_0
0.567961 -0.0250000004 0.0267703003 0.0225466411 asynchronous_release_0
0.525424 -0.0250000004 0.0320946184 -0.0139619294 asynchronous_release_0
0.227638 -0.0250000004 0.0228090073 -0.0265471125 asynchronous_release_0
0.357988 -0.0250000004 -0.0269359999 -0.0223484207 asynchronous_release_0
0.485535 -0.0250000004 -0.0182506311 0.029864937 asynchronous_release_0
0.508579 -0.0250000004 0.0349891097 0.00087304164 asynchronous_release_4
0.320479 -0.0250000004 -0.032508773 0.0129684108 asynchronous_release_0
0.198031 -0.0250000004 0.00038545664 -0.00092272595 asynchronous_release_0
0.217574 -0.0250000004 0.00446417065 0.0347141352 asynchronous_release_0
0.445811 -0.0250000004 0.0343855785 -0.00652931799 asynchronous_release_0
0.323438 -0.0250000004 -0.0189726379 -0.0294115455 asynchronous_release_0
0.481729 -0.0250000004 -0.0159848267 0.0311365592 asynchronous_release_0
0.561095 -0.0250000004 0.0189726379 0.0294115455 asynchronous_release_0
0.196698 -0.0250000004 -0.0345522159 -0.0055807147 asynchronous_release_0
0.187145 -0.0250000004 -0.0346645019 0.00483449135 asynchronous_release_0
0.419209 -0.0250000004 -0.0312873888 0.0156875525 asynchronous_release_0
0.419279 -0.0250000004 0.0340590346 -0.00806115155 asynchronous_release_0
0.311246 -0.0250000004 0.0685915384 -0.0139714304 asynchronous_release_0
0.349169 -0.0250000004 0.045393847 -0.0401795801 asynchronous_release_0
0.229168 -0.0250000004 0.0305764115 -0.0170318249 asynchronous_release_0
0.463223 -0.0250000004 -0.0300381988 -0.0179640367 asynchronous_release_0
0.520862 -0.0250000004 -0.000538212736 0.0349958616 asynchronous_release_0
0.163819 -0.0250000004 -0.000796162937 0.000605082289 asynchronous_release_0
0.558787 -0.0250000004 -0.0135434665 0.0322734336 asynchronous_release_0
0.311455 -0.0250000004 0.0223576137 -0.0269283699 asynchronous_release_0
0.381835 -0.0250000004 0.00166044023 0.0605990341 asynchronous_release_0
0.268651 -0.0250000004 -0.000989633213 0.00014361791 asynchronous_release_0
0.151541 -0.0250000004 -0.0301914792 -0.0177052135 asynchronous_release_0
0.492835 -0.0250000004 -0.000237425111 0.0349991947 asynchronous_release_0
0.512196 -0.0250000004 0.0301914792 0.0177052135 asynchronous_release_0
0.52877 -0.0250000004 -0.00328770538 -0.0348452435 asynchronous_release_0
0.462817 -0.0250000004 -0.000892907941 0.00045023928 asynchronous_release_0
0.307315 -0.0250000004 0.0235723044 -0.025871731 asynchronous_release_0
0.370035 -0.0250000004 -0.000127829823 0.000991796116 asynchronous_release_0
0.467215 -0.0250000004 0.00774927119 -0.0601244442 asynchronous_release_0
0.555009 -0.0250000004 -0.0347128641 -0.0044740438 asynchronous_release_0
0.577201 -0.0250000004 -0.0212310676 0.0278252002 asynchronous_release_0
0.413758 -0.0250000004 0.000457261386 0.000889332348 asynchronous_release_0
0.543444 -0.0250000004 0.0344754596 -0.00603677749 asynchronous_release_0
0.472954 -0.0250000004 -0.00932336336 -0.0337353657 asynchronous_release_0
0.290178 -0.0250000004 -0.0169931373 -0.0305979294 asynchronous_release_0
0.51042 -0.0250000004 -0.0113402312 -0.0331119186 asynchronous_release_0
0.53994 -0.0250000004 0.000753625362 0.000657304202 asynchronous_release_0
0.310875 -0.0250000004 0.0266819844 0.0226510862 asynchronous_release_0
0.458485 -0.0250000004 -0.0329574083 0.0117817333 asynchronous_release_0
0.539745 -0.0250000004 -0.00627542384 0.0344328195 asynchronous_release_0
0.307259 -0.0250000004 0.0249747135 -0.0245206787 asynchronous_release_0
0.231663 -0.0250000004 0.0222194664 -0.0270424724 asynchronous_release_0
0.38712 -0.0250000004 -0.000163468176 0.000986548608 asynchronous_release_0
0.25663 -0.0250000004 0.0308554236 -0.0165209816 asynchronous_release_0
0.569211 -0.0250000004 0.0567286137 0.0213743862 asynchronous_release_0
0.52422 -0.0250000004 0.0180091779 -0.0578849679 asynchronous_release_0
0.138496 -0.0250000004 -0.0323808787 -0.0132845284 asynchronous_release_0
0.311151 -0.0250000004 -0.0289886872 -0.0196126494 asynchronous_release_0
0.378733 -0.0250000004 -0.0284390043 -0.0204015449 asynchronous_release_0
0.408356 -0.0250000004 0.0226219661 0.0562427475 asynchronous_release_4
0.445135 -0.0250000004 -0.0554084575 -0.0245947725 asynchronous_release_0
0.161278 -0.0250000004 -0.000813909934 0.000580991066 asynchronous_release_0
0.54456 -0.0250000004 0.0203346873 0.0284868477 asynchronous_release_0
0.52059 -0.0250000004 0.0215071014 -0.0276123992 asynchronous_release_0
0.307488 -0.0250000004 -0.0346954304 0.00460728854 asynchronous_release_0
0.423416 -0.0250000004 0.000924307669 0.00038164818 asynchronous_release_0
0.461331 -0.0250000004 -0.0349995478 0.000177923678 asynchronous_release_0
0.574924 -0.0250000004 0.0312043639 0.0158520557 asynchronous_release_0
0.31442 -0.0250000004 -0.0342051678 -0.00741663654 asynchronous_release_0
0.434537 -0.0250000004 0.0322379473 0.0136277201 asynchronous_release_0
0.472522 -0.0250000004 -0.0279209255 0.0211050212 asynchronous_release_1
0.378499 -0.0250000004 0.0227192022 -0.026624009 asynchronous_release_0
0.504012 -0.0250000004 0.011697467 0.0329874107 asynchronous_release_0
0.556342 -0.0250000004 0.0207791315 0.0281642982 asynchronous_release_1
0.27541 -0.0250000004 0.0311979405 0.0158646937 asynchronous_release_0
0.354135 -0.0250000004 0.00185974252 0.0349505559 asynchronous_release_0
0.43228 -0.0250000004 -0.029338198 0.0190858622 asynchronous_release_0
0.450924 -0.0250000004 0.0346840301 -0.00469233998 asynchronous_release_0
0.522901 -0.0250000004 -0.0214057007 -0.0276910812 asynchronous_release_0
0.442292 -0.0250000004 0.0645115425 -0.0271709565 asynchronous_release_0
0.514572 -0.0250000004 0.000388156522 0.000921593465 asynchronous_release_0
0.186129 -0.0250000004 0.0261747384 0.023235384 asynchronous_release_0
0.413909 -0.0250000004 0.034129701 -0.00775651388 asynchronous_release_0
0.306842 -0.0250000004 -0.0202838061 0.0285230996 asynchronous_release_0
0.442571 -0.0250000004 0.0202838061 -0.0285230996 asynchronous_release_0
0.113031 -0.0250000004 0.0349673009 -0.00151257073 asynchronous_release_0
0.31758 -0.0250000004 -0.000843608157 0.000536959289 asynchronous_release_0
0.415873 -0.0250000004 0.00254628875 0.0349072545 asynchronous_release_0
0.468009 -0.0250000004 0.0315037135 0.0152484765 asynchronous_release_0
0.508829 -0.0250000004 -0.0201918943 0.0285882389 asynchronous_release_0
0.228526 -0.0250000004 -0.00354457253 0.0348200518 asynchronous_release_0
0.482214 -0.0250000004 -0.0319273357 0.014340336 asynchronous_release_0
0.358306 -0.0250000004 0.034988648 0.000891352939 asynchronous_release_0
0.467021 -0.0250000004 -0.0243669258 -0.0251247473 asynchronous_release_0
0.418742 -0.0250000004 0.0313255046 0.0156113023 asynchronous_release_2
0.271092 -0.0250000004 -0.0236433907 -0.0258067835 asynchronous_release_0
0.323737 -0.0250000004 0.0105276348 -0.0333791687 asynchronous_release_0
0.326037 -0.0250000004 0.00589909785 -0.0344992847 asynchronous_release_0
0.364675 -0.0250000004 0.0267016986 -0.0544244365 asynchronous_release_0
0.466765 -0.0250000004 0.03126812 -0.0157259236 asynchronous_release_0
0.569382 -0.0250000004 -0.0340062866 0.00828084971 asynchronous_release_0
0.104831 -0.0250000004 0.00107319754 -0.0349835425 asynchronous_release_0
