0.030434 -0.0250000004 0.0336341492 0.00968214894 synchronous_release_0
0.031575 -0.0250000004 0.0211065174 -0.0279197945 synchronous_release_0
0.023422 -0.0250000004 0.0337292056 0.00934562403 synchronous_release_1
0.036802 -0.0250000004 -0.0262165493 0.0231881983 synchronous_release_1
0.026229 -0.0250000004 -0.0346940289 0.00461783081 synchronous_release_0
0.027331 -0.0250000004 0.0349876786 -0.000928626226 synchronous_release_0
0.030166 -0.0250000004 0.0304647032 0.0172308404 synchronous_release_0
0.029693 -0.0250000004 0.0283007611 -0.0205928852 synchronous_release_0
0.045964 -0.0250000004 -0.00058836815 -0.000808593174 synchronous_release_0
0.038492 -0.0250000004 0.0281064126 0.0208573625 synchronous_release_0
0.045363 -0.0250000004 0.0265908257 -0.0227580313 synchronous_release_0
0.047231 -0.0250000004 0.0349986975 -0.000301945628 synchronous_release_0
0.027356 -0.0250000004 0.028674625 0.0200690279 synchronous_release_1
0.02845 -0.0250000004 -0.00910696326 0.0337944259 synchronous_release_0
0.030535 -0.0250000004 0.000910495201 -0.000413519636 synchronous_release_0
0.02656 -0.0250000004 0.000666440256 -0.000745558438 synchronous_release_0
0.027348 -0.0250000004 0.0260945453 0.023325409 synchronous_release_0
0.0337 -0.0250000004 0.0332476694 -0.0109358347 synchronous_release_0
0.034895 -0.0250000004 0.000282757035 0.000959191565 synchronous_release_0
0.048086 -0.0250000004 0.0343817483 -0.00654945674 synchronous_release_0
0.03214 -0.0250000004 -0.0220333435 0.0271943335 synchronous_release_0
0.023427 -0.0250000004 0.000590389682 -0.000807118345 synchronous_release_0
0.027155 -0.0250000004 0.0346838707 0.00469351827 synchronous_release_0
0.003538 -0.0250000004 0.0344702625 0.00606638288 synchronous_release_0
0.026848 -0.0250000004 0.0349953883 -0.000568151444 synchronous_release_0
0.030152 -0.0250000004 0.067707066 -0.017769446 synchronous_release_0
0.036691 -0.0250000004 0.033853533 -0.00888472299 synchronous_release_0
0.006399 -0.0250000004 0.0274446947 -0.0217206983 synchronous_release_0
0.010229 -0.0250000004 0.0300559706 0.0179342864 synchronous_release_0
0.033942 -0.0250000004 -0.00050356234 0.0349963773 synchronous_release_1
0.023537 -0.0250000004 0.0349393383 -0.00205976694 synchronous_release_0
0.028813 -0.0250000004 -0.0281163883 0.020843913 synchronous_release_0
0.023681 -0.0250000004 0.0134604125 -0.0323081614 synchronous_release_0
0.025856 -0.0250000004 0.0287098608 -0.0200185886 synchronous_release_0
0.024662 -0.0250000004 0.0332781913 0.0108426004 synchronous_release_2
0.023887 -0.0250000004 0.0164335021 0.0309021036 synchronous_release_1
0.04328 -0.0250000004 0.0311107415 -0.0160350168 synchronous_release_0
0.033073 -0.0250000004 -0.000976903929 -0.000213678996 synchronous_release_0
0.028048 -0.0250000004 0.0317176885 0.0147982512 synchronous_release_0
0.031867 -0.0250000004 0.0349829673 0.00109178583 synchronous_release_0
0.040693 -0.0250000004 0.0165459694 0.0308420313 synchronous_release_0
0.024255 -0.0250000004 0.0293560861 -0.0190583369 synchronous_release_1
0.03175 -0.0250000004 0.000507963085 0.0349963137 synchronous_release_1
0.003642 -0.0250000004 -0.0349055469 -0.00256959097 synchronous_release_0
0.01163 -0.0250000004 0.000900396737 -0.000435069782 synchronous_release_0
0.023662 -0.0250000004 0.0349055469 0.00256959097 synchronous_release_0
0.035432 -0.0250000004 -0.0034854141 -0.0348260232 synchronous_release_0
0.029052 -0.0250000004 0.0249699123 0.0245255679 synchronous_release_0
0.023679 -0.0250000004 0.0122102878 -0.0328010499 synchronous_release_0
0.026369 -0.0250000004 0.0325737572 -0.0128043094 synchronous_release_0
0.035836 -0.0250000004 0.0349802703 -0.00117502627 synchronous_release_0
0.009586 -0.0250000004 0.0250960235 -0.024396508 synchronous_release_0
0.005043 -0.0250000004 0.00482318894 0.0346660763 synchronous_release_0
0.024588 -0.0250000004 0.0301394523 0.0177936342 synchronous_release_0
0.027602 -0.0250000004 0.010286267 0.0334543377 synchronous_release_0
0.03253 -0.0250000004 0.0336698346 0.00955731319 synchronous_release_0
0.034681 -0.0250000004 0.0341621774 -0.00761220311 synchronous_release_0
0.039142 -0.0250000004 0.02367345 0.0257792119 synchronous_release_0
0.012795 -0.0250000004 -0.0342280286 -0.00731040736 synchronous_release_0
0.029399 -0.0250000004 0.0320691333 0.014020367 synchronous_release_0
0.023853 -0.0250000004 -0.0221701004 -0.0270829586 synchronous_release_0
0.027054 -0.0250000004 -0.00245675266 -0.0349136702 synchronous_release_0
0.036916 -0.0250000004 0.0330954931 0.0113880788 synchronous_release_0
0.046302 -0.0250000004 0.00668538104 0.0343555771 synchronous_release_0
0.04423 -0.0250000004 0.0329446782 -0.0118172829 synchronous_release_1
0.041853 -0.0250000004 0.00575282303 -0.0345239776 synchronous_release_0
0.049844 -0.0250000004 0.0349368582 -0.00210141437 synchronous_release_0
0.044707 -0.0250000004 0.00812124556 0.0340447554 synchronous_release_0
0.021394 -0.0250000004 -0.0155365122 -0.0313626655 synchronous_release_0
0.034495 -0.0250000004 0.0251006943 -0.0243917024 synchronous_release_0
0.023622 -0.0250000004 0.0347636698 -0.00406045101 synchronous_release_0
0.024036 -0.0250000004 0.0347414606 -0.0042462824 synchronous_release_0
0.025159 -0.0250000004 0.0307161655 0.0167784735 synchronous_release_0
0.037561 -0.0250000004 0.0251741295 0.0243159043 synchronous_release_1
0.033744 -0.0250000004 0.0321203901 0.0139025372 synchronous_release_1
0.019851 -0.0250000004 0.0170859394 0.0305462056 synchronous_release_0
0.024493 -0.0250000004 0.0271851055 0.0220447281 synchronous_release_0
0.027888 -0.0250000004 0.034695197 0.00460904623 synchronous_release_0
0.003974 -0.0250000004 0.0228861763 -0.0264806143 synchronous_release_0
0.022811 -0.0250000004 0.0114897966 0.0330603172 synchronous_release_0
0.027323 -0.0250000004 0.0238131068 -0.0256502621 synchronous_release_0
0.025787 -0.0250000004 0.0327661158 0.0123037253 synchronous_release_0
0.023407 -0.0250000004 0.00572771927 0.0345281513 synchronous_release_1
0.046628 -0.0250000004 0.00437892036 -0.0347249918 synchronous_release_0
0.032826 -0.0250000004 0.0345315015 0.0057074867 synchronous_release_0
0.041034 -0.0250000004 0.034960778 0.00165650235 synchronous_release_0
0.023428 -0.0250000004 0.00329529838 -0.0348445262 synchronous_release_0
0.033833 -0.0250000004 0.0285285957 0.0202760752 synchronous_release_0
0.033588 -0.0250000004 0.0347848218 0.00387507018 synchronous_release_1
0.025987 -0.0250000004 -0.00280827567 0.0348871551 synchronous_release_0
0.031385 -0.0250000004 0.0245668584 -0.0249292894 synchronous_release_0
0.029897 -0.0250000004 -0.0318621263 -0.014484644 synchronous_release_0
0.034486 -0.0250000004 0.00338699349 0.0348357327 synchronous_release_0
0.037749 -0.0250000004 -0.00041384697 0.000910346464 synchronous_release_0
0.029096 -0.0250000004 0.0244358025 -0.0250577644 synchronous_release_1
0.029382 -0.0250000004 -0.0140674828 -0.0320484934 synchronous_release_0
0.024791 -0.0250000004 -0.0342037736 0.0074230635 synchronous_release_0
0.025543 -0.0250000004 -0.00096790364 0.000251321592 synchronous_release_0
0.033024 -0.0250000004 0.0337361478 0.00932053278 synchronous_release_0
0.04447 -0.0250000004 0.00879625574 0.0338766274 synchronous_release_0
0.046898 -0.0250000004 0.0285436501 0.0202548769 synchronous_release_0
0.032112 -0.0250000004 -0.000953145631 -0.000302511827 synchronous_release_0
0.028555 -0.0250000004 -0.0246388216 -0.0248581671 synchronous_release_0
0.04241 -0.0250000004 0.0246388216 0.0248581671 synchronous_release_1
0.026014 -0.0250000004 -0.0250955916 0.0243969523 synchronous_release_0
0.030369 -0.0250000004 0.0336761763 0.00953494376 synchronous_release_0
0.043524 -0.0250000004 -0.0270538253 0.022205642 synchronous_release_1
0.027831 -0.0250000004 0.0174757256 0.030324891 synchronous_release_0
0.037585 -0.0250000004 -0.000866425458 0.000499306445 synchronous_release_1
0.039391 -0.0250000004 -0.0174757256 -0.030324891 synchronous_release_1
0.043655 -0.0250000004 -0.000860529469 0.00050940066 synchronous_release_1
0.030548 -0.0250000004 0.0305645899 0.0170530304 synchronous_release_0
0.027747 -0.0250000004 0.0345413798 -0.00564739618 synchronous_release_0
0.048103 -0.0250000004 -0.0221614784 -0.0270900143 synchronous_release_1
0.028391 -0.0250000004 -0.0141805206 0.031998638 synchronous_release_0
0.029466 -0.0250000004 0.030124925 0.017818218 synchronous_release_1
0.036759 -0.0250000004 -0.0328102098 0.0121856528 synchronous_release_0
0.039318 -0.0250000004 0.00585202003 -0.0345073016 synchronous_release_0
0.026704 -0.0250000004 -0.00585202003 0.0345073016 synchronous_release_1
0.034313 -0.0250000004 0.028364355 0.0205052034 synchronous_release_1
0.023737 -0.0250000004 0.0261897644 -0.0232184461 synchronous_release_1
0.033367 -0.0250000004 0.0147718417 0.0317299967 synchronous_release_0
0.027433 -0.0250000004 0.0349889599 0.000879026062 synchronous_release_0
0.034154 -0.0250000004 0.0296500997 -0.0185976231 synchronous_release_0
0.033806 -0.0250000004 0.0349883313 0.000903700556 synchronous_release_1
0.049927 -0.0250000004 -0.016711538 -0.030752634 synchronous_release_1
0.04338 -0.0250000004 0.0341155093 0.00781869729 synchronous_release_0
0.023406 -0.0250000004 0.00778712665 -0.0341227294 synchronous_release_0
0.031899 -0.0250000004 0.0202294037 0.0285617091 synchronous_release_0
0.031537 -0.0250000004 -0.000122124309 0.000992514813 synchronous_release_0
0.02773 -0.0250000004 -0.0115565443 -0.0330370441 synchronous_release_0
0.031284 -0.0250000004 0.0338629749 -0.00884866831 synchronous_release_1
0.022987 -0.0250000004 0.0278798946 0.0211591937 synchronous_release_1
0.026601 -0.0250000004 0.031427128 0.0154057011 synchronous_release_0
0.032972 -0.0250000004 0.0347468364 0.00420206584 synchronous_release_0
0.033853 -0.0250000004 -0.00073432222 0.000678801059 synchronous_release_0
0.043467 -0.0250000004 0.0305139942 -0.0171433998 synchronous_release_0
0.025247 -0.0250000004 0.000111361971 -0.000993779911 synchronous_release_0
0.024392 -0.0250000004 0.0310683915 0.0161169181 synchronous_release_0
0.045768 -0.0250000004 0.0278889085 0.0211473115 synchronous_release_1
0.023355 -0.0250000004 0.0198850002 0.0288025479 synchronous_release_0
0.004713 -0.0250000004 -0.00131569271 0.034975262 synchronous_release_0
0.023799 -0.0250000004 0.0309473118 -0.0163482077 synchronous_release_0
0.03632 -0.0250000004 0.00984826586 0.0335858848 synchronous_release_0
0.045886 -0.0250000004 0.0241620965 -0.0253217908 synchronous_release_1
0.047558 -0.0250000004 0.0340103624 0.008264094 synchronous_release_1
0.027801 -0.0250000004 -0.00990349936 0.0335696396 synchronous_release_0
0.031148 -0.0250000004 0.0349434018 0.00198963999 synchronous_release_0
0.035617 -0.0250000004 -5.6846857e-05 0.00099838291 synchronous_release_0
0.019211 -0.0250000004 0.000927292414 -0.000374337787 synchronous_release_0
0.031608 -0.0250000004 0.0346579688 0.00488110608 synchronous_release_0
0.043211 -0.0250000004 0.00689146686 0.0343148318 synchronous_release_0
0.039532 -0.0250000004 0.034681611 -0.004710187 synchronous_release_0
0.033022 -0.0250000004 0.0239427831 -0.0255292605 synchronous_release_0
0.048258 -0.0250000004 0.0340803796 0.00797042813 synchronous_release_0
0.029048 -0.0250000004 0.000717569254 -0.000696487161 synchronous_release_0
0.023844 -0.0250000004 0.0314061656 0.0154483902 synchronous_release_0
0.025984 -0.0250000004 0.0344345089 0.00626614677 synchronous_release_0
0.025833 -0.0250000004 0.0161377961 0.031057552 synchronous_release_0
0.036681 -0.0250000004 0.033518792 0.0100742535 synchronous_release_0
0.024381 -0.0250000004 0.0046786414 0.0346858806 synchronous_release_0
0.04246 -0.0250000004 0.0323781745 0.013291118 synchronous_release_0
0.02336 -0.0250000004 0.0203872506 0.0284492533 synchronous_release_1
0.020811 -0.0250000004 0.0248708641 0.024626005 synchronous_release_0
0.015337 -0.0250000004 -0.000819128314 -0.000573610325 synchronous_release_0
0.048536 -0.0250000004 -0.0200763614 0.028669491 synchronous_release_1
0.04058 -0.0250000004 0.0348666882 0.00305189348 synchronous_release_2
0.038078 -0.0250000004 0.000160365491 -0.000987057703 synchronous_release_0
0.046463 -0.0250000004 0.0221343304 -0.0271122005 synchronous_release_0
0.048207 -0.0250000004 0.0143955896 0.0319024607 synchronous_release_0
0.026496 -0.0250000004 -0.00396559481 -0.034774618 synchronous_release_0
0.025571 -0.0250000004 -0.000443745126 0.000896153035 synchronous_release_0
0.024663 -0.0250000004 0.0175828066 0.0302629297 synchronous_release_1
0.023402 -0.0250000004 0.0334118339 0.0104235001 synchronous_release_0
0.032818 -0.0250000004 0.026107219 0.023311223 synchronous_release_0
0.020661 -0.0250000004 0.0276811893 0.0214184911 synchronous_release_0
0.023674 -0.0250000004 0.0317681077 0.0146897017 synchronous_release_0
0.027404 -0.0250000004 -0.003162399 -0.0348568391 synchronous_release_0
0.02605 -0.0250000004 0.0349056721 -0.00256788969 synchronous_release_0
0.037228 -0.0250000004 0.0235252387 0.0259145354 synchronous_release_1
0.042708 -0.0250000004 0.0328464443 0.0120876422 synchronous_release_0
0.039527 -0.0250000004 0.0147960623 -0.0317187096 synchronous_release_0
0.038048 -0.0250000004 0.0200711772 0.0286731206 synchronous_release_1
0.025251 -0.0250000004 0.030089034 -0.0178787592 synchronous_release_0
0.029231 -0.0250000004 0.0175079307 -0.030306309 synchronous_release_0
0.00834 -0.0250000004 0.00862819408 0.0339198212 synchronous_release_0
0.025824 -0.0250000004 0.000109911327 -0.000993941397 synchronous_release_0
0.028864 -0.0250000004 0.0246216632 0.0248751623 synchronous_release_1
0.026697 -0.0250000004 0.00938576144 0.0337180587 synchronous_release_0
0.028988 -0.0250000004 0.0338935761 0.00873072151 synchronous_release_1
0.04691 -0.0250000004 0.0349853378 -0.00101298608 synchronous_release_1
0.03499 -0.0250000004 0.0282129636 -0.0207130076 synchronous_release_0
0.009693 -0.0250000004 0.000989839906 -0.000142186355 synchronous_release_0
0.030578 -0.0250000004 0.0349413717 -0.00202497961 synchronous_release_0
0.007315 -0.0250000004 -0.0178682563 -0.0300952723 synchronous_release_0
0.01343 -0.0250000004 0.0217352282 0.027433189 synchronous_release_0
0.025684 -0.0250000004 0.013697786 -0.032208239 synchronous_release_0
0.039616 -0.0250000004 -0.013697786 0.032208239 synchronous_release_0
0.037048 -0.0250000004 -0.0349609717 0.0016524094 synchronous_release_1
0.01172 -0.0250000004 0.000954885776 0.000296973323 synchronous_release_0
0.030737 -0.0250000004 0.0299129381 -0.01817185 synchronous_release_0
0.043859 -0.0250000004 0.0308874874 -0.0164609575 synchronous_release_1
0.032469 -0.0250000004 0.000989553475 -0.000144166294 synchronous_release_0
0.023487 -0.0250000004 0.0332231317 -0.0110101555 synchronous_release_0
0.027389 -0.0250000004 0.0294257853 0.0189505451 synchronous_release_0
0.024784 -0.0250000004 0.0328968774 -0.0119497052 synchronous_release_0
0.035012 -0.0250000004 0.0347858079 -0.00386620851 synchronous_release_1
0.02869 -0.0250000004 0.0220426811 -0.0271867653 synchronous_release_0
0.039426 -0.0250000004 -0.000361432431 -0.000932398304 synchronous_release_0
0.027009 -0.0250000004 0.0318291441 -0.0145569772 synchronous_release_0
0.043025 -0.0250000004 0.0332654295 0.0108816911 synchronous_release_0
0.049013 -0.0250000004 0.00720889382 0.0342495526 synchronous_release_0
0.027813 -0.0250000004 0.0310419655 0.0161677574 synchronous_release_0
0.024945 -0.0250000004 0.0182615323 -0.0298582725 synchronous_release_0
0.024296 -0.0250000004 0.0271071295 0.0221405405 synchronous_release_0
0.026873 -0.0250000004 0.0218185126 0.0273669967 synchronous_release_0
0.026497 -0.0250000004 0.0143363405 0.03192913 synchronous_release_0
0.033139 -0.0250000004 0.034000989 -0.00830257466 synchronous_release_0
0.027583 -0.0250000004 0.000103030103 -0.000994678238 synchronous_release_0
0.024183 -0.0250000004 -0.00242445647 0.0349159278 synchronous_release_0
0.044395 -0.0250000004 0.0316572687 -0.0149270673 synchronous_release_0
0.02985 -0.0250000004 0.0326063163 -0.0127211688 synchronous_release_0
0.026456 -0.0250000004 -0.00528630281 0.0345984827 synchronous_release_1
0.009609 -0.0250000004 0.0349805284 -0.00116731812 synchronous_release_0
0.037033 -0.0250000004 -0.000960549157 -0.00027811026 synchronous_release_0
0.036692 -0.0250000004 -0.0111487718 -0.0331768728 synchronous_release_0
0.030716 -0.0250000004 0.0343064005 0.00693331676 synchronous_release_1
0.031273 -0.0250000004 -0.0149132619 0.0316637745 synchronous_release_0
0.024126 -0.0250000004 -0.0149173793 -0.031661835 synchronous_release_1
0.029765 -0.0250000004 0.0199612638 -0.0287497469 synchronous_release_1
0.039506 -0.0250000004 0.0349047124 0.00258090164 synchronous_release_0
0.046754 -0.0250000004 0.0152172298 0.0315188185 synchronous_release_0
0.043799 -0.0250000004 0.0255247455 -0.0239475962 synchronous_release_0
0.023672 -0.0250000004 0.067467362 0.0186589137 synchronous_release_0
0.023323 -0.0250000004 0.0238360682 0.0256289261 synchronous_release_0
0.028876 -0.0250000004 0.0347691464 -0.0040132854 synchronous_release_0
0.015921 -0.0250000004 0.0331800472 -0.0111393208 synchronous_release_1
0.014557 -0.0250000004 0.0349341067 0.0021466701 synchronous_release_0
0.029689 -0.0250000004 -5.99559669e-05 -0.000998201023 synchronous_release_0
0.028195 -0.0250000004 0.0308668852 -0.0164995574 synchronous_release_0
0.045741 -0.0250000004 -0.000528049373 0.000849213672 synchronous_release_0
0.026319 -0.0250000004 0.0197443925 -0.028899117 synchronous_release_0
0.03191 -0.0250000004 0.0151551733 0.031548704 synchronous_release_0
0.044836 -0.0250000004 0.000825689058 0.000564125499 synchronous_release_0
0.025167 -0.0250000004 0.0605253655 -0.00341762007 synchronous_release_0
0.025276 -0.0250000004 0.0342231376 -0.00733327024 synchronous_release_0
0.029786 -0.0250000004 0.0337703117 0.00919598009 synchronous_release_0
0.043592 -0.0250000004 -0.0327845813 -0.0122544371 synchronous_release_0
0.024906 -0.0250000004 0.00892430391 -0.0338431204 synchronous_release_0
0.039353 -0.0250000004 0.033771154 -0.00919288631 synchronous_release_0
0.035757 -0.0250000004 0.0349043596 0.00258566883 synchronous_release_0
0.027195 -0.0250000004 0.0349999135 -7.78305768e-05 synchronous_release_0
0.033936 -0.0250000004 0.0174325535 -0.0303497295 synchronous_release_0
0.042922 -0.0250000004 0.01756736 0.0302718989 synchronous_release_1
0.027453 -0.0250000004 0.0273758226 -0.0218074377 synchronous_release_1
0.037813 -0.0250000004 -6.23848437e-06 0.00099998054 synchronous_release_0
0.031377 -0.0250000004 0.0304259389 0.0172991978 synchronous_release_0
0.025931 -0.0250000004 0.0339447136 0.00852973749 synchronous_release_0
0.036989 -0.0250000004 0.00958538742 0.033661853 synchronous_release_1
0.027205 -0.0250000004 0.03421837 -0.00735548449 synchronous_release_1
0.003843 -0.0250000004 0.0349872479 -0.000944714589 synchronous_release_0
0.024065 -0.0250000004 -2.74747608e-05 -0.000999622498 synchronous_release_0
0.028877 -0.0250000004 -0.0218628831 -0.0273315631 synchronous_release_0
0.023646 -0.0250000004 0.0348944047 -0.00271671199 synchronous_release_0
0.049597 -0.0250000004 0.0202128601 -0.0285734193 synchronous_release_0
0.035728 -0.0250000004 -0.0155173288 0.0313721613 synchronous_release_0
0.04295 -0.0250000004 0.0194104243 0.0291244816 synchronous_release_1
0.024145 -0.0250000004 0.034148625 -0.0076727707 synchronous_release_0
0.023494 -0.0250000004 0.0346217624 -0.00513162465 synchronous_release_0
0.033369 -0.0250000004 0.0307137154 -0.0167829582 synchronous_release_1
0.026627 -0.0250000004 -0.0015068326 -0.0349675486 synchronous_release_0
0.021449 -0.0250000004 0.0348262862 0.0034827843 synchronous_release_0
0.037292 -0.0250000004 -0.0204293228 0.0284190565 synchronous_release_0
0.037728 -0.0250000004 -0.000911481164 0.000411341813 synchronous_release_0
0.023673 -0.0250000004 0.031802392 0.0146153298 synchronous_release_0
0.031733 -0.0250000004 -0.008206725 0.0340242511 synchronous_release_0
0.023599 -0.0250000004 0.0336711031 -0.00955284346 synchronous_release_0
0.027412 -0.0250000004 0.0261438328 -0.0232701527 synchronous_release_0
0.032658 -0.0250000004 -0.00708062693 -0.0342762997 synchronous_release_1
0.035493 -0.0250000004 0.0346061281 0.0052360193 synchronous_release_0
0.043729 -0.0250000004 0.0127685383 0.0325877957 synchronous_release_1
0.003279 -0.0250000004 0.000919081697 0.000394067042 synchronous_release_0
0.031094 -0.0250000004 -0.00721206718 -0.0342488845 synchronous_release_0
0.039056 -0.0250000004 0.0332664376 0.0108786088 synchronous_release_0
0.025903 -0.0250000004 0.0276075044 0.0215133843 synchronous_release_1
0.023447 -0.0250000004 0.0334526713 0.0102916851 synchronous_release_1
0.041086 -0.0250000004 0.0256391964 -0.0238250206 synchronous_release_1
0.04518 -0.0250000004 -0.00622064572 0.0344427578 synchronous_release_0
0.029106 -0.0250000004 0.028804371 0.0198823593 synchronous_release_0
0.024041 -0.0250000004 0.00281644275 -0.0348864967 synchronous_release_1
0.041868 -0.0250000004 0.0333289811 -0.0106854583 synchronous_release_0
0.026007 -0.0250000004 -0.0153062312 -0.0314756936 synchronous_release_0
0.033869 -0.0250000004 0.0276086783 -0.0215118777 synchronous_release_0
0.029405 -0.0250000004 0.0257867252 -0.0236652658 synchronous_release_0
0.037523 -0.0250000004 0.0158479088 0.0312064703 synchronous_release_0
0.042359 -0.0250000004 0.0279021409 0.0211298493 synchronous_release_0
0.023534 -0.0250000004 0.00620845058 0.0344449581 synchronous_release_0
0.006958 -0.0250000004 0.0347606711 -0.00408604293 synchronous_release_0
0.023491 -0.0250000004 -0.0209189525 -0.0280606027 synchronous_release_0
0.03151 -0.0250000004 0.0209189525 0.0280606027 synchronous_release_1
0.036662 -0.0250000004 0.0198470239 0.0288287295 synchronous_release_0
0.030902 -0.0250000004 0.0302492725 -0.0176062919 synchronous_release_0
0.027115 -0.0250000004 0.0303721323 0.0173934925 synchronous_release_1
0.046786 -0.0250000004 0.0118132142 -0.0329461374 synchronous_release_0
0.024334 -0.0250000004 -0.0282583565 0.0206510361 synchronous_release_0
0.035055 -0.0250000004 0.0320135001 0.0141469365 synchronous_release_0
0.030813 -0.0250000004 0.034613418 -0.00518760952 synchronous_release_0
0.034171 -0.0250000004 -0.0128141074 0.0325699041 synchronous_release_0
0.048293 -0.0250000004 0.0564127287 0.022194685 synchronous_release_0
0.030533 -0.0250000004 0.0329009333 -0.0119385336 synchronous_release_0
0.047402 -0.0250000004 0.000104305408 0.000994545314 synchronous_release_0
0.038041 -0.0250000004 0.0349135451 0.00245853036 synchronous_release_0
0.045383 -0.0250000004 0.0341355815 0.00773059368 synchronous_release_0
0.024877 -0.0250000004 0.0327138808 0.0124419454 synchronous_release_0
0.030191 -0.0250000004 -0.0271319812 0.0221100791 synchronous_release_1
0.022984 -0.0250000004 0.0258766885 -0.0235668621 synchronous_release_0
0.041789 -0.0250000004 0.0333478456 0.0106264386 synchronous_release_0
0.02806 -0.0250000004 -0.000917576812 0.000397558542 synchronous_release_0
0.041321 -0.0250000004 -0.0208552945 0.0281079471 synchronous_release_0
0.02658 -0.0250000004 0.0248381982 0.0246589519 synchronous_release_0
0.033876 -0.0250000004 0.0337743779 -0.00918103473 synchronous_release_0
0.03094 -0.0250000004 0.0277890601 -0.021278349 synchronous_release_1
0.043943 -0.0250000004 0.00410797896 -0.0347580855 synchronous_release_0
0.048834 -0.0250000004 0.0280473956 0.0209366569 synchronous_release_0
0.026752 -0.0250000004 0.000119958245 -0.000992778938 synchronous_release_1
0.042495 -0.0250000004 0.00033091078 0.000943662045 synchronous_release_1
0.028334 -0.0250000004 -0.0252347365 0.0242530013 synchronous_release_0
0.037037 -0.0250000004 0.0293442405 0.0190765707 synchronous_release_0
0.046668 -0.0250000004 -0.00184867464 0.0349511431 synchronous_release_0
0.045871 -0.0250000004 0.0275268945 0.0216164308 synchronous_release_0
0.007875 -0.0250000004 0.0342826919 -0.00704961265 synchronous_release_0
0.027772 -0.0250000004 0.0102815036 0.033455802 synchronous_release_0
0.0442 -0.0250000004 0.0284587934 0.0203739314 synchronous_release_2
0.031228 -0.0250000004 0.0192629241 -0.0292222476 synchronous_release_0
0.009841 -0.0250000004 0.0248358749 0.0246612919 synchronous_release_0
0.031113 -0.0250000004 0.0337752427 -0.00917785269 synchronous_release_0
0.026779 -0.0250000004 0.0303814932 -0.0173771364 synchronous_release_0
0.023226 -0.0250000004 0.0316954356 -0.0148458534 synchronous_release_0
0.03378 -0.0250000004 -0.00042416724 -0.000905583874 synchronous_release_1
0.030034 -0.0250000004 -0.000775418394 -0.000631447792 synchronous_release_0
0.023465 -0.0250000004 0.0124532846 0.0327095659 synchronous_release_1
0.04755 -0.0250000004 0.0145661399 0.031824952 synchronous_release_0
0.037434 -0.0250000004 -0.000815060662 -0.000579375627 synchronous_release_1
0.045152 -0.0250000004 -0.000565480435 0.00082476171 synchronous_release_0
0.024834 -0.0250000004 0.00425551499 0.0347403309 synchronous_release_0
0.040206 -0.0250000004 -0.00425551499 -0.0347403309 synchronous_release_0
0.046586 -0.0250000004 0.0322137666 0.0136847814 synchronous_release_0
0.028938 -0.0250000004 0.0220670563 0.0271669842 synchronous_release_0
0.035514 -0.0250000004 0.0341870289 0.00749980387 synchronous_release_0
0.049472 -0.0250000004 0.021775771 -0.0274010182 synchronous_release_0
0.008494 -0.0250000004 0.000975871312 0.000218346474 synchronous_release_0
0.036107 -0.0250000004 0.0252612912 0.0242253415 synchronous_release_0
0.009813 -0.0250000004 0.0211371239 0.0278966305 synchronous_release_0
0.024367 -0.0250000004 0.0348645453 0.00307627702 synchronous_release_0
0.03037 -0.0250000004 -0.000983858811 -0.000178946471 synchronous_release_0
0.031184 -0.0250000004 0.0332906629 -0.0108042476 synchronous_release_0
0.045385 -0.0250000004 -0.0256586853 -0.0238040306 synchronous_release_0
0.024679 -0.0250000004 0.0334442378 -0.010319058 synchronous_release_1
0.029187 -0.0250000004 0.0240756964 -0.0254039533 synchronous_release_0
0.024473 -0.0250000004 0.0348464847 -0.00327452304 synchronous_release_0
0.037905 -0.0250000004 0.0327889066 0.0122428594 synchronous_release_0
0.003741 -0.0250000004 0.0119092611 -0.0329115405 synchronous_release_0
0.030743 -0.0250000004 0.0336376251 -0.00967006611 synchronous_release_1
0.037333 -0.0250000004 0.0220445584 0.0271852431 synchronous_release_0
0.048695 -0.0250000004 0.0315206191 0.0152134995 synchronous_release_0
0.041985 -0.0250000004 -0.0336779539 0.00952866308 synchronous_release_0
0.027683 -0.0250000004 -0.0135274151 -0.0322801648 synchronous_release_0
0.011639 -0.0250000004 0.0315810585 0.0150876355 synchronous_release_0
0.028963 -0.0250000004 0.0220261633 -0.0272001494 synchronous_release_1
0.023424 -0.0250000004 0.0340915679 0.00792243628 synchronous_release_0
0.036273 -0.0250000004 0.0101847529 0.033485382 synchronous_release_0
0.025379 -0.0250000004 -0.0279794206 -0.0210274112 synchronous_release_0
0.032587 -0.0250000004 -0.00778981307 0.0341221162 synchronous_release_1
0.029108 -0.0250000004 -0.000995519674 -9.45546291e-05 synchronous_release_0
0.048091 -0.0250000004 0.0318297925 -0.0145555594 synchronous_release_0
0.024425 -0.0250000004 0.0065719103 -0.0343774635 synchronous_release_0
0.031489 -0.0250000004 -0.000709481056 0.000704724507 synchronous_release_0
0.043578 -0.0250000004 0.0246653577 0.024831837 synchronous_release_0
0.04574 -0.0250000004 0.0177520208 0.0301639811 synchronous_release_1
0.028868 -0.0250000004 0.0271221083 0.0221221888 synchronous_release_0
0.02414 -0.0250000004 0.000886723765 -0.000462299648 synchronous_release_0
0.040684 -0.0250000004 0.0161804877 0.0310353318 synchronous_release_1
0.029885 -0.0250000004 0.0139471699 -0.0321010351 synchronous_release_0
0.003587 -0.0250000004 -0.000138745574 -0.034999725 synchronous_release_0
0.024028 -0.0250000004 0.0202542088 0.0285441242 synchronous_release_0
0.017182 -0.0250000004 0.0100124094 0.0335373174 synchronous_release_0
0.003754 -0.0250000004 0.0347014804 -0.00456149765 synchronous_release_0
0.033672 -0.0250000004 0.0302247285 -0.0176483934 synchronous_release_0
0.029035 -0.0250000004 0.0345405125 0.00565269816 synchronous_release_1
0.034716 -0.0250000004 0.0306358594 -0.0169246601 synchronous_release_1
0.025011 -0.0250000004 0.0347430049 -0.0042336289 synchronous_release_0
0.039797 -0.0250000004 -0.0137050723 0.0322051393 synchronous_release_0
0.026982 -0.0250000004 0.000373296659 -0.000927712027 synchronous_release_0
0.029394 -0.0250000004 0.0275499141 -0.0215870849 synchronous_release_0
0.049233 -0.0250000004 0.034544676 0.00562719819 synchronous_release_0
0.023919 -0.0250000004 0.0151671078 -0.0315429682 synchronous_release_0
0.025891 -0.0250000004 -0.0153434554 0.0314575647 synchronous_release_0
0.046021 -0.0250000004 0.0153434554 -0.0314575647 synchronous_release_0
0.030431 -0.0250000004 0.0349352237 -0.00212841433 synchronous_release_0
0.02403 -0.0250000004 0.0345107922 -0.00583139944 synchronous_release_0
0.029242 -0.0250000004 -0.0122052561 0.0328029225 synchronous_release_0
0.043794 -0.0250000004 0.0347306523 -0.00433379596 synchronous_release_1
0.027483 -0.0250000004 -0.00294306881 -0.0348760426 synchronous_release_0
0.041099 -0.0250000004 0.00294306881 0.0348760426 synchronous_release_0
0.048479 -0.0250000004 -0.000571051247 -0.000820914413 synchronous_release_0
0.027958 -0.0250000004 0.0498653843 -0.0344738082 synchronous_release_0
0.02348 -0.0250000004 0.0318207187 0.0145753854 synchronous_release_0
0.026422 -0.0250000004 -0.000358822354 0.00093340587 synchronous_release_0
0.032054 -0.0250000004 0.0272108273 -0.0220129706 synchronous_release_0
0.036032 -0.0250000004 0.0330826592 0.011425308 synchronous_release_0
0.042668 -0.0250000004 -0.0066467226 -0.0343630773 synchronous_release_0
0.025002 -0.0250000004 0.0309432544 -0.016355886 synchronous_release_0
0.034667 -0.0250000004 0.02963624 0.0186197014 synchronous_release_0
0.024851 -0.0250000004 -0.00249070898 0.0349112642 synchronous_release_0
0.034119 -0.0250000004 0.0289886872 0.0196126494 synchronous_release_0
0.023388 -0.0250000004 0.0257789029 -0.0236737864 synchronous_release_0
0.031976 -0.0250000004 -0.0291283946 0.0194045517 synchronous_release_0
0.010853 -0.0250000004 0.0162561508 0.0309957669 synchronous_release_0
0.023672 -0.0250000004 0.0036333772 0.0348108973 synchronous_release_0
0.042491 -0.0250000004 0.0283304328 -0.0205520456 synchronous_release_0
0.034755 -0.0250000004 0.0299463988 -0.0181166553 synchronous_release_1
0.026066 -0.0250000004 0.0298412795 0.0182892875 synchronous_release_1
0.036214 -0.0250000004 0.0307596273 -0.0166986624 synchronous_release_1
0.037371 -0.0250000004 0.0304295836 0.0172927858 synchronous_release_0
0.033532 -0.0250000004 -0.000450698548 -0.000892676212 synchronous_release_0
0.049841 -0.0250000004 0.0312436674 -0.0157744492 synchronous_release_1
0.033221 -0.0250000004 0.0293575262 0.0190561186 synchronous_release_0
0.037602 -0.0250000004 -0.0311818459 0.0158963042 synchronous_release_0
0.014127 -0.0250000004 0.0262852733 -0.0231102662 synchronous_release_0
0.021437 -0.0250000004 0.0284206792 0.0204270652 synchronous_release_0
0.027004 -0.0250000004 -0.000583630433 0.000812019407 synchronous_release_0
0.025789 -0.0250000004 -0.0299406155 -0.0181262115 synchronous_release_0
0.04797 -0.0250000004 0.0322972321 -0.0134866156 synchronous_release_2
0.039888 -0.0250000004 0.0349357348 0.00212000836 synchronous_release_0
0.005802 -0.0250000004 0.00528502458 0.0345986779 synchronous_release_0
0.025093 -0.0250000004 0.0264141252 0.0229628829 synchronous_release_0
0.023643 -0.0250000004 0.0101078465 0.0335086771 synchronous_release_0
0.025035 -0.0250000004 -0.0239654424 0.0255079903 synchronous_release_0
0.03457 -0.0250000004 -0.00022859105 0.000973522538 synchronous_release_0
0.028529 -0.0250000004 0.0349493522 0.00188222829 synchronous_release_0
0.024139 -0.0250000004 0.0033661553 0.0348377525 synchronous_release_0
0.031342 -0.0250000004 0.0318534563 0.0145037002 synchronous_release_0
0.042415 -0.0250000004 -0.028487301 0.0203340522 synchronous_release_0
0.045138 -0.0250000004 0.0228819354 0.0264842789 synchronous_release_0
0.023298 -0.0250000004 0.0349398455 0.00205114516 synchronous_release_0
0.031845 -0.0250000004 0.00089383904 -0.000448387969 synchronous_release_0
0.025296 -0.0250000004 0.000983773138 -0.00017941687 synchronous_release_0
0.037736 -0.0250000004 0.0266792433 -0.0226543148 synchronous_release_0
0.047071 -0.0250000004 0.00627959044 0.0344320598 synchronous_release_2
0.037201 -0.0250000004 -0.000961541227 -0.000274660643 synchronous_release_0
0.040628 -0.0250000004 0.0243386083 0.0251521798 synchronous_release_1
0.025926 -0.0250000004 -0.00918989525 -0.033771968 synchronous_release_0
0.030364 -0.0250000004 0.034963088 0.00160700904 synchronous_release_0
0.04721 -0.0250000004 4.5914544e-05 -0.000998945371 synchronous_release_1
0.04809 -0.0250000004 0.0340252029 0.00820277796 synchronous_release_1
0.0262 -0.0250000004 0.025005821 0.024488955 synchronous_release_1
0.033476 -0.0250000004 -0.000862881629 0.000505406069 synchronous_release_0
0.04676 -0.0250000004 0.0349993156 -0.000218878819 synchronous_release_0
0.034825 -0.0250000004 -0.0311301814 0.0159972438 synchronous_release_0
0.023829 -0.0250000004 -0.000477012372 -0.000878896579 synchronous_release_0
0.029225 -0.0250000004 0.033674748 0.00953998671 synchronous_release_0
0.032405 -0.0250000004 0.0345171429 -0.00579369037 synchronous_release_0
0.033952 -0.0250000004 0.0222760545 0.0269958774 synchronous_release_0
0.024591 -0.0250000004 0.0331546953 -0.0112145523 synchronous_release_0
0.025405 -0.0250000004 0.0345048528 -0.00586644105 synchronous_release_1
0.033191 -0.0250000004 0.000167612601 0.000985852938 synchronous_release_1
0.031126 -0.0250000004 0.0223329134 0.0269488586 synchronous_release_2
0.03555 -0.0250000004 -0.00306651532 0.0348654053 synchronous_release_0
0.006006 -0.0250000004 -0.0170340652 0.0305751635 synchronous_release_0
0.045072 -0.0250000004 -0.000964912765 -0.000262570667 synchronous_release_0
0.029487 -0.0250000004 -0.000992473675 -0.000122458177 synchronous_release_1
0.03209 -0.0250000004 0.00700000512 -0.0342928554 synchronous_release_1
0.026271 -0.0250000004 0.00825467103 -0.0340126507 synchronous_release_0
0.036127 -0.0250000004 0.025328484 0.0241550802 synchronous_release_0
0.019047 -0.0250000004 0.0313142113 0.0156339428 synchronous_release_0
0.027589 -0.0250000004 0.00211771402 0.0349358739 synchronous_release_1
0.026422 -0.0250000004 0.034564292 -0.00550542606 synchronous_release_0
0.034259 -0.0250000004 0.0220499848 0.0271808419 synchronous_release_0
0.023316 -0.0250000004 0.0348779899 -0.00291990096 synchronous_release_0
0.045454 -0.0250000004 0.0348307403 -0.00343795419 synchronous_release_0
0.026754 -0.0250000004 0.0287537533 -0.0199554922 synchronous_release_0
0.02607 -0.0250000004 -0.023722078 -0.0257344714 synchronous_release_0
0.041922 -0.0250000004 0.023722078 0.0257344714 synchronous_release_0
0.047209 -0.0250000004 0.010425667 -0.0334111578 synchronous_release_0
0.033517 -0.0250000004 0.0341477449 -0.00767668645 synchronous_release_1
0.010424 -0.0250000004 0.000444642215 -0.000895708267 synchronous_release_0
0.045802 -0.0250000004 0.0349761445 -0.0012920206 synchronous_release_0
0.025276 -0.0250000004 0.00559279732 0.0345502622 synchronous_release_0
0.047288 -0.0250000004 0.0327178034 0.0124316265 synchronous_release_1
0.049149 -0.0250000004 0.0271250061 -0.0221186357 synchronous_release_1
0.025687 -0.0250000004 0.00107476706 0.0349834943 synchronous_release_0
0.029087 -0.0250000004 0.0679369022 -0.0168694197 synchronous_release_1
0.040072 -0.0250000004 0.0302601618 -0.0175875698 synchronous_release_0
0.036836 -0.0250000004 0.0339441753 -0.00853187916 synchronous_release_0
0.026781 -0.0250000004 0.018224096 0.0298811366 synchronous_release_0
0.031401 -0.0250000004 0.000911746229 -0.000410753959 synchronous_release_0
0.038111 -0.0250000004 0.0248309996 -0.0246662008 synchronous_release_0
0.042731 -0.0250000004 0.0272153332 0.0220073996 synchronous_release_1
0.040102 -0.0250000004 0.0186126137 0.0296406918 synchronous_release_1
0.040487 -0.0250000004 0.0341777131 -0.00754214352 synchronous_release_1
0.039958 -0.0250000004 0.0343818504 0.00654892055 synchronous_release_0
0.044512 -0.0250000004 0.000934904612 -0.000354899092 synchronous_release_0
0.025734 -0.0250000004 -0.00939838731 -0.0337145416 synchronous_release_1
0.029923 -0.0250000004 0.0263382685 -0.0230498506 synchronous_release_0
0.023652 -0.0250000004 0.00876477995 0.0338847847 synchronous_release_0
0.044336 -0.0250000004 0.000700940412 0.000713219839 synchronous_release_1
0.010326 -0.0250000004 0.0331023558 -0.0113681152 synchronous_release_0
0.026169 -0.0250000004 -0.000872811739 -0.000488057034 synchronous_release_0
0.023596 -0.0250000004 0.0179147018 0.0300676481 synchronous_release_1
0.023964 -0.0250000004 0.00687466105 -0.0343182027 synchronous_release_1
0.038584 -0.0250000004 -0.0114180406 -0.0330851681 synchronous_release_0
0.029675 -0.0250000004 0.0251117936 -0.0243802752 synchronous_release_0
0.040419 -0.0250000004 0.00855804087 0.0339375888 synchronous_release_0
0.036841 -0.0250000004 -0.0040458581 -0.0347653712 synchronous_release_0
0.026736 -0.0250000004 -0.000998445749 5.57322686e-05 synchronous_release_0
0.031162 -0.0250000004 -0.0312390931 -0.015783506 synchronous_release_0
0.044516 -0.0250000004 -0.0292884637 0.0191620952 synchronous_release_0
0.027892 -0.0250000004 0.0349537064 0.00179955801 synchronous_release_0
0.037888 -0.0250000004 0.0202190504 0.0285690392 synchronous_release_0
0.034233 -0.0250000004 0.000788622672 -0.000614877452 synchronous_release_0
0.041352 -0.0250000004 -0.0347484021 -0.00418909898 synchronous_release_0
0.035718 -0.0250000004 0.0210020672 -0.0279984495 synchronous_release_1
0.036942 -0.0250000004 0.0347484021 0.00418909898 synchronous_release_1
0.023485 -0.0250000004 0.0324876073 -0.0130213429 synchronous_release_0
0.010539 -0.0250000004 0.0313089465 0.0156444836 synchronous_release_0
0.027121 -0.0250000004 0.00210595299 0.0349365849 synchronous_release_0
0.004049 -0.0250000004 -0.000169520321 0.000985526692 synchronous_release_0
0.040268 -0.0250000004 0.0256347518 -0.0238298028 synchronous_release_0
0.032891 -0.0250000004 0.00143230247 0.0349706807 synchronous_release_0
0.043106 -0.0250000004 0.0295693467 -0.0187257507 synchronous_release_0
0.02336 -0.0250000004 0.0215877439 -0.0275493977 synchronous_release_0
0.041782 -0.0250000004 0.0283294586 -0.0205533884 synchronous_release_1
0.024893 -0.0250000004 -0.0226717737 0.0266644084 synchronous_release_0
0.042025 -0.0250000004 0.0300003531 -0.0180271688 synchronous_release_0
0.032299 -0.0250000004 0.0239937488 -0.0254813661 synchronous_release_0
0.039559 -0.0250000004 -0.000728039032 -0.00068553568 synchronous_release_0
0.031373 -0.0250000004 0.0340643848 0.00803851293 synchronous_release_1
0.023842 -0.0250000004 0.033665859 0.00957130817 synchronous_release_0
0.038221 -0.0250000004 0.0251219255 -0.024369835 synchronous_release_0
0.024819 -0.0250000004 0.0212837704 -0.0277849081 synchronous_release_0
0.025645 -0.0250000004 0.0343538834 0.0066940793 synchronous_release_0
0.024693 -0.0250000004 0.0333336005 -0.0106710392 synchronous_release_0
0.041178 -0.0250000004 0.0259081913 0.0235322253 synchronous_release_1
0.029506 -0.0250000004 0.0349772841 -0.00126079233 synchronous_release_0
0.02495 -0.0250000004 -0.0102270539 0.0334724867 synchronous_release_0
0.003813 -0.0250000004 0.0347792279 -0.00392495936 synchronous_release_0
0.023687 -0.0250000004 0.0207887285 0.0281572152 synchronous_release_1
0.027531 -0.0250000004 0.0343273204 0.00682898794 synchronous_release_1
0.04785 -0.0250000004 -0.0332902286 -0.0108055855 synchronous_release_0
0.043411 -0.0250000004 0.00728720279 0.0342329764 synchronous_release_2
0.025704 -0.0250000004 0.00648085629 -0.0343947453 synchronous_release_0
0.033628 -0.0250000004 0.0349269779 -0.00225969423 synchronous_release_0
0.031219 -0.0250000004 0.0334897123 -0.010170505 synchronous_release_0
0.049925 -0.0250000004 0.0251227159 0.0243690202 synchronous_release_0
0.028282 -0.0250000004 0.0250550923 0.0244385423 synchronous_release_0
0.048509 -0.0250000004 -0.000270830723 -0.000962626989 synchronous_release_1
0.027063 -0.0250000004 0.0346922646 0.00463106687 synchronous_release_0
0.032918 -0.0250000004 0.000806631744 -0.0349907037 synchronous_release_0
0.0462 -0.0250000004 0.0255875579 0.0238804707 synchronous_release_1
0.03768 -0.0250000004 0.0344691035 0.0060729652 synchronous_release_0
0.023212 -0.0250000004 0.0315019852 -0.0152520468 synchronous_release_0
0.034885 -0.0250000004 0.0289596526 0.019655496 synchronous_release_1
0.009644 -0.0250000004 0.0339862155 -0.00836284389 synchronous_release_0
0.017346 -0.0250000004 -0.000999889432 1.48702542e-05 synchronous_release_0
0.023804 -0.0250000004 0.000520458897 0.0349961301 synchronous_release_0
0.04773 -0.0250000004 0.0305677672 0.0170473344 synchronous_release_1
0.025899 -0.0250000004 -0.000115424584 -0.000993316246 synchronous_release_1
0.042206 -0.0250000004 0.018111074 0.0299497746 synchronous_release_0
0.037557 -0.0250000004 -0.0288100627 -0.0198741109 synchronous_release_0
0.030798 -0.0250000004 0.0335085065 0.010108412 synchronous_release_0
0.024855 -0.0250000004 0.0349334439 -0.00215742861 synchronous_release_1
0.02981 -0.0250000004 0.000960716477 -0.000277531713 synchronous_release_0
0.027095 -0.0250000004 0.0246486119 0.0248484594 synchronous_release_0
0.008442 -0.0250000004 -0.00164666277 0.0349612429 synchronous_release_0
0.036639 -0.0250000004 -0.000183305999 -0.000983055904 synchronous_release_1
0.02634 -0.0250000004 -0.0305006915 -0.0171670561 synchronous_release_0
0.031211 -0.0250000004 -0.000383239045 -0.0349979018 synchronous_release_0
0.027261 -0.0250000004 0.0335460466 0.00998312371 synchronous_release_0
0.036611 -0.0250000004 0.00185694199 -0.0349507048 synchronous_release_0
0.026395 -0.0250000004 0.016060852 -0.031097412 synchronous_release_0
0.006504 -0.0250000004 0.0345598592 0.00553318436 synchronous_release_0
0.031479 -0.0250000004 0.0325468467 0.0128725587 synchronous_release_0
0.025468 -0.0250000004 0.000528168348 -0.00084913968 synchronous_release_0
0.039301 -0.0250000004 -0.0209014467 -0.0280736447 synchronous_release_0
0.023838 -0.0250000004 0.0347632128 -0.00406436146 synchronous_release_1
0.036817 -0.0250000004 -0.00357040199 0.0348174127 synchronous_release_1
0.036901 -0.0250000004 0.00818356667 -0.0340298286 synchronous_release_0
0.040821 -0.0250000004 -0.025881228 0.0235618768 synchronous_release_1
0.026179 -0.0250000004 0.0343746954 -0.00658637377 synchronous_release_0
0.037904 -0.0250000004 0.0286279433 -0.0201355622 synchronous_release_0
0.02512 -0.0250000004 0.0324165873 0.0131971538 synchronous_release_1
0.011524 -0.0250000004 0.0220925901 0.0271462237 synchronous_release_0
0.024385 -0.0250000004 -0.000875342642 0.000483503111 synchronous_release_0
0.027224 -0.0250000004 0.0340005256 -0.00830447237 synchronous_release_0
0.030439 -0.0250000004 0.0241921468 0.0252930827 synchronous_release_0
0.023422 -0.0250000004 0.0349979363 0.000380074509 synchronous_release_0
0.03367 -0.0250000004 -0.0178281223 0.0301190646 synchronous_release_0
0.029273 -0.0250000004 0.0179744905 -0.0300319445 synchronous_release_1
0.025244 -0.0250000004 0.00791153613 -0.0340940991 synchronous_release_0
0.028932 -0.0250000004 0.0329319283 -0.0118527676 synchronous_release_0
0.035523 -0.0250000004 -0.0062011663 0.0344462703 synchronous_release_0
0.046942 -0.0250000004 -0.0329319283 0.0118527676 synchronous_release_0
0.028588 -0.0250000004 0.0306730908 0.0168570905 synchronous_release_1
0.026188 -0.0250000004 0.0329816056 -0.0117138248 synchronous_release_0
0.028277 -0.0250000004 0.00634633297 -0.0344198207 synchronous_release_0
0.039556 -0.0250000004 0.0347880571 0.00384591815 synchronous_release_0
0.023844 -0.0250000004 0.0315688066 -0.0151132541 synchronous_release_0
0.035624 -0.0250000004 0.015515543 -0.0313730446 synchronous_release_0
0.046629 -0.0250000004 0.0264526636 0.022918477 synchronous_release_0
0.044257 -0.0250000004 0.0349723774 -0.00139025902 synchronous_release_0
0.024382 -0.0250000004 0.000417445776 0.000908701834 synchronous_release_0
0.02685 -0.0250000004 0.00089173987 -0.000452548346 synchronous_release_0
0.028624 -0.0250000004 0.0349490244 0.00188830499 synchronous_release_0
0.042605 -0.0250000004 0.0159169649 -0.0311713046 synchronous_release_0
0.031008 -0.0250000004 0.000587025309 -0.000809568581 synchronous_release_0
0.027731 -0.0250000004 0.0214879745 -0.0276272864 synchronous_release_0
0.025145 -0.0250000004 0.000293681386 0.000955903365 synchronous_release_0
0.024825 -0.0250000004 0.0341332147 -0.00774103698 synchronous_release_0
0.029442 -0.0250000004 0.0244754227 -0.0250190664 synchronous_release_0
0.029132 -0.0250000004 0.0164647549 -0.0308854633 synchronous_release_2
0.03892 -0.0250000004 0.0349910256 -0.000792546204 synchronous_release_0
0.049877 -0.0250000004 -0.000877125433 -0.000480261361 synchronous_release_0
0.023964 -0.0250000004 -0.0188454303 0.0294932154 synchronous_release_0
0.025953 -0.0250000004 0.0161191586 0.0310672291 synchronous_release_0
0.027764 -0.0250000004 0.0344818829 0.00599997949 synchronous_release_2
0.003737 -0.0250000004 0.0281036739 -0.0208610526 synchronous_release_0
0.023862 -0.0250000004 0.0263551119 -0.0230305901 synchronous_release_0
0.039316 -0.0250000004 -0.0246827856 0.0248145138 synchronous_release_0
0.025387 -0.0250000004 0.0340119392 -0.00825760197 synchronous_release_0
0.045937 -0.0250000004 0.0133364436 0.0323595314 synchronous_release_0
0.028746 -0.0250000004 5.17699885e-05 0.000998659035 synchronous_release_1
0.031138 -0.0250000004 0.01694725 0.0306233688 synchronous_release_0
0.02463 -0.0250000004 -0.0221953187 -0.0270622953 synchronous_release_0
0.036277 -0.0250000004 -0.0123389758 0.0327528575 synchronous_release_1
0.00563 -0.0250000004 0.034786161 0.00386303068 synchronous_release_0
0.014813 -0.0250000004 -0.0347474258 0.00419718989 synchronous_release_0
0.036714 -0.0250000004 3.19147603e-05 0.000999490594 synchronous_release_0
0.022346 -0.0250000004 0.0234495935 0.0259830053 synchronous_release_0
0.035474 -0.0250000004 0.0107771458 -0.0332994464 synchronous_release_0
0.035284 -0.0250000004 0.033271063 -0.0108644541 synchronous_release_0
0.023314 -0.0250000004 0.00305826041 -0.0348661303 synchronous_release_0
0.025817 -0.0250000004 0.0250640358 -0.0244293698 synchronous_release_1
0.048323 -0.0250000004 0.0324220357 -0.0131837629 synchronous_release_0
0.030867 -0.0250000004 0.000974164018 -0.000225841681 synchronous_release_0
0.030432 -0.0250000004 0.0348029153 0.00370905452 synchronous_release_1
0.026087 -0.0250000004 0.0341165343 0.0078142236 synchronous_release_0
0.040833 -0.0250000004 0.0332677447 -0.0108746108 synchronous_release_0
0.03124 -0.0250000004 0.000438472125 -0.000898744789 synchronous_release_0
0.023421 -0.0250000004 0.0305584977 0.0170639449 synchronous_release_1
0.027313 -0.0250000004 -0.0326847246 -0.0125183376 synchronous_release_1
0.028173 -0.0250000004 -0.000996059318 -8.86895409e-05 synchronous_release_0
0.009926 -0.0250000004 0.0347015161 0.00456122559 synchronous_release_0
0.042842 -0.0250000004 -0.0213008953 0.0277717817 synchronous_release_0
0.030076 -0.0250000004 -0.0349999208 7.44648979e-05 synchronous_release_0
0.049341 -0.0250000004 0.0314099114 0.0154407728 synchronous_release_0
0.029167 -0.0250000004 -0.000753827806 0.000657072019 synchronous_release_0
0.036605 -0.0250000004 0.0343479514 -0.00672445053 synchronous_release_0
0.030569 -0.0250000004 0.0229975207 0.0263839732 synchronous_release_1
0.031671 -0.0250000004 0.0146522584 0.0317853948 synchronous_release_0
0.035825 -0.0250000004 0.0278480883 -0.0212010372 synchronous_release_0
0.0443 -0.0250000004 -0.0278480883 0.0212010372 synchronous_release_1
0.028701 -0.0250000004 0.0349804369 0.00117005757 synchronous_release_0
0.048095 -0.0250000004 0.00784934412 0.034108471 synchronous_release_1
0.029496 -0.0250000004 -0.018956322 -0.0294220641 synchronous_release_0
0.037789 -0.0250000004 0.0181895718 0.0299021651 synchronous_release_0
0.03453 -0.0250000004 0.0349908205 -0.000801548754 synchronous_release_1
0.037191 -0.0250000004 0.00562016516 0.0345458209 synchronous_release_0
0.040571 -0.0250000004 0.00063257475 0.000774499313 synchronous_release_1
0.003429 -0.0250000004 -0.00785701027 0.0341067059 synchronous_release_0
0.035239 -0.0250000004 0.0228534226 0.0265088868 synchronous_release_0
0.035202 -0.0250000004 0.00562061181 0.0345457483 synchronous_release_0
0.037358 -0.0250000004 0.0326928208 -0.0124971785 synchronous_release_0
0.045584 -0.0250000004 -0.0215155569 -0.0276058112 synchronous_release_0
0.044241 -0.0250000004 0.0343039556 -0.00694540367 synchronous_release_1
0.026932 -0.0250000004 0.0349045067 0.00258368217 synchronous_release_0
0.037905 -0.0250000004 0.0339829095 0.00837626766 synchronous_release_0
0.025361 -0.0250000004 0.0249697695 0.0245257132 synchronous_release_0
0.028038 -0.0250000004 0.0279083124 0.0211216974 synchronous_release_0
0.046842 -0.0250000004 0.0266983189 -0.0226318308 synchronous_release_0
0.025836 -0.0250000004 -0.000649660651 0.000760224335 synchronous_release_0
0.048577 -0.0250000004 0.0266078517 0.0227381228 synchronous_release_1
0.030151 -0.0250000004 -0.0100741418 0.0335188256 synchronous_release_1
0.026759 -0.0250000004 0.000957680731 0.000287832622 synchronous_release_2
0.029269 -0.0250000004 -0.0348365576 -0.00337849837 synchronous_release_1
0.042809 -0.0250000004 0.0221019047 -0.0271386405 synchronous_release_1
0.025629 -0.0250000004 0.0281961932 -0.020735831 synchronous_release_0
0.026952 -0.0250000004 0.032055853 0.0140507041 synchronous_release_0
0.030723 -0.0250000004 0.0333501035 -0.01061935 synchronous_release_0
0.023334 -0.0250000004 0.0316064381 0.0150343963 synchronous_release_1
0.040963 -0.0250000004 0.000251414712 -0.000967879457 synchronous_release_0
0.025677 -0.0250000004 -0.0126542016 0.032632364 synchronous_release_0
0.003942 -0.0250000004 0.0151916245 -0.0315311678 synchronous_release_0
0.023177 -0.0250000004 0.0318066564 -0.014606047 synchronous_release_1
0.027951 -0.0250000004 0.0339242907 -0.00861060395 synchronous_release_0
0.046554 -0.0250000004 0.0197307556 0.0289084293 synchronous_release_0
0.025029 -0.0250000004 -0.000891759744 -0.000452509181 synchronous_release_0
0.031308 -0.0250000004 0.000999857266 1.6895202e-05 synchronous_release_0
0.045097 -0.0250000004 -0.0306022288 0.0169853936 synchronous_release_0
0.042478 -0.0250000004 -0.0158074764 -0.0312269705 synchronous_release_0
0.032992 -0.0250000004 0.0275156462 -0.021630747 synchronous_release_0
0.028253 -0.0250000004 0.00194829367 0.0349457315 synchronous_release_0
0.03022 -0.0250000004 0.0159760426 -0.0311410671 synchronous_release_0
0.014888 -0.0250000004 0.0232069636 0.0261999397 synchronous_release_0
0.023881 -0.0250000004 0.0347927941 0.00380282482 synchronous_release_0
0.028944 -0.0250000004 -0.0185625234 0.0296720866 synchronous_release_0
0.023658 -0.0250000004 -0.00809563065 0.0340508556 synchronous_release_0
0.040281 -0.0250000004 -0.000286125885 -0.000958192036 synchronous_release_0
0.044673 -0.0250000004 0.0335367213 -0.010014406 synchronous_release_0
0.0309 -0.0250000004 0.0347178343 -0.00443531107 synchronous_release_0
0.043033 -0.0250000004 0.0340303644 -0.00818133839 synchronous_release_0
0.026038 -0.0250000004 0.0347742852 -0.00396851207 synchronous_release_0
0.032849 -0.0250000004 -0.0139503103 0.0320996704 synchronous_release_0
0.023059 -0.0250000004 0.0139503103 -0.0320996704 synchronous_release_1
0.025744 -0.0250000004 0.0188898775 -0.0294647676 synchronous_release_0
0.035983 -0.0250000004 0.0294495022 -0.0189136675 synchronous_release_0
0.037658 -0.0250000004 -0.00763087312 0.0341580119 synchronous_release_0
0.03549 -0.0250000004 0.0346743926 -0.00476303445 synchronous_release_1
0.028669 -0.0250000004 -0.0109500358 -0.033242995 synchronous_release_0
0.045538 -0.0250000004 0.0336568198 0.00960304533 synchronous_release_1
0.028578 -0.0250000004 -0.0349464419 0.00193550918 synchronous_release_0
0.035343 -0.0250000004 0.0317510275 -0.0147265832 synchronous_release_0
0.023788 -0.0250000004 0.0320470262 -0.014070825 synchronous_release_0
0.045019 -0.0250000004 0.0282092049 0.0207181263 synchronous_release_0
0.038228 -0.0250000004 0.0324224503 -0.0131827431 synchronous_release_0
0.023698 -0.0250000004 0.0165466167 0.0308416841 synchronous_release_0
0.025907 -0.0250000004 0.0312386539 0.0157843752 synchronous_release_1
0.025982 -0.0250000004 -0.0284198244 -0.0204282544 synchronous_release_0
0.024118 -0.0250000004 0.0292819613 0.0191720302 synchronous_release_1
0.023978 -0.0250000004 0.0256900621 0.0237701643 synchronous_release_0
0.02714 -0.0250000004 0.019250481 0.0292304461 synchronous_release_0
0.0337 -0.0250000004 0.0349395494 -0.00205618255 synchronous_release_1
0.02624 -0.0250000004 -0.00090851615 -0.000417849741 synchronous_release_0
0.027072 -0.0250000004 0.0343835491 0.00653999603 synchronous_release_0
0.034665 -0.0250000004 0.0348222878 -0.00352253762 synchronous_release_0
0.036668 -0.0250000004 0.0282452965 0.0206688951 synchronous_release_0
0.043867 -0.0250000004 0.00357602828 0.0348168353 synchronous_release_1
0.028188 -0.0250000004 -0.00489159227 0.0346564904 synchronous_release_0
0.027988 -0.0250000004 0.000344349955 0.000938841365 synchronous_release_0
0.028146 -0.0250000004 -0.0144629414 0.0318719834 synchronous_release_0
0.030941 -0.0250000004 -0.0203704766 -0.0284612664 synchronous_release_0
0.031742 -0.0250000004 0.034833418 -0.003410717 synchronous_release_1
0.023931 -0.0250000004 -2.57060136e-05 -0.000999669546 synchronous_release_0
0.032993 -0.0250000004 0.0182733892 0.0298510175 synchronous_release_0
0.033916 -0.0250000004 0.0440807239 0.0416159798 synchronous_release_1
0.026267 -0.0250000004 0.0343032034 -0.00694911784 synchronous_release_0
0.030862 -0.0250000004 -0.0343032034 0.00694911784 synchronous_release_0
0.048528 -0.0250000004 -0.0111334891 0.0331820045 synchronous_release_1
0.02428 -0.0250000004 0.0265350551 -0.0228230333 synchronous_release_0
0.024414 -0.0250000004 0.032439071 -0.0131417911 synchronous_release_0
0.03356 -0.0250000004 0.000990398717 0.000138240302 synchronous_release_1
0.039741 -0.0250000004 0.00384951952 -0.0347876587 synchronous_release_1
0.028056 -0.0250000004 0.0339583687 -0.00847521076 synchronous_release_0
0.030646 -0.0250000004 0.0349995371 -0.000180013773 synchronous_release_0
0.032231 -0.0250000004 0.0192590062 0.0292248299 synchronous_release_0
0.036306 -0.0250000004 -0.0131326702 0.0324427646 synchronous_release_0
0.038496 -0.0250000004 0.0239623823 0.025510865 synchronous_release_0
0.02525 -0.0250000004 0.0257448418 -0.0237108229 synchronous_release_0
0.030637 -0.0250000004 0.0275116149 0.0216358741 synchronous_release_0
0.035402 -0.0250000004 0.032493024 -0.0130078203 synchronous_release_1
0.033801 -0.0250000004 0.0126210772 0.0326451897 synchronous_release_0
0.043515 -0.0250000004 0.0345821022 0.00539242141 synchronous_release_1
0.023124 -0.0250000004 0.0349979306 -0.000380600705 synchronous_release_0
0.031837 -0.0250000004 0.000266331506 0.000963881491 synchronous_release_0
0.038913 -0.0250000004 0.0337358522 -0.00932160269 synchronous_release_0
0.028934 -0.0250000004 0.015760448 0.0312507324 synchronous_release_0
0.028716 -0.0250000004 0.0256017816 0.0238652211 synchronous_release_0
0.026876 -0.0250000004 0.0247622303 -0.024735237 synchronous_release_0
0.029465 -0.0250000004 0.0338024588 0.00907710205 synchronous_release_0
0.035168 -0.0250000004 -0.0259427067 0.0234941688 synchronous_release_0
0.028688 -0.0250000004 0.0337012118 0.00944607457 synchronous_release_0
0.031476 -0.0250000004 0.000797151425 0.000603779434 synchronous_release_0
0.031518 -0.0250000004 0.0291355944 -0.0193937396 synchronous_release_1
0.036081 -0.0250000004 -0.0227577057 0.0265911044 synchronous_release_0
0.037916 -0.0250000004 0.0344074247 0.00641319909 synchronous_release_1
0.027026 -0.0250000004 -0.00922044551 0.03376364 synchronous_release_0
0.023797 -0.0250000004 0.000983595533 -0.000180387991 synchronous_release_0
0.039844 -0.0250000004 0.0342886258 -0.00702069373 synchronous_release_0
0.033335 -0.0250000004 0.00571888386 -0.0345296158 synchronous_release_0
0.02497 -0.0250000004 0.000888485352 -0.000458904978 synchronous_release_0
0.034806 -0.0250000004 -0.0207619741 -0.0281769486 synchronous_release_0
0.018233 -0.0250000004 0.0347829403 -0.00389192272 synchronous_release_1
0.024608 -0.0250000004 0.0319984913 -0.0141808517 synchronous_release_0
0.043218 -0.0250000004 0.0320249124 0.014121083 synchronous_release_1
0.033146 -0.0250000004 0.0347054989 -0.00453082145 synchronous_release_1
0.02398 -0.0250000004 0.0335869207 0.0098447325 synchronous_release_0
0.027625 -0.0250000004 -0.0145755635 0.0318206372 synchronous_release_0
0.024729 -0.0250000004 0.0177507172 0.0301647483 synchronous_release_1
0.04559 -0.0250000004 0.026847703 0.0224544171 synchronous_release_0
0.044913 -0.0250000004 -0.0269388098 0.0223450336 synchronous_release_1
0.024921 -0.0250000004 0.0293219095 -0.0191108771 synchronous_release_1
0.047173 -0.0250000004 0.0349513659 -0.00184445688 synchronous_release_2
0.024177 -0.0250000004 0.0316461404 0.0149506454 synchronous_release_1
0.023537 -0.0250000004 0.0333605734 0.0105864131 synchronous_release_0
0.024816 -0.0250000004 0.0294760493 -0.0188722685 synchronous_release_0
0.032678 -0.0250000004 0.0182015243 -0.0298948911 synchronous_release_0
0.02576 -0.0250000004 0.000172110907 0.000985077578 synchronous_release_0
0.031897 -0.0250000004 0.0224556922 0.0268466364 synchronous_release_0
0.033262 -0.0250000004 0.0344777152 -0.00602388175 synchronous_release_0
0.047735 -0.0250000004 0.0689554305 -0.0120477635 synchronous_release_0
0.024094 -0.0250000004 0.0274306977 -0.0217383722 synchronous_release_0
0.026366 -0.0250000004 0.0325413314 0.012886495 synchronous_release_0
0.023645 -0.0250000004 0.000288704919 -0.000957418127 synchronous_release_0
0.023637 -0.0250000004 -0.000835614288 0.000549316631 synchronous_release_1
0.047832 -0.0250000004 0.0299740678 0.01807084 synchronous_release_0
0.041157 -0.0250000004 0.0348588271 0.00314041001 synchronous_release_0
0.049502 -0.0250000004 0.0194833934 -0.029075718 synchronous_release_0
0.026346 -0.0250000004 0.0248504633 0.0246465915 synchronous_release_0
0.025562 -0.0250000004 0.0205222542 0.0283520208 synchronous_release_1
0.037984 -0.0250000004 0.032991841 -0.0116849659 synchronous_release_0
0.049725 -0.0250000004 0.0176583704 -0.0579929474 synchronous_release_1
0.025287 -0.0250000004 0.0320460845 -0.0140729695 synchronous_release_0
0.030512 -0.0250000004 0.0335001492 0.0101360742 synchronous_release_0
0.033588 -0.0250000004 -0.0204775958 -0.0283842927 synchronous_release_0
0.047799 -0.0250000004 0.0347487647 0.0041860904 synchronous_release_0
0.02446 -0.0250000004 0.0347121579 0.00447951923 synchronous_release_0
0.027988 -0.0250000004 0.0212354564 -0.027821851 synchronous_release_0
0.032153 -0.0250000004 0.000127986264 -0.000991775941 synchronous_release_0
0.003609 -0.0250000004 0.0153549177 0.0314519714 synchronous_release_0
0.029818 -0.0250000004 0.034915665 0.00242823687 synchronous_release_0
0.035967 -0.0250000004 0.0335668683 0.00991288834 synchronous_release_0
0.026475 -0.0250000004 0.0336957626 0.00946549425 synchronous_release_0
0.018294 -0.0250000004 0.0309209587 0.0163979973 synchronous_release_0
0.02515 -0.0250000004 -0.0345851564 0.00537279793 synchronous_release_0
0.03657 -0.0250000004 0.0345851564 -0.00537279793 synchronous_release_1
0.038674 -0.0250000004 0.0219455577 0.0272652251 synchronous_release_1
0.028313 -0.0250000004 0.033830157 0.00897332032 synchronous_release_0
0.026485 -0.0250000004 0.0241256623 0.0253565064 synchronous_release_0
0.048373 -0.0250000004 -0.000959191133 -0.000282758501 synchronous_release_0
0.024825 -0.0250000004 0.0340222099 -0.00821518325 synchronous_release_1
0.025526 -0.0250000004 0.0156919332 0.0312851919 synchronous_release_0
0.019607 -0.0250000004 0.0243324154 -0.0251581708 synchronous_release_0
0.028536 -0.0250000004 -0.0339538228 -0.00849340448 synchronous_release_0
0.042774 -0.0250000004 -0.000718804881 -0.000695211869 synchronous_release_0
0.04571 -0.0250000004 0.00962140734 0.0336515753 synchronous_release_0
0.020067 -0.0250000004 0.0349745336 -0.00133491606 synchronous_release_0
0.030893 -0.0250000004 0.018643338 0.0296213765 synchronous_release_1
0.033378 -0.0250000004 0.008713618 0.0338979772 synchronous_release_0
0.026237 -0.0250000004 -9.35363851e-05 -0.000995615862 synchronous_release_0
0.031088 -0.0250000004 0.0348465552 -0.00327377348 synchronous_release_0
0.005345 -0.0250000004 0.0338648727 -0.00884140226 synchronous_release_0
0.044748 -0.0250000004 0.0245893153 0.024907139 synchronous_release_0
0.024031 -0.0250000004 0.0326940135 -0.0124940578 synchronous_release_0
0.041001 -0.0250000004 0.0271671782 0.0220668173 synchronous_release_0
0.042736 -0.0250000004 0.0315406988 -0.0151718265 synchronous_release_0
0.02716 -0.0250000004 0.0241703121 -0.0555949279 synchronous_release_0
0.048811 -0.0250000004 0.0281340294 -0.0208200959 synchronous_release_1
0.028756 -0.0250000004 0.0140456206 -0.0320580808 synchronous_release_0
0.003975 -0.0250000004 0.0293438221 0.0190772143 synchronous_release_0
0.004071 -0.0250000004 0.0229547954 0.0264211538 synchronous_release_0
0.041125 -0.0250000004 -0.0319111307 0.0143763604 synchronous_release_1
0.043907 -0.0250000004 -0.000513175293 0.000858283822 synchronous_release_0
0.023574 -0.0250000004 -0.00273757616 -0.034892774 synchronous_release_0
0.045572 -0.0250000004 -0.0319490283 0.0142919415 synchronous_release_0
0.026734 -0.0250000004 -0.000930312723 0.00036676728 synchronous_release_0
0.045226 -0.0250000004 0.0217801784 -0.027397515 synchronous_release_0
0.03681 -0.0250000004 -0.010117962 0.0335056241 synchronous_release_0
0.005673 -0.0250000004 0.0156353521 0.0313135077 synchronous_release_0
0.040387 -0.0250000004 0.0347638359 0.00405902858 synchronous_release_0
0.011924 -0.0250000004 0.0349074625 0.00254343468 synchronous_release_0
0.00979 -0.0250000004 -4.01171551e-05 -0.034999977 synchronous_release_0
0.049684 -0.0250000004 0.0303309278 0.017465246 synchronous_release_1
0.032132 -0.0250000004 -0.0251243532 -0.0243673321 synchronous_release_0
0.024449 -0.0250000004 0.0314075362 0.0154456037 synchronous_release_0
0.031292 -0.0250000004 0.0324774827 0.013046575 synchronous_release_0
0.024242 -0.0250000004 0.0275529754 0.0215831774 synchronous_release_0
0.033701 -0.0250000004 -0.00099871427 5.06932616e-05 synchronous_release_0
0.049556 -0.0250000004 0.0293847854 -0.0190140576 synchronous_release_0
0.028082 -0.0250000004 0.0311590496 0.0159409419 synchronous_release_1
0.02659 -0.0250000004 0.0253923201 0.0240879654 synchronous_release_0
0.031406 -0.0250000004 0.0335569501 -0.00994641155 synchronous_release_0
0.024325 -0.0250000004 0.0179418333 -0.0300514661 synchronous_release_0
0.023751 -0.0250000004 0.0180442499 -0.0299900825 synchronous_release_0
0.04291 -0.0250000004 0.0349942982 0.000631737576 synchronous_release_0
0.038078 -0.0250000004 0.0284716611 -0.0203559455 synchronous_release_0
0.039509 -0.0250000004 -0.0312796392 0.0157029988 synchronous_release_0
0.028131 -0.0250000004 0.0292390155 0.0192374627 synchronous_release_1
0.038361 -0.0250000004 0.031595195 -0.0150580095 synchronous_release_0
0.027764 -0.0250000004 0.0304303265 -0.0172914785 synchronous_release_0
0.029689 -0.0250000004 -0.005524323 0.0345612768 synchronous_release_1
0.033488 -0.0250000004 0.0326931052 -0.0124964343 synchronous_release_2
0.024971 -0.0250000004 -0.00389749434 0.0347823165 synchronous_release_0
0.028739 -0.0250000004 0.0285973977 0.0201789208 synchronous_release_1
0.003978 -0.0250000004 0.00428225357 0.0347370451 synchronous_release_0
0.026209 -0.0250000004 0.0344141477 -0.00637702397 synchronous_release_0
0.048065 -0.0250000004 0.0445657814 0.0410961206 synchronous_release_0
0.027754 -0.0250000004 0.0574755659 0.0192758741 synchronous_release_1
0.029113 -0.0250000004 0.0338831666 -0.00877103301 synchronous_release_0
0.03053 -0.0250000004 -0.000250600943 -0.000968090475 synchronous_release_1
0.031847 -0.0250000004 0.0337533078 0.00925819714 synchronous_release_0
0.024229 -0.0250000004 0.030244943 0.0176137282 synchronous_release_0
0.023999 -0.0250000004 0.0347611492 0.0040819735 synchronous_release_0
0.024396 -0.0250000004 0.0329414795 -0.0118261968 synchronous_release_1
0.02881 -0.0250000004 0.0267125266 0.0226150596 synchronous_release_1
0.023183 -0.0250000004 -0.000874188014 -0.000485587598 synchronous_release_0
0.033687 -0.0250000004 0.0295900586 0.0186930048 synchronous_release_0
0.027202 -0.0250000004 0.0122370159 -0.0327910878 synchronous_release_0
0.033013 -0.0250000004 -0.034516423 0.00579797728 synchronous_release_0
0.026457 -0.0250000004 -0.0265657062 -0.0227873486 synchronous_release_0
0.048806 -0.0250000004 -0.000982864306 -0.000184330563 synchronous_release_0
0.049528 -0.0250000004 0.0265657062 0.0227873486 synchronous_release_0
0.041871 -0.0250000004 1.0890436e-05 0.000999940697 synchronous_release_0
0.044747 -0.0250000004 0.025540885 0.0239303823 synchronous_release_1
0.036683 -0.0250000004 0.0330610188 -0.0114877776 synchronous_release_0
0.030801 -0.0250000004 -0.000962654738 0.000270732073 synchronous_release_0
0.032663 -0.0250000004 0.00947562254 0.0336929158 synchronous_release_0
0.036792 -0.0250000004 0.0244411098 -0.0250525878 synchronous_release_0
0.024406 -0.0250000004 0.0302758973 0.0175604682 synchronous_release_0
0.026921 -0.0250000004 0.0303457602 -0.017439462 synchronous_release_0
0.031257 -0.0250000004 -0.00468219302 0.0346854014 synchronous_release_1
0.047417 -0.0250000004 0.0263634355 0.0230210614 synchronous_release_0
0.035266 -0.0250000004 -0.0209979633 0.0280015274 synchronous_release_0
0.022792 -0.0250000004 0.028022928 0.0209693945 synchronous_release_0
