0.029826 -0.0250000004 -0.000736724685 -0.000676192827 synchronous_release_0
0.025059 -0.0250000004 0.0283050294 -0.020587018 synchronous_release_0
0.023409 -0.0250000004 0.000964011384 -0.000265860964 synchronous_release_0
0.029353 -0.0250000004 -0.033872609 -0.00881171701 synchronous_release_0
0.027822 -0.0250000004 0.0293654448 0.0190439138 synchronous_release_0
0.023546 -0.0250000004 0.0110126909 -0.0332222913 synchronous_release_0
0.022843 -0.0250000004 -0.0301157523 0.0178337171 synchronous_release_0
0.028938 -0.0250000004 0.0301157523 -0.0178337171 synchronous_release_0
0.027808 -0.0250000004 -0.000815917503 -0.000578168339 synchronous_release_0
0.026536 -0.0250000004 0.0303434156 0.0174435413 synchronous_release_1
0.023568 -0.0250000004 0.0337400919 -0.00930624508 synchronous_release_0
0.025258 -0.0250000004 0.034973541 0.00136067234 synchronous_release_0
0.026789 -0.0250000004 0.031524501 0.0152054541 synchronous_release_0
0.023717 -0.0250000004 0.0344251118 -0.00631756904 synchronous_release_0
0.012879 -0.0250000004 0.0117413806 -0.0329718059 synchronous_release_1
0.024474 -0.0250000004 0.0345558429 -0.00555821204 synchronous_release_0
0.003794 -0.0250000004 0.00928100973 -0.0337470422 synchronous_release_0
0.032342 -0.0250000004 -0.0338663007 0.00883593091 synchronous_release_0
0.024487 -0.0250000004 0.0347895986 -0.00383194876 synchronous_release_1
0.0296 -0.0250000004 0.024171992 -0.0253123449 synchronous_release_0
0.03786 -0.0250000004 0.00983513774 0.0335897316 synchronous_release_0
0.024199 -0.0250000004 0.0172685129 -0.0304433648 synchronous_release_1
0.02818 -0.0250000004 -0.00576523258 0.0345219074 synchronous_release_0
0.024619 -0.0250000004 0.030387748 0.0173661963 synchronous_release_0
0.025597 -0.0250000004 0.0234640068 -0.0259699901 synchronous_release_0
0.023732 -0.0250000004 0.0347995046 -0.00374091925 synchronous_release_0
0.029493 -0.0250000004 0.0216862037 0.0274719597 synchronous_release_0
0.031319 -0.0250000004 0.0336826989 0.00951187642 synchronous_release_0
0.02801 -0.0250000004 -0.0250788761 0.0244141347 synchronous_release_1
0.03644 -0.0250000004 -0.00860382284 -0.0339260111 synchronous_release_1
0.032446 -0.0250000004 -0.00708813572 -0.0342747477 synchronous_release_0
0.023506 -0.0250000004 0.0341324683 -0.00774432724 synchronous_release_1
0.028605 -0.0250000004 0.0242418708 0.0252454293 synchronous_release_0
0.02419 -0.0250000004 0.0204140427 0.0284300345 synchronous_release_0
0.02656 -0.0250000004 -0.00453360179 -0.0347051359 synchronous_release_0
0.039475 -0.0250000004 -0.0349328656 -0.00216677211 synchronous_release_0
0.026548 -0.0250000004 0.0225446305 -0.0267719935 synchronous_release_1
0.027267 -0.0250000004 0.0113334503 0.0331142402 synchronous_release_0
0.026214 -0.0250000004 -0.000879661715 -0.000475599903 synchronous_release_0
0.02792 -0.0250000004 -0.00622892545 -0.0344412614 synchronous_release_0
0.032223 -0.0250000004 0.0137296317 0.0321946768 synchronous_release_1
0.032147 -0.0250000004 0.034936711 -0.00210385879 synchronous_release_0
0.023551 -0.0250000004 0.0192903507 0.0292041499 synchronous_release_1
0.029682 -0.0250000004 0.0256168777 0.0238490163 synchronous_release_0
0.023723 -0.0250000004 0.0309541938 0.0163351733 synchronous_release_1
0.023995 -0.0250000004 0.00325427116 0.0348483819 synchronous_release_0
0.033 -0.0250000004 0.0254661431 -0.0240099054 synchronous_release_0
0.025306 -0.0250000004 0.0301917556 0.0177047422 synchronous_release_0
0.016778 -0.0250000004 0.0221787095 0.027075909 synchronous_release_0
0.027734 -0.0250000004 0.0122415834 -0.032789383 synchronous_release_0
0.007187 -0.0250000004 -0.022275647 -0.0269962137 synchronous_release_1
0.026531 -0.0250000004 -0.0122415834 0.032789383 synchronous_release_1
0.030668 -0.0250000004 -0.00816229323 0.0340349375 synchronous_release_0
0.023494 -0.0250000004 0.0335562671 -0.00994871545 synchronous_release_1
0.004179 -0.0250000004 -0.00265304572 -0.034899303 synchronous_release_0
0.025235 -0.0250000004 -0.0274329598 0.0217355174 synchronous_release_1
0.026743 -0.0250000004 0.00943401008 -0.033704591 synchronous_release_1
0.011159 -0.0250000004 0.0341003841 0.00788440242 synchronous_release_0
0.032796 -0.0250000004 -0.00303850325 0.0348678577 synchronous_release_1
0.007821 -0.0250000004 2.3504458e-05 0.000999723732 synchronous_release_0
0.016825 -0.0250000004 0.00337651171 -0.0348367503 synchronous_release_0
0.024118 -0.0250000004 0.0306700347 -0.0168626501 synchronous_release_0
0.024569 -0.0250000004 0.0290643109 0.019500406 synchronous_release_0
0.023963 -0.0250000004 -0.0326274619 0.0126668357 synchronous_release_0
0.023246 -0.0250000004 0.0198605128 -0.0288194385 synchronous_release_0
0.004203 -0.0250000004 -0.0140097393 -0.0320737775 synchronous_release_0
0.026574 -0.0250000004 0.0347815758 0.00390409867 synchronous_release_1
0.017217 -0.0250000004 0.0205607656 -0.0283241049 synchronous_release_0
0.024241 -0.0250000004 0.0191415174 -0.0293019165 synchronous_release_0
0.025209 -0.0250000004 0.0349469628 0.00192608206 synchronous_release_0
0.023661 -0.0250000004 0.0288261549 -0.0198507631 synchronous_release_1
0.023965 -0.0250000004 0.0349999859 3.14251996e-05 synchronous_release_0
0.035303 -0.0250000004 0.0213552922 -0.0277299747 synchronous_release_0
0.02638 -0.0250000004 -0.0244445543 -0.0250492269 synchronous_release_0
0.031515 -0.0250000004 0.0244445543 0.0250492269 synchronous_release_0
0.039895 -0.0250000004 0.00947098966 -0.0336942184 synchronous_release_0
0.023956 -0.0250000004 0.033703991 -0.00943615326 synchronous_release_0
0.027082 -0.0250000004 0.0344871133 -0.00596984234 synchronous_release_0
0.028111 -0.0250000004 0.033245357 -0.0109428625 synchronous_release_0
0.004645 -0.0250000004 0.0339238846 0.00861220379 synchronous_release_0
0.023577 -0.0250000004 0.0348581102 -0.00314835741 synchronous_release_0
0.021047 -0.0250000004 0.0331842307 0.0111268519 synchronous_release_0
0.036723 -0.0250000004 0.0262282518 -0.0231749608 synchronous_release_0
0.043119 -0.0250000004 -0.0233888269 0.0260377183 synchronous_release_0
0.026534 -0.0250000004 0.034243739 0.00723645912 synchronous_release_1
0.024109 -0.0250000004 0.0292720335 -0.0191871846 synchronous_release_0
0.032303 -0.0250000004 0.0161970849 0.0310266731 synchronous_release_0
0.023424 -0.0250000004 0.0343697162 -0.00661230747 synchronous_release_0
0.024152 -0.0250000004 0.0347759299 -0.00395407377 synchronous_release_0
0.030542 -0.0250000004 -0.00223362224 -0.0349286549 synchronous_release_0
0.024074 -0.0250000004 2.81071654e-05 -0.000999604916 synchronous_release_0
0.029254 -0.0250000004 0.0183450392 -0.0298070384 synchronous_release_1
0.032154 -0.0250000004 0.00548321481 0.0345678225 synchronous_release_0
0.019836 -0.0250000004 -0.000968409517 0.00024936521 synchronous_release_0
0.031212 -0.0250000004 -0.000788599153 0.000614907615 synchronous_release_0
0.025648 -0.0250000004 -0.0344156876 0.00636870865 synchronous_release_0
0.039333 -0.0250000004 0.0344156876 -0.00636870865 synchronous_release_0
0.026675 -0.0250000004 0.0345344974 -0.00568933147 synchronous_release_0
0.024015 -0.0250000004 0.0215624678 -0.0275691854 synchronous_release_0
0.02606 -0.0250000004 0.0160603765 0.0310976576 synchronous_release_0
0.043949 -0.0250000004 -0.0189011732 0.0294575228 synchronous_release_0
0.024588 -0.0250000004 0.0251627639 -0.0243276656 synchronous_release_0
0.026463 -0.0250000004 0.000370181005 0.000928959646 synchronous_release_1
0.037735 -0.0250000004 -0.0349290469 0.00222748273 synchronous_release_0
0.024526 -0.0250000004 -0.000507473864 0.00086166715 synchronous_release_0
0.009047 -0.0250000004 0.01886606 -0.0294800234 synchronous_release_0
0.004444 -0.0250000004 -0.0349840942 0.00105505936 synchronous_release_0
0.027264 -0.0250000004 -0.0165783389 0.030824644 synchronous_release_0
0.023712 -0.0250000004 0.0232104469 -0.0261968539 synchronous_release_0
0.024118 -0.0250000004 -0.00152759756 -0.0349666476 synchronous_release_0
0.034477 -0.0250000004 0.0295182063 -0.0188062621 synchronous_release_0
0.010287 -0.0250000004 -0.017949563 -0.0300468499 synchronous_release_0
0.02656 -0.0250000004 0.0170465538 -0.0305682025 synchronous_release_0
0.032993 -0.0250000004 0.0349961168 -0.000521352616 synchronous_release_0
0.024749 -0.0250000004 0.0109741732 -0.0332350346 synchronous_release_0
0.025885 -0.0250000004 -0.0329915995 0.0116856478 synchronous_release_0
0.033337 -0.0250000004 0.0266158676 0.0227287393 synchronous_release_0
0.024112 -0.0250000004 0.0309817881 -0.0162827764 synchronous_release_0
0.026934 -0.0250000004 0.0284832056 -0.0203397886 synchronous_release_0
0.024877 -0.0250000004 0.0290615564 -0.0195045108 synchronous_release_0
0.025434 -0.0250000004 -0.0348044475 -0.00369464935 synchronous_release_0
0.023477 -0.0250000004 0.0165512132 -0.0308392176 synchronous_release_1
0.028611 -0.0250000004 0.0341797003 -0.00753313277 synchronous_release_0
0.030185 -0.0250000004 0.0299747269 0.0180697467 synchronous_release_1
0.025522 -0.0250000004 -0.0269732101 0.0223034961 synchronous_release_1
0.025874 -0.0250000004 -0.0159298258 0.0311647341 synchronous_release_0
0.040875 -0.0250000004 0.0348710078 0.00300213558 synchronous_release_0
0.033633 -0.0250000004 -0.0168707992 0.0306655529 synchronous_release_0
0.025274 -0.0250000004 5.70624464e-05 -0.000998370611 synchronous_release_0
0.033528 -0.0250000004 -0.0192010992 0.0292629081 synchronous_release_0
0.005011 -0.0250000004 0.0102085599 0.0334781317 synchronous_release_0
0.024537 -0.0250000004 0.000786879563 0.000617106598 synchronous_release_1
0.034903 -0.0250000004 -0.0101582258 0.0334934389 synchronous_release_0
0.025102 -0.0250000004 -0.0301644913 -0.0177511539 synchronous_release_0
0.042513 -0.0250000004 0.0165642877 0.030832197 synchronous_release_0
0.028452 -0.0250000004 0.018419322 -0.0297611924 synchronous_release_1
0.023796 -0.0250000004 0.0317039346 -0.0148276947 synchronous_release_0
0.023281 -0.0250000004 -0.026690495 -0.0226410573 synchronous_release_0
0.025773 -0.0250000004 0.0343069484 0.0069306056 synchronous_release_1
0.003624 -0.0250000004 0.0339392208 -0.00855156678 synchronous_release_0
0.026025 -0.0250000004 0.0233928797 0.0260340772 synchronous_release_0
0.02522 -0.0250000004 -0.0346137247 0.00518556317 synchronous_release_0
0.017004 -0.0250000004 0.0291541194 -0.0193658804 synchronous_release_0
0.02948 -0.0250000004 0.000444721936 -0.000895668688 synchronous_release_0
0.032404 -0.0250000004 -0.00219428474 -0.0349311482 synchronous_release_0
0.023819 -0.0250000004 0.0285160165 -0.0202937627 synchronous_release_0
0.023974 -0.0250000004 0.017590821 -0.0302582719 synchronous_release_0
0.032504 -0.0250000004 0.00680528691 -0.0343320269 synchronous_release_0
0.028055 -0.0250000004 0.0261773712 -0.0232324178 synchronous_release_1
0.0234 -0.0250000004 0.00112181191 -0.0349820174 synchronous_release_0
0.032177 -0.0250000004 0.0308562217 -0.0165194911 synchronous_release_0
0.034475 -0.0250000004 -0.00112181191 0.0349820174 synchronous_release_0
0.023688 -0.0250000004 0.0343927872 -0.00649123962 synchronous_release_0
0.033324 -0.0250000004 -0.00636645521 0.0344161045 synchronous_release_0
0.023928 -0.0250000004 0.0299803146 0.0180604744 synchronous_release_1
0.023741 -0.0250000004 0.0101525538 0.0334951586 synchronous_release_0
0.037247 -0.0250000004 0.0239313814 -0.0255399488 synchronous_release_1
0.006569 -0.0250000004 0.0238888177 -0.0255797652 synchronous_release_0
0.023038 -0.0250000004 0.0349288378 0.00223075977 synchronous_release_0
0.026276 -0.0250000004 0.000480292494 -0.000877108386 synchronous_release_0
0.02812 -0.0250000004 -0.000791304205 -0.0349910537 synchronous_release_0
0.030119 -0.0250000004 -0.0306987935 -0.0168102373 synchronous_release_0
0.004756 -0.0250000004 0.0200271327 0.0287039014 synchronous_release_0
0.023674 -0.0250000004 -0.0148447415 0.0316959564 synchronous_release_0
0.025625 -0.0250000004 0.0348718742 -0.00299205495 synchronous_release_1
0.015451 -0.0250000004 -0.0187814327 0.0295340106 synchronous_release_0
0.034086 -0.0250000004 0.0349679199 0.00149819254 synchronous_release_0
0.003489 -0.0250000004 0.0348751264 -0.00295390518 synchronous_release_0
0.009434 -0.0250000004 0.0148794063 -0.031679698 synchronous_release_0
0.026745 -0.0250000004 -0.0150129863 0.0316166134 synchronous_release_0
0.028698 -0.0250000004 -0.0246362954 0.0248606707 synchronous_release_0
0.02538 -0.0250000004 0.000786656804 -0.000617390536 synchronous_release_0
0.02576 -0.0250000004 0.0249701409 -0.0245253351 synchronous_release_0
0.036841 -0.0250000004 -0.0206690581 -0.0282451773 synchronous_release_0
0.024778 -0.0250000004 0.0347569207 0.00411782245 synchronous_release_0
0.035499 -0.0250000004 0.0138123215 0.0321592875 synchronous_release_1
0.023734 -0.0250000004 0.00566769621 -0.0345380547 synchronous_release_0
0.026125 -0.0250000004 0.0270769846 0.0221773962 synchronous_release_0
0.024014 -0.0250000004 0.034986565 0.000969675363 synchronous_release_0
0.028243 -0.0250000004 0.0234158394 -0.0260134286 synchronous_release_0
0.036779 -0.0250000004 0.0342362097 0.00727199749 synchronous_release_0
0.030928 -0.0250000004 -0.00180561665 0.0349533939 synchronous_release_0
0.024173 -0.0250000004 0.0297023197 0.0185141082 synchronous_release_0
0.023789 -0.0250000004 0.00856836453 0.0339349839 synchronous_release_0
0.030088 -0.0250000004 0.0316503807 0.0149416666 synchronous_release_0
0.023979 -0.0250000004 0.0247004011 0.0247969794 synchronous_release_0
0.006915 -0.0250000004 -0.0125909988 0.0326568025 synchronous_release_0
0.034769 -0.0250000004 -0.03457712 0.00542427647 synchronous_release_0
0.004028 -0.0250000004 -0.034682056 -0.00470690868 synchronous_release_0
0.007534 -0.0250000004 0.034427316 0.00630554625 synchronous_release_0
0.025446 -0.0250000004 0.0174348027 -0.0303484374 synchronous_release_0
0.024315 -0.0250000004 0.000111288734 -0.000993788115 synchronous_release_0
0.004785 -0.0250000004 0.033721929 -0.00937184625 synchronous_release_0
0.025138 -0.0250000004 0.0249772215 0.0245181241 synchronous_release_0
0.003799 -0.0250000004 0.0185253186 0.0296953291 synchronous_release_1
0.003539 -0.0250000004 0.0189066137 -0.0294540313 synchronous_release_0
0.027091 -0.0250000004 0.0340137608 -0.00825009557 synchronous_release_0
0.026708 -0.0250000004 0.0329702387 -0.0117457804 synchronous_release_0
0.03369 -0.0250000004 0.0315522347 0.0151478211 synchronous_release_1
0.024814 -0.0250000004 0.0241955825 -0.0252897961 synchronous_release_0
0.035641 -0.0250000004 -0.0336937467 -0.00947266773 synchronous_release_0
0.024134 -0.0250000004 0.0340985465 -0.00789234627 synchronous_release_0
0.034779 -0.0250000004 0.0238842456 0.0255840343 synchronous_release_1
0.025832 -0.0250000004 0.024102851 0.0253781909 synchronous_release_0
0.037783 -0.0250000004 0.0340295835 -0.00818458584 synchronous_release_0
0.025585 -0.0250000004 0.0150865631 0.0315815708 synchronous_release_1
0.025524 -0.0250000004 0.0239161778 -0.0255541863 synchronous_release_0
0.006268 -0.0250000004 0.0316290184 -0.0149868341 synchronous_release_0
0.030925 -0.0250000004 -0.00283553013 0.0348849505 synchronous_release_1
0.02664 -0.0250000004 -0.00186866117 0.0349500802 synchronous_release_0
0.00873 -0.0250000004 -0.00950343227 0.0336850824 synchronous_release_0
0.024499 -0.0250000004 0.0339238532 -0.00861232742 synchronous_release_0
0.023828 -0.0250000004 0.025434895 -0.0240430056 synchronous_release_0
0.024105 -0.0250000004 -0.0178110453 -0.0301291664 synchronous_release_0
0.024323 -0.0250000004 0.0349730159 -0.00137410244 synchronous_release_0
0.028255 -0.0250000004 0.0315179489 0.0152190307 synchronous_release_1
0.036417 -0.0250000004 0.0340200809 0.00822399528 synchronous_release_0
0.030393 -0.0250000004 0.0344681615 -0.00607830926 synchronous_release_1
0.023117 -0.0250000004 0.0345315149 0.00570740581 synchronous_release_0
0.003518 -0.0250000004 0.0279467678 0.0210707895 synchronous_release_0
0.02757 -0.0250000004 0.0322212229 -0.0136672162 synchronous_release_0
0.027272 -0.0250000004 0.0347139991 0.00446522859 synchronous_release_0
0.023641 -0.0250000004 -0.0147940255 -0.0317196597 synchronous_release_0
0.023614 -0.0250000004 0.00570801719 -0.0345314138 synchronous_release_0
0.029549 -0.0250000004 0.00678533745 -0.0343359752 synchronous_release_0
0.003037 -0.0250000004 0.0325255965 -0.0129261584 synchronous_release_0
0.024076 -0.0250000004 0.0346075942 -0.00522632058 synchronous_release_0
0.024991 -0.0250000004 0.0295989705 0.0186788904 synchronous_release_1
0.032381 -0.0250000004 -0.0295989705 -0.0186788904 synchronous_release_1
0.040271 -0.0250000004 0.0013769084 -0.0349729056 synchronous_release_2
0.003858 -0.0250000004 0.00618348367 0.0344494489 synchronous_release_0
0.027561 -0.0250000004 -0.0205588724 0.0570292273 synchronous_release_1
0.023777 -0.0250000004 0.0339555685 -0.00848642254 synchronous_release_0
0.023601 -0.0250000004 0.034785716 -0.00386703504 synchronous_release_0
0.011358 -0.0250000004 -0.021103997 0.0279216996 synchronous_release_0
0.009074 -0.0250000004 -0.0172116994 0.0304755214 synchronous_release_0
0.023618 -0.0250000004 0.0349984254 -0.000331991821 synchronous_release_0
0.023757 -0.0250000004 0.00056990075 -0.0349953599 synchronous_release_0
0.024725 -0.0250000004 0.030591821 -0.0170041314 synchronous_release_0
0.025463 -0.0250000004 0.0310373123 0.0161766884 synchronous_release_0
0.040573 -0.0250000004 -0.00150923306 -0.0349674451 synchronous_release_0
0.012608 -0.0250000004 -0.0128012445 0.0325749618 synchronous_release_0
0.023406 -0.0250000004 0.0346113667 -0.00520127796 synchronous_release_0
0.02454 -0.0250000004 -0.0343111567 -0.00690974118 synchronous_release_0
0.023795 -0.0250000004 -0.00167712644 0.0349597947 synchronous_release_0
0.013817 -0.0250000004 0.0340994526 0.0078884305 synchronous_release_0
0.0307 -0.0250000004 0.0152404381 -0.031507603 synchronous_release_0
0.036264 -0.0250000004 -0.0196661656 -0.028952408 synchronous_release_0
0.025344 -0.0250000004 0.030254013 -0.0175981447 synchronous_release_2
0.027308 -0.0250000004 0.0341845381 -0.00751114876 synchronous_release_1
0.026949 -0.0250000004 0.0698771897 -0.00414467819 synchronous_release_0
0.023898 -0.0250000004 -0.0264144239 0.0229625393 synchronous_release_0
0.042941 -0.0250000004 -0.0172570411 -0.0304498692 synchronous_release_1
0.029595 -0.0250000004 -0.0263443088 0.0230429467 synchronous_release_0
0.028761 -0.0250000004 0.00837288274 -0.0339837437 synchronous_release_0
0.025273 -0.0250000004 0.0340092118 0.00826882782 synchronous_release_0
0.029295 -0.0250000004 -0.0241656208 0.0253184275 synchronous_release_0
0.0287 -0.0250000004 -0.0297584541 -0.0184237458 synchronous_release_0
0.029582 -0.0250000004 0.0347839094 0.00388325244 synchronous_release_0
0.006097 -0.0250000004 0.0347896352 -0.00383161591 synchronous_release_0
0.030002 -0.0250000004 -0.0140765409 0.0320445159 synchronous_release_0
0.025833 -0.0250000004 -0.00287044611 0.0348820948 synchronous_release_1
0.004287 -0.0250000004 -0.00624932926 0.034437565 synchronous_release_0
0.024946 -0.0250000004 0.000689678215 0.000724115985 synchronous_release_1
0.023119 -0.0250000004 -0.0118574457 -0.0329302442 synchronous_release_0
0.036249 -0.0250000004 0.0118574457 0.0329302442 synchronous_release_0
0.024196 -0.0250000004 -0.0349473112 0.00191975079 synchronous_release_0
0.02773 -0.0250000004 -0.0349718541 0.00140335972 synchronous_release_0
0.006938 -0.0250000004 0.030951746 -0.0163398108 synchronous_release_0
0.020021 -0.0250000004 -0.00132518176 0.0349749038 synchronous_release_0
0.028276 -0.0250000004 0.00619032812 0.0344482197 synchronous_release_0
0.023558 -0.0250000004 0.0326457334 -0.0126196709 synchronous_release_1
0.023634 -0.0250000004 0.028543702 0.0202548038 synchronous_release_1
0.023852 -0.0250000004 0.0322952514 -0.0134913578 synchronous_release_1
0.024339 -0.0250000004 -0.0159617475 -0.0311483967 synchronous_release_0
0.027043 -0.0250000004 -0.000463089093 -0.000886311735 synchronous_release_0
0.025755 -0.0250000004 0.0349377529 0.0020864858 synchronous_release_0
0.024016 -0.0250000004 -0.00330734689 -0.0348433847 synchronous_release_0
0.03138 -0.0250000004 0.0349907102 -0.000806349991 synchronous_release_0
0.024489 -0.0250000004 0.0348393742 -0.00334932909 synchronous_release_0
0.023224 -0.0250000004 0.0343109005 0.00691101328 synchronous_release_0
0.023957 -0.0250000004 0.014735049 0.0317470996 synchronous_release_0
0.018729 -0.0250000004 0.0153265883 0.031465786 synchronous_release_0
0.025249 -0.0250000004 0.0349898524 -0.000842750727 synchronous_release_0
0.026775 -0.0250000004 0.0256786259 -0.0237825182 synchronous_release_1
0.023465 -0.0250000004 0.0337412124 0.00930218168 synchronous_release_0
0.027851 -0.0250000004 0.0255591526 0.0239108703 synchronous_release_0
0.023966 -0.0250000004 0.0583104776 -0.0387283902 synchronous_release_0
0.030451 -0.0250000004 -0.00219226548 -0.034931275 synchronous_release_0
0.027416 -0.0250000004 -0.0330845079 -0.0507977887 synchronous_release_0
0.038347 -0.0250000004 0.0290096492 -0.0195816305 synchronous_release_2
0.024026 -0.0250000004 0.022285685 0.0269879277 synchronous_release_0
0.038902 -0.0250000004 0.0338596776 -0.00886127698 synchronous_release_0
0.029605 -0.0250000004 0.0152065175 0.0315239881 synchronous_release_0
0.0057 -0.0250000004 0.0349038333 0.0025927636 synchronous_release_1
0.03907 -0.0250000004 -0.00733323054 -0.0342231461 synchronous_release_0
0.030919 -0.0250000004 0.0349482716 0.00190218623 synchronous_release_0
0.026145 -0.0250000004 0.0155607846 0.0313506297 synchronous_release_0
0.028173 -0.0250000004 0.0156264671 0.0313179426 synchronous_release_0
0.017318 -0.0250000004 0.0273893324 0.0217904674 synchronous_release_0
0.027599 -0.0250000004 -0.0325657645 0.012824624 synchronous_release_0
0.023437 -0.0250000004 0.034009748 -0.00826662207 synchronous_release_0
0.042749 -0.0250000004 -0.034009748 0.00826662207 synchronous_release_0
0.004099 -0.0250000004 0.0304656239 0.0172292124 synchronous_release_0
0.033953 -0.0250000004 -0.0304656239 -0.0172292124 synchronous_release_0
0.024056 -0.0250000004 0.0302960949 -0.0175255994 synchronous_release_0
0.04055 -0.0250000004 -2.95668244e-05 -0.0349999875 synchronous_release_1
0.024998 -0.0250000004 0.0174067139 0.0303645568 synchronous_release_0
0.027064 -0.0250000004 0.0322996012 -0.0134809406 synchronous_release_1
0.042835 -0.0250000004 0.0291162232 0.01942281 synchronous_release_0
0.029752 -0.0250000004 -0.0133002327 -0.0323744314 synchronous_release_0
0.027419 -0.0250000004 -0.0251661633 0.024324149 synchronous_release_0
0.034745 -0.0250000004 -0.0084822493 -0.0339566112 synchronous_release_0
0.003862 -0.0250000004 0.0128583222 -0.0325524738 synchronous_release_1
0.023822 -0.0250000004 0.0349451832 -0.0019581038 synchronous_release_0
0.024718 -0.0250000004 -0.0156886112 0.0312868579 synchronous_release_0
0.02407 -0.0250000004 0.0319603925 0.0142665102 synchronous_release_0
0.026672 -0.0250000004 0.0215878112 0.027549345 synchronous_release_0
0.010042 -0.0250000004 -0.0349930939 0.000695256005 synchronous_release_0
0.026912 -0.0250000004 -0.000758718247 -0.000651418929 synchronous_release_1
0.024051 -0.0250000004 0.033826781 -0.00898603858 synchronous_release_0
0.032577 -0.0250000004 -0.000644080104 0.0349940732 synchronous_release_0
0.028732 -0.0250000004 0.0299837163 0.0180548263 synchronous_release_1
0.025287 -0.0250000004 -0.0138247887 -0.03215393 synchronous_release_0
0.023485 -0.0250000004 0.0349936217 -0.000668164499 synchronous_release_0
0.027458 -0.0250000004 0.0224089688 0.0268856489 synchronous_release_1
0.024833 -0.0250000004 0.0305135961 0.0171441084 synchronous_release_0
0.028857 -0.0250000004 -0.000409564639 -0.0349976036 synchronous_release_0
0.026431 -0.0250000004 0.0693672282 0.00939082824 synchronous_release_0
0.009311 -0.0250000004 -0.00305803059 0.0348661505 synchronous_release_1
0.003894 -0.0250000004 0.0334379914 0.010339281 synchronous_release_0
0.036701 -0.0250000004 0.000277987972 0.000960584555 synchronous_release_0
0.024206 -0.0250000004 0.0165925551 -0.030816994 synchronous_release_0
0.005088 -0.0250000004 0.0336750924 -0.00953877105 synchronous_release_0
0.027346 -0.0250000004 -0.000851644926 -0.000524119185 synchronous_release_0
0.024133 -0.0250000004 0.027322151 0.0218746443 synchronous_release_0
0.039203 -0.0250000004 0.00528292219 -0.034598999 synchronous_release_0
0.028502 -0.0250000004 -0.0343541688 -0.00669261452 synchronous_release_0
0.016969 -0.0250000004 -0.000858867762 0.00051219739 synchronous_release_0
0.024724 -0.0250000004 0.0170695912 -0.0305553442 synchronous_release_0
0.02572 -0.0250000004 0.0258290799 0.0236190312 synchronous_release_0
0.023578 -0.0250000004 -0.0294949158 -0.0188427689 synchronous_release_0
0.026206 -0.0250000004 0.0310657745 -0.0161219619 synchronous_release_0
0.035572 -0.0250000004 0.00150121568 0.0349677902 synchronous_release_0
0.030002 -0.0250000004 0.00393290518 0.0347783303 synchronous_release_1
0.018494 -0.0250000004 -0.0265373459 0.0228203697 synchronous_release_0
0.030268 -0.0250000004 -0.000987536892 -0.000157387699 synchronous_release_0
0.02634 -0.0250000004 0.0349953993 -0.00056747215 synchronous_release_1
0.024981 -0.0250000004 0.0326465855 -0.0126174662 synchronous_release_0
0.03377 -0.0250000004 0.0348464711 0.00327466849 synchronous_release_0
0.024169 -0.0250000004 0.0300424953 -0.0179568505 synchronous_release_0
0.029266 -0.0250000004 0.000486832538 -0.000873495323 synchronous_release_0
0.030466 -0.0250000004 0.0181004149 -0.0299562177 synchronous_release_0
0.041921 -0.0250000004 0.0255935154 0.0238740857 synchronous_release_0
0.025308 -0.0250000004 0.0349505394 -0.00186005274 synchronous_release_0
0.006727 -0.0250000004 0.0349867806 -0.000961864728 synchronous_release_0
0.023317 -0.0250000004 -0.016660391 0.0307803732 synchronous_release_0
0.033419 -0.0250000004 0.016660391 -0.0307803732 synchronous_release_0
0.024727 -0.0250000004 0.032044242 -0.0140771642 synchronous_release_0
0.003919 -0.0250000004 0.0297260863 -0.0184759247 synchronous_release_0
0.027179 -0.0250000004 -0.0165363337 -0.0308471987 synchronous_release_0
0.043302 -0.0250000004 0.0349826246 0.00110271432 synchronous_release_1
0.027222 -0.0250000004 0.0340351251 -0.00816151101 synchronous_release_1
0.023887 -0.0250000004 0.00360740005 -0.0348135989 synchronous_release_0
0.024213 -0.0250000004 0.0318238317 0.0145685873 synchronous_release_0
0.033057 -0.0250000004 -0.0349989376 -0.000272704132 synchronous_release_0
0.009256 -0.0250000004 0.000958821779 0.000284008445 synchronous_release_0
0.024201 -0.0250000004 0.00167369369 -0.0349599592 synchronous_release_0
0.039573 -0.0250000004 0.0311130597 -0.0160305184 synchronous_release_0
0.032781 -0.0250000004 0.0340061546 0.00828139171 synchronous_release_0
0.023648 -0.0250000004 0.0186697361 0.0296047454 synchronous_release_0
0.038613 -0.0250000004 0.0008848811 0.000465816959 synchronous_release_0
0.024206 -0.0250000004 0.0294297323 0.0189444149 synchronous_release_0
0.029139 -0.0250000004 0.0286946 0.0200404573 synchronous_release_0
0.039057 -0.0250000004 0.000599470349 -0.000800396965 synchronous_release_0
0.003564 -0.0250000004 0.0348698077 0.00301604173 synchronous_release_0
0.026056 -0.0250000004 0.0148229351 0.0317061602 synchronous_release_0
0.007975 -0.0250000004 0.0288832431 0.0197676066 synchronous_release_0
0.0253 -0.0250000004 0.031560871 -0.0151298189 synchronous_release_0
0.024532 -0.0250000004 -0.0222301752 -0.02703367 synchronous_release_0
0.023553 -0.0250000004 0.0323259875 -0.0134175457 synchronous_release_0
0.027267 -0.0250000004 0.0254017714 -0.0240779984 synchronous_release_0
0.023962 -0.0250000004 0.0313246909 -0.015612935 synchronous_release_0
0.00387 -0.0250000004 -0.00354734895 0.034819769 synchronous_release_0
0.024577 -0.0250000004 0.0279912322 0.0210116853 synchronous_release_0
0.008625 -0.0250000004 0.0344146447 -0.00637434134 synchronous_release_0
0.035505 -0.0250000004 -0.000760479598 0.000649361826 synchronous_release_2
0.03193 -0.0250000004 0.0192410683 0.0292366429 synchronous_release_1
0.024034 -0.0250000004 0.0316193327 -0.0150072582 synchronous_release_0
0.026331 -0.0250000004 0.0298744412 0.0182350696 synchronous_release_1
0.003717 -0.0250000004 0.0105489595 -0.0333724355 synchronous_release_0
0.026348 -0.0250000004 -0.0341758567 0.00755055087 synchronous_release_0
0.003778 -0.0250000004 0.0347911261 -0.00381805526 synchronous_release_0
0.026015 -0.0250000004 -0.0349933743 0.000680996663 synchronous_release_0
0.026969 -0.0250000004 -0.0278909276 -0.0211446484 synchronous_release_0
0.035869 -0.0250000004 -0.000388055076 -0.000921636185 synchronous_release_0
0.007503 -0.0250000004 0.00666745001 -0.0343590615 synchronous_release_0
0.031262 -0.0250000004 0.0264220951 0.0229537119 synchronous_release_0
0.033588 -0.0250000004 0.011220334 0.033152739 synchronous_release_1
0.024293 -0.0250000004 0.0254155183 0.0240634875 synchronous_release_0
0.006493 -0.0250000004 0.0337791994 -0.00916327932 synchronous_release_0
0.029674 -0.0250000004 0.033764515 0.00921724059 synchronous_release_0
0.02798 -0.0250000004 0.000597965153 0.000801522099 synchronous_release_0
0.025535 -0.0250000004 -0.0275525151 -0.021583765 synchronous_release_0
0.023154 -0.0250000004 0.029985047 0.0180526163 synchronous_release_0
0.025388 -0.0250000004 0.000641500787 -0.0349941206 synchronous_release_1
0.003125 -0.0250000004 0.0310794614 0.0160955608 synchronous_release_0
0.003676 -0.0250000004 0.0294788952 -0.0188678228 synchronous_release_0
0.024872 -0.0250000004 0.0220195719 -0.0272054857 synchronous_release_0
0.025566 -0.0250000004 0.0125508558 0.0326722515 synchronous_release_0
0.024201 -0.0250000004 0.0232888638 -0.0261271664 synchronous_release_0
0.028069 -0.0250000004 0.0324589295 -0.0130926658 synchronous_release_0
0.024034 -0.0250000004 0.0275680459 0.0215639246 synchronous_release_1
0.023165 -0.0250000004 0.03050112 -0.0171662948 synchronous_release_0
0.038722 -0.0250000004 -0.0196663252 0.0289522996 synchronous_release_0
0.025782 -0.0250000004 0.0238167858 -0.0256468461 synchronous_release_0
0.027923 -0.0250000004 0.0250198679 0.0244746034 synchronous_release_0
0.026726 -0.0250000004 0.0283906314 0.0204688067 synchronous_release_0
0.025121 -0.0250000004 -0.0193459079 -0.0291673765 synchronous_release_0
0.005077 -0.0250000004 -0.0022010237 -0.0349307242 synchronous_release_0
0.025623 -0.0250000004 -0.0313514064 -0.0155592197 synchronous_release_0
0.033837 -0.0250000004 0.0341009685 0.00788187444 synchronous_release_1
0.023442 -0.0250000004 0.000537708956 -0.000843130523 synchronous_release_0
0.028085 -0.0250000004 0.0333238764 0.0107013674 synchronous_release_0
0.037198 -0.0250000004 -0.00739428213 -0.0342100072 synchronous_release_1
0.032337 -0.0250000004 -0.0211128979 -0.0279149698 synchronous_release_1
0.023897 -0.0250000004 0.0331400665 -0.0112577083 synchronous_release_0
0.028927 -0.0250000004 -0.00682057188 0.0343289936 synchronous_release_0
0.030025 -0.0250000004 0.0194989227 0.0574002789 synchronous_release_0
0.004197 -0.0250000004 -0.0290006288 0.0195949874 synchronous_release_0
0.025394 -0.0250000004 0.0341140488 -0.00782506704 synchronous_release_0
0.004406 -0.0250000004 0.0319150332 0.0143676949 synchronous_release_0
0.007859 -0.0250000004 0.0327047759 -0.0124658588 synchronous_release_0
0.026465 -0.0250000004 0.0566315882 -0.0216301461 synchronous_release_0
0.039061 -0.0250000004 0.0312412402 -0.0157792556 synchronous_release_0
0.023956 -0.0250000004 0.00233912015 0.0349217485 synchronous_release_0
0.037658 -0.0250000004 -0.0253093907 0.0241750851 synchronous_release_0
0.025353 -0.0250000004 0.0335909332 0.00983103274 synchronous_release_1
0.019412 -0.0250000004 0.0347365455 0.00428630447 synchronous_release_0
0.028798 -0.0250000004 0.033515717 -0.0100844789 synchronous_release_0
0.04632 -0.0250000004 0.033354203 -0.0106064669 synchronous_release_1
0.00627 -0.0250000004 0.00388645093 -0.0347835521 synchronous_release_0
0.032271 -0.0250000004 0.0191135261 0.0293201828 synchronous_release_0
0.029591 -0.0250000004 0.000997336296 7.29404771e-05 synchronous_release_0
0.024117 -0.0250000004 0.0236200458 0.0258281521 synchronous_release_0
0.006588 -0.0250000004 0.0299264896 -0.018149524 synchronous_release_0
0.023635 -0.0250000004 -0.0299264896 0.018149524 synchronous_release_0
0.032994 -0.0250000004 0.0306811936 0.0168423383 synchronous_release_0
0.009043 -0.0250000004 0.0256479462 -0.0238156011 synchronous_release_0
0.027939 -0.0250000004 0.00108732349 0.0349831063 synchronous_release_0
0.041583 -0.0250000004 0.0348173395 0.00357111609 synchronous_release_0
0.023425 -0.0250000004 0.0307469945 0.0167219116 synchronous_release_0
0.00729 -0.0250000004 0.0202102055 -0.0285752969 synchronous_release_0
0.023094 -0.0250000004 0.000908291424 -0.000418338007 synchronous_release_0
0.030572 -0.0250000004 0.0348520358 0.00321490296 synchronous_release_0
0.026172 -0.0250000004 0.0234216005 -0.0260082416 synchronous_release_0
0.037928 -0.0250000004 0.0108129976 0.0332878218 synchronous_release_0
0.023736 -0.0250000004 0.0344193305 0.0063489911 synchronous_release_1
0.023894 -0.0250000004 0.0330851463 -0.0114181037 synchronous_release_0
0.02591 -0.0250000004 0.00098176083 0.000190120152 synchronous_release_2
0.046763 -0.0250000004 0.0332954295 -0.0107895493 synchronous_release_0
0.025051 -0.0250000004 -0.000346135521 -0.000938184524 synchronous_release_0
0.031629 -0.0250000004 0.0269099046 0.0223798355 synchronous_release_1
0.036177 -0.0250000004 0.0312001804 0.0158602882 synchronous_release_1
0.029497 -0.0250000004 0.0240658216 -0.0254133081 synchronous_release_1
0.023823 -0.0250000004 0.0606217598 -4.73779065e-05 synchronous_release_0
0.023505 -0.0250000004 0.0228377019 -0.0265224315 synchronous_release_0
0.033888 -0.0250000004 -0.00022229594 -0.000974979238 synchronous_release_0
0.023794 -0.0250000004 0.0104451585 -0.0334050694 synchronous_release_0
0.024428 -0.0250000004 -0.0185218419 0.0296974977 synchronous_release_0
0.023581 -0.0250000004 -0.00254176147 -0.0349075844 synchronous_release_0
0.003766 -0.0250000004 -0.00334833393 0.0348394699 synchronous_release_0
0.027798 -0.0250000004 0.033930151 0.00858748255 synchronous_release_0
0.023747 -0.0250000004 0.000593680916 0.000804700546 synchronous_release_0
0.034706 -0.0250000004 0.032077256 0.014001773 synchronous_release_1
0.012035 -0.0250000004 0.0322874425 0.0135100355 synchronous_release_0
0.027192 -0.0250000004 -0.024807744 0.0246895896 synchronous_release_0
0.046915 -0.0250000004 -0.000966540896 0.000256512565 synchronous_release_0
0.024434 -0.0250000004 0.0349486128 -0.00189590658 synchronous_release_0
0.023654 -0.0250000004 0.0349745406 0.00133473109 synchronous_release_0
0.026737 -0.0250000004 0.0186431814 -0.0296214751 synchronous_release_1
0.029074 -0.0250000004 -0.0344293967 -0.00629417506 synchronous_release_0
0.02452 -0.0250000004 0.00526863911 -0.0346011769 synchronous_release_0
0.004604 -0.0250000004 0.0334422019 0.0103256542 synchronous_release_0
0.005096 -0.0250000004 0.0319140831 -0.0143698051 synchronous_release_0
0.026146 -0.0250000004 -0.0345930985 0.00532142236 synchronous_release_0
0.024171 -0.0250000004 0.0223702397 -0.0269178821 synchronous_release_0
0.00333 -0.0250000004 0.00428055158 -0.0347372549 synchronous_release_0
0.030135 -0.0250000004 0.0340347572 -0.008163045 synchronous_release_1
0.027054 -0.0250000004 -0.000507773227 0.000861490772 synchronous_release_0
0.031412 -0.0250000004 -0.000462695088 -0.000886517487 synchronous_release_1
0.038424 -0.0250000004 -7.45240193e-05 0.000997219219 synchronous_release_0
0.03038 -0.0250000004 2.73893876e-05 -0.00099962484 synchronous_release_0
0.02896 -0.0250000004 0.0278971727 -0.0211364083 synchronous_release_0
0.023329 -0.0250000004 0.0224837916 0.0268231079 synchronous_release_1
0.024551 -0.0250000004 -0.00691254265 0.0343105924 synchronous_release_0
0.030864 -0.0250000004 0.00691254265 -0.0343105924 synchronous_release_0
0.034764 -0.0250000004 0.0201418362 0.0286235294 synchronous_release_0
0.009207 -0.0250000004 0.0349585666 -0.00170253366 synchronous_release_0
0.016272 -0.0250000004 -0.0160048459 0.0311262736 synchronous_release_0
0.0036 -0.0250000004 -0.00142662914 0.0349709126 synchronous_release_0
0.024036 -0.0250000004 -0.00300964549 -0.0348703604 synchronous_release_0
0.036924 -0.0250000004 0.0286937952 -0.0200416096 synchronous_release_0
0.0237 -0.0250000004 0.034883102 0.00285817992 synchronous_release_0
0.028711 -0.0250000004 0.0321821864 0.0137588836 synchronous_release_0
0.004227 -0.0250000004 0.0345611703 0.00552498922 synchronous_release_0
0.035537 -0.0250000004 0.0251787985 0.0243110696 synchronous_release_0
0.028401 -0.0250000004 0.0308775183 -0.0164796499 synchronous_release_0
0.024634 -0.0250000004 -0.000311689481 -0.000950184018 synchronous_release_0
0.024209 -0.0250000004 -0.00839408566 0.0339785127 synchronous_release_1
0.023574 -0.0250000004 0.0347291838 0.00434554838 synchronous_release_0
0.025581 -0.0250000004 -0.00298695746 -0.0348723112 synchronous_release_0
0.023519 -0.0250000004 0.0211678353 0.027873334 synchronous_release_0
0.032742 -0.0250000004 -0.000796380972 0.000604795294 synchronous_release_0
0.023357 -0.0250000004 0.0311427952 -0.0159726737 synchronous_release_1
0.025333 -0.0250000004 0.0344619581 -0.00611338257 synchronous_release_0
0.023433 -0.0250000004 -0.0297085973 0.0185040332 synchronous_release_0
0.006672 -0.0250000004 0.00158981582 0.034963874 synchronous_release_0
0.029017 -0.0250000004 0.031074511 0.0161051161 synchronous_release_0
0.024989 -0.0250000004 0.00062255919 0.000782572716 synchronous_release_0
0.010607 -0.0250000004 -0.0093001112 -0.0337417832 synchronous_release_0
0.024322 -0.0250000004 0.0245711858 -0.0249250241 synchronous_release_1
0.024312 -0.0250000004 0.0204079886 -0.0284343806 synchronous_release_0
0.023628 -0.0250000004 0.0278382413 -0.0212139653 synchronous_release_0
0.03009 -0.0250000004 -0.00445271221 -0.0347156068 synchronous_release_0
0.006382 -0.0250000004 -0.017813778 -0.0301275508 synchronous_release_0
0.011826 -0.0250000004 0.0102626872 -0.0334615787 synchronous_release_0
0.028534 -0.0250000004 -0.00111146493 -0.0349823476 synchronous_release_0
0.024935 -0.0250000004 0.026778076 0.0225374055 synchronous_release_1
0.027581 -0.0250000004 0.034825991 0.00348573535 synchronous_release_1
0.023407 -0.0250000004 0.022798474 0.026556159 synchronous_release_0
0.003679 -0.0250000004 0.0330924225 -0.0113969985 synchronous_release_0
0.028476 -0.0250000004 -0.000419184905 0.000907900884 synchronous_release_1
0.030874 -0.0250000004 0.0163503681 0.0309461704 synchronous_release_1
0.031329 -0.0250000004 0.0268346065 0.0224700666 synchronous_release_0
0.028791 -0.0250000004 0.0273695453 0.0218153156 synchronous_release_1
0.025206 -0.0250000004 0.032134465 0.0138699733 synchronous_release_0
0.025498 -0.0250000004 0.0316412464 -0.0149610002 synchronous_release_1
0.024402 -0.0250000004 0.0343690316 -0.0066158649 synchronous_release_1
0.028009 -0.0250000004 -0.0187704722 -0.0295409779 synchronous_release_1
0.031991 -0.0250000004 0.0278960616 -0.0211378747 synchronous_release_0
0.003656 -0.0250000004 0.025962593 -0.0234721913 synchronous_release_0
0.024703 -0.0250000004 0.00734621741 0.0342203607 synchronous_release_1
0.029161 -0.0250000004 0.007811099 0.0341172498 synchronous_release_0
0.024031 -0.0250000004 0.029823239 0.0183186903 synchronous_release_0
0.02863 -0.0250000004 0.0327951331 0.0122261704 synchronous_release_1
0.02659 -0.0250000004 -0.000995994017 -8.9419899e-05 synchronous_release_0
0.025125 -0.0250000004 -0.0081962188 -0.0340267835 synchronous_release_0
0.003369 -0.0250000004 0.014386653 0.0319064918 synchronous_release_0
0.004785 -0.0250000004 0.0204385059 -0.0284124528 synchronous_release_0
0.025421 -0.0250000004 0.0170023455 0.0305928137 synchronous_release_1
0.02529 -0.0250000004 -0.000999804656 1.97648502e-05 synchronous_release_0
0.004779 -0.0250000004 0.0299590832 -0.0180956717 synchronous_release_1
0.023292 -0.0250000004 0.0323148947 -0.0134442397 synchronous_release_0
0.027889 -0.0250000004 -0.00451439423 0.0347076396 synchronous_release_0
0.025853 -0.0250000004 0.0246759668 0.0248212945 synchronous_release_0
0.026219 -0.0250000004 0.0270314258 0.022232904 synchronous_release_0
0.006227 -0.0250000004 0.0256061443 0.0238605401 synchronous_release_0
0.023537 -0.0250000004 0.0333591179 0.0105909987 synchronous_release_0
0.030987 -0.0250000004 -0.000976724083 0.000214499571 synchronous_release_0
0.023228 -0.0250000004 0.0284208185 -0.0204268713 synchronous_release_0
0.036138 -0.0250000004 -0.00099504533 9.94222923e-05 synchronous_release_0
0.003697 -0.0250000004 0.0164375164 -0.0308999685 synchronous_release_0
0.026935 -0.0250000004 0.000848151172 -0.000529754273 synchronous_release_0
0.025028 -0.0250000004 -0.0232392874 -0.0261712729 synchronous_release_0
0.027953 -0.0250000004 0.0110453435 -0.0332114496 synchronous_release_0
0.005805 -0.0250000004 0.0297137001 0.0184958381 synchronous_release_0
0.031044 -0.0250000004 -0.00235015718 -0.0349210074 synchronous_release_0
0.028622 -0.0250000004 -0.0338610707 0.00885595248 synchronous_release_0
0.026856 -0.0250000004 0.0323422748 -0.0133782383 synchronous_release_0
0.023631 -0.0250000004 0.0225770808 0.0267446335 synchronous_release_0
0.023867 -0.0250000004 0.028324373 0.0205603963 synchronous_release_1
0.025743 -0.0250000004 0.0334952087 0.0101523885 synchronous_release_0
0.023333 -0.0250000004 0.0263056958 -0.0230870173 synchronous_release_0
0.028164 -0.0250000004 0.00684109555 0.0343249095 synchronous_release_0
0.023887 -0.0250000004 0.0213325995 0.0277474359 synchronous_release_0
0.024049 -0.0250000004 0.0306140979 0.0169639915 synchronous_release_0
0.028258 -0.0250000004 -0.0306140979 -0.0169639915 synchronous_release_1
0.027061 -0.0250000004 0.00276435698 -0.0348906625 synchronous_release_0
0.004903 -0.0250000004 0.00706856569 0.0342787891 synchronous_release_0
0.034892 -0.0250000004 0.0245040937 -0.0249909862 synchronous_release_0
0.023721 -0.0250000004 0.0338948758 0.00872567455 synchronous_release_1
0.025081 -0.0250000004 0.01855156 -0.0296789424 synchronous_release_0
0.027098 -0.0250000004 -0.00176584045 -0.034955426 synchronous_release_1
0.03007 -0.0250000004 -0.0211764534 -0.027866787 synchronous_release_0
0.023822 -0.0250000004 0.0208382596 0.0569277343 synchronous_release_0
0.032197 -0.0250000004 0.0328672427 -0.0120309748 synchronous_release_0
0.029942 -0.0250000004 0.0348772849 0.00292831009 synchronous_release_0
0.026741 -0.0250000004 -0.0315906046 -0.0150676375 synchronous_release_0
0.031776 -0.0250000004 -0.0288442591 0.0198244474 synchronous_release_0
0.023506 -0.0250000004 0.0138376641 0.0321483911 synchronous_release_1
0.010504 -0.0250000004 0.0268010914 -0.022510031 synchronous_release_0
0.036766 -0.0250000004 0.00609371301 0.0344654416 synchronous_release_0
0.023799 -0.0250000004 0.0049894379 -0.034642539 synchronous_release_1
0.044585 -0.0250000004 0.0600026377 0.00864195995 synchronous_release_1
0.023939 -0.0250000004 -0.0223392675 0.0269435916 synchronous_release_0
0.023777 -0.0250000004 0.0195555711 -0.0290272224 synchronous_release_0
0.037445 -0.0250000004 6.92002914e-05 -0.000997602787 synchronous_release_0
0.003591 -0.0250000004 -0.00769673679 -0.0341432313 synchronous_release_0
0.032135 -0.0250000004 -0.000678205292 -0.000734872493 synchronous_release_0
0.024632 -0.0250000004 0.00141679106 -0.0349713126 synchronous_release_0
0.035326 -0.0250000004 0.000464533692 0.000885555446 synchronous_release_0
0.023444 -0.0250000004 0.0303431769 0.0174439564 synchronous_release_0
0.023681 -0.0250000004 -0.0210237663 -0.0279821595 synchronous_release_0
0.028559 -0.0250000004 0.0347451441 -0.00421603591 synchronous_release_0
0.041759 -0.0250000004 -0.000370687259 -0.000928757749 synchronous_release_1
0.003656 -0.0250000004 0.0265327214 0.0228257463 synchronous_release_0
0.025211 -0.0250000004 0.0330340369 -0.0115651376 synchronous_release_0
0.023964 -0.0250000004 0.0290291956 0.0195526418 synchronous_release_0
0.023199 -0.0250000004 0.0311163062 -0.0160242157 synchronous_release_0
0.031671 -0.0250000004 -0.0325265025 0.0129238784 synchronous_release_0
0.024783 -0.0250000004 0.00166066846 0.0349605804 synchronous_release_1
0.02353 -0.0250000004 0.028156781 -0.0207893166 synchronous_release_0
0.033321 -0.0250000004 -0.0039256858 -0.0347791459 synchronous_release_0
0.025317 -0.0250000004 0.00884750155 -0.0338632798 synchronous_release_0
0.033863 -0.0250000004 0.0249027098 0.024593801 synchronous_release_0
0.037691 -0.0250000004 0.0296885462 0.0185361868 synchronous_release_0
0.023631 -0.0250000004 0.0348831844 0.00285717481 synchronous_release_0
0.029494 -0.0250000004 -0.000999128856 -4.17316408e-05 synchronous_release_0
0.024456 -0.0250000004 0.0257551136 0.023699665 synchronous_release_0
0.024534 -0.0250000004 -0.00926493768 -0.0337514582 synchronous_release_0
0.024707 -0.0250000004 -0.00847224009 0.0339591099 synchronous_release_0
0.032605 -0.0250000004 0.0322689664 -0.0135541067 synchronous_release_1
0.023482 -0.0250000004 -0.0268411843 -0.0224622088 synchronous_release_0
0.034753 -0.0250000004 -0.0349855834 -0.00100446852 synchronous_release_0
0.023564 -0.0250000004 0.0334716513 -0.0102297878 synchronous_release_0
0.037579 -0.0250000004 0.000951294791 -0.000308282695 synchronous_release_0
0.013042 -0.0250000004 0.0226130579 -0.0267142211 synchronous_release_0
0.006967 -0.0250000004 0.0276210862 0.0214959438 synchronous_release_0
0.025632 -0.0250000004 0.0302558873 -0.0175949221 synchronous_release_0
0.007906 -0.0250000004 -0.000614795276 0.0349946 synchronous_release_0
0.027732 -0.0250000004 -0.0306136102 0.0169648717 synchronous_release_0
0.025113 -0.0250000004 0.0344957962 -0.00591946322 synchronous_release_0
0.024413 -0.0250000004 0.0349589654 -0.00169432596 synchronous_release_0
0.02742 -0.0250000004 -0.000103081068 0.000994672958 synchronous_release_0
0.003829 -0.0250000004 0.0312654167 0.0157312974 synchronous_release_0
0.005739 -0.0250000004 0.0292564116 -0.0192109964 synchronous_release_1
0.028259 -0.0250000004 0.0227938433 0.0265601338 synchronous_release_2
0.033732 -0.0250000004 -0.0332760085 -0.0108492976 synchronous_release_0
0.025091 -0.0250000004 0.0325323114 -0.0129092491 synchronous_release_0
0.024027 -0.0250000004 -0.000333350223 0.00094280307 synchronous_release_0
0.043565 -0.0250000004 0.034248755 0.00721268199 synchronous_release_0
0.004702 -0.0250000004 0.0215558189 -0.0275743844 synchronous_release_0
0.027051 -0.0250000004 -0.00486488599 0.0346602493 synchronous_release_0
0.018796 -0.0250000004 -0.00339871982 -0.0348345906 synchronous_release_0
0.025508 -0.0250000004 0.0318670003 0.0144739176 synchronous_release_1
0.045174 -0.0250000004 0.00339871982 0.0348345906 synchronous_release_1
0.006774 -0.0250000004 -0.0149242566 0.0316585939 synchronous_release_0
0.023437 -0.0250000004 0.0348792748 -0.00290451161 synchronous_release_0
0.005071 -0.0250000004 0.0293649365 0.0190446975 synchronous_release_1
0.02418 -0.0250000004 -0.0283501715 0.0205248088 synchronous_release_0
0.012298 -0.0250000004 -0.0342612411 -0.00715313634 synchronous_release_0
0.026226 -0.0250000004 0.0223707905 0.0269174243 synchronous_release_0
0.025322 -0.0250000004 0.00893827442 0.0338394334 synchronous_release_1
0.024366 -0.0250000004 0.0322146092 -0.0136827978 synchronous_release_0
0.023859 -0.0250000004 0.00028651072 -0.000958077036 synchronous_release_0
0.023676 -0.0250000004 0.000650429891 -0.0349939558 synchronous_release_0
0.023959 -0.0250000004 0.0143382969 -0.0319282515 synchronous_release_0
0.027904 -0.0250000004 0.0348198253 -0.00354679637 synchronous_release_0
0.025057 -0.0250000004 0.0173156535 0.0304165768 synchronous_release_0
0.032915 -0.0250000004 0.0349993549 0.000212492595 synchronous_release_0
0.024444 -0.0250000004 0.0123145105 -0.0327620639 synchronous_release_0
0.026047 -0.0250000004 -0.000593472119 0.000804854548 synchronous_release_0
0.00961 -0.0250000004 0.0343492071 -0.00671803354 synchronous_release_0
0.023647 -0.0250000004 0.0328886381 0.0119723633 synchronous_release_0
0.025997 -0.0250000004 -0.00607594832 -0.0344685777 synchronous_release_0
0.024154 -0.0250000004 -0.000703080786 0.0349929375 synchronous_release_0
0.023869 -0.0250000004 -0.000337526268 0.00094131611 synchronous_release_0
0.026058 -0.0250000004 0.0214756684 -0.0276368534 synchronous_release_1
0.024446 -0.0250000004 0.0349593988 -0.0016853601 synchronous_release_0
0.038583 -0.0250000004 0.0160201347 -0.0311184075 synchronous_release_0
0.049142 -0.0250000004 -0.000594275548 -0.000804261508 synchronous_release_0
0.026637 -0.0250000004 0.0281491528 -0.0207996442 synchronous_release_2
0.023933 -0.0250000004 0.0344802735 -0.00600922128 synchronous_release_1
0.029017 -0.0250000004 0.0273113882 -0.0218880806 synchronous_release_1
0.024551 -0.0250000004 0.0284645112 -0.0203659422 synchronous_release_0
0.009596 -0.0250000004 -0.0145788244 -0.0318191433 synchronous_release_0
0.032579 -0.0250000004 0.0234493684 -0.0259832085 synchronous_release_0
0.004455 -0.0250000004 0.00910287351 0.0337955277 synchronous_release_0
0.023542 -0.0250000004 -0.0338192223 -0.00901444415 synchronous_release_0
0.003983 -0.0250000004 0.0338192223 0.00901444415 synchronous_release_1
0.034946 -0.0250000004 -0.0244739523 0.0250205048 synchronous_release_0
0.025264 -0.0250000004 0.0129657769 -0.0325098236 synchronous_release_0
0.031568 -0.0250000004 -0.0334655727 0.0102496557 synchronous_release_0
0.023735 -0.0250000004 -0.0132540967 0.0323933469 synchronous_release_0
0.027637 -0.0250000004 0.0132540967 -0.0323933469 synchronous_release_0
0.029515 -0.0250000004 0.0338816546 0.00877687184 synchronous_release_0
0.040454 -0.0250000004 0.00933983334 0.0337308096 synchronous_release_1
0.033703 -0.0250000004 0.0334078278 -0.0104363326 synchronous_release_0
0.023646 -0.0250000004 0.0257420431 0.0237138613 synchronous_release_1
0.025038 -0.0250000004 0.0349652346 0.00155960637 synchronous_release_1
