0.303868 -0.0250000004 0.0240684724 -0.0254107976 synchronous_release_0
0.517279 -0.0250000004 0.0537725852 -0.0279912323 synchronous_release_2
0.303908 -0.0250000004 0.0349256211 0.00228056784 synchronous_release_1
0.513406 -0.0250000004 0.00697339291 -0.0342982768 synchronous_release_0
0.208279 -0.0250000004 -0.0130210482 -0.0324877254 synchronous_release_0
0.305286 -0.0250000004 0.0130210482 0.0324877254 synchronous_release_0
0.420715 -0.0250000004 0.0216246715 -0.0275204212 synchronous_release_0
0.405176 -0.0250000004 0.0346457196 0.00496730422 synchronous_release_1
0.11241 -0.0250000004 -0.00971579776 -0.0336244446 synchronous_release_0
0.305004 -0.0250000004 0.0339775221 0.00839809461 synchronous_release_0
0.513482 -0.0250000004 0.0300584133 -0.0179301922 synchronous_release_0
0.208183 -0.0250000004 0.0338039854 0.00907141491 synchronous_release_0
0.210692 -0.0250000004 -0.0245865113 0.0249099069 synchronous_release_0
0.441716 -0.0250000004 0.0283453288 -0.0205314962 synchronous_release_1
0.504067 -0.0250000004 -0.034943523 0.00198751079 synchronous_release_0
0.411064 -0.0250000004 0.0266612526 0.0226754848 synchronous_release_0
0.307848 -0.0250000004 0.0444493832 -0.0412219885 synchronous_release_0
0.204315 -0.0250000004 -0.0315577905 0.0151362433 synchronous_release_0
0.30653 -0.0250000004 0.00534104813 -0.0697959397 synchronous_release_1
0.405437 -0.0250000004 0.0310318098 -0.0161872412 synchronous_release_0
0.505726 -0.0250000004 0.029534467 0.018780715 synchronous_release_0
0.52468 -0.0250000004 0.000536591858 -0.000843841915 synchronous_release_0
0.405608 -0.0250000004 0.0348419753 0.00332216203 synchronous_release_0
0.503448 -0.0250000004 0.00575415343 -0.0603480714 synchronous_release_0
0.40684 -0.0250000004 0.0311711197 0.0159173268 synchronous_release_0
0.413065 -0.0250000004 0.0623422395 0.0318346537 synchronous_release_0
0.41901 -0.0250000004 -0.0275696188 0.0539899631 synchronous_release_0
0.209633 -0.0250000004 0.0198089828 -0.0288548818 synchronous_release_0
0.219332 -0.0250000004 -0.0150845693 -0.0315825232 synchronous_release_0
0.406616 -0.0250000004 0.0150845693 0.0315825232 synchronous_release_0
0.506998 -0.0250000004 -0.0223043426 0.0269725101 synchronous_release_0
0.532924 -0.0250000004 0.0237221503 -0.0257344047 synchronous_release_0
0.403666 -0.0250000004 0.0606778216 -0.03490275 synchronous_release_0
0.32445 -0.0250000004 0.0184686845 -0.0297305851 synchronous_release_0
0.404182 -0.0250000004 0.0325629735 -0.0128317089 synchronous_release_0
0.429791 -0.0250000004 -0.0377318744 0.0474479257 synchronous_release_0
0.509356 -0.0250000004 -0.00516890086 0.0346162168 synchronous_release_0
0.534754 -0.0250000004 -0.00407589755 0.0347618621 synchronous_release_0
0.306212 -0.0250000004 -0.0134034194 0.0323318473 synchronous_release_0
0.303754 -0.0250000004 0.00715516405 -0.0342608177 synchronous_release_0
0.309998 -0.0250000004 0.0260931564 0.0233269627 synchronous_release_0
0.405999 -0.0250000004 0.0314146212 0.0154311884 synchronous_release_1
0.403854 -0.0250000004 0.030678464 0.0168473098 synchronous_release_0
0.519438 -0.0250000004 -0.030678464 -0.0168473098 synchronous_release_1
0.22267 -0.0250000004 0.0128979538 -0.0325367913 synchronous_release_0
0.304279 -0.0250000004 0.0563553756 0.0223399114 synchronous_release_0
0.427379 -0.0250000004 -0.0563553756 -0.0223399114 synchronous_release_1
0.311757 -0.0250000004 0.00994137032 -0.0335584439 synchronous_release_0
0.405594 -0.0250000004 0.000947328546 0.00032026337 synchronous_release_0
0.509292 -0.0250000004 0.0339238223 0.00861244913 synchronous_release_1
0.305002 -0.0250000004 0.0303332175 0.017461269 synchronous_release_1
0.510216 -0.0250000004 0.0105941411 0.0333581201 synchronous_release_1
0.203803 -0.0250000004 0.0518497413 -0.0314102583 synchronous_release_0
0.108767 -0.0250000004 0.0342445202 0.00723276114 synchronous_release_0
0.104178 -0.0250000004 0.018880101 0.029471033 synchronous_release_0
0.203426 -0.0250000004 0.0349627138 -0.00161513057 synchronous_release_0
0.50701 -0.0250000004 0.026323691 -0.0230664972 synchronous_release_0
0.405909 -0.0250000004 -0.0101593923 0.0334930851 synchronous_release_0
0.205303 -0.0250000004 0.0287531954 -0.0199562961 synchronous_release_1
0.510245 -0.0250000004 0.0344475858 -0.00619385446 synchronous_release_1
0.507768 -0.0250000004 0.0345817813 -0.00539447913 synchronous_release_0
0.50342 -0.0250000004 0.0574935515 0.0192221625 synchronous_release_0
0.518334 -0.0250000004 -0.0110979207 0.0331939175 synchronous_release_0
0.408298 -0.0250000004 0.0185041496 -0.0297085249 synchronous_release_0
0.515184 -0.0250000004 0.0313821021 -0.0154972148 synchronous_release_0
0.309462 -0.0250000004 -0.00033725818 -0.0349983751 synchronous_release_0
0.508016 -0.0250000004 -0.0285599709 0.0202318576 synchronous_release_1
0.205344 -0.0250000004 0.0516211458 -0.0317845451 synchronous_release_0
0.307752 -0.0250000004 -0.016635165 0.0307940138 synchronous_release_0
0.509501 -0.0250000004 0.000221141893 -0.000975241643 synchronous_release_0
0.404692 -0.0250000004 0.03159415 -0.0150602021 synchronous_release_0
0.206577 -0.0250000004 0.0341446732 -0.00769033743 synchronous_release_0
0.409595 -0.0250000004 0.0349811823 -0.00114755563 synchronous_release_0
0.208232 -0.0250000004 0.0342548675 -0.00718359627 synchronous_release_1
0.404294 -0.0250000004 0.0301337682 0.0178032585 synchronous_release_0
0.503691 -0.0250000004 0.0606187265 0.000608278971 synchronous_release_0
0.303682 -0.0250000004 0.0340519748 0.00809092139 synchronous_release_0
0.203784 -0.0250000004 0.0635687792 -0.0293088777 synchronous_release_1
0.404309 -0.0250000004 0.0259787798 -0.0234542747 synchronous_release_1
0.50959 -0.0250000004 0.0121899323 -0.03280862 synchronous_release_0
0.11101 -0.0250000004 -0.0172568343 -0.0304499864 synchronous_release_0
0.419137 -0.0250000004 -0.00086999961 0.000493052409 synchronous_release_1
0.31089 -0.0250000004 0.0560087485 -0.02319526 synchronous_release_0
0.203722 -0.0250000004 0.0169347959 -0.0679206352 synchronous_release_0
0.504042 -0.0250000004 0.000970294789 0.000241925656 synchronous_release_0
0.518429 -0.0250000004 0.0251767988 0.0243131405 synchronous_release_0
0.519206 -0.0250000004 0.032013614 0.0141466787 synchronous_release_0
0.410208 -0.0250000004 0.033070915 -0.0508066391 synchronous_release_0
0.318213 -0.0250000004 0.0155214894 -0.0313701031 synchronous_release_1
0.309126 -0.0250000004 0.000678349787 -0.000734739114 synchronous_release_0
0.51132 -0.0250000004 0.0257898472 0.0236618634 synchronous_release_0
0.50359 -0.0250000004 0.0108850723 -0.0596365257 synchronous_release_0
0.403892 -0.0250000004 0.00386706663 0.0347857125 synchronous_release_0
0.409174 -0.0250000004 0.032058844 0.0140438783 synchronous_release_0
0.204052 -0.0250000004 0.0346974004 -0.0045924291 synchronous_release_0
0.407594 -0.0250000004 -0.0133715399 0.0323450447 synchronous_release_0
0.303414 -0.0250000004 0.0601099036 0.00786126531 synchronous_release_1
0.207589 -0.0250000004 0.0634207296 0.0296278763 synchronous_release_1
0.508299 -0.0250000004 -0.00917832001 -0.0337751157 synchronous_release_0
0.506954 -0.0250000004 0.0316313362 -0.0149819415 synchronous_release_0
0.505454 -0.0250000004 0.0349199766 0.00236542407 synchronous_release_0
0.50375 -0.0250000004 0.0338931568 0.00873234921 synchronous_release_0
0.404259 -0.0250000004 0.0106553169 0.0333386296 synchronous_release_0
0.50736 -0.0250000004 0.0177760428 0.0301498309 synchronous_release_1
0.505425 -0.0250000004 0.0338644989 -0.00884283416 synchronous_release_0
0.406721 -0.0250000004 0.0344268494 -0.00630809313 synchronous_release_1
0.519793 -0.0250000004 0.0293345988 0.0190913937 synchronous_release_0
0.50391 -0.0250000004 0.0323094328 0.0134573605 synchronous_release_0
0.305915 -0.0250000004 0.0323448491 0.0133720132 synchronous_release_0
0.204731 -0.0250000004 0.033978519 -0.0083940601 synchronous_release_0
0.213247 -0.0250000004 0.0349153342 -0.00243298875 synchronous_release_0
0.311489 -0.0250000004 0.0349724732 -0.00138784596 synchronous_release_0
0.519076 -0.0250000004 -0.0162843268 0.0309809732 synchronous_release_0
0.124305 -0.0250000004 0.0345388335 0.00566294777 synchronous_release_0
0.404962 -0.0250000004 0.0348906509 -0.00276450312 synchronous_release_0
0.422597 -0.0250000004 -0.0348906509 0.00276450312 synchronous_release_1
0.305031 -0.0250000004 -0.0111353989 -0.0331813636 synchronous_release_0
0.50451 -0.0250000004 0.0697874463 -0.00545090307 synchronous_release_0
0.410911 -0.0250000004 0.0301711161 -0.0177398915 synchronous_release_1
0.220559 -0.0250000004 -0.000129173231 -0.000991622043 synchronous_release_0
0.319949 -0.0250000004 0.0133697107 0.0323458009 synchronous_release_1
0.520328 -0.0250000004 0.0247307036 0.0247667579 synchronous_release_0
0.222419 -0.0250000004 0.0178318517 0.0301168568 synchronous_release_0
0.404639 -0.0250000004 -0.0335180137 -0.0614535821 synchronous_release_0
0.208774 -0.0250000004 -0.000203677112 -0.000979038117 synchronous_release_0
0.508488 -0.0250000004 0.0661326698 -0.0229449338 synchronous_release_0
0.303502 -0.0250000004 0.0330663349 -0.0114724669 synchronous_release_1
0.408778 -0.0250000004 0.00388323516 0.0347839113 synchronous_release_0
0.504624 -0.0250000004 -0.0281821332 0.0207549359 synchronous_release_0
0.41181 -0.0250000004 0.0317248331 0.0147829281 synchronous_release_0
0.303386 -0.0250000004 0.0348926017 -0.00273977118 synchronous_release_0
0.212575 -0.0250000004 0.00734230449 -0.060175498 synchronous_release_0
0.318985 -0.0250000004 -0.000174805044 -0.000984603066 synchronous_release_1
0.312312 -0.0250000004 -0.0172876472 -0.0304325032 synchronous_release_0
0.509221 -0.0250000004 6.99171268e-06 -0.000999975558 synchronous_release_1
0.408746 -0.0250000004 -0.000982308567 0.000187269535 synchronous_release_1
0.106113 -0.0250000004 0.0123229223 0.0327589009 synchronous_release_0
0.523318 -0.0250000004 -0.0297036115 -0.0185120357 synchronous_release_0
0.505206 -0.0250000004 -0.0180010744 -0.0578874885 synchronous_release_0
0.531967 -0.0250000004 0.0154202826 -0.0682804136 synchronous_release_0
0.504398 -0.0250000004 -0.000619773789 0.000784780511 synchronous_release_0
0.307668 -0.0250000004 0.0349749506 -0.00132394619 synchronous_release_0
0.506729 -0.0250000004 0.0132312628 0.0324026802 synchronous_release_0
0.40472 -0.0250000004 -0.00821464992 0.06006263 synchronous_release_1
0.428895 -0.0250000004 0.0208170207 0.0281363048 synchronous_release_0
0.31229 -0.0250000004 0.0319382948 0.0143159115 synchronous_release_1
0.510142 -0.0250000004 0.0048141523 -0.0346673324 synchronous_release_0
0.306881 -0.0250000004 0.0334854828 -0.0101844214 synchronous_release_0
0.30811 -0.0250000004 0.00357045632 -0.0348174072 synchronous_release_0
0.308994 -0.0250000004 0.0590103308 -0.0138845549 synchronous_release_0
0.406144 -0.0250000004 0.0335132911 0.0100925377 synchronous_release_0
0.521749 -0.0250000004 -0.0229137496 0.0264567587 synchronous_release_0
0.307959 -0.0250000004 -0.000559111689 0.000829092346 synchronous_release_0
0.203789 -0.0250000004 0.0314562885 -0.0153460716 synchronous_release_1
0.408465 -0.0250000004 0.000571261392 -0.00082076819 synchronous_release_0
0.304748 -0.0250000004 0.0245451158 -0.0249506972 synchronous_release_0
0.325906 -0.0250000004 0.0338804955 0.00878134523 synchronous_release_1
0.508536 -0.0250000004 -0.0190414734 -0.0293670273 synchronous_release_0
0.40331 -0.0250000004 0.00480640999 -0.0346684067 synchronous_release_0
0.504884 -0.0250000004 0.0348493072 -0.00324434677 synchronous_release_0
0.2112 -0.0250000004 -0.0141426216 -0.0320154065 synchronous_release_0
0.10619 -0.0250000004 -0.0123484126 0.0327493008 synchronous_release_0
0.40811 -0.0250000004 0.0346678251 -0.00481060289 synchronous_release_1
0.304354 -0.0250000004 0.010587914 -0.0333600971 synchronous_release_0
0.103884 -0.0250000004 0.0120367885 0.032865114 synchronous_release_0
0.418741 -0.0250000004 0.02080251 0.028147035 synchronous_release_0
0.527707 -0.0250000004 -0.00682771761 -0.0602360546 synchronous_release_0
0.104363 -0.0250000004 0.0311765601 -0.0159066685 synchronous_release_0
0.508779 -0.0250000004 0.029363859 0.0190463588 synchronous_release_0
0.512264 -0.0250000004 -0.027551158 -0.053999386 synchronous_release_0
0.504594 -0.0250000004 5.2663135e-05 0.000998612334 synchronous_release_1
0.507329 -0.0250000004 -0.014824954 -0.0317052163 synchronous_release_0
0.309928 -0.0250000004 0.0349996295 0.000161045702 synchronous_release_0
0.205485 -0.0250000004 0.0545358884 -0.0264733239 synchronous_release_0
0.506335 -0.0250000004 0.0172510743 -0.03045325 synchronous_release_0
0.404911 -0.0250000004 -0.000885325611 -0.000464971571 synchronous_release_0
0.4105 -0.0250000004 0.018698004 0.0295868999 synchronous_release_0
0.425506 -0.0250000004 -0.018698004 -0.0295868999 synchronous_release_0
0.405322 -0.0250000004 0.00308522737 -0.0348637544 synchronous_release_0
0.410842 -0.0250000004 0.0204563105 -0.0570660964 synchronous_release_0
0.520714 -0.0250000004 -0.00624540783 -0.0344382764 synchronous_release_0
0.50485 -0.0250000004 -0.00582005648 -0.034512707 synchronous_release_0
0.41206 -0.0250000004 -0.0293765534 -0.0190267735 synchronous_release_0
0.505239 -0.0250000004 -0.00178939255 0.0349542283 synchronous_release_0
0.212121 -0.0250000004 0.0190623555 -0.0293534769 synchronous_release_0
0.503917 -0.0250000004 0.0699596092 0.00237762144 synchronous_release_1
0.204199 -0.0250000004 0.0185745411 -0.0296645651 synchronous_release_0
0.513374 -0.0250000004 0.0349775375 0.00125374196 synchronous_release_1
0.306195 -0.0250000004 -0.0169201291 -0.0679242904 synchronous_release_0
0.515806 -0.0250000004 0.056551001 0.0218399699 synchronous_release_0
0.304011 -0.0250000004 0.0294581465 -0.0529831823 synchronous_release_0
0.405512 -0.0250000004 0.0294581465 -0.0529831823 synchronous_release_0
0.205084 -0.0250000004 -0.000982478607 -0.000186375394 synchronous_release_0
0.504735 -0.0250000004 0.0240209287 -0.0254557456 synchronous_release_0
0.503511 -0.0250000004 0.0441378319 0.0415554063 synchronous_release_0
0.303397 -0.0250000004 0.034608631 -0.00521945019 synchronous_release_0
0.507579 -0.0250000004 0.0281678617 0.0207743007 synchronous_release_0
0.414191 -0.0250000004 0.0316773748 -0.0148843518 synchronous_release_0
0.304798 -0.0250000004 0.0332775407 0.0108445971 synchronous_release_0
0.414419 -0.0250000004 0.0338742099 0.00880556109 synchronous_release_0
0.305754 -0.0250000004 0.0165058654 -0.0308635125 synchronous_release_0
0.405918 -0.0250000004 -0.00326131496 0.0348477234 synchronous_release_0
0.110505 -0.0250000004 0.0175626373 0.0302746391 synchronous_release_0
0.421271 -0.0250000004 -0.0351252747 -0.0605492781 synchronous_release_0
0.318244 -0.0250000004 -0.00853563695 -0.0339432306 synchronous_release_1
0.404355 -0.0250000004 0.03258992 0.0127631153 synchronous_release_1
0.225449 -0.0250000004 -0.00523572352 -0.0346061728 synchronous_release_0
0.404658 -0.0250000004 3.48671194e-05 -0.000999391957 synchronous_release_0
0.403491 -0.0250000004 0.0349787185 0.00122034918 synchronous_release_2
0.508374 -0.0250000004 0.0225333991 -0.0267814474 synchronous_release_0
0.514288 -0.0250000004 -0.00255714217 0.0349064611 synchronous_release_0
0.503484 -0.0250000004 0.00255714217 -0.0349064611 synchronous_release_1
0.516364 -0.0250000004 0.0175399159 -0.0302878086 synchronous_release_1
0.42672 -0.0250000004 -0.0343836593 0.00653941688 synchronous_release_0
0.303405 -0.0250000004 0.0294918563 -0.0188475573 synchronous_release_0
0.53791 -0.0250000004 0.0310683915 0.0161169181 synchronous_release_0
0.40737 -0.0250000004 0.0342289863 0.00730592218 synchronous_release_0
0.505386 -0.0250000004 0.014873941 -0.0587687492 synchronous_release_0
0.104194 -0.0250000004 0.0332678612 0.0108742545 synchronous_release_0
0.506356 -0.0250000004 0.0361629239 -0.0486543208 synchronous_release_1
0.406259 -0.0250000004 0.000521179142 -0.000853447305 synchronous_release_0
0.523994 -0.0250000004 0.000958949642 0.000283576417 synchronous_release_0
0.514855 -0.0250000004 0.0348554165 -0.00317803988 synchronous_release_0
0.306407 -0.0250000004 0.0243733408 -0.0555062182 synchronous_release_1
0.505485 -0.0250000004 0.032709622 -0.0124531374 synchronous_release_0
0.404458 -0.0250000004 0.0340919852 -0.00792064031 synchronous_release_0
0.504345 -0.0250000004 -0.0138601658 -0.0590160639 synchronous_release_0
0.114176 -0.0250000004 0.0332212258 0.0110159047 synchronous_release_0
0.418739 -0.0250000004 0.000767883065 -0.000640590039 synchronous_release_1
0.404983 -0.0250000004 0.0585875823 0.0155722572 synchronous_release_0
0.510142 -0.0250000004 -0.00841476816 -0.0339733966 synchronous_release_0
0.50644 -0.0250000004 0.000999531222 -3.06159499e-05 synchronous_release_0
0.320058 -0.0250000004 -0.0157660298 0.0312479168 synchronous_release_0
0.321419 -0.0250000004 -0.0286075913 -0.0201644667 synchronous_release_0
0.304372 -0.0250000004 0.034735962 -0.004291031 synchronous_release_0
0.503506 -0.0250000004 0.0291127219 -0.0194280577 synchronous_release_0
0.103729 -0.0250000004 0.0197259526 0.0289117069 synchronous_release_0
0.205562 -0.0250000004 0.0312897479 0.0156828466 synchronous_release_0
0.51773 -0.0250000004 0.0288176862 0.0198630551 synchronous_release_1
0.509008 -0.0250000004 0.0130981037 0.0324567355 synchronous_release_0
0.303395 -0.0250000004 0.0599715212 -0.00885531708 synchronous_release_0
0.405174 -0.0250000004 0.0332925879 0.0107983144 synchronous_release_0
0.504102 -0.0250000004 0.000308523268 -0.000951216796 synchronous_release_0
0.404781 -0.0250000004 -0.0696651807 -0.00683831886 synchronous_release_0
0.406403 -0.0250000004 0.0286024839 -0.0201717107 synchronous_release_1
0.505675 -0.0250000004 0.00836997733 -0.0339844594 synchronous_release_0
0.503604 -0.0250000004 0.0140782393 -0.0320437697 synchronous_release_0
0.416778 -0.0250000004 0.00663335973 0.0602577675 synchronous_release_1
0.306398 -0.0250000004 -0.0238160747 -0.0256475064 synchronous_release_0
0.404354 -0.0250000004 0.000732785898 -0.000680459277 synchronous_release_1
0.411704 -0.0250000004 0.0295948371 -0.0186854386 synchronous_release_0
0.409609 -0.0250000004 0.0645119215 -0.0271700567 synchronous_release_0
0.42115 -0.0250000004 0.000359531055 0.00093313312 synchronous_release_1
0.406324 -0.0250000004 0.0268076897 -0.0225021727 synchronous_release_0
0.204464 -0.0250000004 0.0347452451 0.00421520381 synchronous_release_0
0.314639 -0.0250000004 -0.0105690671 -0.0333660729 synchronous_release_0
0.404333 -0.0250000004 0.0248093649 -0.0654560571 synchronous_release_0
0.106288 -0.0250000004 0.034982588 -0.00110387287 synchronous_release_0
0.214196 -0.0250000004 -0.00812412459 0.0600749415 synchronous_release_0
0.410273 -0.0250000004 -0.0132800795 -0.0323827035 synchronous_release_2
0.50494 -0.0250000004 0.0335585953 0.00994085911 synchronous_release_0
0.509723 -0.0250000004 0.000688347615 0.000725380977 synchronous_release_0
0.507095 -0.0250000004 -1.04437184e-05 -0.000999945463 synchronous_release_0
0.316982 -0.0250000004 0.000160967693 0.0349996298 synchronous_release_0
0.205278 -0.0250000004 0.0321554846 -0.0138211726 synchronous_release_0
0.533997 -0.0250000004 -0.0122715786 -0.0593667277 synchronous_release_0
0.403349 -0.0250000004 0.0296466705 -0.0186030892 synchronous_release_0
0.512489 -0.0250000004 -0.00257482517 -0.0699526288 synchronous_release_0
0.204123 -0.0250000004 0.0324641805 -0.0130796402 synchronous_release_0
0.407303 -0.0250000004 0.028987614 -0.0532420721 synchronous_release_0
0.508185 -0.0250000004 0.0528656549 0.0296685446 synchronous_release_1
0.303961 -0.0250000004 0.0151525048 0.0315499857 synchronous_release_0
0.310409 -0.0250000004 0.0310661338 0.0161212696 synchronous_release_0
0.508256 -0.0250000004 -0.000460607702 0.000887603822 synchronous_release_1
0.508833 -0.0250000004 -0.0156087083 0.0585778817 synchronous_release_1
0.3057 -0.0250000004 0.024714332 -0.0247830949 synchronous_release_2
0.210651 -0.0250000004 -0.0225818921 -0.0267405712 synchronous_release_0
0.505995 -0.0250000004 0.0329296634 0.0118590586 synchronous_release_1
0.424514 -0.0250000004 0.0270551826 0.0222039883 synchronous_release_0
0.11844 -0.0250000004 0.0329012581 -0.0119376385 synchronous_release_0
0.314545 -0.0250000004 0.0267889272 0.0225245061 synchronous_release_0
0.203828 -0.0250000004 7.76402398e-05 -0.000996981441 synchronous_release_0
0.403827 -0.0250000004 0.0697887009 0.00543481678 synchronous_release_0
0.41152 -0.0250000004 -0.0185378682 0.0296874964 synchronous_release_0
0.504552 -0.0250000004 0.0349790602 0.00121051664 synchronous_release_1
0.506215 -0.0250000004 0.0299129381 -0.01817185 synchronous_release_1
0.204388 -0.0250000004 0.00495834031 -0.0346470036 synchronous_release_1
0.503385 -0.0250000004 0.025412265 0.0240669231 synchronous_release_0
0.315956 -0.0250000004 0.0580194451 0.0175711123 synchronous_release_1
0.512707 -0.0250000004 0.0340820658 -0.00796321496 synchronous_release_1
0.503284 -0.0250000004 0.0474756368 0.0376970013 synchronous_release_0
0.509584 -0.0250000004 -0.0217643738 0.0274100717 synchronous_release_1
0.50588 -0.0250000004 0.0174630843 -0.0303321725 synchronous_release_1
0.318351 -0.0250000004 0.0349195009 0.0023724364 synchronous_release_0
0.320333 -0.0250000004 -0.024018331 0.0254581966 synchronous_release_0
0.504091 -0.0250000004 0.024018331 -0.0254581966 synchronous_release_0
0.510388 -0.0250000004 -0.0100382795 -0.0335295831 synchronous_release_0
0.304892 -0.0250000004 0.0348094858 -0.00364687527 synchronous_release_0
0.506345 -0.0250000004 0.0205630295 0.0283224613 synchronous_release_0
0.207316 -0.0250000004 -0.000794169065 -0.0349909888 synchronous_release_0
0.310067 -0.0250000004 0.0606061704 -0.00137554117 synchronous_release_0
0.506013 -0.0250000004 0.0394292952 -0.0578388337 synchronous_release_0
0.309279 -0.0250000004 0.0248113946 -0.024685921 synchronous_release_0
0.304394 -0.0250000004 0.0348852864 -0.0028313936 synchronous_release_1
0.413216 -0.0250000004 0.0149905844 -0.0316272411 synchronous_release_1
0.50943 -0.0250000004 -0.0349769784 0.0012692449 synchronous_release_0
0.103769 -0.0250000004 0.0332842288 0.0108240526 synchronous_release_0
0.30868 -0.0250000004 -0.00229078226 -0.0349249526 synchronous_release_0
0.304195 -0.0250000004 -0.0125133311 0.0326866417 synchronous_release_0
0.305297 -0.0250000004 -0.00549896341 0.0345653208 synchronous_release_0
0.505753 -0.0250000004 -0.000759839493 0.000650110718 synchronous_release_0
0.20881 -0.0250000004 0.0335302981 -0.010035891 synchronous_release_1
0.504474 -0.0250000004 -0.031053927 -0.0161447706 synchronous_release_0
0.504685 -0.0250000004 0.028219713 0.0207038112 synchronous_release_0
0.5068 -0.0250000004 0.0175784181 0.030265479 synchronous_release_0
0.504882 -0.0250000004 0.0289461519 -0.0196753726 synchronous_release_1
0.303927 -0.0250000004 0.0252981893 -0.0241868067 synchronous_release_0
0.407604 -0.0250000004 0.033093971 -0.0113925013 synchronous_release_0
0.311769 -0.0250000004 0.0334464996 -0.0103117246 synchronous_release_1
0.518622 -0.0250000004 -0.000997863432 6.53342964e-05 synchronous_release_0
0.509204 -0.0250000004 -0.0128721623 -0.0325470035 synchronous_release_0
0.20962 -0.0250000004 -0.0251385645 0.0243526708 synchronous_release_0
0.303733 -0.0250000004 0.0336593138 0.00959430004 synchronous_release_0
0.314496 -0.0250000004 0.0215183595 -0.0276036266 synchronous_release_0
0.309023 -0.0250000004 0.00140123643 -0.0606055817 synchronous_release_0
0.507761 -0.0250000004 -0.0181959427 0.0298982887 synchronous_release_0
0.410138 -0.0250000004 -0.0167947062 -0.030707293 synchronous_release_1
0.505652 -0.0250000004 0.023561176 -0.025881866 synchronous_release_0
0.209289 -0.0250000004 -0.00184260435 0.0349514636 synchronous_release_0
0.504496 -0.0250000004 0.0226136038 0.026713759 synchronous_release_1
0.51187 -0.0250000004 0.0277463917 0.0213339577 synchronous_release_0
0.306596 -0.0250000004 0.0572164735 -0.0200318537 synchronous_release_0
0.408644 -0.0250000004 0.0346855665 -0.00468096931 synchronous_release_0
0.503645 -0.0250000004 0.0213966216 0.0276980971 synchronous_release_1
0.117019 -0.0250000004 0.0349921149 0.000742896025 synchronous_release_0
0.53687 -0.0250000004 0.0168526906 0.0306755085 synchronous_release_0
0.407169 -0.0250000004 0.0349933781 0.000680800164 synchronous_release_0
0.40459 -0.0250000004 0.0169070988 0.0306455545 synchronous_release_1
0.206597 -0.0250000004 -0.0344239327 -0.00632399051 synchronous_release_0
0.506237 -0.0250000004 0.0688478654 0.012647981 synchronous_release_0
0.307711 -0.0250000004 -0.00819804949 0.0340263425 synchronous_release_0
0.203319 -0.0250000004 0.021672612 0.0566153503 synchronous_release_0
0.415065 -0.0250000004 -0.00550713787 0.0345640193 synchronous_release_1
0.405812 -0.0250000004 -0.0116913368 -0.0329895839 synchronous_release_0
0.50713 -0.0250000004 0.0116913368 0.0329895839 synchronous_release_0
0.512437 -0.0250000004 0.0347797239 0.0039205616 synchronous_release_0
0.511474 -0.0250000004 0.0147386213 0.0317454413 synchronous_release_1
0.406378 -0.0250000004 0.0134160269 -0.0323266179 synchronous_release_0
0.417733 -0.0250000004 0.0347036857 -0.00454468882 synchronous_release_0
0.103927 -0.0250000004 0.0248628191 0.0246341273 synchronous_release_0
0.505224 -0.0250000004 0.0337651896 -0.00921476931 synchronous_release_0
0.418448 -0.0250000004 -0.0331800472 0.0111393208 synchronous_release_0
0.507946 -0.0250000004 0.0331800472 -0.0111393208 synchronous_release_0
0.39198 -0.0250000004 -0.0262369584 -0.0231651034 synchronous_release_1
0.103913 -0.0250000004 0.0349994582 0.000194749189 synchronous_release_0
0.314063 -0.0250000004 0.0164115607 -0.0309137619 synchronous_release_0
0.409876 -0.0250000004 0.0349778835 -0.00124405252 synchronous_release_0
0.504829 -0.0250000004 0.0410451233 0.0446127544 synchronous_release_0
0.411899 -0.0250000004 -0.00454157336 -0.0347040936 synchronous_release_2
0.407984 -0.0250000004 0.010668 0.0333345733 synchronous_release_0
0.204176 -0.0250000004 -0.0150762783 0.0315864818 synchronous_release_0
0.405933 -0.0250000004 0.000858967397 0.000512030284 synchronous_release_1
0.404751 -0.0250000004 0.0464715268 0.0389281029 synchronous_release_1
0.316887 -0.0250000004 -0.0107607705 0.0333047417 synchronous_release_0
0.303757 -0.0250000004 0.0328657627 -0.0120350174 synchronous_release_0
0.105435 -0.0250000004 0.034069278 0.0080177489 synchronous_release_0
0.508816 -0.0250000004 0.0100910648 0.0335137347 synchronous_release_0
0.104143 -0.0250000004 0.0333381486 -0.0106568218 synchronous_release_0
0.503878 -0.0250000004 0.0628592563 0.0308011996 synchronous_release_0
0.353217 -0.0250000004 -0.0208374611 -0.0281211702 synchronous_release_0
0.106829 -0.0250000004 0.0167294305 0.0307429042 synchronous_release_0
0.50526 -0.0250000004 0.0292242304 0.0531125631 synchronous_release_1
0.40607 -0.0250000004 0.0279446208 -0.0210736368 synchronous_release_0
0.507876 -0.0250000004 0.0342184459 0.00735513159 synchronous_release_0
0.503676 -0.0250000004 0.0136124496 -0.0590736931 synchronous_release_0
0.210085 -0.0250000004 0.0173834311 0.030377892 synchronous_release_0
0.504239 -0.0250000004 0.0575331434 0.0191033351 synchronous_release_0
0.209255 -0.0250000004 0.0349784002 0.00122944001 synchronous_release_0
0.30383 -0.0250000004 0.0329285515 0.0118621454 synchronous_release_0
0.303247 -0.0250000004 -0.0126789258 0.0326227657 synchronous_release_0
0.305338 -0.0250000004 0.0599761067 -0.00882420708 synchronous_release_0
0.412276 -0.0250000004 0.0172301362 0.0304651015 synchronous_release_0
0.31046 -0.0250000004 0.0315298397 -0.0151943809 synchronous_release_0
0.107613 -0.0250000004 0.0349448075 0.00196479679 synchronous_release_0
0.404891 -0.0250000004 0.0201676313 -0.0286053605 synchronous_release_0
0.310106 -0.0250000004 0.010182081 0.0334861946 synchronous_release_0
0.31388 -0.0250000004 0.0303461243 0.0174388285 synchronous_release_0
0.309557 -0.0250000004 0.000557270646 -0.000830330914 synchronous_release_0
0.403953 -0.0250000004 -0.00236057778 0.0349203046 synchronous_release_0
0.449911 -0.0250000004 0.0349106256 -0.00249964445 synchronous_release_0
0.404169 -0.0250000004 0.0650665924 0.0258135344 synchronous_release_0
0.503801 -0.0250000004 0.00148964242 0.0349682851 synchronous_release_0
0.203839 -0.0250000004 0.0244733102 -0.0250211329 synchronous_release_0
0.4038 -0.0250000004 -0.00943228161 -0.0337050747 synchronous_release_0
0.508631 -0.0250000004 0.0433378734 0.0423890166 synchronous_release_1
0.306994 -0.0250000004 0.0287774214 0.0199213458 synchronous_release_0
0.404298 -0.0250000004 0.00277113866 -0.0348901245 synchronous_release_0
0.50559 -0.0250000004 0.063202607 -0.0300903716 synchronous_release_0
0.107445 -0.0250000004 -0.00912456202 -0.0337896784 synchronous_release_0
0.21335 -0.0250000004 0.0268659215 -0.022432616 synchronous_release_0
0.204735 -0.0250000004 0.0146166385 -0.0318017905 synchronous_release_0
0.506131 -0.0250000004 0.0348494777 -0.00324251496 synchronous_release_1
0.51705 -0.0250000004 0.0324348895 -0.013152108 synchronous_release_0
0.415701 -0.0250000004 0.00917478668 0.0337760757 synchronous_release_0
0.304053 -0.0250000004 0.0288575231 -0.0198051347 synchronous_release_0
0.51015 -0.0250000004 0.0577150462 -0.0396102694 synchronous_release_0
0.305094 -0.0250000004 0.031473476 0.0153107907 synchronous_release_0
0.311213 -0.0250000004 0.0346136236 -0.00518623737 synchronous_release_0
0.409106 -0.0250000004 -0.0119194902 0.0329078373 synchronous_release_0
0.507173 -0.0250000004 -0.0332494096 0.0109305426 synchronous_release_0
0.30452 -0.0250000004 0.0348073963 -0.00366676428 synchronous_release_0
0.505812 -0.0250000004 -0.0142281872 0.0319774716 synchronous_release_1
0.407561 -0.0250000004 0.000997832236 6.58090381e-05 synchronous_release_0
0.504936 -0.0250000004 0.00114403952 0.0349812975 synchronous_release_0
0.107889 -0.0250000004 0.0148402674 -0.0587772615 synchronous_release_0
0.349027 -0.0250000004 -0.0567342378 0.0213594536 synchronous_release_0
0.205011 -0.0250000004 0.0322718225 -0.0135473051 synchronous_release_0
0.313349 -0.0250000004 0.0222201066 -0.0270419464 synchronous_release_0
0.203407 -0.0250000004 0.0276613865 -0.0214440597 synchronous_release_0
0.506825 -0.0250000004 0.0324017937 0.0132334336 synchronous_release_0
0.489088 -0.0250000004 0.0341198904 0.00779955637 synchronous_release_0
0.504574 -0.0250000004 0.0400628052 -0.045496941 synchronous_release_0
0.526572 -0.0250000004 0.000200141179 0.000979767068 synchronous_release_0
0.204896 -0.0250000004 -0.000824289094 -0.000566169135 synchronous_release_0
0.504848 -0.0250000004 0.023729695 -0.0257274479 synchronous_release_0
0.509144 -0.0250000004 0.0308080387 -0.0166091767 synchronous_release_1
0.309448 -0.0250000004 0.0344303807 0.00628879014 synchronous_release_0
0.410513 -0.0250000004 0.034825208 -0.00349354911 synchronous_release_1
0.203996 -0.0250000004 0.0327881694 0.0122448334 synchronous_release_1
0.40367 -0.0250000004 0.0349948895 0.000598086142 synchronous_release_0
0.306562 -0.0250000004 0.0277417718 -0.0213399648 synchronous_release_0
0.513665 -0.0250000004 0.000994987298 -0.000100001389 synchronous_release_0
0.213883 -0.0250000004 0.031908974 0.0143811467 synchronous_release_1
0.107255 -0.0250000004 0.0229014892 -0.0264673723 synchronous_release_0
0.35424 -0.0250000004 -0.000692655843 0.000721268246 synchronous_release_0
0.417075 -0.0250000004 0.0419900289 -0.0437245637 synchronous_release_0
0.307768 -0.0250000004 0.0247856766 -0.0247117428 synchronous_release_1
0.503882 -0.0250000004 0.0141308841 -0.0320205889 synchronous_release_1
0.506226 -0.0250000004 0.0349718025 -0.00140464508 synchronous_release_0
0.50961 -0.0250000004 0.0106369895 0.0596812739 synchronous_release_0
0.309972 -0.0250000004 -0.0344569996 0.00614126876 synchronous_release_2
0.40552 -0.0250000004 0.0273580213 -0.0540974923 synchronous_release_0
0.305883 -0.0250000004 0.0217253708 0.0274409961 synchronous_release_0
0.304103 -0.0250000004 0.0249302548 -0.0245658787 synchronous_release_0
0.508413 -0.0250000004 0.0100664744 -0.0335211291 synchronous_release_0
0.411661 -0.0250000004 0.0349713929 -0.00141480725 synchronous_release_0
0.40759 -0.0250000004 0.0342547283 0.00718425987 synchronous_release_0
0.210947 -0.0250000004 0.0342082281 0.00740250835 synchronous_release_0
0.510602 -0.0250000004 0.0316861029 -0.0148657621 synchronous_release_0
0.518945 -0.0250000004 -0.0287171791 -0.020008089 synchronous_release_0
0.410484 -0.0250000004 0.0336800032 -0.00952141702 synchronous_release_1
0.504171 -0.0250000004 -0.00214021424 -0.0349345028 synchronous_release_1
0.307339 -0.0250000004 0.0219148616 -0.0272899036 synchronous_release_0
0.315915 -0.0250000004 0.00923854267 -0.0599136823 synchronous_release_0
0.434738 -0.0250000004 0.0186772334 0.0296000161 synchronous_release_0
0.506852 -0.0250000004 0.0349729826 -0.0013749506 synchronous_release_0
0.106092 -0.0250000004 0.0325146568 0.0129536518 synchronous_release_0
0.207213 -0.0250000004 -0.00580935118 -0.0345145106 synchronous_release_2
0.406806 -0.0250000004 0.029845518 -0.01828237 synchronous_release_0
0.104046 -0.0250000004 0.026295313 0.0230988422 synchronous_release_0
0.404044 -0.0250000004 0.0105911635 0.0333590656 synchronous_release_0
0.423569 -0.0250000004 0.0235942165 -0.0258517494 synchronous_release_0
0.307486 -0.0250000004 0.0193127762 -0.0291893247 synchronous_release_0
0.50835 -0.0250000004 -0.013088349 0.0324606704 synchronous_release_0
0.404277 -0.0250000004 0.0299789319 -0.0180627695 synchronous_release_0
0.306395 -0.0250000004 0.033646557 -0.00963894182 synchronous_release_0
0.203373 -0.0250000004 0.025170847 0.0243193022 synchronous_release_1
0.523637 -0.0250000004 -0.0347830355 -0.00389107159 synchronous_release_0
0.341374 -0.0250000004 0.0147094994 -0.0317589456 synchronous_release_0
0.407197 -0.0250000004 0.0294189988 -0.0635178913 synchronous_release_0
0.504944 -0.0250000004 -0.020149304 -0.028618273 synchronous_release_1
0.37004 -0.0250000004 -0.0259327229 0.0235051884 synchronous_release_0
0.42223 -0.0250000004 -0.0333224518 -0.0107058026 synchronous_release_0
0.205656 -0.0250000004 0.0181506748 -0.0676058652 synchronous_release_0
0.403455 -0.0250000004 0.0239566988 -0.0255162024 synchronous_release_0
0.504608 -0.0250000004 -0.0206903125 0.0282296115 synchronous_release_0
0.510825 -0.0250000004 0.0113506333 -0.0331083543 synchronous_release_0
0.204687 -0.0250000004 0.0260341408 0.023392809 synchronous_release_0
0.50713 -0.0250000004 0.0336266256 0.00970824643 synchronous_release_0
0.305016 -0.0250000004 0.00840572478 0.0339756353 synchronous_release_1
0.303461 -0.0250000004 0.0654320825 -0.0248725266 synchronous_release_0
0.506401 -0.0250000004 0.0271281406 0.0221147912 synchronous_release_1
0.403463 -0.0250000004 -0.0384377228 -0.0468779422 synchronous_release_0
0.507233 -0.0250000004 0.0139584467 0.0320961332 synchronous_release_0
0.303836 -0.0250000004 0.0241108519 -0.0253705897 synchronous_release_0
0.109766 -0.0250000004 0.0340270011 0.00819531537 synchronous_release_2
0.209687 -0.0250000004 0.0348950637 -0.00270823386 synchronous_release_0
0.507078 -0.0250000004 0.0200066682 0.0287181689 synchronous_release_0
0.511076 -0.0250000004 0.0548806662 0.0257509705 synchronous_release_0
0.403711 -0.0250000004 0.0325730068 0.0128062184 synchronous_release_0
0.411476 -0.0250000004 -0.00519599293 -0.0346121605 synchronous_release_1
0.20367 -0.0250000004 0.000196745733 -0.034999447 synchronous_release_0
0.438173 -0.0250000004 -0.00572606687 -0.0345284254 synchronous_release_0
0.307934 -0.0250000004 0.0344508157 0.00617586413 synchronous_release_0
0.403584 -0.0250000004 0.0349968985 0.000465932077 synchronous_release_1
0.407424 -0.0250000004 0.0252934693 -0.0241917426 synchronous_release_0
0.50346 -0.0250000004 0.031839742 -0.0145337823 synchronous_release_1
0.315606 -0.0250000004 0.0274929828 -0.0216595452 synchronous_release_0
0.403894 -0.0250000004 0.0572947791 -0.0198067739 synchronous_release_0
0.317269 -0.0250000004 -0.0343651127 -0.00663619111 synchronous_release_1
0.509076 -0.0250000004 0.0541098867 0.0273334988 synchronous_release_0
0.408981 -0.0250000004 0.028862624 0.0533099328 synchronous_release_0
0.411837 -0.0250000004 0.0257539723 0.0237009053 synchronous_release_0
0.510172 -0.0250000004 0.0076485999 -0.0341540469 synchronous_release_1
0.307601 -0.0250000004 0.0537740946 -0.0448145819 synchronous_release_0
0.416241 -0.0250000004 0.0319114302 -0.0143756956 synchronous_release_0
0.511189 -0.0250000004 0.000332434636 0.000943126298 synchronous_release_0
0.311664 -0.0250000004 0.0343839359 -0.00653796228 synchronous_release_0
0.410651 -0.0250000004 0.0172336733 -0.0304631007 synchronous_release_0
0.504144 -0.0250000004 0.028873677 -0.0197815766 synchronous_release_0
0.308607 -0.0250000004 9.30055763e-05 -0.000995665588 synchronous_release_0
0.504069 -0.0250000004 0.0348482956 0.00325519517 synchronous_release_0
0.305765 -0.0250000004 0.0349616951 -0.0016370328 synchronous_release_0
0.409187 -0.0250000004 0.0263716166 -0.0230116892 synchronous_release_1
0.504714 -0.0250000004 0.0309861551 -0.0162744645 synchronous_release_0
0.203316 -0.0250000004 0.0348501753 -0.00323500889 synchronous_release_1
0.210872 -0.0250000004 -0.0185464875 0.0296821125 synchronous_release_0
0.206469 -0.0250000004 0.0540580293 0.0444716704 synchronous_release_0
0.516414 -0.0250000004 0.0330899519 -0.0114041694 synchronous_release_1
0.545646 -0.0250000004 0.032735372 -0.0123852906 synchronous_release_1
0.104358 -0.0250000004 -0.0136121488 0.0322445252 synchronous_release_0
0.117496 -0.0250000004 0.0201399714 -0.0286248415 synchronous_release_1
0.503943 -0.0250000004 0.0173056282 -0.0304222818 synchronous_release_0
0.410295 -0.0250000004 0.00855121442 -0.0339393095 synchronous_release_0
0.423519 -0.0250000004 0.0269844566 -0.0222898878 synchronous_release_0
0.211756 -0.0250000004 -0.0290983462 0.0194495822 synchronous_release_0
0.209416 -0.0250000004 0.000734510668 -0.00067859714 synchronous_release_0
0.409585 -0.0250000004 0.0103882215 -0.0334228194 synchronous_release_0
0.503651 -0.0250000004 0.0341391214 -0.00771494601 synchronous_release_0
0.404946 -0.0250000004 0.0285147545 0.0202955359 synchronous_release_0
0.305176 -0.0250000004 0.0349001472 0.00264191648 synchronous_release_0
0.504118 -0.0250000004 0.0500622541 0.0341872888 synchronous_release_0
0.413153 -0.0250000004 0.0290185783 0.0195683957 synchronous_release_0
0.50784 -0.0250000004 0.00243743866 -0.0349150239 synchronous_release_0
0.215634 -0.0250000004 0.031456017 -0.0153466281 synchronous_release_1
0.403955 -0.0250000004 0.0317283578 0.0147753616 synchronous_release_0
0.504782 -0.0250000004 0.0603883752 -0.00531452145 synchronous_release_0
0.529823 -0.0250000004 -0.0329589425 0.0117774407 synchronous_release_0
0.503467 -0.0250000004 0.0164560518 -0.0308901013 synchronous_release_1
0.320215 -0.0250000004 0.000266917633 0.000963719346 synchronous_release_0
0.303405 -0.0250000004 0.0432968738 -0.0424308935 synchronous_release_0
0.510641 -0.0250000004 -0.00939969299 0.0337141776 synchronous_release_0
0.509479 -0.0250000004 -0.0323535645 -0.0133509124 synchronous_release_0
0.404729 -0.0250000004 0.0554780231 -0.0426871052 synchronous_release_1
0.505155 -0.0250000004 0.0349199215 -0.00236623864 synchronous_release_0
0.103891 -0.0250000004 -0.0345912286 0.00533356407 synchronous_release_0
0.306561 -0.0250000004 -0.0024054717 -0.0349172408 synchronous_release_0
0.584744 -0.0250000004 0.0290364817 -0.01954182 synchronous_release_0
0.305672 -0.0250000004 0.02442672 0.0250666183 synchronous_release_1
0.311729 -0.0250000004 0.0600817275 0.00807378592 synchronous_release_0
0.527136 -0.0250000004 0.0277101625 0.0213809937 synchronous_release_0
0.504226 -0.0250000004 -0.00905029256 -0.0338096466 synchronous_release_0
0.505242 -0.0250000004 0.0130275423 0.0324851219 synchronous_release_1
0.503504 -0.0250000004 0.0382341685 0.0470441108 synchronous_release_1
0.516993 -0.0250000004 0.000110471252 0.00099387932 synchronous_release_1
0.216613 -0.0250000004 0.0325887686 0.012766055 synchronous_release_0
