0 0.090518
5e-05 0.061268
0.0001 0.086882
0.00015 0.107828
0.0002 0.090864
0.00025 0.082552
0.0003 0.094674
0.00035 0.097094
0.0004 0.095881
0.00045 0.101419
0.0005 0.113195
0.00055 0.100041
0.0006 0.115956
0.00065 0.105408
0.0007 0.09363
0.00075 0.09519
0.0008 0.086187
0.00085 0.084987
0.0009 0.101939
0.00095 0.143987
0.001 0.121163
0.00105 0.143483
0.0011 0.196438
0.00115 0.242808
0.0012 0.239708
0.00125 0.293356
0.0013 0.345981
0.00135 0.374711
0.0014 0.474897
0.00145 0.554875
0.0015 0.772784
0.00155 0.97804
0.0016 1.22001
0.00165 1.62465
0.0017 1.98879
0.00175 2.55542
0.0018 3.03692
0.00185 3.69219
0.0019 4.42623
0.00195 4.97413
0.002 5.551
0.00205 5.93018
0.0021 6.17233
0.00215 6.35927
0.0022 6.54706
0.00225 6.41376
0.0023 6.07197
0.00235 5.36461
0.0024 4.86282
0.00245 4.20051
0.0025 3.64651
0.00255 3.11276
0.0026 2.68766
0.00265 2.25464
0.0027 2.01403
0.00275 1.84635
0.0028 1.63298
0.00285 1.41743
0.0029 1.33425
0.00295 1.19351
0.003 1.08239
0.00305 1.08105
0.0031 1.01005
0.00315 0.918854
0.0032 0.884931
0.00325 0.965917
0.0033 0.910578
0.00335 0.864094
0.0034 0.822653
0.00345 0.789193
0.0035 0.784019
0.00355 0.723999
0.0036 0.724662
0.00365 0.785416
0.0037 0.790424
0.00375 0.770346
0.0038 0.725342
0.00385 0.742018
0.0039 0.697972
0.00395 0.726532
0.004 0.739192
0.00405 0.709324
0.0041 0.692809
0.00415 0.685015
0.0042 0.73905
0.00425 0.691392
0.0043 0.719454
0.00435 0.697668
0.0044 0.654399
0.00445 0.699747
0.0045 0.69318
0.00455 0.640142
0.0046 0.577936
0.00465 0.65314
0.0047 0.673682
0.00475 0.656622
0.0048 0.649038
0.00485 0.663572
0.0049 0.601918
0.00495 0.61946
0.005 0.685688
0.00505 0.608894
0.0051 0.694537
0.00515 0.648853
0.0052 0.693478
0.00525 0.64024
0.0053 0.661291
0.00535 0.588271
0.0054 0.590207
0.00545 0.593681
0.0055 0.603506
0.00555 0.61519
0.0056 0.578153
0.00565 0.607041
0.0057 0.62783
0.00575 0.607256
0.0058 0.586802
0.00585 0.669612
0.0059 0.684859
0.00595 0.647231
0.006 0.660456
0.00605 0.6556
0.0061 0.599825
0.00615 0.559299
0.0062 0.615925
0.00625 0.592781
0.0063 0.608822
0.00635 0.59886
0.0064 0.668746
0.00645 0.684716
0.0065 0.586497
0.00655 0.554725
0.0066 0.549581
0.00665 0.614761
0.0067 0.572541
0.00675 0.577857
0.0068 0.556368
0.00685 0.601536
0.0069 0.628148
0.00695 0.572776
0.007 0.608178
0.00705 0.547956
0.0071 0.552553
0.00715 0.529493
0.0072 0.559925
0.00725 0.616571
0.0073 0.608546
0.00735 0.622706
0.0074 0.597816
0.00745 0.560416
0.0075 0.546271
0.00755 0.588541
0.0076 0.575341
0.00765 0.615767
0.0077 0.61651
0.00775 0.575742
0.0078 0.519399
0.00785 0.547905
0.0079 0.594426
0.00795 0.582278
0.008 0.530416
0.00805 0.588192
0.0081 0.625326
0.00815 0.601266
0.0082 0.65013
0.00825 0.636744
0.0083 0.521007
0.00835 0.625887
0.0084 0.59232
0.00845 0.601602
0.0085 0.573699
0.00855 0.565871
0.0086 0.601257
0.00865 0.574369
0.0087 0.632859
0.00875 0.616943
0.0088 0.556411
0.00885 0.572367
0.0089 0.62198
0.00895 0.612034
0.009 0.591322
0.00905 0.586362
0.0091 0.627518
0.00915 0.605398
0.0092 0.59113
0.00925 0.554014
0.0093 0.622031
0.00935 0.605117
0.0094 0.608414
0.00945 0.605564
0.0095 0.580964
0.00955 0.61787
0.0096 0.622035
0.00965 0.649415
0.0097 0.609811
0.00975 0.653543
0.0098 0.611327
0.00985 0.576047
0.0099 0.611137
0.00995 0.560821
0.01 0.643273
0.01005 0.615315
0.0101 0.615617
0.01015 0.562939
0.0102 0.624751
0.01025 0.608013
0.0103 0.553202
0.01035 0.623282
0.0104 0.600174
0.01045 0.565444
0.0105 0.581543
0.01055 0.548531
0.0106 0.620327
0.01065 0.599245
0.0107 0.590814
0.01075 0.640202
0.0108 0.623272
0.01085 0.617486
0.0109 0.612321
0.01095 0.589529
0.011 0.589454
0.01105 0.600302
0.0111 0.583021
0.01115 0.590191
0.0112 0.597727
0.01125 0.635013
0.0113 0.571367
0.01135 0.643033
0.0114 0.604392
0.01145 0.56919
0.0115 0.611646
0.01155 0.567232
0.0116 0.556532
0.01165 0.63138
0.0117 0.636965
0.01175 0.663659
0.0118 0.633371
0.01185 0.589877
0.0119 0.672059
0.01195 0.627149
0.012 0.690878
0.01205 0.617492
0.0121 0.625841
0.01215 0.593821
0.0122 0.680508
0.01225 0.673334
0.0123 0.637198
0.01235 0.633632
0.0124 0.633786
0.01245 0.65122
0.0125 0.669644
0.01255 0.599358
0.0126 0.628953
0.01265 0.642165
0.0127 0.681315
0.01275 0.562487
0.0128 0.611651
0.01285 0.665033
0.0129 0.639291
0.01295 0.657473
0.013 0.605941
0.01305 0.695581
0.0131 0.636627
0.01315 0.626651
0.0132 0.698205
0.01325 0.652223
0.0133 0.632974
0.01335 0.684014
0.0134 0.655217
0.01345 0.674717
0.0135 0.584428
0.01355 0.62263
0.0136 0.677659
0.01365 0.670843
0.0137 0.643345
0.01375 0.610045
0.0138 0.588868
0.01385 0.617802
0.0139 0.699245
0.01395 0.652505
0.014 0.659512
0.01405 0.674508
0.0141 0.600819
0.01415 0.652745
0.0142 0.690706
0.01425 0.673886
0.0143 0.675846
0.01435 0.641266
0.0144 0.655471
0.01445 0.622281
0.0145 0.65744
0.01455 0.62436
0.0146 0.633734
0.01465 0.66586
0.0147 0.595376
0.01475 0.59671
0.0148 0.64827
0.01485 0.610374
0.0149 0.601115
0.01495 0.591781
0.015 0.606151
0.01505 0.642125
0.0151 0.570606
0.01515 0.600234
0.0152 0.638104
0.01525 0.657086
0.0153 0.669208
0.01535 0.68485
0.0154 0.615064
0.01545 0.673882
0.0155 0.700941
0.01555 0.661505
0.0156 0.630777
0.01565 0.682349
0.0157 0.665443
0.01575 0.652179
0.0158 0.624853
0.01585 0.689819
0.0159 0.646633
0.01595 0.670571
0.016 0.588816
0.01605 0.656038
0.0161 0.639922
0.01615 0.627232
0.0162 0.664487
0.01625 0.655155
0.0163 0.679429
0.01635 0.596353
0.0164 0.675053
0.01645 0.665055
0.0165 0.651666
0.01655 0.620238
0.0166 0.623835
0.01665 0.634825
0.0167 0.642241
0.01675 0.609751
0.0168 0.641349
0.01685 0.701633
0.0169 0.613303
0.01695 0.684339
0.017 0.625411
0.01705 0.635741
0.0171 0.619419
0.01715 0.622573
0.0172 0.666476
0.01725 0.608356
0.0173 0.662169
0.01735 0.613799
0.0174 0.636566
0.01745 0.68684
0.0175 0.663143
0.01755 0.656147
0.0176 0.601092
0.01765 0.6316
0.0177 0.706043
0.01775 0.688209
0.0178 0.653452
0.01785 0.689652
0.0179 0.678058
0.01795 0.660254
0.018 0.669384
0.01805 0.669186
0.0181 0.712554
0.01815 0.70824
0.0182 0.657906
0.01825 0.701958
0.0183 0.692797
0.01835 0.622111
0.0184 0.678529
0.01845 0.686575
0.0185 0.682079
0.01855 0.668625
0.0186 0.639403
0.01865 0.693355
0.0187 0.673498
0.01875 0.723048
0.0188 0.695338
0.01885 0.727514
0.0189 0.679982
0.01895 0.718718
0.019 0.681185
0.01905 0.678887
0.0191 0.657427
0.01915 0.647709
0.0192 0.674112
0.01925 0.662514
0.0193 0.730554
0.01935 0.696308
0.0194 0.691754
0.01945 0.61346
0.0195 0.656952
0.01955 0.620426
0.0196 0.656725
0.01965 0.696067
0.0197 0.69503
0.01975 0.71181
0.0198 0.675524
0.01985 0.669614
0.0199 0.685211
0.01995 0.707731
0.02 0.677493
0.02005 0.760397
0.0201 0.621066
0.02015 0.736028
0.0202 0.660691
0.02025 0.624587
0.0203 0.661075
0.02035 0.698655
0.0204 0.697253
0.02045 0.663865
0.0205 0.675036
0.02055 0.634794
0.0206 0.650019
0.02065 0.674055
0.0207 0.718606
0.02075 0.648252
0.0208 0.672887
0.02085 0.626645
0.0209 0.67058
0.02095 0.653936
0.021 0.700328
0.02105 0.679114
0.0211 0.6954
0.02115 0.66771
0.0212 0.694653
0.02125 0.639573
0.0213 0.697264
0.02135 0.614982
0.0214 0.649673
0.02145 0.755993
0.0215 0.730312
0.02155 0.730374
0.0216 0.646437
0.02165 0.673025
0.0217 0.770272
0.02175 0.67025
0.0218 0.708507
0.02185 0.662059
0.0219 0.680268
0.02195 0.679686
0.022 0.623979
0.02205 0.698729
0.0221 0.700011
0.02215 0.665341
0.0222 0.662925
0.02225 0.749251
0.0223 0.691781
0.02235 0.700679
0.0224 0.657556
0.02245 0.658698
0.0225 0.739228
0.02255 0.729898
0.0226 0.718696
0.02265 0.631604
0.0227 0.710469
0.02275 0.678595
0.0228 0.687187
0.02285 0.684847
0.0229 0.683872
0.02295 0.664954
0.023 0.725208
0.02305 0.695768
0.0231 0.742997
0.02315 0.712119
0.0232 0.670813
0.02325 0.714055
0.0233 0.673986
0.02335 0.76283
0.0234 0.697008
0.02345 0.691396
0.0235 0.775241
0.02355 0.719439
0.0236 0.685514
0.02365 0.712048
0.0237 0.710728
0.02375 0.662278
0.0238 0.685552
0.02385 0.757732
0.0239 0.740795
0.02395 0.717033
0.024 0.71525
0.02405 0.694178
0.0241 0.675392
0.02415 0.702956
0.0242 0.689469
0.02425 0.715753
0.0243 0.731001
0.02435 0.686809
0.0244 0.685868
0.02445 0.784394
0.0245 0.749974
0.02455 0.712884
0.0246 0.676555
0.02465 0.709661
0.0247 0.743466
0.02475 0.708534
0.0248 0.782732
0.02485 0.77272
0.0249 0.755662
0.02495 0.714502
0.025 0.730711
0.02505 0.780151
0.0251 0.754941
0.02515 0.835925
0.0252 0.728017
0.02525 0.685753
0.0253 0.694954
0.02535 0.766188
0.0254 0.755896
0.02545 0.796544
0.0255 0.736254
0.02555 0.736026
0.0256 0.736311
0.02565 0.749449
0.0257 0.73228
0.02575 0.770224
0.0258 0.776336
0.02585 0.783002
0.0259 0.670337
0.02595 0.702101
0.026 0.751765
0.02605 0.750561
0.0261 0.710649
0.02615 0.755397
0.0262 0.767328
0.02625 0.815096
0.0263 0.691862
0.02635 0.69623
0.0264 0.77733
0.02645 0.792642
0.0265 0.763437
0.02655 0.717043
0.0266 0.794044
0.02665 0.79672
0.0267 0.794061
0.02675 0.779595
0.0268 0.752697
0.02685 0.741789
0.0269 0.804125
0.02695 0.776089
0.027 0.80362
0.02705 0.742416
0.0271 0.752549
0.02715 0.715955
0.0272 0.843205
0.02725 0.762585
0.0273 0.769588
0.02735 0.796358
0.0274 0.733239
0.02745 0.753925
0.0275 0.751583
0.02755 0.767445
0.0276 0.793348
0.02765 0.770086
0.0277 0.752803
0.02775 0.760447
0.0278 0.775374
0.02785 0.843392
0.0279 0.795504
0.02795 0.780398
0.028 0.775309
0.02805 0.758391
0.0281 0.789801
0.02815 0.758211
0.0282 0.733233
0.02825 0.761327
0.0283 0.865549
0.02835 0.741987
0.0284 0.781643
0.02845 0.767359
0.0285 0.737583
0.02855 0.784299
0.0286 0.734424
0.02865 0.770962
0.0287 0.767442
0.02875 0.76448
0.0288 0.799008
0.02885 0.755108
0.0289 0.807673
0.02895 0.827451
0.029 0.819443
0.02905 0.760177
0.0291 0.807877
0.02915 0.807935
0.0292 0.753588
0.02925 0.824366
0.0293 0.799239
0.02935 0.786919
0.0294 0.773358
0.02945 0.745568
0.0295 0.746005
0.02955 0.821037
0.0296 0.886369
0.02965 0.866495
0.0297 0.776309
0.02975 0.772087
0.0298 0.789933
0.02985 0.789331
0.0299 0.825265
0.02995 0.820579
0.03 0.809859
0.03005 0.819553
0.0301 0.756935
0.03015 0.758633
0.0302 0.791195
0.03025 0.834221
0.0303 0.811297
0.03035 0.777315
0.0304 0.698708
0.03045 0.775264
0.0305 0.778267
0.03055 0.818005
0.0306 0.785604
0.03065 0.778218
0.0307 0.785556
0.03075 0.728866
0.0308 0.785428
0.03085 0.83176
0.0309 0.773706
0.03095 0.77861
0.031 0.804031
0.03105 0.854455
0.0311 0.749995
0.03115 0.801655
0.0312 0.828564
0.03125 0.786742
0.0313 0.767291
0.03135 0.761563
0.0314 0.826256
0.03145 0.810618
0.0315 0.812573
0.03155 0.794945
0.0316 0.806984
0.03165 0.798158
0.0317 0.734045
0.03175 0.818453
0.0318 0.808347
0.03185 0.821161
0.0319 0.788027
0.03195 0.793137
0.032 0.757888
0.03205 0.825194
0.0321 0.80601
0.03215 0.809276
0.0322 0.790627
0.03225 0.815819
0.0323 0.856009
0.03235 0.797241
0.0324 0.764809
0.03245 0.795927
0.0325 0.842813
0.03255 0.796679
0.0326 0.726824
0.03265 0.845
0.0327 0.837959
0.03275 0.876149
0.0328 0.822533
0.03285 0.843683
0.0329 0.756194
0.03295 0.775886
0.033 0.794346
0.03305 0.838708
0.0331 0.84548
0.03315 0.871538
0.0332 0.805278
0.03325 0.83662
0.0333 0.848093
0.03335 0.786137
0.0334 0.907208
0.03345 0.849262
0.0335 0.83467
0.03355 0.787084
0.0336 0.821391
0.03365 0.843045
0.0337 0.85332
0.03375 0.819024
0.0338 0.805562
0.03385 0.874756
0.0339 0.81932
0.03395 0.888758
0.034 0.844775
0.03405 0.821739
0.0341 0.805431
0.03415 0.823251
0.0342 0.872659
0.03425 0.846823
0.0343 0.772783
0.03435 0.855971
0.0344 0.85822
0.03445 0.826668
0.0345 0.904156
0.03455 0.804828
0.0346 0.815255
0.03465 0.767431
0.0347 0.813225
0.03475 0.862001
0.0348 0.86847
0.03485 0.807958
0.0349 0.819881
0.03495 0.815755
0.035 0.836847
0.03505 0.862241
0.0351 0.836424
0.03515 0.776
0.0352 0.835873
0.03525 0.873409
0.0353 0.835455
0.03535 0.802295
0.0354 0.856201
0.03545 0.821585
0.0355 0.77118
0.03555 0.79105
0.0356 0.883017
0.03565 0.853277
0.0357 0.872031
0.03575 0.807807
0.0358 0.818598
0.03585 0.871078
0.0359 0.813051
0.03595 0.808061
0.036 0.895338
0.03605 0.878288
0.0361 0.877072
0.03615 0.799106
0.0362 0.887566
0.03625 0.826836
0.0363 0.885809
0.03635 0.797969
0.0364 0.898577
0.03645 0.871849
0.0365 0.828197
0.03655 0.889041
0.0366 0.836519
0.03665 0.852043
0.0367 0.912465
0.03675 0.864205
0.0368 0.939563
0.03685 0.790137
0.0369 0.925356
0.03695 0.867244
0.037 0.874844
0.03705 0.889152
0.0371 0.915405
0.03715 0.830907
0.0372 0.918162
0.03725 0.878948
0.0373 0.909793
0.03735 0.871945
0.0374 0.903601
0.03745 0.843133
0.0375 0.864281
0.03755 0.896041
0.0376 0.83832
0.03765 0.813544
0.0377 0.854354
0.03775 0.834846
0.0378 0.87582
0.03785 0.82827
0.0379 0.873888
0.03795 0.966046
0.038 0.887342
0.03805 0.934056
0.0381 0.935936
0.03815 0.934002
0.0382 0.896869
0.03825 0.883335
0.0383 0.912699
0.03835 0.883809
0.0384 0.802513
0.03845 0.864119
0.0385 0.869682
0.03855 0.91927
0.0386 0.935038
0.03865 0.87037
0.0387 0.77755
0.03875 0.867506
0.0388 0.917406
0.03885 0.882696
0.0389 0.953795
0.03895 0.907387
0.039 0.86158
0.03905 0.867208
0.0391 0.933148
0.03915 0.959356
0.0392 0.878118
0.03925 0.895604
0.0393 0.839965
0.03935 0.955897
0.0394 0.926305
0.03945 0.937679
0.0395 0.896098
0.03955 0.984246
0.0396 0.887165
0.03965 0.914373
0.0397 0.868543
0.03975 0.927611
0.0398 0.839456
0.03985 0.84593
0.0399 0.948308
0.03995 0.95827
0.04 0.89778
0.04005 0.886786
0.0401 0.896628
0.04015 0.89525
0.0402 0.902721
0.04025 0.988401
0.0403 0.905736
0.04035 0.83165
0.0404 0.875402
0.04045 0.870716
0.0405 0.90494
0.04055 0.864586
0.0406 0.898065
0.04065 0.933295
0.0407 0.958874
0.04075 0.903762
0.0408 0.952205
0.04085 0.905119
0.0409 0.950406
0.04095 0.974538
0.041 1.0004
0.04105 0.885791
0.0411 0.872815
0.04115 0.931479
0.0412 0.940031
0.04125 0.904835
0.0413 0.940632
0.04135 0.914458
0.0414 0.864976
0.04145 0.875904
0.0415 0.923435
0.04155 0.895425
0.0416 0.903965
0.04165 0.925879
0.0417 0.911131
0.04175 0.834465
0.0418 0.890606
0.04185 0.966222
0.0419 1.00016
0.04195 0.989694
0.042 0.922003
0.04205 0.910483
0.0421 0.949501
0.04215 0.932109
0.0422 0.888459
0.04225 0.897951
0.0423 0.936274
0.04235 0.939116
0.0424 0.902913
0.04245 0.984731
0.0425 0.917912
0.04255 0.850856
0.0426 0.962693
0.04265 0.931451
0.0427 0.851363
0.04275 0.966161
0.0428 0.930529
0.04285 0.905067
0.0429 0.992903
0.04295 0.919365
0.043 0.919615
0.04305 0.873317
0.0431 0.840665
0.04315 0.869243
0.0432 0.931655
0.04325 0.915477
0.0433 0.985075
0.04335 1.00978
0.0434 0.900737
0.04345 0.885279
0.0435 0.986481
0.04355 0.890959
0.0436 0.924311
0.04365 0.925439
0.0437 0.883695
0.04375 0.945175
0.0438 0.957753
0.04385 0.865891
0.0439 0.921386
0.04395 0.96299
0.044 0.939541
0.04405 0.853389
0.0441 0.864073
0.04415 0.949049
0.0442 0.959973
0.04425 0.970933
0.0443 0.907421
0.04435 0.981333
0.0444 0.951481
0.04445 0.981157
0.0445 0.992221
0.04455 0.954261
0.0446 0.90367
0.04465 0.919958
0.0447 0.87544
0.04475 0.986676
0.0448 1.01397
0.04485 1.02159
0.0449 1.00227
0.04495 0.89378
0.045 0.960624
0.04505 0.974472
0.0451 0.955857
0.04515 1.05379
0.0452 1.00545
0.04525 1.03214
0.0453 1.00449
0.04535 0.890492
0.0454 1.06427
0.04545 0.928309
0.0455 0.985942
0.04555 0.916996
0.0456 0.931818
0.04565 0.961312
0.0457 0.972602
0.04575 0.984844
0.0458 0.967781
0.04585 0.979119
0.0459 0.935353
0.04595 0.947563
0.046 0.934945
0.04605 0.906611
0.0461 0.964023
0.04615 0.977269
0.0462 0.933207
0.04625 0.979749
0.0463 0.92169
0.04635 0.979442
0.0464 0.911036
0.04645 0.962378
0.0465 0.951508
0.04655 0.976018
0.0466 0.975415
0.04665 1.00843
0.0467 0.932161
0.04675 0.970771
0.0468 0.974835
0.04685 0.963903
0.0469 1.02993
0.04695 1.00217
0.047 0.940447
0.04705 0.965187
0.0471 0.99472
0.04715 0.93089
0.0472 0.984036
0.04725 0.97586
0.0473 0.978074
0.04735 1.05234
0.0474 1.02435
0.04745 1.00862
0.0475 0.951948
0.04755 0.951262
0.0476 0.933419
0.04765 0.990885
0.0477 0.978816
0.04775 1.02885
0.0478 0.925916
0.04785 0.944326
0.0479 0.935941
0.04795 1.02833
0.048 0.94322
0.04805 0.973284
0.0481 1.02655
0.04815 0.966235
0.0482 0.915378
0.04825 0.951302
0.0483 1.02602
0.04835 0.935435
0.0484 1.0345
0.04845 1.01746
0.0485 0.96833
0.04855 0.97931
0.0486 0.980593
0.04865 0.967269
0.0487 1.0124
0.04875 0.935675
0.0488 0.937847
0.04885 0.971321
0.0489 0.9628
0.04895 0.916032
0.049 1.0045
0.04905 1.02155
0.0491 0.99638
0.04915 0.974086
0.0492 0.985213
0.04925 1.03976
0.0493 0.96813
0.04935 0.916044
0.0494 0.994347
0.04945 1.00557
0.0495 0.946459
0.04955 0.957603
0.0496 1.01347
0.04965 1.0347
0.0497 1.07591
0.04975 0.969826
0.0498 0.978078
0.04985 1.04424
0.0499 0.998708
0.04995 1.02904
0.05 0.973376
0.05005 1.03077
0.0501 0.978005
0.05015 0.984317
0.0502 1.01175
0.05025 0.953758
0.0503 0.999311
0.05035 1.01073
0.0504 0.990897
0.05045 0.989187
0.0505 1.00365
0.05055 1.08595
0.0506 1.05808
0.05065 1.06055
0.0507 0.970662
0.05075 1.0898
0.0508 1.03843
0.05085 1.01644
0.0509 0.97501
0.05095 0.932442
0.051 1.08068
0.05105 1.01268
0.0511 1.03144
0.05115 1.04103
0.0512 1.07013
0.05125 1.0634
0.0513 1.14703
0.05135 0.969788
0.0514 0.975189
0.05145 0.981635
0.0515 0.963355
0.05155 1.01726
0.0516 1.04343
0.05165 0.9487
0.0517 0.955122
0.05175 1.01854
0.0518 0.953557
0.05185 1.07522
0.0519 1.0123
0.05195 0.97623
0.052 0.961918
0.05205 1.04551
0.0521 1.024
0.05215 1.07551
0.0522 1.05193
0.05225 0.978064
0.0523 1.04743
0.05235 1.03525
0.0524 0.992607
0.05245 0.954045
0.0525 1.03834
0.05255 0.988217
0.0526 0.889513
0.05265 1.034
0.0527 0.95735
0.05275 1.03888
0.0528 0.991687
0.05285 0.950707
0.0529 0.979504
0.05295 0.982942
0.053 1.04581
0.05305 0.984591
0.0531 1.01462
0.05315 1.01069
0.0532 1.00994
0.05325 1.087
0.0533 1.02023
0.05335 1.01629
0.0534 0.974924
0.05345 1.01155
0.0535 1.03007
0.05355 1.07973
0.0536 1.00827
0.05365 1.01502
0.0537 1.02716
0.05375 1.06085
0.0538 1.0031
0.05385 1.05513
0.0539 1.06092
0.05395 0.950074
0.054 1.0108
0.05405 1.01111
0.0541 1.0569
0.05415 1.07246
0.0542 0.968716
0.05425 1.05799
0.0543 1.03773
0.05435 1.04896
0.0544 1.06893
0.05445 1.09332
0.0545 0.993393
0.05455 1.07993
0.0546 1.09128
0.05465 1.05781
0.0547 1.09104
0.05475 1.03449
0.0548 1.07432
0.05485 1.05607
0.0549 1.02128
0.05495 0.999587
0.055 1.05711
0.05505 1.03545
0.0551 1.00821
0.05515 1.10013
0.0552 1.09284
0.05525 1.04019
0.0553 1.12577
0.05535 0.953422
0.0554 1.11441
0.05545 1.06827
0.0555 1.07421
0.05555 0.98009
0.0556 1.05712
0.05565 1.15106
0.0557 0.995497
0.05575 0.989057
0.0558 1.00717
0.05585 1.10583
0.0559 0.9776
0.05595 1.00358
0.056 1.02963
0.05605 1.0939
0.0561 1.09433
0.05615 1.12735
0.0562 1.02434
0.05625 1.13837
0.0563 1.04533
0.05635 1.02424
0.0564 1.03244
0.05645 1.08925
0.0565 1.01163
0.05655 1.06624
0.0566 1.06095
0.05665 1.03069
0.0567 1.06505
0.05675 1.0427
0.0568 1.02711
0.05685 1.06041
0.0569 1.10291
0.05695 1.17402
0.057 1.02168
0.05705 0.985428
0.0571 1.07709
0.05715 1.09578
0.0572 0.977116
0.05725 1.08963
0.0573 1.15312
0.05735 1.02621
0.0574 1.04718
0.05745 1.12916
0.0575 1.02374
0.05755 1.0367
0.0576 1.02663
0.05765 1.07423
0.0577 1.07807
0.05775 1.09116
0.0578 1.02446
0.05785 1.09422
0.0579 1.03667
0.05795 1.03234
0.058 1.03147
0.05805 0.99923
0.0581 1.00993
0.05815 0.995059
0.0582 1.08616
0.05825 1.0434
0.0583 1.04138
0.05835 1.06972
0.0584 1.06072
0.05845 1.00374
0.0585 0.994609
0.05855 1.1343
0.0586 1.0421
0.05865 1.11519
0.0587 1.06392
0.05875 1.03369
0.0588 1.04104
0.05885 1.11791
0.0589 1.05114
0.05895 1.09512
0.059 1.11441
0.05905 1.06519
0.0591 1.05133
0.05915 1.04691
0.0592 1.04367
0.05925 1.04871
0.0593 1.08819
0.05935 1.00185
0.0594 0.939058
0.05945 1.02367
0.0595 0.928658
0.05955 1.03366
0.0596 0.992187
0.05965 1.04493
0.0597 1.02492
0.05975 1.01921
0.0598 1.03742
0.05985 1.06526
0.0599 0.982858
0.05995 1.02025
0.06 1.0061
0.06005 1.1097
0.0601 1.01266
0.06015 1.06588
0.0602 1.10236
0.06025 0.976119
0.0603 1.13321
0.06035 1.08291
0.0604 1.02403
0.06045 1.07511
0.0605 0.957981
0.06055 1.06357
0.0606 1.0457
0.06065 1.08241
0.0607 1.01958
0.06075 1.03929
0.0608 0.996973
0.06085 1.08366
0.0609 1.0316
0.06095 1.02942
0.061 1.09196
0.06105 0.989671
0.0611 1.02411
0.06115 1.01824
0.0612 1.05891
0.06125 0.98198
0.0613 0.984616
0.06135 1.02901
0.0614 1.1534
0.06145 1.10097
0.0615 0.95239
0.06155 1.04739
0.0616 1.01808
0.06165 1.07632
0.0617 0.959323
0.06175 1.03362
0.0618 1.04131
0.06185 1.05644
0.0619 1.1001
0.06195 1.03971
0.062 1.0648
0.06205 1.04772
0.0621 1.06416
0.06215 1.04457
0.0622 0.970143
0.06225 0.993973
0.0623 1.04155
0.06235 1.00438
0.0624 1.03082
0.06245 1.03357
0.0625 1.01256
0.06255 1.02155
0.0626 1.03056
0.06265 0.980646
0.0627 1.02223
0.06275 1.03754
0.0628 1.02397
0.06285 0.997792
0.0629 1.08108
0.06295 1.01337
0.063 1.01989
0.06305 1.07565
0.0631 0.990087
0.06315 1.05094
0.0632 1.05248
0.06325 1.10467
0.0633 1.08223
0.06335 1.04958
0.0634 1.00544
0.06345 0.925637
0.0635 1.03121
0.06355 1.09632
0.0636 1.05848
0.06365 1.01418
0.0637 1.05009
0.06375 1.07206
0.0638 1.00596
0.06385 1.05217
0.0639 0.971865
0.06395 1.04497
0.064 1.01961
0.06405 1.02881
0.0641 0.981576
0.06415 1.01512
0.0642 1.08987
0.06425 1.06833
0.0643 1.12011
0.06435 1.06768
0.0644 1.03446
0.06445 1.07211
0.0645 1.04272
0.06455 0.997751
0.0646 1.08198
0.06465 1.1237
0.0647 0.936305
0.06475 1.02323
0.0648 1.07792
0.06485 1.11457
0.0649 1.07466
0.06495 1.12436
0.065 1.11043
0.06505 1.05089
0.0651 1.06679
0.06515 1.06447
0.0652 0.996889
0.06525 1.03625
0.0653 1.11883
0.06535 1.04987
0.0654 1.01478
0.06545 1.108
0.0655 1.06114
0.06555 1.07848
0.0656 1.12736
0.06565 1.03575
0.0657 1.10042
0.06575 1.04416
0.0658 1.0747
0.06585 1.05786
0.0659 1.0911
0.06595 1.02542
0.066 1.09696
0.06605 1.13959
0.0661 1.04605
0.06615 1.07145
0.0662 1.01608
0.06625 1.02291
0.0663 1.01782
0.06635 1.01536
0.0664 1.07005
0.06645 1.04905
0.0665 1.11052
0.06655 1.10021
0.0666 1.1072
0.06665 1.16889
0.0667 1.04517
0.06675 1.02136
0.0668 1.02022
0.06685 1.03381
0.0669 1.06215
0.06695 1.14147
0.067 1.15794
0.06705 1.11541
0.0671 1.00562
0.06715 1.12542
0.0672 0.980513
0.06725 1.14621
0.0673 1.04288
0.06735 1.09433
0.0674 0.98942
0.06745 1.11647
0.0675 1.13978
0.06755 1.10635
0.0676 1.14591
0.06765 1.04881
0.0677 1.04905
0.06775 1.14827
0.0678 1.13916
0.06785 1.07978
0.0679 1.00803
0.06795 1.08029
0.068 1.10643
0.06805 1.0727
0.0681 1.03344
0.06815 1.11004
0.0682 1.11309
0.06825 1.082
0.0683 1.18344
0.06835 1.11821
0.0684 1.09527
0.06845 1.13119
0.0685 1.20694
0.06855 1.07021
0.0686 1.08145
0.06865 1.03776
0.0687 1.13148
0.06875 1.03826
0.0688 1.12109
0.06885 1.07595
0.0689 1.17275
0.06895 1.18282
0.069 1.15838
0.06905 1.10902
0.0691 1.09412
0.06915 1.19267
0.0692 1.12663
0.06925 1.11726
0.0693 1.07598
0.06935 1.06097
0.0694 1.05705
0.06945 1.1518
0.0695 1.06315
0.06955 1.062
0.0696 1.15976
0.06965 1.02492
0.0697 1.11439
0.06975 1.11191
0.0698 1.17509
0.06985 1.18528
0.0699 1.11854
0.06995 1.04606
0.07 1.13454
0.07005 1.076
0.0701 1.06082
0.07015 1.10739
0.0702 1.09083
0.07025 1.1122
0.0703 1.04075
0.07035 1.09587
0.0704 1.11306
0.07045 1.1317
0.0705 1.19412
0.07055 1.15218
0.0706 1.09461
0.07065 1.10479
0.0707 1.15178
0.07075 1.10824
0.0708 1.04619
0.07085 1.062
0.0709 1.10338
0.07095 1.03409
0.071 1.08544
0.07105 1.11699
0.0711 1.02338
0.07115 1.07054
0.0712 1.07364
0.07125 1.12379
0.0713 1.04277
0.07135 1.12865
0.0714 1.02466
0.07145 1.11778
0.0715 1.1138
0.07155 1.08832
0.0716 1.08858
0.07165 1.11609
0.0717 1.08483
0.07175 1.14683
0.0718 1.12275
0.07185 1.12018
0.0719 1.073
0.07195 1.11356
0.072 1.11818
0.07205 1.14444
0.0721 1.06108
0.07215 1.11617
0.0722 1.18005
0.07225 1.1038
0.0723 1.13302
0.07235 1.0566
0.0724 1.18722
0.07245 1.13397
0.0725 1.24601
0.07255 1.06644
0.0726 1.13496
0.07265 1.14545
0.0727 1.16325
0.07275 1.05441
0.0728 1.11726
0.07285 1.07819
0.0729 1.04633
0.07295 1.13851
0.073 1.11546
0.07305 1.1406
0.0731 1.05607
0.07315 1.1368
0.0732 1.10635
0.07325 1.14474
0.0733 1.1172
0.07335 1.10574
0.0734 1.08692
0.07345 1.10334
0.0735 1.12862
0.07355 1.2349
0.0736 1.13372
0.07365 1.11486
0.0737 1.12695
0.07375 1.15234
0.0738 1.0803
0.07385 1.0894
0.0739 1.18875
0.07395 1.18173
0.074 1.17025
0.07405 1.1217
0.0741 1.07898
0.07415 1.09406
0.0742 1.17895
0.07425 1.16595
0.0743 1.08302
0.07435 1.08177
0.0744 1.11774
0.07445 1.18507
0.0745 1.1437
0.07455 1.10969
0.0746 1.09951
0.07465 1.08184
0.0747 1.15383
0.07475 1.03747
0.0748 1.13794
0.07485 1.11428
0.0749 1.13404
0.07495 1.16134
0.075 1.10764
0.07505 1.11992
0.0751 1.12171
0.07515 1.19869
0.0752 1.13888
0.07525 1.14822
0.0753 1.07168
0.07535 1.09753
0.0754 1.10834
0.07545 1.07236
0.0755 1.01818
0.07555 1.07275
0.0756 1.08507
0.07565 1.17765
0.0757 1.14922
0.07575 1.08889
0.0758 1.09216
0.07585 1.18348
0.0759 1.07751
0.07595 1.16741
0.076 1.08713
0.07605 1.07518
0.0761 1.11956
0.07615 1.20518
0.0762 1.13389
0.07625 1.07619
0.0763 1.06572
0.07635 1.09342
0.0764 1.19916
0.07645 1.13068
0.0765 1.16618
0.07655 1.13127
0.0766 1.16681
0.07665 1.15027
0.0767 1.11834
0.07675 1.11707
0.0768 1.06354
0.07685 1.08527
0.0769 1.06702
0.07695 1.08108
0.077 1.09208
0.07705 1.07381
0.0771 1.22986
0.07715 1.03727
0.0772 1.18883
0.07725 1.14745
0.0773 1.06885
0.07735 1.19134
0.0774 1.11889
0.07745 1.16721
0.0775 1.10859
0.07755 1.11505
0.0776 1.14326
0.07765 1.17463
0.0777 1.22161
0.07775 1.1053
0.0778 1.03548
0.07785 1.0886
0.0779 1.13715
0.07795 1.21231
0.078 1.14557
0.07805 1.11462
0.0781 1.12113
0.07815 1.15892
0.0782 1.19992
0.07825 1.1486
0.0783 1.15986
0.07835 1.11
0.0784 1.14633
0.07845 1.09324
0.0785 1.1563
0.07855 1.12516
0.0786 1.127
0.07865 1.16504
0.0787 1.17322
0.07875 1.20191
0.0788 1.19596
0.07885 1.18527
0.0789 1.16666
0.07895 1.17803
0.079 1.22895
0.07905 1.14074
0.0791 1.19801
0.07915 1.18569
0.0792 1.17017
0.07925 1.19428
0.0793 1.13431
0.07935 1.17746
0.0794 1.19367
0.07945 1.0684
0.0795 1.14336
0.07955 1.23439
0.0796 1.2061
0.07965 1.12995
0.0797 1.18444
0.07975 1.172
0.0798 1.14356
0.07985 1.06394
0.0799 1.10569
0.07995 1.16832
0.08 1.21185
0.08005 1.1209
0.0801 1.13717
0.08015 1.1631
0.0802 1.14093
0.08025 1.13317
0.0803 1.07236
0.08035 1.14491
0.0804 1.10496
0.08045 1.17602
0.0805 1.13445
0.08055 1.18307
0.0806 1.20758
0.08065 1.12723
0.0807 1.09518
0.08075 1.16811
0.0808 1.19105
0.08085 1.21888
0.0809 1.27591
0.08095 1.21154
0.081 1.15354
0.08105 1.11814
0.0811 1.21088
0.08115 1.19012
0.0812 1.14819
0.08125 1.17286
0.0813 1.16828
0.08135 1.11159
0.0814 1.15417
0.08145 1.13163
0.0815 1.12699
0.08155 1.20883
0.0816 1.20591
0.08165 1.12128
0.0817 1.1395
0.08175 1.12504
0.0818 1.09417
0.08185 1.11731
0.0819 1.12573
0.08195 1.12761
0.082 1.13442
0.08205 1.09198
0.0821 1.20226
0.08215 1.19601
0.0822 1.21279
0.08225 1.13248
0.0823 1.1426
0.08235 1.17088
0.0824 1.09861
0.08245 1.19122
0.0825 1.18163
0.08255 1.22323
0.0826 1.24673
0.08265 1.13298
0.0827 1.09516
0.08275 1.10695
0.0828 1.13533
0.08285 1.14221
0.0829 1.1126
0.08295 1.0763
0.083 1.10139
0.08305 1.16641
0.0831 1.11514
0.08315 1.22851
0.0832 1.19391
0.08325 1.15757
0.0833 1.21618
0.08335 1.16481
0.0834 1.20515
0.08345 1.22551
0.0835 1.19579
0.08355 1.16935
0.0836 1.2332
0.08365 1.17162
0.0837 1.25231
0.08375 1.22922
0.0838 1.13063
0.08385 1.19799
0.0839 1.11939
0.08395 1.16329
0.084 1.1955
0.08405 1.1218
0.0841 1.14895
0.08415 1.18288
0.0842 1.23878
0.08425 1.1363
0.0843 1.26475
0.08435 1.21619
0.0844 1.25368
0.08445 1.22025
0.0845 1.2189
0.08455 1.27845
0.0846 1.13156
0.08465 1.14365
0.0847 1.17441
0.08475 1.212
0.0848 1.20553
0.08485 1.2466
0.0849 1.23847
0.08495 1.16913
0.085 1.18641
0.08505 1.20542
0.0851 1.18871
0.08515 1.29294
0.0852 1.12286
0.08525 1.16914
0.0853 1.1677
0.08535 1.16626
0.0854 1.2178
0.08545 1.18563
0.0855 1.20816
0.08555 1.1691
0.0856 1.2259
0.08565 1.16281
0.0857 1.07561
0.08575 1.16157
0.0858 1.22535
0.08585 1.28582
0.0859 1.21402
0.08595 1.22294
0.086 1.17852
0.08605 1.12541
0.0861 1.19283
0.08615 1.2138
0.0862 1.2124
0.08625 1.16611
0.0863 1.21991
0.08635 1.15111
0.0864 1.1721
0.08645 1.18274
0.0865 1.30419
0.08655 1.12621
0.0866 1.14722
0.08665 1.0937
0.0867 1.06091
0.08675 1.20687
0.0868 1.14117
0.08685 1.27696
0.0869 1.2217
0.08695 1.18374
0.087 1.12308
0.08705 1.18077
0.0871 1.13398
0.08715 1.20222
0.0872 1.18157
0.08725 1.14343
0.0873 1.21878
0.08735 1.21385
0.0874 1.20541
0.08745 1.17946
0.0875 1.15522
0.08755 1.27985
0.0876 1.1733
0.08765 1.22267
0.0877 1.18613
0.08775 1.20572
0.0878 1.21304
0.08785 1.14127
0.0879 1.17843
0.08795 1.12238
0.088 1.20358
0.08805 1.30607
0.0881 1.1531
0.08815 1.1939
0.0882 1.14829
0.08825 1.2015
0.0883 1.17528
0.08835 1.08007
0.0884 1.11914
0.08845 1.19898
0.0885 1.26302
0.08855 1.19958
0.0886 1.20696
0.08865 1.18242
0.0887 1.10636
0.08875 1.20777
0.0888 1.23116
0.08885 1.27415
0.0889 1.18201
0.08895 1.10573
0.089 1.08631
0.08905 1.12924
0.0891 1.22572
0.08915 1.19927
0.0892 1.21204
0.08925 1.1284
0.0893 1.0875
0.08935 1.18778
0.0894 1.15405
0.08945 1.2044
0.0895 1.2011
0.08955 1.24439
0.0896 1.16583
0.08965 1.15172
0.0897 1.19681
0.08975 1.20966
0.0898 1.19917
0.08985 1.2354
0.0899 1.22672
0.08995 1.18923
0.09 1.21291
0.09005 1.26906
0.0901 1.30367
0.09015 1.21566
0.0902 1.18707
0.09025 1.31556
0.0903 1.20212
0.09035 1.21505
0.0904 1.17012
0.09045 1.17941
0.0905 1.17785
0.09055 1.18353
0.0906 1.14934
0.09065 1.30556
0.0907 1.23153
0.09075 1.17191
0.0908 1.27753
0.09085 1.1979
0.0909 1.24182
0.09095 1.16934
0.091 1.21692
0.09105 1.28827
0.0911 1.26858
0.09115 1.25068
0.0912 1.24736
0.09125 1.22211
0.0913 1.16942
0.09135 1.11847
0.0914 1.21193
0.09145 1.19025
0.0915 1.18135
0.09155 1.23656
0.0916 1.16354
0.09165 1.20778
0.0917 1.23191
0.09175 1.20467
0.0918 1.22515
0.09185 1.17214
0.0919 1.25881
0.09195 1.15978
0.092 1.15999
0.09205 1.20811
0.0921 1.1623
0.09215 1.20863
0.0922 1.12772
0.09225 1.2885
0.0923 1.19467
0.09235 1.1672
0.0924 1.20811
0.09245 1.13623
0.0925 1.23267
0.09255 1.27186
0.0926 1.21475
0.09265 1.26323
0.0927 1.22461
0.09275 1.28057
0.0928 1.19921
0.09285 1.24963
0.0929 1.22392
0.09295 1.25024
0.093 1.28405
0.09305 1.14289
0.0931 1.2176
0.09315 1.36327
0.0932 1.18093
0.09325 1.22036
0.0933 1.19636
0.09335 1.24518
0.0934 1.21932
0.09345 1.18781
0.0935 1.15624
0.09355 1.14522
0.0936 1.1398
0.09365 1.19808
0.0937 1.25646
0.09375 1.20237
0.0938 1.28333
0.09385 1.25551
0.0939 1.18817
0.09395 1.24857
0.094 1.27333
0.09405 1.25108
0.0941 1.24197
0.09415 1.17256
0.0942 1.33112
0.09425 1.26173
0.0943 1.24506
0.09435 1.26046
0.0944 1.21544
0.09445 1.20436
0.0945 1.22542
0.09455 1.15002
0.0946 1.25243
0.09465 1.22433
0.0947 1.3023
0.09475 1.187
0.0948 1.25173
0.09485 1.21787
0.0949 1.21054
0.09495 1.18419
0.095 1.21294
0.09505 1.17706
0.0951 1.24008
0.09515 1.14517
0.0952 1.23489
0.09525 1.2752
0.0953 1.2679
0.09535 1.09459
0.0954 1.24553
0.09545 1.24009
0.0955 1.23465
0.09555 1.25022
0.0956 1.19695
0.09565 1.18954
0.0957 1.2185
0.09575 1.31839
0.0958 1.31109
0.09585 1.13499
0.0959 1.22536
0.09595 1.16226
0.096 1.20473
0.09605 1.23573
0.0961 1.32062
0.09615 1.15359
0.0962 1.24426
0.09625 1.17714
0.0963 1.27563
0.09635 1.20076
0.0964 1.20678
0.09645 1.18773
0.0965 1.27485
0.09655 1.27903
0.0966 1.21943
0.09665 1.2603
0.0967 1.2664
0.09675 1.26865
0.0968 1.25346
0.09685 1.20724
0.0969 1.24432
0.09695 1.26401
0.097 1.20608
0.09705 1.27817
0.0971 1.16774
0.09715 1.20876
0.0972 1.18956
0.09725 1.18978
0.0973 1.20558
0.09735 1.18439
0.0974 1.16122
0.09745 1.18677
0.0975 1.16358
0.09755 1.23014
0.0976 1.2636
0.09765 1.20724
0.0977 1.23289
0.09775 1.16079
0.0978 1.22556
0.09785 1.2454
0.0979 1.23392
0.09795 1.25575
0.098 1.21878
0.09805 1.11504
0.0981 1.2467
0.09815 1.1861
0.0982 1.17453
0.09825 1.24157
0.0983 1.1435
0.09835 1.23026
0.0984 1.21674
0.09845 1.15394
0.0985 1.13244
0.09855 1.15627
0.0986 1.17618
0.09865 1.24547
0.0987 1.16675
0.09875 1.28748
0.0988 1.27791
0.09885 1.18921
0.0989 1.12807
0.09895 1.19357
0.099 1.2136
0.09905 1.25942
0.0991 1.15659
0.09915 1.23812
0.0992 1.21258
0.09925 1.18303
0.0993 1.17131
0.09935 1.19338
0.0994 1.20553
0.09945 1.15601
0.0995 1.16614
0.09955 1.20817
0.0996 1.22833
0.09965 1.19668
0.0997 1.15301
0.09975 1.22104
0.0998 1.20332
0.09985 1.13961
0.0999 1.23172
0.09995 1.19598
0.1 1.14217
0.10005 1.14834
0.1001 1.13248
0.10015 1.25288
0.1002 1.13887
0.10025 1.25337
0.1003 1.21752
0.10035 1.23783
0.1004 1.19791
0.10045 1.23029
0.1005 1.25266
0.10055 1.07588
0.1006 1.21286
0.10065 1.15267
0.1007 1.23747
0.10075 1.13693
0.1008 1.21978
0.10085 1.22002
0.1009 1.22429
0.10095 1.19424
0.101 1.24093
0.10105 1.28163
0.1011 1.2354
0.10115 1.37328
0.1012 1.34937
0.10125 1.38215
0.1013 1.47173
0.10135 1.63851
0.1014 1.61887
0.10145 1.79408
0.1015 2.10765
0.10155 2.4095
0.1016 2.79107
0.10165 3.20982
0.1017 3.75535
0.10175 4.33426
0.1018 5.27661
0.10185 5.90649
0.1019 6.79623
0.10195 7.54041
0.102 8.22035
0.10205 9.04423
0.1021 9.3749
0.10215 9.379
0.1022 9.81255
0.10225 9.45288
0.1023 8.98622
0.10235 8.34888
0.1024 7.45651
0.10245 6.81499
0.1025 6.19097
0.10255 5.24592
0.1026 4.8579
0.10265 4.17969
0.1027 3.86832
0.10275 3.35707
0.1028 3.16391
0.10285 2.95811
0.1029 2.83025
0.10295 2.65481
0.103 2.58012
0.10305 2.5383
0.1031 2.40565
0.10315 2.27486
0.1032 2.18105
0.10325 2.18008
0.1033 2.22458
0.10335 2.14919
0.1034 2.21646
0.10345 2.24449
0.1035 2.09653
0.10355 2.09546
0.1036 2.0861
0.10365 2.09124
0.1037 2.08186
0.10375 1.98527
0.1038 1.94878
0.10385 1.98288
0.1039 1.96922
0.10395 2.04913
0.104 1.97308
0.10405 1.93232
0.1041 1.9894
0.10415 1.86733
0.1042 1.96193
0.10425 1.95236
0.1043 1.96991
0.10435 1.9144
0.1044 1.94237
0.10445 1.81154
0.1045 1.90217
0.10455 1.92807
0.1046 1.9582
0.10465 1.85016
0.1047 1.88233
0.10475 1.86635
0.1048 1.90905
0.10485 1.83432
0.1049 1.84555
0.10495 1.80009
0.105 1.79238
0.10505 1.96963
0.1051 1.90319
0.10515 1.79879
0.1052 1.80579
0.10525 1.85914
0.1053 1.77561
0.10535 1.87114
0.1054 1.82972
0.10545 1.82832
0.1055 1.81637
0.10555 1.72626
0.1056 1.86634
0.10565 1.82692
0.1057 1.86147
0.10575 1.85375
0.1058 1.82908
0.10585 1.9484
0.1059 1.76064
0.10595 1.81216
0.106 1.77044
0.10605 1.926
0.1061 1.74634
0.10615 1.8022
0.1062 1.83475
0.10625 1.81208
0.1063 1.84893
0.10635 1.71559
0.1064 1.65658
0.10645 1.69759
0.1065 1.7557
0.10655 1.8139
0.1066 1.74847
0.10665 1.70855
0.1067 1.88207
0.10675 1.71194
0.1068 1.83861
0.10685 1.8436
0.1069 1.80153
0.10695 1.67166
0.107 1.67863
0.10705 1.70061
0.1071 1.69476
0.10715 1.79395
0.1072 1.73026
0.10725 1.78022
0.1073 1.7229
0.10735 1.74068
0.1074 1.67897
0.10745 1.63867
0.1075 1.70802
0.10755 1.72366
0.1076 1.66181
0.10765 1.74205
0.1077 1.72972
0.10775 1.7756
0.1078 1.75682
0.10785 1.65602
0.1079 1.72347
0.10795 1.63982
0.108 1.66842
0.10805 1.73814
0.1081 1.78416
0.10815 1.65713
0.1082 1.61868
0.10825 1.61917
0.1083 1.663
0.10835 1.62234
0.1084 1.67054
0.10845 1.66674
0.1085 1.66727
0.10855 1.72644
0.1086 1.65097
0.10865 1.7254
0.1087 1.66291
0.10875 1.68302
0.1088 1.77499
0.10885 1.64712
0.1089 1.66506
0.10895 1.58056
0.109 1.65734
0.10905 1.64477
0.1091 1.60816
0.10915 1.66104
0.1092 1.63316
0.10925 1.64458
0.1093 1.71507
0.10935 1.69375
0.1094 1.6746
0.10945 1.60942
0.1095 1.63838
0.10955 1.65641
0.1096 1.64814
0.10965 1.82636
0.1097 1.67557
0.10975 1.7837
0.1098 1.6525
0.10985 1.74312
0.1099 1.55899
0.10995 1.68701
0.11 1.62152
0.11005 1.61979
0.1101 1.69076
0.11015 1.66264
0.1102 1.683
0.11025 1.60852
0.1103 1.62664
0.11035 1.60503
0.1104 1.6342
0.11045 1.64132
0.1105 1.6418
0.11055 1.62902
0.1106 1.61179
0.11065 1.62111
0.1107 1.64816
0.11075 1.60433
0.1108 1.55157
0.11085 1.57194
0.1109 1.63227
0.11095 1.60389
0.111 1.60434
0.11105 1.56035
0.1111 1.57632
0.11115 1.6101
0.1112 1.64171
0.11125 1.55315
0.1113 1.58473
0.11135 1.60521
0.1114 1.55216
0.11145 1.57263
0.1115 1.63552
0.11155 1.59359
0.1116 1.63198
0.11165 1.61235
0.1117 1.51669
0.11175 1.58861
0.1118 1.61365
0.11185 1.57605
0.1119 1.65708
0.11195 1.49181
0.112 1.63333
0.11205 1.55533
0.1121 1.60956
0.11215 1.58981
0.1122 1.54085
0.11225 1.56594
0.1123 1.53713
0.11235 1.4948
0.1124 1.63908
0.11245 1.64405
0.1125 1.64227
0.11255 1.56167
0.1126 1.61164
0.11265 1.54446
0.1127 1.56289
0.11275 1.61066
0.1128 1.54114
0.11285 1.56861
0.1129 1.64582
0.11295 1.60335
0.113 1.5337
0.11305 1.56348
0.1131 1.72002
0.11315 1.64811
0.1132 1.60555
0.11325 1.58785
0.1133 1.58147
0.11335 1.62951
0.1134 1.58231
0.11345 1.56684
0.1135 1.62174
0.11355 1.6449
0.1136 1.47489
0.11365 1.62984
0.1137 1.5393
0.11375 1.53967
0.1138 1.48311
0.11385 1.56772
0.1139 1.54761
0.11395 1.56166
0.114 1.59171
0.11405 1.57615
0.1141 1.59938
0.11415 1.56783
0.1142 1.59336
0.11425 1.62349
0.1143 1.47299
0.11435 1.52135
0.1144 1.56748
0.11445 1.52894
0.1145 1.57283
0.11455 1.58698
0.1146 1.59197
0.11465 1.56944
0.1147 1.51705
0.11475 1.60235
0.1148 1.52697
0.11485 1.46528
0.1149 1.47247
0.11495 1.54178
0.115 1.58816
0.11505 1.60699
0.1151 1.54293
0.11515 1.56633
0.1152 1.53675
0.11525 1.54172
0.1153 1.56054
0.11535 1.56785
0.1154 1.58209
0.11545 1.54553
0.1155 1.54358
0.11555 1.56013
0.1156 1.54432
0.11565 1.50303
0.1157 1.61911
0.11575 1.56395
0.1158 1.59908
0.11585 1.4836
0.1159 1.54652
0.11595 1.55616
0.116 1.55886
0.11605 1.47331
0.1161 1.56421
0.11615 1.53205
0.1162 1.48823
0.11625 1.54902
0.1163 1.42605
0.11635 1.52408
0.1164 1.55936
0.11645 1.59235
0.1165 1.55079
0.11655 1.5395
0.1166 1.44187
0.11665 1.50982
0.1167 1.56386
0.11675 1.51517
0.1168 1.50382
0.11685 1.49012
0.1169 1.35476
0.11695 1.53514
0.117 1.60571
0.11705 1.52649
0.1171 1.55261
0.11715 1.54125
0.1172 1.57209
0.11725 1.47159
0.1173 1.46014
0.11735 1.57783
0.1174 1.39734
0.11745 1.47041
0.1175 1.42603
0.11755 1.40512
0.1176 1.43829
0.11765 1.5798
0.1177 1.47185
0.11775 1.48627
0.1178 1.4795
0.11785 1.54818
0.1179 1.45889
0.11795 1.41669
0.118 1.54443
0.11805 1.45502
0.1181 1.52855
0.11815 1.54071
0.1182 1.48429
0.11825 1.53664
0.1183 1.47781
0.11835 1.44021
0.1184 1.46653
0.11845 1.41704
0.1185 1.59985
0.11855 1.49113
0.1186 1.43923
0.11865 1.5392
0.1187 1.53241
0.11875 1.50424
0.1188 1.63766
0.11885 1.50729
0.1189 1.50761
0.11895 1.46032
0.119 1.50107
0.11905 1.45612
0.1191 1.4969
0.11915 1.46622
0.1192 1.45218
0.11925 1.45961
0.1193 1.58162
0.11935 1.47453
0.1194 1.44137
0.11945 1.51333
0.1195 1.50408
0.11955 1.45176
0.1196 1.55014
0.11965 1.45951
0.1197 1.44541
0.11975 1.57745
0.1198 1.55145
0.11985 1.50384
0.1199 1.53293
0.11995 1.53086
0.12 1.48797
0.12005 1.43542
0.1201 1.47171
0.12015 1.48401
0.1202 1.49151
0.12025 1.49662
0.1203 1.57394
0.12035 1.52374
0.1204 1.41324
0.12045 1.4689
0.1205 1.49569
0.12055 1.56835
0.1206 1.4191
0.12065 1.51589
0.1207 1.44858
0.12075 1.5479
0.1208 1.50714
0.12085 1.50503
0.1209 1.47872
0.12095 1.4669
0.121 1.52286
0.12105 1.42145
0.1211 1.35868
0.12115 1.53339
0.1212 1.39306
0.12125 1.49274
0.1213 1.49788
0.12135 1.42776
0.1214 1.4863
0.12145 1.45499
0.1215 1.44796
0.12155 1.38498
0.1216 1.37301
0.12165 1.45352
0.1217 1.44404
0.12175 1.45159
0.1218 1.42992
0.12185 1.44234
0.1219 1.40356
0.12195 1.40622
0.122 1.42352
0.12205 1.45061
0.1221 1.42644
0.12215 1.36068
0.1222 1.47822
0.12225 1.40022
0.1223 1.45916
0.12235 1.44717
0.1224 1.44987
0.12245 1.46237
0.1225 1.46998
0.12255 1.35256
0.1226 1.51953
0.12265 1.48793
0.1227 1.52995
0.12275 1.39764
0.1228 1.50841
0.12285 1.37106
0.1229 1.39091
0.12295 1.35913
0.123 1.44298
0.12305 1.43338
0.1231 1.44346
0.12315 1.33775
0.1232 1.37242
0.12325 1.52056
0.1233 1.58254
0.12335 1.34103
0.1234 1.4992
0.12345 1.49208
0.1235 1.40093
0.12355 1.46788
0.1236 1.49535
0.12365 1.52284
0.1237 1.45385
0.12375 1.45657
0.1238 1.43948
0.12385 1.50167
0.1239 1.497
0.12395 1.4204
0.124 1.45039
0.12405 1.47297
0.1241 1.3764
0.12415 1.44613
0.1242 1.44886
0.12425 1.43667
0.1243 1.35483
0.12435 1.50676
0.1244 1.50207
0.12445 1.6169
0.1245 1.46781
0.12455 1.40328
0.1246 1.47827
0.12465 1.51345
0.1247 1.43141
0.12475 1.3942
0.1248 1.48179
0.12485 1.48205
0.1249 1.41734
0.12495 1.39756
0.125 1.40276
0.12505 1.42548
0.1251 1.40567
0.12515 1.51605
0.1252 1.3936
0.12525 1.42888
0.1253 1.53189
0.12535 1.4394
0.1254 1.42708
0.12545 1.42479
0.1255 1.44761
0.12555 1.42524
0.1256 1.46064
0.12565 1.49859
0.1257 1.4209
0.12575 1.5444
0.1258 1.34084
0.12585 1.44171
0.1259 1.48224
0.12595 1.34642
0.126 1.47011
0.12605 1.36443
0.1261 1.41506
0.12615 1.44303
0.1262 1.43821
0.12625 1.40813
0.1263 1.4058
0.12635 1.51723
0.1264 1.54787
0.12645 1.43939
0.1265 1.31054
0.12655 1.55627
0.1266 1.37927
0.12665 1.40732
0.1267 1.49371
0.12675 1.45341
0.1268 1.34455
0.12685 1.35739
0.1269 1.44134
0.12695 1.46443
0.127 1.40114
0.12705 1.33016
0.1271 1.46508
0.12715 1.39155
0.1272 1.45536
0.12725 1.45305
0.1273 1.41508
0.12735 1.44586
0.1274 1.4053
0.12745 1.39785
0.1275 1.40569
0.12755 1.41865
0.1276 1.39588
0.12765 1.33221
0.1277 1.45755
0.12775 1.47567
0.1278 1.40177
0.12785 1.42754
0.1279 1.47126
0.12795 1.42542
0.128 1.43076
0.12805 1.50783
0.1281 1.43634
0.12815 1.49553
0.1282 1.39063
0.12825 1.42417
0.1283 1.41668
0.12835 1.34497
0.1284 1.41448
0.12845 1.44038
0.1285 1.28377
0.12855 1.4099
0.1286 1.36121
0.12865 1.36394
0.1287 1.38985
0.12875 1.37715
0.1288 1.31032
0.12885 1.4548
0.1289 1.39056
0.12895 1.37784
0.129 1.35994
0.12905 1.41432
0.1291 1.36027
0.12915 1.35526
0.1292 1.4614
0.12925 1.44095
0.1293 1.44892
0.12935 1.38186
0.1294 1.44935
0.12945 1.42367
0.1295 1.39019
0.12955 1.45258
0.1296 1.39316
0.12965 1.41928
0.1297 1.42727
0.12975 1.40151
0.1298 1.45104
0.12985 1.44607
0.1299 1.37872
0.12995 1.36849
0.13 1.42587
0.13005 1.3324
0.1301 1.38199
0.13015 1.38216
0.1302 1.40056
0.13025 1.36948
0.1303 1.44263
0.13035 1.46371
0.1304 1.38567
0.13045 1.4772
0.1305 1.44349
0.13055 1.4411
0.1306 1.46222
0.13065 1.50166
0.1307 1.45746
0.13075 1.4603
0.1308 1.34015
0.13085 1.41621
0.1309 1.4295
0.13095 1.46114
0.131 1.43516
0.13105 1.39866
0.1311 1.47491
0.13115 1.41479
0.1312 1.44123
0.13125 1.27863
0.1313 1.43109
0.13135 1.32617
0.1314 1.38676
0.13145 1.31066
0.1315 1.41075
0.13155 1.40041
0.1316 1.34793
0.13165 1.30593
0.1317 1.38245
0.13175 1.39316
0.1318 1.40652
0.13185 1.40934
0.1319 1.35147
0.13195 1.50209
0.132 1.38086
0.13205 1.44444
0.1321 1.41557
0.13215 1.36553
0.1322 1.37097
0.13225 1.36848
0.1323 1.28922
0.13235 1.37405
0.1324 1.42719
0.13245 1.40884
0.1325 1.30829
0.13255 1.47282
0.1326 1.3855
0.13265 1.42017
0.1327 1.46019
0.13275 1.33026
0.1328 1.31976
0.13285 1.36506
0.1329 1.46891
0.13295 1.39732
0.133 1.38419
0.13305 1.38169
0.1331 1.26202
0.13315 1.38464
0.1332 1.42477
0.13325 1.46229
0.1333 1.3505
0.13335 1.42534
0.1334 1.44155
0.13345 1.37234
0.1335 1.36715
0.13355 1.46082
0.1336 1.41025
0.13365 1.44252
0.1337 1.30095
0.13375 1.45091
0.1338 1.37616
0.13385 1.41917
0.1339 1.30952
0.13395 1.40342
0.134 1.3473
0.13405 1.36084
0.1341 1.36367
0.13415 1.32087
0.1342 1.34246
0.13425 1.33722
0.1343 1.3266
0.13435 1.38854
0.1344 1.42366
0.13445 1.35391
0.1345 1.38903
0.13455 1.3569
0.1346 1.41359
0.13465 1.40299
0.1347 1.35466
0.13475 1.40602
0.1348 1.31719
0.13485 1.3254
0.1349 1.3768
0.13495 1.35535
0.135 1.36089
0.13505 1.33671
0.1351 1.37198
0.13515 1.39105
0.1352 1.39663
0.13525 1.32103
0.1353 1.31573
0.13535 1.37541
0.1354 1.37827
0.13545 1.27816
0.1355 1.43547
0.13555 1.36516
0.1356 1.4277
0.13565 1.34647
0.1357 1.47149
0.13575 1.3332
0.1358 1.24637
0.13585 1.40407
0.1359 1.35258
0.13595 1.38264
0.136 1.35286
0.13605 1.29856
0.1361 1.35311
0.13615 1.45131
0.1362 1.39157
0.13625 1.28269
0.1363 1.44912
0.13635 1.39203
0.1364 1.34034
0.13645 1.39507
0.1365 1.38158
0.13655 1.36534
0.1366 1.39828
0.13665 1.42031
0.1367 1.39588
0.13675 1.33312
0.1368 1.32502
0.13685 1.4237
0.1369 1.49236
0.13695 1.33642
0.137 1.3475
0.13705 1.34215
0.1371 1.40261
0.13715 1.35888
0.1372 1.42215
0.13725 1.33995
0.1373 1.29887
0.13735 1.30446
0.1374 1.36778
0.13745 1.28542
0.1375 1.35978
0.13755 1.34616
0.1376 1.29948
0.13765 1.42075
0.1377 1.41267
0.13775 1.48725
0.1378 1.25865
0.13785 1.3249
0.1379 1.26431
0.13795 1.41066
0.138 1.47157
0.13805 1.37236
0.1381 1.33935
0.13815 1.35605
0.1382 1.3313
0.13825 1.26226
0.1383 1.27616
0.13835 1.30668
0.1384 1.32339
0.13845 1.30965
0.1385 1.35963
0.13855 1.36808
0.1386 1.34049
0.13865 1.40441
0.1387 1.3241
0.13875 1.39361
0.1388 1.44653
0.13885 1.31616
0.1389 1.3774
0.13895 1.38032
0.139 1.32763
0.13905 1.36391
0.1391 1.3056
0.13915 1.43933
0.1392 1.32812
0.13925 1.45638
0.1393 1.37298
0.13935 1.37033
0.1394 1.37047
0.13945 1.36782
0.1395 1.33447
0.13955 1.31783
0.1396 1.37658
0.13965 1.35438
0.1397 1.38525
0.13975 1.44411
0.1398 1.37997
0.13985 1.36893
0.1399 1.29069
0.13995 1.41398
0.14 1.38053
0.14005 1.35266
0.1401 1.30794
0.14015 1.39215
0.1402 1.28852
0.14025 1.32789
0.1403 1.44027
0.14035 1.31691
0.1404 1.37038
0.14045 1.43234
0.1405 1.34257
0.14055 1.38487
0.1406 1.38783
0.14065 1.34858
0.1407 1.39093
0.14075 1.37137
0.1408 1.38278
0.14085 1.33501
0.1409 1.37177
0.14095 1.34089
0.141 1.47642
0.14105 1.31577
0.1411 1.32152
0.14115 1.33009
0.1412 1.2737
0.14125 1.31616
0.1413 1.38128
0.14135 1.21174
0.1414 1.30512
0.14145 1.39577
0.1415 1.26287
0.14155 1.41019
0.1416 1.39053
0.14165 1.40201
0.1417 1.35397
0.14175 1.45052
0.1418 1.3344
0.14185 1.34586
0.1419 1.32894
0.14195 1.31769
0.142 1.38029
0.14205 1.28665
0.1421 1.26398
0.14215 1.33798
0.1422 1.36939
0.14225 1.32114
0.1423 1.34402
0.14235 1.30996
0.1424 1.38127
0.14245 1.22752
0.1425 1.41287
0.14255 1.39306
0.1426 1.41319
0.14265 1.3791
0.1427 1.35069
0.14275 1.36224
0.1428 1.44807
0.14285 1.2825
0.1429 1.33403
0.14295 1.3084
0.143 1.2341
0.14305 1.35435
0.1431 1.30866
0.14315 1.24574
0.1432 1.28303
0.14325 1.37482
0.1433 1.30901
0.14335 1.28329
0.1434 1.26328
0.14345 1.34944
0.1435 1.30649
0.14355 1.29796
0.1436 1.27219
0.14365 1.29812
0.1437 1.27807
0.14375 1.33854
0.1438 1.20343
0.14385 1.26964
0.1439 1.28985
0.14395 1.32161
0.144 1.25256
0.14405 1.24685
0.1441 1.29014
0.14415 1.31617
0.1442 1.34223
0.14425 1.29328
0.1443 1.29336
0.14435 1.28477
0.1444 1.32529
0.14445 1.27337
0.1445 1.33126
0.14455 1.34004
0.1446 1.29964
0.14465 1.24185
0.1447 1.24478
0.14475 1.29985
0.1448 1.34339
0.14485 1.28554
0.1449 1.3204
0.14495 1.2915
0.145 1.29447
0.14505 1.222
0.1451 1.38169
0.14515 1.31214
0.1452 1.25413
0.14525 1.39366
0.1453 1.28625
0.14535 1.30959
0.1454 1.26022
0.14545 1.30102
0.1455 1.28654
0.14555 1.26332
0.1456 1.28959
0.14565 1.30132
0.1457 1.281
0.14575 1.33356
0.1458 1.33074
0.14585 1.31625
0.1459 1.25213
0.14595 1.36022
0.146 1.21137
0.14605 1.36918
0.1461 1.31961
0.14615 1.35479
0.1462 1.31104
0.14625 1.3199
0.1463 1.32878
0.14635 1.21761
0.1464 1.34066
0.14645 1.32611
0.1465 1.30276
0.14655 1.24127
0.1466 1.28824
0.14665 1.25017
0.1467 1.32946
0.14675 1.30314
0.1468 1.28266
0.14685 1.33268
0.1469 1.28575
0.14695 1.27994
0.147 1.29471
0.14705 1.34186
0.1471 1.30077
0.14715 1.25669
0.1472 1.32742
0.14725 1.22146
0.1473 1.23917
0.14735 1.25689
0.1474 1.27169
0.14745 1.3514
0.1475 1.23642
0.14755 1.32797
0.1476 1.28378
0.14765 1.20704
0.1477 1.31935
0.14775 1.29579
0.1478 1.30178
0.14785 1.26932
0.1479 1.33152
0.14795 1.2813
0.148 1.28433
0.14805 1.25774
0.1481 1.35853
0.14815 1.28158
0.1482 1.30833
0.14825 1.23723
0.1483 1.30551
0.14835 1.27888
0.1484 1.21363
0.14845 1.28493
0.1485 1.35036
0.14855 1.31778
0.1486 1.28219
0.14865 1.25252
0.1487 1.27339
0.14875 1.24369
0.1488 1.39853
0.14885 1.29147
0.1489 1.19621
0.14895 1.229
0.149 1.32442
0.14905 1.18734
0.1491 1.22911
0.14915 1.22317
0.1492 1.25006
0.14925 1.33073
0.1493 1.25914
0.14935 1.34584
0.1494 1.33399
0.14945 1.25934
0.1495 1.32519
0.14955 1.27143
0.1496 1.25652
0.14965 1.28651
0.1497 1.28059
0.14975 1.25669
0.1498 1.28071
0.14985 1.27478
0.1499 1.30783
0.14995 1.29291
0.15 1.27497
0.15005 1.26303
0.1501 1.32614
0.15015 1.26015
0.1502 1.25419
0.15025 1.29632
0.1503 1.32045
0.15035 1.23932
0.1504 1.30555
0.15045 1.24543
0.1505 1.26956
0.15055 1.32082
0.1506 1.36912
0.15065 1.25772
0.1507 1.30601
0.15075 1.27292
0.1508 1.20962
0.15085 1.26999
0.1509 1.34251
0.15095 1.25201
0.151 1.23091
0.15105 1.24303
0.1511 1.25818
0.15115 1.36407
0.1512 1.34603
0.15125 1.22207
0.1513 1.28264
0.15135 1.24939
0.1514 1.27973
0.15145 1.26161
0.1515 1.32834
0.15155 1.28295
0.1516 1.26482
0.15165 1.21329
0.1517 1.21331
0.15175 1.32566
0.1518 1.23768
0.15185 1.29544
0.1519 1.33198
0.15195 1.11015
0.152 1.19221
0.15205 1.29868
0.1521 1.2805
0.15215 1.27752
0.1522 1.28976
0.15225 1.31115
0.1523 1.22287
0.15235 1.26556
0.1524 1.24732
0.15245 1.29921
0.1525 1.3481
0.15255 1.31464
0.1526 1.27808
0.15265 1.27814
0.1527 1.26598
0.15275 1.2202
0.1528 1.2355
0.15285 1.24471
0.1529 1.19886
0.15295 1.32433
0.153 1.2081
0.15305 1.32141
0.1531 1.35213
0.15315 1.23274
0.1532 1.2389
0.15325 1.38917
0.1533 1.24822
0.15335 1.18076
0.1534 1.18383
0.15345 1.2882
0.1535 1.27291
0.15355 1.23304
0.1536 1.2976
0.15365 1.25156
0.1537 1.24545
0.15375 1.25472
0.1538 1.18399
0.15385 1.27017
0.1539 1.32257
0.15395 1.24874
0.154 1.35045
0.15405 1.23344
0.1541 1.27047
0.15415 1.19342
0.1542 1.3014
0.15425 1.22432
0.1543 1.16878
0.15435 1.2892
0.1544 1.33251
0.15445 1.17811
0.1545 1.28629
0.15455 1.23688
0.1546 1.28021
0.15465 1.24314
0.1547 1.25556
0.15475 1.15963
0.1548 1.28968
0.15485 1.26187
0.1549 1.25262
0.15495 1.31156
0.155 1.1969
0.15505 1.22483
0.1551 1.21554
0.15515 1.19694
0.1552 1.23731
0.15525 1.26219
0.1553 1.22495
0.15535 1.25917
0.1554 1.21879
0.15545 1.309
0.1555 1.21886
0.15555 1.25312
0.1556 1.22825
0.15565 1.14731
0.1557 1.24385
0.15575 1.21896
0.1558 1.23768
0.15585 1.25642
0.1559 1.19721
0.15595 1.28145
0.156 1.3096
0.15605 1.3128
0.1561 1.30664
0.15615 1.24423
0.1562 1.24114
0.15625 1.33183
0.1563 1.20684
0.15635 1.16619
0.1564 1.30072
0.15645 1.25698
0.1565 1.30085
0.15655 1.17251
0.1566 1.21323
0.15665 1.26966
0.1567 1.27598
0.15675 1.23841
0.1568 1.24158
0.15685 1.27613
0.1569 1.32013
0.15695 1.27625
0.157 1.25746
0.15705 1.24494
0.1571 1.29526
0.15715 1.22302
0.1572 1.33626
0.15725 1.25771
0.1573 1.29551
0.15735 1.19485
0.1574 1.24523
0.15745 1.27677
0.1575 1.25477
0.15755 1.1571
0.1576 1.1224
0.15765 1.24221
0.1577 1.22962
0.15775 1.28014
0.1578 1.236
0.15785 1.22024
0.1579 1.26133
0.15795 1.22029
0.158 1.19503
0.15805 1.2393
0.1581 1.22984
0.15815 1.16659
0.1582 1.25519
0.15825 1.17925
0.1583 1.20458
0.15835 1.21093
0.1584 1.15707
0.15845 1.29019
0.1585 1.28074
0.15855 1.24591
0.1586 1.19835
0.15865 1.19201
0.1587 1.16978
0.15875 1.23329
0.1588 1.17613
0.15885 1.20473
0.1589 1.1348
0.15895 1.192
0.159 1.19837
0.15905 1.20474
0.1591 1.15382
0.15915 1.22066
0.1592 1.15061
0.15925 1.25254
0.1593 1.19203
0.15935 1.20797
0.1594 1.24944
0.15945 1.22715
0.1595 1.23036
0.15955 1.24954
0.1596 1.21126
0.15965 1.1985
0.1597 1.21448
0.15975 1.20491
0.1598 1.26886
0.15985 1.19855
0.1599 1.18256
0.15995 1.15056
0.16 1.28498
0.16005 1.23701
0.1601 1.1986
0.16015 1.20822
0.1602 1.21144
0.16025 1.20183
0.1603 1.15694
0.16035 1.31411
0.1604 1.31098
0.16045 1.30785
0.1605 1.2148
0.16055 1.32082
0.1606 1.30162
0.16065 1.25027
0.1607 1.186
0.16075 1.13455
0.1608 1.24067
0.16085 1.16669
0.1609 1.18921
0.16095 1.18921
0.161 1.2182
0.16105 1.19566
0.1611 1.3407
0.16115 1.1796
0.1612 1.19249
0.16125 1.16023
0.1613 1.2538
0.16135 1.14408
0.1614 1.23124
0.16145 1.16344
0.1615 1.17311
0.16155 1.23774
0.1616 1.20544
0.16165 1.13754
0.1617 1.25073
0.16175 1.18281
0.1618 1.23784
0.16185 1.20873
0.1619 1.18931
0.16195 1.15366
0.162 1.23791
0.16205 1.16662
0.1621 1.23146
0.16215 1.21851
0.1622 1.15687
0.16225 1.18282
0.1623 1.18607
0.16235 1.03341
0.1624 1.16977
0.16245 1.24451
0.1625 1.29656
0.16255 1.16004
0.1626 1.19906
0.16265 1.19906
0.1627 1.13722
0.16275 1.11114
0.1628 1.25766
0.16285 1.15671
0.1629 1.16972
0.16295 1.25121
0.163 1.15342
0.16305 1.12078
0.1631 1.30672
0.16315 1.12075
0.1632 1.14683
0.16325 1.19906
0.1633 1.20233
0.16335 1.1958
0.1634 1.186
0.16345 1.14676
0.1635 1.21869
0.16355 1.20235
0.1636 1.2089
0.16365 1.21219
0.1637 1.2122
0.16375 1.19256
0.1638 1.1729
0.16385 1.17945
0.1639 1.21223
0.16395 1.21225
0.164 1.15648
0.16405 1.15318
0.1641 1.15644
0.16415 1.13343
0.1642 1.15639
0.16425 1.21224
0.1643 1.13008
0.16435 1.1695
0.1644 1.13659
0.16445 1.23197
0.1645 1.11681
0.16455 1.17932
0.1646 1.09369
0.16465 1.19575
0.1647 1.12985
0.16475 1.19574
0.1648 1.32432
0.16485 1.11333
0.1649 1.13638
0.16495 1.29805
0.165 1.19248
0.16505 1.07691
0.1651 1.17594
0.16515 1.17263
0.1652 1.14948
0.16525 1.13623
0.1653 1.14943
0.16535 1.1494
0.1654 1.17254
0.16545 1.11295
0.1655 1.11622
0.16555 1.16254
0.1656 1.15259
0.16565 1.13599
0.1657 1.1227
0.16575 1.20556
0.1658 1.10938
0.16585 1.11265
0.1659 1.22877
0.16595 1.25203
0.166 1.24875
0.16605 1.2355
0.1661 1.16574
0.16615 1.14579
0.1662 1.16571
0.16625 1.16237
0.1663 1.19895
0.16635 1.14571
0.1664 1.23889
0.16645 1.17898
0.1665 1.22228
0.16655 1.10568
0.1666 1.18229
0.16665 1.18562
0.1667 1.14893
0.16675 1.20896
0.1668 1.13555
0.16685 1.2123
0.1669 1.12884
0.16695 1.1622
0.167 1.23235
0.16705 1.13211
0.1671 1.25577
0.16715 1.15549
0.1672 1.19561
0.16725 1.22573
0.1673 1.21905
0.16735 1.21572
0.1674 1.17555
0.16745 1.18224
0.1675 1.19564
0.16755 1.15878
0.1676 1.1554
0.16765 1.22582
0.1677 1.20907
0.16775 1.17552
0.1678 1.16208
0.16785 1.14528
0.1679 1.2561
0.16795 1.21918
0.168 1.14525
0.16805 1.15195
0.1681 1.15193
0.16815 1.19227
0.1682 1.1519
0.16825 1.21919
0.1683 1.11147
0.16835 1.19899
0.1684 1.17541
0.16845 1.199
0.1685 1.20574
0.16855 1.19564
0.1686 1.11132
0.16865 1.08428
0.1687 1.13147
0.16875 1.11118
0.1688 1.16179
0.16885 1.15501
0.1689 1.22595
0.16895 1.24288
0.169 1.14486
0.16905 1.12454
0.1691 1.1448
0.16915 1.10078
0.1692 1.13797
0.16925 1.15148
0.1693 1.12097
0.16935 1.16498
0.1694 1.2463
0.16945 1.11412
0.1695 1.16155
0.16955 1.17511
0.1696 1.15474
0.16965 1.14793
0.1697 1.03587
0.16975 1.09691
0.1698 1.14102
0.16985 1.16817
0.1699 1.11718
0.16995 1.08994
0.17 1.20551
0.17005 1.1783
0.1701 1.20212
0.17015 1.12384
0.1702 1.15104
0.17025 1.09652
0.1703 1.13394
0.17035 1.18162
0.1704 1.12707
0.17045 1.2839
0.1705 1.18504
0.17055 1.19186
0.1706 1.19869
0.17065 1.20893
0.1707 1.16455
0.17075 1.20553
0.1708 1.23629
0.17085 1.12011
0.1709 1.10297
0.17095 1.17816
0.171 1.16447
0.17105 1.10971
0.1711 1.22262
0.17115 1.13019
0.1712 1.20551
0.17125 1.20209
0.1713 1.08901
0.17135 1.07524
0.1714 1.1609
0.17145 1.21233
0.1715 1.09569
0.17155 1.17457
0.1716 1.1265
0.17165 1.12647
0.1717 1.14017
0.17175 1.09891
0.1718 1.20884
0.17185 1.16416
0.1719 1.16415
0.17195 1.06093
0.172 1.22603
0.17205 1.15377
0.1721 1.1262
0.17215 1.18127
0.1722 1.12959
0.17225 1.14679
0.1723 1.17779
0.17235 1.21226
0.1724 1.11915
0.17245 1.15706
0.1725 1.13634
0.17255 1.18809
0.1726 1.12594
0.17265 1.02573
0.1727 1.10856
0.17275 1.11197
0.1728 1.16378
0.17285 1.12227
0.1729 1.16374
0.17295 1.18795
0.173 1.1118
0.17305 1.10137
0.1731 1.09093
0.17315 1.09434
0.1732 1.07003
0.17325 1.17741
0.1733 1.1358
0.17335 1.05948
0.1734 1.14266
0.17345 1.13569
0.1735 1.07666
0.17355 1.07312
0.1736 1.08
0.17365 1.12857
0.1737 1.12159
0.17375 1.06594
0.1738 1.15627
0.17385 1.11104
0.1739 1.17013
0.17395 1.17012
0.174 1.05872
0.17405 1.15266
0.1741 1.11781
0.17415 1.11777
0.1742 1.10728
0.17425 1.15604
0.1743 1.11766
0.17435 1.1804
0.1744 1.16644
0.17445 1.10361
0.1745 1.14895
0.17455 1.20829
0.1746 1.10351
0.17465 1.08949
0.1747 1.20477
0.17475 1.0964
0.1748 1.09984
0.17485 1.15926
0.1749 1.20473
0.17495 1.10324
0.175 1.04718
0.17505 1.10663
0.1751 1.07506
0.17515 1.14157
0.1752 1.13804
0.17525 1.13801
0.1753 1.10642
0.17535 1.14847
0.1754 1.16248
0.17545 1.10982
0.1755 1.12031
0.17555 1.13783
0.1756 1.11321
0.17565 1.1202
0.1757 1.1061
0.17575 1.1166
0.1758 1.15173
0.17585 1.20097
0.1759 1.12004
0.17595 1.18336
0.176 1.1411
0.17605 1.11642
0.1761 1.11638
0.17615 1.0952
0.1762 1.16212
0.17625 1.08806
0.1763 1.08448
0.17635 1.11617
0.1764 1.16554
0.17645 1.09846
0.1765 1.09488
0.17655 1.11602
0.1766 1.13717
0.17665 1.10181
0.1767 1.22548
0.17675 1.13003
0.1768 1.05573
0.17685 1.12995
0.1769 1.05914
0.17695 1.14049
0.177 1.21128
0.17705 1.09086
0.1771 1.11561
0.17715 1.1014
0.1772 1.10489
0.17725 1.07648
0.1773 1.10479
0.17735 1.11539
0.1774 1.12955
0.17745 1.07981
0.1775 1.18629
0.17755 1.07617
0.1776 1.04769
0.17765 1.09381
0.1777 1.11509
0.17775 1.04748
0.1778 1.11855
0.17785 1.13986
0.1779 1.13271
0.17795 1.10064
0.178 1.09703
0.17805 1.06849
0.1781 1.02567
0.17815 1.08973
0.1782 1.09324
0.17825 1.11458
0.1783 1.08244
0.17835 1.12877
0.1784 1.16086
0.17845 1.03589
0.1785 1.0858
0.17855 1.11789
0.1786 1.14644
0.17865 1.04992
0.1787 1.10704
0.17875 1.16779
0.1788 1.03901
0.17885 1.0926
0.1789 1.13907
0.17895 1.18201
0.179 1.13187
0.17905 1.14259
0.1791 1.12823
0.17915 1.10311
0.1792 1.21061
0.17925 1.08512
0.1793 1.02767
0.17935 1.01323
0.1794 1.16028
0.17945 1.16386
0.1795 1.12794
0.17955 1.09917
0.1796 1.08834
0.17965 1.1386
0.1797 1.10982
0.17975 1.10978
0.1798 1.10254
0.17985 1.12768
0.1799 1.06646
0.17995 1.0412
0.18 1.10954
0.18005 1.10229
0.1801 1.18511
0.18015 1.09501
0.1802 1.08054
0.18025 0.990337
0.1803 1.02991
0.18035 1.13445
0.1804 1.14886
0.18045 1.06581
0.1805 1.09824
0.18055 0.997059
0.1806 1.03309
0.18065 1.0077
0.1807 1.13775
0.18075 1.09433
0.1808 1.10875
0.18085 1.07252
0.1809 1.03989
0.18095 1.04705
0.181 1.11577
0.18105 1.07589
0.1811 1.10482
0.18115 1.12652
0.1812 1.10473
0.18125 1.10106
0.1813 1.03573
0.18135 0.988487
0.1814 1.09725
0.18145 1.01734
0.1815 1.16975
0.18155 1.09347
0.1816 1.12975
0.18165 1.15516
0.1817 1.08971
0.18175 1.10784
0.1818 1.23146
0.18185 1.08233
0.1819 1.05316
0.18195 1.06764
0.182 1.05302
0.18205 1.13671
0.1821 1.11847
0.18215 1.02369
0.1822 1.10379
0.18225 1.10375
0.1823 1.06359
0.18235 1.12189
0.1824 1.08172
0.18245 1.02326
0.1825 1.09254
0.18255 1.08519
0.1826 1.12166
0.18265 1.05951
0.1827 1.16178
0.18275 1.12887
0.1828 1.01913
0.18285 1.07391
0.1829 1.04823
0.18295 1.05548
0.183 1.12131
0.18305 1.00409
0.1831 1.10656
0.18315 1.14315
0.1832 1.10648
0.18325 1.08444
0.1833 1.06972
0.18335 1.12835
0.1834 1.11731
0.18345 1.0402
0.1835 1.10988
0.18355 1.11718
0.1836 1.08409
0.18365 1.08403
0.1837 1.05825
0.18375 1.05083
0.1838 1.03605
0.18385 0.999194
0.1839 1.09475
0.18395 1.06894
0.184 1.06888
0.18405 1.09827
0.1841 1.11664
0.18415 1.10187
0.1842 1.05392
0.18425 1.10177
0.1843 1.08329
0.18435 1.0943
0.1844 1.07949
0.18445 1.00195
0.1845 1.08674
0.18455 1.11992
0.1846 1.06818
0.18465 1.16786
0.1847 1.10134
0.18475 1.05325
0.1848 1.05318
0.18485 1.11598
0.1849 1.13813
0.18495 1.07521
0.185 1.10476
0.18505 1.0788
0.1851 1.08245
0.18515 1.06388
0.1852 1.09345
0.18525 0.997049
0.1853 1.01548
0.18535 1.17855
0.1854 1.09695
0.18545 1.15997
0.1855 1.05605
0.18555 1.07454
0.1856 1.10419
0.18565 1.10043
0.1857 1.12639
0.18575 1.10407
0.1858 1.05199
0.18585 1.10025
0.1859 1.07417
0.18595 1.12992
0.186 1.12245
0.18605 1.04797
0.1861 1.0963
0.18615 1.05902
0.1862 1.03287
0.18625 1.07751
0.1863 1.07745
0.18635 1.09603
0.1864 1.01395
0.18645 1.13695
0.1865 1.122
0.18655 1.04733
0.1866 1.02486
0.18665 1.09946
0.1867 1.08074
0.18675 1.06574
0.1868 0.983463
0.18685 1.07681
0.1869 1.12536
0.18695 1.08045
0.187 1.05421
0.18705 1.11401
0.1871 1.06532
0.18715 1.08772
0.1872 1.07269
0.18725 1.05765
0.1873 1.07632
0.18735 1.04628
0.1874 1.08369
0.18745 1.13614
0.1875 1.0761
0.18755 1.07229
0.1876 1.09475
0.18765 1.13225
0.1877 0.978266
0.18775 1.08708
0.1878 1.10206
0.18785 1.07947
0.1879 1.10573
0.18795 1.07937
0.188 1.12069
0.18805 1.06046
0.1881 1.07545
0.18815 1.09421
0.1882 0.943568
0.18825 1.04512
0.1883 1.06389
0.18835 1.10904
0.1884 1.18815
0.18845 1.04867
0.1885 1.03351
0.18855 1.0108
0.1886 1.02203
0.18865 1.08611
0.1887 1.09738
0.18875 1.04825
0.1888 1.05951
0.18885 1.067
0.1889 1.12363
0.18895 1.03288
0.189 1.09329
0.18905 1.08568
0.1891 1.13103
0.18915 1.09695
0.1892 1.13854
0.18925 1.05144
0.1893 1.01729
0.18935 1.10811
0.1894 1.13839
0.18945 1.02846
0.1895 1.03975
0.18955 1.0283
0.1896 1.17235
0.18965 1.12682
0.1897 1.03571
0.18975 1.00147
0.1898 1.02416
0.18985 1.06206
0.1899 1.02021
0.18995 1.02772
0.19 1.09226
0.19005 1.05419
0.1901 1.05413
0.19015 1.07308
0.1902 1.0502
0.19025 1.13005
0.1903 1.0577
0.19035 1.0919
0.1904 1.03091
0.19045 1.05751
0.1905 1.08793
0.19055 1.01927
0.1906 1.11069
0.19065 1.04963
0.1907 1.08009
0.19075 1.01516
0.1908 1.03798
0.19085 1.09899
0.1909 1.09131
0.19095 1.08363
0.191 1.13325
0.19105 1.03003
0.1911 1.05289
0.19115 1.04135
0.1912 1.00686
0.19125 1.12537
0.1913 1.0488
0.19135 1.03725
0.1914 1.01803
0.19145 1.06391
0.1915 1.02171
0.19155 1.0906
0.1916 1.09056
0.19165 1.05984
0.1917 1.02526
0.19175 1.05971
0.1918 1.07499
0.19185 1.02504
0.1919 1.16317
0.19195 1.04796
0.192 1.00564
0.19205 1.1016
0.1921 1.0516
0.19215 1.05922
0.1922 1.03994
0.19225 1.1014
0.1923 1.03596
0.19235 0.982015
0.1924 1.0435
0.19245 1.05113
0.1925 1.11268
0.19255 1.11649
0.1926 1.0317
0.19265 1.04704
0.1927 1.12021
0.19275 1.02378
0.1928 1.08927
0.19285 1.16639
0.1929 1.13165
0.19295 1.03513
0.193 0.996442
0.19305 1.01952
0.1931 1.03489
0.19315 1.01936
0.1932 1.08885
0.19325 0.92643
0.1933 0.992039
0.19335 1.03449
0.1934 1.06924
0.19345 1.02661
0.1935 1.06524
0.19355 1.01872
0.1936 0.991529
0.19365 1.06891
0.1937 1.04173
0.19375 0.987398
0.1938 0.991177
0.19385 1.07252
0.1939 1.06083
0.19395 1.04913
0.194 1.10728
0.19405 1.00243
0.1941 1.04893
0.19415 0.998375
0.1942 1.12649
0.19425 1.12258
0.1943 1.07979
0.19435 0.986429
0.1944 1.02522
0.19445 1.03681
0.1945 1.01339
0.19455 1.11061
0.1946 1.02104
0.19465 0.97423
0.1947 1.11045
0.19475 1.10652
0.1948 1.06752
0.19485 1.01289
0.1949 1.12198
0.19495 1.01275
0.195 1.06728
0.19505 1.07112
0.1951 1.07888
0.19515 1.03198
0.1952 0.969423
0.19525 1.06306
0.1953 1.07863
0.19535 1.01605
0.1954 0.98079
0.19545 1.05889
0.1955 1.05883
0.19555 1.01965
0.1956 1.04305
0.19565 1.14474
0.1957 1.11732
0.19575 1.0938
0.1958 1.09375
0.19585 1.08196
0.1959 1.04664
0.19595 0.983854
0.196 1.03473
0.19605 1.05427
0.1961 1.00713
0.19615 1.05021
0.1962 1.02267
0.19625 0.971552
0.1963 1.01857
0.19635 1.02635
0.1964 1.01056
0.19645 1.01047
0.1965 1.04184
0.19655 1.08109
0.1966 1.02598
0.19665 1.01803
0.1967 1.01402
0.19675 1.08872
0.1968 1.09261
0.19685 1.04925
0.1969 1.0098
0.19695 1.057
0.197 1.06482
0.19705 1.00957
0.1971 1.05286
0.19715 1.02519
0.1972 1.07246
0.19725 1.00138
0.1973 1.06049
0.19735 1.00516
0.1974 1.00903
0.19745 1.00499
0.1975 1.08788
0.19755 1.00484
0.1976 1.04824
0.19765 1.07981
0.1977 1.05207
0.19775 1.00058
0.1978 1.00841
0.19785 1.05582
0.1979 1.10327
0.19795 0.996314
0.198 0.964536
0.19805 1.04763
0.1981 1.0119
0.19815 0.984071
0.1982 1.03156
0.19825 1.00769
0.1983 0.983801
0.19835 0.995609
0.1984 1.03124
0.19845 1.03514
0.1985 1.01124
0.19855 1.07868
0.1986 0.983284
0.19865 1.09049
0.1987 1.07057
0.19875 1.00292
0.1988 0.967046
0.19885 1.09026
0.1989 1.07032
0.19895 0.990671
0.199 1.05029
0.19905 0.96661
0.1991 0.974472
0.19915 0.938516
0.1992 0.938398
0.19925 1.0459
0.1993 1.10166
0.19935 1.0418
0.1994 1.0537
0.19945 0.981821
0.1995 1.02164
0.19955 0.981639
0.1996 1.05741
0.19965 0.977472
0.1997 1.05328
0.19975 1.03724
0.1998 0.997197
0.19985 1.0211
0.1999 1.00502
