0.000050 0.086
0.000100 0.109
0.000150 0.103
0.000200 0.071
0.000250 0.077
0.000300 0.063
0.000350 0.067
0.000400 0.101
0.000450 0.071
0.000500 0.073
0.000550 0.082
0.000600 0.138
0.000650 0.081
0.000700 0.155
0.000750 0.115
0.000800 0.122
0.000850 0.082
0.000900 0.129
0.000950 0.106
0.001000 0.118
0.001050 0.170
0.001100 0.178
0.001150 0.202
0.001200 0.288
0.001250 0.421
0.001300 0.418
0.001350 0.506
0.001400 0.653
0.001450 0.652
0.001500 0.917
0.001550 1.210
0.001600 1.637
0.001650 2.214
0.001700 2.781
0.001750 3.309
0.001800 4.295
0.001850 5.384
0.001900 6.581
0.001950 8.135
0.002000 9.281
0.002050 10.274
0.002100 11.299
0.002150 12.352
0.002200 12.563
0.002250 12.673
0.002300 12.477
0.002350 11.824
0.002400 11.502
0.002450 10.082
0.002500 9.058
0.002550 7.742
0.002600 6.801
0.002650 5.363
0.002700 4.656
0.002750 4.148
0.002800 3.596
0.002850 3.461
0.002900 2.928
0.002950 2.624
0.003000 2.785
0.003050 2.303
0.003100 2.147
0.003150 1.963
0.003200 1.844
0.003250 1.878
0.003300 1.809
0.003350 1.400
0.003400 1.578
0.003450 1.568
0.003500 1.441
0.003550 1.462
0.003600 1.419
0.003650 1.438
0.003700 1.188
0.003750 1.382
0.003800 1.303
0.003850 1.208
0.003900 1.219
0.003950 1.285
0.004000 1.250
0.004050 1.095
0.004100 1.104
0.004150 1.198
0.004200 1.163
0.004250 0.987
0.004300 1.003
0.004350 1.139
0.004400 1.083
0.004450 1.014
0.004500 1.073
0.004550 1.030
0.004600 0.932
0.004650 1.018
0.004700 1.045
0.004750 0.928
0.004800 1.066
0.004850 0.895
0.004900 0.980
0.004950 1.026
0.005000 0.977
0.005050 0.906
0.005100 0.932
0.005150 0.814
0.005200 1.004
0.005250 0.891
0.005300 0.905
0.005350 0.940
0.005400 0.919
0.005450 0.910
0.005500 0.810
0.005550 0.838
0.005600 0.894
0.005650 0.950
0.005700 0.907
0.005750 0.875
0.005800 0.765
0.005850 1.026
0.005900 0.964
0.005950 0.783
0.006000 0.933
0.006050 0.884
0.006100 0.784
0.006150 0.837
0.006200 0.891
0.006250 0.751
0.006300 0.912
0.006350 0.864
0.006400 0.883
0.006450 0.969
0.006500 0.793
0.006550 0.874
0.006600 0.815
0.006650 0.775
0.006700 0.845
0.006750 0.833
0.006800 0.826
0.006850 0.934
0.006900 0.720
0.006950 0.759
0.007000 0.822
0.007050 0.918
0.007100 0.850
0.007150 0.908
0.007200 0.868
0.007250 0.833
0.007300 0.854
0.007350 0.840
0.007400 0.823
0.007450 0.768
0.007500 0.794
0.007550 0.844
0.007600 0.762
0.007650 0.709
0.007700 0.816
0.007750 0.743
0.007800 0.859
0.007850 0.858
0.007900 0.796
0.007950 0.860
0.008000 0.829
0.008050 0.774
0.008100 0.797
0.008150 0.711
0.008200 0.741
0.008250 0.768
0.008300 0.711
0.008350 0.794
0.008400 0.678
0.008450 0.711
0.008500 0.766
0.008550 0.771
0.008600 0.730
0.008650 0.811
0.008700 0.837
0.008750 0.617
0.008800 0.793
0.008850 0.697
0.008900 0.585
0.008950 0.807
0.009000 0.774
0.009050 0.785
0.009100 0.674
0.009150 0.718
0.009200 0.743
0.009250 0.688
0.009300 0.685
0.009350 0.687
0.009400 0.705
0.009450 0.720
0.009500 0.620
0.009550 0.761
0.009600 0.721
0.009650 0.713
0.009700 0.739
0.009750 0.612
0.009800 0.721
0.009850 0.697
0.009900 0.735
0.009950 0.654
0.010000 0.622
0.010050 0.658
0.010100 0.657
0.010150 0.656
0.010200 0.612
0.010250 0.700
0.010300 0.645
0.010350 0.641
0.010400 0.620
0.010450 0.649
0.010500 0.547
0.010550 0.718
0.010600 0.730
0.010650 0.701
0.010700 0.622
0.010750 0.623
0.010800 0.694
0.010850 0.654
0.010900 0.641
0.010950 0.604
0.011000 0.630
0.011050 0.567
0.011100 0.608
0.011150 0.636
0.011200 0.618
0.011250 0.726
0.011300 0.653
0.011350 0.627
0.011400 0.665
0.011450 0.620
0.011500 0.631
0.011550 0.543
0.011600 0.636
0.011650 0.619
0.011700 0.641
0.011750 0.667
0.011800 0.531
0.011850 0.622
0.011900 0.587
0.011950 0.669
0.012000 0.649
0.012050 0.549
0.012100 0.661
0.012150 0.543
0.012200 0.595
0.012250 0.580
0.012300 0.551
0.012350 0.593
0.012400 0.586
0.012450 0.625
0.012500 0.622
0.012550 0.614
0.012600 0.652
0.012650 0.675
0.012700 0.696
0.012750 0.627
0.012800 0.667
0.012850 0.640
0.012900 0.537
0.012950 0.596
0.013000 0.578
0.013050 0.630
0.013100 0.572
0.013150 0.527
0.013200 0.633
0.013250 0.593
0.013300 0.610
0.013350 0.674
0.013400 0.550
0.013450 0.563
0.013500 0.634
0.013550 0.533
0.013600 0.591
0.013650 0.586
0.013700 0.660
0.013750 0.669
0.013800 0.623
0.013850 0.656
0.013900 0.657
0.013950 0.602
0.014000 0.556
0.014050 0.544
0.014100 0.532
0.014150 0.571
0.014200 0.577
0.014250 0.487
0.014300 0.524
0.014350 0.623
0.014400 0.598
0.014450 0.568
0.014500 0.534
0.014550 0.564
0.014600 0.639
0.014650 0.532
0.014700 0.502
0.014750 0.550
0.014800 0.472
0.014850 0.601
0.014900 0.520
0.014950 0.578
0.015000 0.633
0.015050 0.460
0.015100 0.523
0.015150 0.544
0.015200 0.449
0.015250 0.530
0.015300 0.417
0.015350 0.548
0.015400 0.559
0.015450 0.565
0.015500 0.572
0.015550 0.469
0.015600 0.510
0.015650 0.541
0.015700 0.566
0.015750 0.579
0.015800 0.562
0.015850 0.514
0.015900 0.513
0.015950 0.567
0.016000 0.495
0.016050 0.571
0.016100 0.627
0.016150 0.558
0.016200 0.536
0.016250 0.509
0.016300 0.547
0.016350 0.488
0.016400 0.525
0.016450 0.509
0.016500 0.439
0.016550 0.550
0.016600 0.498
0.016650 0.488
0.016700 0.472
0.016750 0.598
0.016800 0.604
0.016850 0.559
0.016900 0.580
0.016950 0.582
0.017000 0.552
0.017050 0.465
0.017100 0.496
0.017150 0.488
0.017200 0.466
0.017250 0.584
0.017300 0.453
0.017350 0.464
0.017400 0.473
0.017450 0.566
0.017500 0.463
0.017550 0.568
0.017600 0.474
0.017650 0.520
0.017700 0.437
0.017750 0.420
0.017800 0.477
0.017850 0.473
0.017900 0.512
0.017950 0.492
0.018000 0.495
0.018050 0.547
0.018100 0.451
0.018150 0.507
0.018200 0.450
0.018250 0.396
0.018300 0.455
0.018350 0.475
0.018400 0.514
0.018450 0.465
0.018500 0.551
0.018550 0.527
0.018600 0.576
0.018650 0.575
0.018700 0.502
0.018750 0.483
0.018800 0.513
0.018850 0.559
0.018900 0.470
0.018950 0.509
0.019000 0.486
0.019050 0.491
0.019100 0.520
0.019150 0.413
0.019200 0.489
0.019250 0.411
0.019300 0.545
0.019350 0.650
0.019400 0.451
0.019450 0.431
0.019500 0.508
0.019550 0.500
0.019600 0.440
0.019650 0.471
0.019700 0.460
0.019750 0.403
0.019800 0.456
0.019850 0.507
0.019900 0.562
0.019950 0.475
0.020000 0.454
0.020050 0.389
0.020100 0.428
0.020150 0.471
0.020200 0.488
0.020250 0.485
0.020300 0.365
0.020350 0.542
0.020400 0.428
0.020450 0.475
0.020500 0.331
0.020550 0.373
0.020600 0.424
0.020650 0.481
0.020700 0.425
0.020750 0.450
0.020800 0.485
0.020850 0.448
0.020900 0.405
0.020950 0.535
0.021000 0.451
0.021050 0.442
0.021100 0.399
0.021150 0.447
0.021200 0.422
0.021250 0.457
0.021300 0.447
0.021350 0.479
0.021400 0.436
0.021450 0.461
0.021500 0.412
0.021550 0.440
0.021600 0.535
0.021650 0.475
0.021700 0.466
0.021750 0.445
0.021800 0.512
0.021850 0.381
0.021900 0.359
0.021950 0.474
0.022000 0.426
0.022050 0.469
0.022100 0.489
0.022150 0.434
0.022200 0.477
0.022250 0.474
0.022300 0.497
0.022350 0.439
0.022400 0.478
0.022450 0.448
0.022500 0.473
0.022550 0.456
0.022600 0.461
0.022650 0.424
0.022700 0.527
0.022750 0.492
0.022800 0.442
0.022850 0.416
0.022900 0.476
0.022950 0.462
0.023000 0.458
0.023050 0.425
0.023100 0.443
0.023150 0.498
0.023200 0.411
0.023250 0.401
0.023300 0.390
0.023350 0.411
0.023400 0.390
0.023450 0.399
0.023500 0.395
0.023550 0.375
0.023600 0.425
0.023650 0.411
0.023700 0.418
0.023750 0.475
0.023800 0.464
0.023850 0.434
0.023900 0.404
0.023950 0.440
0.024000 0.442
0.024050 0.418
0.024100 0.407
0.024150 0.427
0.024200 0.439
0.024250 0.447
0.024300 0.378
0.024350 0.488
0.024400 0.382
0.024450 0.452
0.024500 0.405
0.024550 0.424
0.024600 0.440
0.024650 0.418
0.024700 0.504
0.024750 0.363
0.024800 0.425
0.024850 0.495
0.024900 0.419
0.024950 0.429
0.025000 0.400
0.025050 0.439
0.025100 0.395
0.025150 0.374
0.025200 0.385
0.025250 0.480
0.025300 0.454
0.025350 0.360
0.025400 0.355
0.025450 0.401
0.025500 0.402
0.025550 0.449
0.025600 0.483
0.025650 0.350
0.025700 0.467
0.025750 0.450
0.025800 0.472
0.025850 0.349
0.025900 0.325
0.025950 0.392
0.026000 0.459
0.026050 0.388
0.026100 0.395
0.026150 0.404
0.026200 0.446
0.026250 0.399
0.026300 0.449
0.026350 0.352
0.026400 0.408
0.026450 0.421
0.026500 0.442
0.026550 0.392
0.026600 0.472
0.026650 0.366
0.026700 0.427
0.026750 0.326
0.026800 0.363
0.026850 0.369
0.026900 0.444
0.026950 0.330
0.027000 0.327
0.027050 0.360
0.027100 0.347
0.027150 0.412
0.027200 0.361
0.027250 0.379
0.027300 0.432
0.027350 0.416
0.027400 0.366
0.027450 0.316
0.027500 0.383
0.027550 0.312
0.027600 0.327
0.027650 0.372
0.027700 0.331
0.027750 0.376
0.027800 0.453
0.027850 0.379
0.027900 0.382
0.027950 0.462
0.028000 0.406
0.028050 0.397
0.028100 0.334
0.028150 0.374
0.028200 0.376
0.028250 0.357
0.028300 0.385
0.028350 0.476
0.028400 0.468
0.028450 0.394
0.028500 0.382
0.028550 0.342
0.028600 0.310
0.028650 0.389
0.028700 0.491
0.028750 0.542
0.028800 0.338
0.028850 0.421
0.028900 0.363
0.028950 0.321
0.029000 0.349
0.029050 0.376
0.029100 0.349
0.029150 0.405
0.029200 0.369
0.029250 0.467
0.029300 0.372
0.029350 0.347
0.029400 0.333
0.029450 0.364
0.029500 0.347
0.029550 0.379
0.029600 0.389
0.029650 0.366
0.029700 0.403
0.029750 0.420
0.029800 0.456
0.029850 0.407
0.029900 0.366
0.029950 0.323
0.030000 0.331
0.030050 0.351
0.030100 0.420
0.030150 0.389
0.030200 0.344
0.030250 0.376
0.030300 0.406
0.030350 0.399
0.030400 0.376
0.030450 0.337
0.030500 0.349
0.030550 0.390
0.030600 0.351
0.030650 0.325
0.030700 0.313
0.030750 0.382
0.030800 0.348
0.030850 0.338
0.030900 0.305
0.030950 0.353
0.031000 0.357
0.031050 0.388
0.031100 0.389
0.031150 0.329
0.031200 0.367
0.031250 0.404
0.031300 0.362
0.031350 0.392
0.031400 0.413
0.031450 0.397
0.031500 0.305
0.031550 0.316
0.031600 0.418
0.031650 0.358
0.031700 0.324
0.031750 0.354
0.031800 0.354
0.031850 0.341
0.031900 0.348
0.031950 0.340
0.032000 0.345
0.032050 0.403
0.032100 0.339
0.032150 0.331
0.032200 0.367
0.032250 0.370
0.032300 0.356
0.032350 0.350
0.032400 0.323
0.032450 0.263
0.032500 0.317
0.032550 0.428
0.032600 0.424
0.032650 0.307
0.032700 0.378
0.032750 0.352
0.032800 0.354
0.032850 0.354
0.032900 0.357
0.032950 0.338
0.033000 0.313
0.033050 0.443
0.033100 0.395
0.033150 0.404
0.033200 0.370
0.033250 0.325
0.033300 0.378
0.033350 0.315
0.033400 0.300
0.033450 0.368
0.033500 0.426
0.033550 0.371
0.033600 0.339
0.033650 0.307
0.033700 0.361
0.033750 0.246
0.033800 0.320
0.033850 0.331
0.033900 0.373
0.033950 0.347
0.034000 0.423
0.034050 0.424
0.034100 0.307
0.034150 0.367
0.034200 0.349
0.034250 0.312
0.034300 0.334
0.034350 0.286
0.034400 0.331
0.034450 0.390
0.034500 0.333
0.034550 0.331
0.034600 0.337
0.034650 0.357
0.034700 0.286
0.034750 0.348
0.034800 0.362
0.034850 0.375
0.034900 0.341
0.034950 0.350
0.035000 0.290
0.035050 0.296
0.035100 0.296
0.035150 0.295
0.035200 0.277
0.035250 0.460
0.035300 0.329
0.035350 0.317
0.035400 0.305
0.035450 0.371
0.035500 0.374
0.035550 0.297
0.035600 0.283
0.035650 0.339
0.035700 0.319
0.035750 0.288
0.035800 0.331
0.035850 0.350
0.035900 0.320
0.035950 0.353
0.036000 0.317
0.036050 0.299
0.036100 0.318
0.036150 0.323
0.036200 0.316
0.036250 0.339
0.036300 0.328
0.036350 0.360
0.036400 0.284
0.036450 0.351
0.036500 0.390
0.036550 0.365
0.036600 0.310
0.036650 0.359
0.036700 0.339
0.036750 0.408
0.036800 0.391
0.036850 0.339
0.036900 0.359
0.036950 0.368
0.037000 0.307
0.037050 0.323
0.037100 0.358
0.037150 0.369
0.037200 0.331
0.037250 0.387
0.037300 0.337
0.037350 0.309
0.037400 0.341
0.037450 0.314
0.037500 0.309
0.037550 0.382
0.037600 0.289
0.037650 0.357
0.037700 0.286
0.037750 0.316
0.037800 0.329
0.037850 0.372
0.037900 0.392
0.037950 0.383
0.038000 0.310
0.038050 0.344
0.038100 0.358
0.038150 0.394
0.038200 0.297
0.038250 0.386
0.038300 0.285
0.038350 0.354
0.038400 0.274
0.038450 0.303
0.038500 0.267
0.038550 0.343
0.038600 0.321
0.038650 0.373
0.038700 0.303
0.038750 0.334
0.038800 0.373
0.038850 0.307
0.038900 0.327
0.038950 0.321
0.039000 0.328
0.039050 0.322
0.039100 0.270
0.039150 0.289
0.039200 0.354
0.039250 0.351
0.039300 0.279
0.039350 0.272
0.039400 0.391
0.039450 0.322
0.039500 0.279
0.039550 0.320
0.039600 0.310
0.039650 0.277
0.039700 0.313
0.039750 0.344
0.039800 0.355
0.039850 0.310
0.039900 0.338
0.039950 0.320
0.040000 0.307
0.040050 0.269
0.040100 0.325
0.040150 0.346
0.040200 0.307
0.040250 0.276
0.040300 0.325
0.040350 0.299
0.040400 0.290
0.040450 0.339
0.040500 0.319
0.040550 0.250
0.040600 0.328
0.040650 0.344
0.040700 0.342
0.040750 0.349
0.040800 0.334
0.040850 0.224
0.040900 0.348
0.040950 0.285
0.041000 0.296
0.041050 0.394
0.041100 0.405
0.041150 0.588
0.041200 0.653
0.041250 0.557
0.041300 0.781
0.041350 0.794
0.041400 0.926
0.041450 1.106
0.041500 1.489
0.041550 1.670
0.041600 2.462
0.041650 2.981
0.041700 4.029
0.041750 4.681
0.041800 5.744
0.041850 7.377
0.041900 8.739
0.041950 10.459
0.042000 11.655
0.042050 13.301
0.042100 14.073
0.042150 15.354
0.042200 16.102
0.042250 16.284
0.042300 16.178
0.042350 15.498
0.042400 14.346
0.042450 13.039
0.042500 11.932
0.042550 10.334
0.042600 9.691
0.042650 8.479
0.042700 7.022
0.042750 6.776
0.042800 5.827
0.042850 5.425
0.042900 4.832
0.042950 4.512
0.043000 4.099
0.043050 3.744
0.043100 3.504
0.043150 3.338
0.043200 3.003
0.043250 2.878
0.043300 2.760
0.043350 2.603
0.043400 2.518
0.043450 2.313
0.043500 2.264
0.043550 2.265
0.043600 2.266
0.043650 1.964
0.043700 2.166
0.043750 2.202
0.043800 2.050
0.043850 1.926
0.043900 1.925
0.043950 1.955
0.044000 1.814
0.044050 1.907
0.044100 1.850
0.044150 1.718
0.044200 1.781
0.044250 1.637
0.044300 1.641
0.044350 1.552
0.044400 1.646
0.044450 1.584
0.044500 1.636
0.044550 1.635
0.044600 1.588
0.044650 1.617
0.044700 1.472
0.044750 1.456
0.044800 1.597
0.044850 1.453
0.044900 1.430
0.044950 1.523
0.045000 1.578
0.045050 1.449
0.045100 1.446
0.045150 1.402
0.045200 1.381
0.045250 1.407
0.045300 1.449
0.045350 1.380
0.045400 1.454
0.045450 1.336
0.045500 1.416
0.045550 1.414
0.045600 1.443
0.045650 1.312
0.045700 1.306
0.045750 1.362
0.045800 1.346
0.045850 1.463
0.045900 1.439
0.045950 1.377
0.046000 1.430
0.046050 1.327
0.046100 1.380
0.046150 1.302
0.046200 1.376
0.046250 1.431
0.046300 1.225
0.046350 1.235
0.046400 1.273
0.046450 1.218
0.046500 1.323
0.046550 1.381
0.046600 1.285
0.046650 1.219
0.046700 1.262
0.046750 1.311
0.046800 1.191
0.046850 1.274
0.046900 1.273
0.046950 1.250
0.047000 1.212
0.047050 1.178
0.047100 1.224
0.047150 1.197
0.047200 1.225
0.047250 1.129
0.047300 1.182
0.047350 1.319
0.047400 1.170
0.047450 1.344
0.047500 1.192
0.047550 1.195
0.047600 1.189
0.047650 1.215
0.047700 1.068
0.047750 1.150
0.047800 1.152
0.047850 1.070
0.047900 1.141
0.047950 1.239
0.048000 1.078
0.048050 1.174
0.048100 1.211
0.048150 1.134
0.048200 1.051
0.048250 1.227
0.048300 1.209
0.048350 1.072
0.048400 1.261
0.048450 1.024
0.048500 1.200
0.048550 1.068
0.048600 1.058
0.048650 1.200
0.048700 1.118
0.048750 1.005
0.048800 1.112
0.048850 1.210
0.048900 1.122
0.048950 1.189
0.049000 1.071
0.049050 1.069
0.049100 0.996
0.049150 0.996
0.049200 0.947
0.049250 1.033
0.049300 1.082
0.049350 1.172
0.049400 1.106
0.049450 0.993
0.049500 1.009
0.049550 1.009
0.049600 0.948
0.049650 1.132
0.049700 0.943
0.049750 1.147
0.049800 0.954
0.049850 1.069
0.049900 0.944
0.049950 0.960
0.050000 0.970
0.050050 1.079
0.050100 0.985
0.050150 1.141
0.050200 1.090
0.050250 1.116
0.050300 0.992
0.050350 0.921
0.050400 0.955
0.050450 0.990
0.050500 0.938
0.050550 0.858
0.050600 0.965
0.050650 1.060
0.050700 0.959
0.050750 0.965
0.050800 0.996
0.050850 0.848
0.050900 1.010
0.050950 0.943
0.051000 0.861
0.051050 0.872
0.051100 0.915
0.051150 0.991
0.051200 0.913
0.051250 0.919
0.051300 0.927
0.051350 0.949
0.051400 0.898
0.051450 0.948
0.051500 0.916
0.051550 0.948
0.051600 0.964
0.051650 0.837
0.051700 0.883
0.051750 0.828
0.051800 0.826
0.051850 0.884
0.051900 1.015
0.051950 0.841
0.052000 0.979
0.052050 0.871
0.052100 0.982
0.052150 0.972
0.052200 0.910
0.052250 0.896
0.052300 0.903
0.052350 1.009
0.052400 0.880
0.052450 0.887
0.052500 0.892
0.052550 0.871
0.052600 0.916
0.052650 0.910
0.052700 0.964
0.052750 0.891
0.052800 0.805
0.052850 0.858
0.052900 0.906
0.052950 0.926
0.053000 0.906
0.053050 0.752
0.053100 0.838
0.053150 0.820
0.053200 0.827
0.053250 0.853
0.053300 0.890
0.053350 0.919
0.053400 0.892
0.053450 1.005
0.053500 0.930
0.053550 0.803
0.053600 0.792
0.053650 0.890
0.053700 0.836
0.053750 0.829
0.053800 0.887
0.053850 0.900
0.053900 0.823
0.053950 0.851
0.054000 0.841
0.054050 0.867
0.054100 0.838
0.054150 0.812
0.054200 0.962
0.054250 0.889
0.054300 0.907
0.054350 0.914
0.054400 0.819
0.054450 0.867
0.054500 0.845
0.054550 0.844
0.054600 1.032
0.054650 0.758
0.054700 0.810
0.054750 0.785
0.054800 0.821
0.054850 0.810
0.054900 0.814
0.054950 0.816
0.055000 0.762
0.055050 0.826
0.055100 0.792
0.055150 0.900
0.055200 0.701
0.055250 0.871
0.055300 0.782
0.055350 0.802
0.055400 0.890
0.055450 0.844
0.055500 0.848
0.055550 0.800
0.055600 0.784
0.055650 0.732
0.055700 0.765
0.055750 0.758
0.055800 0.849
0.055850 0.780
0.055900 0.853
0.055950 0.743
0.056000 0.739
0.056050 0.765
0.056100 0.721
0.056150 0.760
0.056200 0.866
0.056250 0.792
0.056300 0.915
0.056350 0.836
0.056400 0.812
0.056450 0.829
0.056500 0.715
0.056550 0.809
0.056600 0.640
0.056650 0.757
0.056700 0.782
0.056750 0.791
0.056800 0.710
0.056850 0.807
0.056900 0.741
0.056950 0.843
0.057000 0.735
0.057050 0.739
0.057100 0.746
0.057150 0.675
0.057200 0.758
0.057250 0.672
0.057300 0.728
0.057350 0.688
0.057400 0.755
0.057450 0.687
0.057500 0.763
0.057550 0.751
0.057600 0.779
0.057650 0.720
0.057700 0.693
0.057750 0.699
0.057800 0.756
0.057850 0.758
0.057900 0.743
0.057950 0.732
0.058000 0.800
0.058050 0.714
0.058100 0.755
0.058150 0.676
0.058200 0.842
0.058250 0.721
0.058300 0.773
0.058350 0.818
0.058400 0.717
0.058450 0.700
0.058500 0.693
0.058550 0.674
0.058600 0.903
0.058650 0.695
0.058700 0.712
0.058750 0.696
0.058800 0.782
0.058850 0.926
0.058900 0.819
0.058950 0.777
0.059000 0.798
0.059050 0.730
0.059100 0.733
0.059150 0.793
0.059200 0.794
0.059250 0.726
0.059300 0.751
0.059350 0.762
0.059400 0.736
0.059450 0.688
0.059500 0.718
0.059550 0.729
0.059600 0.707
0.059650 0.766
0.059700 0.664
0.059750 0.772
0.059800 0.799
0.059850 0.664
0.059900 0.724
0.059950 0.739
0.060000 0.763
0.060050 0.685
0.060100 0.825
0.060150 0.792
0.060200 0.736
0.060250 0.732
0.060300 0.707
0.060350 0.738
0.060400 0.785
0.060450 0.665
0.060500 0.649
0.060550 0.829
0.060600 0.675
0.060650 0.613
0.060700 0.836
0.060750 0.642
0.060800 0.770
0.060850 0.733
0.060900 0.727
0.060950 0.766
0.061000 0.782
0.061050 0.668
0.061100 0.717
0.061150 0.701
0.061200 0.644
0.061250 0.699
0.061300 0.675
0.061350 0.709
0.061400 0.728
0.061450 0.682
0.061500 0.628
0.061550 0.664
0.061600 0.707
0.061650 0.721
0.061700 0.734
0.061750 0.649
0.061800 0.752
0.061850 0.714
0.061900 0.672
0.061950 0.683
0.062000 0.652
0.062050 0.702
0.062100 0.701
0.062150 0.751
0.062200 0.651
0.062250 0.685
0.062300 0.608
0.062350 0.722
0.062400 0.684
0.062450 0.622
0.062500 0.746
0.062550 0.680
0.062600 0.596
0.062650 0.610
0.062700 0.641
0.062750 0.626
0.062800 0.604
0.062850 0.707
0.062900 0.645
0.062950 0.604
0.063000 0.653
0.063050 0.702
0.063100 0.698
0.063150 0.687
0.063200 0.651
0.063250 0.791
0.063300 0.639
0.063350 0.678
0.063400 0.679
0.063450 0.775
0.063500 0.627
0.063550 0.656
0.063600 0.585
0.063650 0.707
0.063700 0.615
0.063750 0.650
0.063800 0.616
0.063850 0.682
0.063900 0.569
0.063950 0.623
0.064000 0.651
0.064050 0.639
0.064100 0.596
0.064150 0.553
0.064200 0.654
0.064250 0.595
0.064300 0.488
0.064350 0.681
0.064400 0.760
0.064450 0.638
0.064500 0.615
0.064550 0.719
0.064600 0.577
0.064650 0.668
0.064700 0.681
0.064750 0.646
0.064800 0.632
0.064850 0.549
0.064900 0.622
0.064950 0.672
0.065000 0.557
0.065050 0.673
0.065100 0.563
0.065150 0.662
0.065200 0.588
0.065250 0.624
0.065300 0.717
0.065350 0.628
0.065400 0.597
0.065450 0.616
0.065500 0.670
0.065550 0.609
0.065600 0.646
0.065650 0.496
0.065700 0.736
0.065750 0.600
0.065800 0.626
0.065850 0.776
0.065900 0.675
0.065950 0.667
0.066000 0.620
0.066050 0.660
0.066100 0.694
0.066150 0.671
0.066200 0.631
0.066250 0.646
0.066300 0.591
0.066350 0.677
0.066400 0.577
0.066450 0.598
0.066500 0.618
0.066550 0.635
0.066600 0.621
0.066650 0.594
0.066700 0.538
0.066750 0.642
0.066800 0.681
0.066850 0.617
0.066900 0.643
0.066950 0.538
0.067000 0.580
0.067050 0.559
0.067100 0.639
0.067150 0.618
0.067200 0.591
0.067250 0.588
0.067300 0.569
0.067350 0.607
0.067400 0.610
0.067450 0.548
0.067500 0.630
0.067550 0.695
0.067600 0.638
0.067650 0.655
0.067700 0.639
0.067750 0.648
0.067800 0.673
0.067850 0.632
0.067900 0.701
0.067950 0.573
0.068000 0.598
0.068050 0.575
0.068100 0.594
0.068150 0.678
0.068200 0.624
0.068250 0.577
0.068300 0.577
0.068350 0.636
0.068400 0.584
0.068450 0.461
0.068500 0.607
0.068550 0.606
0.068600 0.506
0.068650 0.516
0.068700 0.561
0.068750 0.609
0.068800 0.582
0.068850 0.599
0.068900 0.496
0.068950 0.623
0.069000 0.617
0.069050 0.592
0.069100 0.574
0.069150 0.637
0.069200 0.591
0.069250 0.557
0.069300 0.623
0.069350 0.644
0.069400 0.594
0.069450 0.581
0.069500 0.495
0.069550 0.478
0.069600 0.603
0.069650 0.560
0.069700 0.582
0.069750 0.554
0.069800 0.525
0.069850 0.545
0.069900 0.599
0.069950 0.614
0.070000 0.611
0.070050 0.552
0.070100 0.526
0.070150 0.559
0.070200 0.572
0.070250 0.712
0.070300 0.662
0.070350 0.587
0.070400 0.627
0.070450 0.716
0.070500 0.555
0.070550 0.633
0.070600 0.623
0.070650 0.559
0.070700 0.668
0.070750 0.582
0.070800 0.570
0.070850 0.550
0.070900 0.572
0.070950 0.560
0.071000 0.599
0.071050 0.601
0.071100 0.542
0.071150 0.553
0.071200 0.636
0.071250 0.617
0.071300 0.624
0.071350 0.483
0.071400 0.562
0.071450 0.562
0.071500 0.629
0.071550 0.583
0.071600 0.509
0.071650 0.495
0.071700 0.587
0.071750 0.539
0.071800 0.543
0.071850 0.620
0.071900 0.539
0.071950 0.579
0.072000 0.501
0.072050 0.565
0.072100 0.463
0.072150 0.517
0.072200 0.550
0.072250 0.517
0.072300 0.543
0.072350 0.620
0.072400 0.541
0.072450 0.497
0.072500 0.467
0.072550 0.543
0.072600 0.537
0.072650 0.542
0.072700 0.501
0.072750 0.495
0.072800 0.529
0.072850 0.522
0.072900 0.571
0.072950 0.522
0.073000 0.559
0.073050 0.494
0.073100 0.499
0.073150 0.489
0.073200 0.525
0.073250 0.570
0.073300 0.562
0.073350 0.535
0.073400 0.495
0.073450 0.598
0.073500 0.508
0.073550 0.545
0.073600 0.524
0.073650 0.491
0.073700 0.501
0.073750 0.657
0.073800 0.596
0.073850 0.486
0.073900 0.581
0.073950 0.573
0.074000 0.526
0.074050 0.583
0.074100 0.549
0.074150 0.675
0.074200 0.557
0.074250 0.527
0.074300 0.562
0.074350 0.534
0.074400 0.507
0.074450 0.574
0.074500 0.567
0.074550 0.403
0.074600 0.523
0.074650 0.553
0.074700 0.535
0.074750 0.516
0.074800 0.548
0.074850 0.519
0.074900 0.563
0.074950 0.532
0.075000 0.446
0.075050 0.509
0.075100 0.480
0.075150 0.466
0.075200 0.538
0.075250 0.584
0.075300 0.533
0.075350 0.481
0.075400 0.473
0.075450 0.537
0.075500 0.478
0.075550 0.476
0.075600 0.511
0.075650 0.501
0.075700 0.497
0.075750 0.544
0.075800 0.503
0.075850 0.427
0.075900 0.533
0.075950 0.581
0.076000 0.501
0.076050 0.556
0.076100 0.472
0.076150 0.455
0.076200 0.482
0.076250 0.464
0.076300 0.498
0.076350 0.552
0.076400 0.459
0.076450 0.445
0.076500 0.527
0.076550 0.564
0.076600 0.493
0.076650 0.460
0.076700 0.505
0.076750 0.453
0.076800 0.436
0.076850 0.446
0.076900 0.447
0.076950 0.508
0.077000 0.534
0.077050 0.434
0.077100 0.517
0.077150 0.476
0.077200 0.570
0.077250 0.502
0.077300 0.501
0.077350 0.543
0.077400 0.518
0.077450 0.521
0.077500 0.474
0.077550 0.527
0.077600 0.515
0.077650 0.557
0.077700 0.563
0.077750 0.666
0.077800 0.530
0.077850 0.485
0.077900 0.477
0.077950 0.562
0.078000 0.514
0.078050 0.532
0.078100 0.538
0.078150 0.571
0.078200 0.477
0.078250 0.582
0.078300 0.588
0.078350 0.502
0.078400 0.589
0.078450 0.567
0.078500 0.495
0.078550 0.625
0.078600 0.488
0.078650 0.487
0.078700 0.538
0.078750 0.483
0.078800 0.564
0.078850 0.413
0.078900 0.422
0.078950 0.478
0.079000 0.412
0.079050 0.482
0.079100 0.427
0.079150 0.496
0.079200 0.541
0.079250 0.559
0.079300 0.479
0.079350 0.513
0.079400 0.521
0.079450 0.503
0.079500 0.541
0.079550 0.595
0.079600 0.478
0.079650 0.637
0.079700 0.505
0.079750 0.463
0.079800 0.452
0.079850 0.447
0.079900 0.445
0.079950 0.473
0.080000 0.495
