0 0.088268
5e-05 0.056422
0.0001 0.07719
0.00015 0.119768
0.0002 0.127037
0.00025 0.076847
0.0003 0.07961
0.00035 0.093458
0.0004 0.083426
0.00045 0.075804
0.0005 0.096231
0.00055 0.097611
0.0006 0.092075
0.00065 0.082729
0.0007 0.066459
0.00075 0.107657
0.0008 0.110071
0.00085 0.093459
0.0009 0.092775
0.00095 0.115963
0.001 0.144332
0.00105 0.13604
0.0011 0.154729
0.00115 0.185871
0.0012 0.261693
0.00125 0.278297
0.0013 0.250957
0.00135 0.352045
0.0014 0.461755
0.00145 0.520621
0.0015 0.819667
0.00155 0.983405
0.0016 1.22192
0.00165 1.67706
0.0017 1.98931
0.00175 2.68268
0.0018 3.09318
0.00185 3.66639
0.0019 4.25
0.00195 4.93883
0.002 5.39124
0.00205 5.80109
0.0021 6.474
0.00215 6.4979
0.0022 6.68758
0.00225 6.33487
0.0023 5.87273
0.00235 5.46427
0.0024 4.68098
0.00245 4.2237
0.0025 3.55149
0.00255 3.17315
0.0026 2.58535
0.00265 2.34271
0.0027 1.99037
0.00275 1.61585
0.0028 1.66493
0.00285 1.52585
0.0029 1.23332
0.00295 1.16614
0.003 1.20634
0.00305 1.01839
0.0031 0.945643
0.00315 0.900701
0.0032 1.07648
0.00325 0.919082
0.0033 0.850081
0.00335 0.851529
0.0034 0.801692
0.00345 0.798886
0.0035 0.756044
0.00355 0.712326
0.0036 0.68539
0.00365 0.800294
0.0037 0.748356
0.00375 0.715844
0.0038 0.701994
0.00385 0.728308
0.0039 0.667029
0.00395 0.689145
0.004 0.626532
0.00405 0.633838
0.0041 0.653874
0.00415 0.659396
0.0042 0.58011
0.00425 0.638332
0.0043 0.695438
0.00435 0.676008
0.0044 0.585342
0.00445 0.68574
0.0045 0.585948
0.00455 0.654926
0.0046 0.645589
0.00465 0.583303
0.0047 0.575909
0.00475 0.621075
0.0048 0.621261
0.00485 0.650481
0.0049 0.600207
0.00495 0.606071
0.005 0.607842
0.00505 0.541684
0.0051 0.634191
0.00515 0.591855
0.0052 0.640473
0.00525 0.571117
0.0053 0.559669
0.00535 0.499165
0.0054 0.653854
0.00545 0.59399
0.0055 0.59676
0.00555 0.465556
0.0056 0.542149
0.00565 0.618547
0.0057 0.537223
0.00575 0.570777
0.0058 0.655607
0.00585 0.526863
0.0059 0.571111
0.00595 0.562187
0.006 0.537475
0.00605 0.510603
0.0061 0.539321
0.00615 0.548693
0.0062 0.521938
0.00625 0.586656
0.0063 0.558057
0.00635 0.582905
0.0064 0.540334
0.00645 0.599178
0.0065 0.513681
0.00655 0.545235
0.0066 0.541963
0.00665 0.561481
0.0067 0.57841
0.00675 0.48263
0.0068 0.528506
0.00685 0.505364
0.0069 0.515418
0.00695 0.551372
0.007 0.588856
0.00705 0.459616
0.0071 0.540738
0.00715 0.48221
0.0072 0.546175
0.00725 0.536605
0.0073 0.507745
0.00735 0.497403
0.0074 0.504303
0.00745 0.506859
0.0075 0.598114
0.00755 0.54238
0.0076 0.529894
0.00765 0.475264
0.0077 0.550843
0.00775 0.509167
0.0078 0.551759
0.00785 0.531631
0.0079 0.562446
0.00795 0.482932
0.008 0.57641
0.00805 0.481092
0.0081 0.544839
0.00815 0.521003
0.0082 0.589411
0.00825 0.524057
0.0083 0.490188
0.00835 0.511936
0.0084 0.424679
0.00845 0.515165
0.0085 0.537095
0.00855 0.546617
0.0086 0.510215
0.00865 0.517823
0.0087 0.478765
0.00875 0.420657
0.0088 0.47105
0.00885 0.489482
0.0089 0.426346
0.00895 0.45729
0.009 0.603974
0.00905 0.483284
0.0091 0.460412
0.00915 0.495954
0.0092 0.522366
0.00925 0.510978
0.0093 0.458909
0.00935 0.462863
0.0094 0.477932
0.00945 0.516508
0.0095 0.488736
0.00955 0.518588
0.0096 0.523703
0.00965 0.485709
0.0097 0.498094
0.00975 0.41059
0.0098 0.502863
0.00985 0.518615
0.0099 0.518756
0.00995 0.508166
0.01 0.512357
0.01005 0.585559
0.0101 0.455289
0.01015 0.486347
0.0102 0.490873
0.01025 0.504183
0.0103 0.483389
0.01035 0.527875
0.0104 0.506395
0.01045 0.508393
0.0105 0.492543
0.01055 0.463169
0.0106 0.483919
0.01065 0.443819
0.0107 0.41504
0.01075 0.455474
0.0108 0.400404
0.01085 0.486768
0.0109 0.455469
0.01095 0.477475
0.011 0.388233
0.01105 0.435251
0.0111 0.451971
0.01115 0.511981
0.0112 0.520199
0.01125 0.479531
0.0113 0.526217
0.01135 0.429701
0.0114 0.586835
0.01145 0.497451
0.0115 0.466303
0.01155 0.470987
0.0116 0.431742
0.01165 0.453346
0.0117 0.525097
0.01175 0.470371
0.0118 0.47566
0.01185 0.471064
0.0119 0.452591
0.01195 0.507369
0.012 0.452498
0.01205 0.474422
0.0121 0.458753
0.01215 0.499783
0.0122 0.595014
0.01225 0.42749
0.0123 0.424675
0.01235 0.510405
0.0124 0.446819
0.01245 0.559251
0.0125 0.48432
0.01255 0.436494
0.0126 0.402302
0.01265 0.507698
0.0127 0.461381
0.01275 0.462423
0.0128 0.365596
0.01285 0.469172
0.0129 0.495519
0.01295 0.550025
0.013 0.558733
0.01305 0.466959
0.0131 0.448588
0.01315 0.498416
0.0132 0.498494
0.01325 0.38768
0.0133 0.444389
0.01335 0.393769
0.0134 0.459899
0.01345 0.506823
0.0135 0.460804
0.01355 0.436606
0.0136 0.440836
0.01365 0.482682
0.0137 0.407592
0.01375 0.484614
0.0138 0.43564
0.01385 0.40034
0.0139 0.458154
0.01395 0.459782
0.014 0.567673
0.01405 0.524463
0.0141 0.413458
0.01415 0.450682
0.0142 0.443584
0.01425 0.463894
0.0143 0.431923
0.01435 0.504763
0.0144 0.491978
0.01445 0.516202
0.0145 0.493557
0.01455 0.493767
0.0146 0.457962
0.01465 0.471498
0.0147 0.525316
0.01475 0.51044
0.0148 0.444645
0.01485 0.489061
0.0149 0.471756
0.01495 0.409298
0.015 0.418778
0.01505 0.515656
0.0151 0.462627
0.01515 0.443139
0.0152 0.454285
0.01525 0.433739
0.0153 0.504806
0.01535 0.442918
0.0154 0.496011
0.01545 0.506861
0.0155 0.524054
0.01555 0.397286
0.0156 0.478712
0.01565 0.499084
0.0157 0.464859
0.01575 0.526073
0.0158 0.466793
0.01585 0.451487
0.0159 0.485181
0.01595 0.416811
0.016 0.470118
0.01605 0.532638
0.0161 0.422953
0.01615 0.429227
0.0162 0.470354
0.01625 0.420926
0.0163 0.474719
0.01635 0.414225
0.0164 0.398925
0.01645 0.464025
0.0165 0.477108
0.01655 0.468414
0.0166 0.475308
0.01665 0.546074
0.0167 0.583321
0.01675 0.495921
0.0168 0.500762
0.01685 0.432314
0.0169 0.512093
0.01695 0.473255
0.017 0.356339
0.01705 0.499013
0.0171 0.428927
0.01715 0.514417
0.0172 0.408504
0.01725 0.450808
0.0173 0.474411
0.01735 0.488489
0.0174 0.458379
0.01745 0.436073
0.0175 0.530473
0.01755 0.514815
0.0176 0.480325
0.01765 0.443429
0.0177 0.442088
0.01775 0.51195
0.0178 0.506374
0.01785 0.52081
0.0179 0.485836
0.01795 0.4459
0.018 0.409975
0.01805 0.463541
0.0181 0.387612
0.01815 0.469772
0.0182 0.51211
0.01825 0.391206
0.0183 0.44071
0.01835 0.456042
0.0184 0.505091
0.01845 0.489431
0.0185 0.401309
0.01855 0.499229
0.0186 0.5006
0.01865 0.475064
0.0187 0.413708
0.01875 0.414288
0.0188 0.439391
0.01885 0.422371
0.0189 0.432137
0.01895 0.454153
0.019 0.494643
0.01905 0.404437
0.0191 0.451029
0.01915 0.466511
0.0192 0.429765
0.01925 0.463767
0.0193 0.408648
0.01935 0.487748
0.0194 0.461275
0.01945 0.580857
0.0195 0.453475
0.01955 0.373729
0.0196 0.451369
0.01965 0.435843
0.0197 0.440749
0.01975 0.466295
0.0198 0.504749
0.01985 0.388283
0.0199 0.436532
0.01995 0.486356
0.02 0.541777
0.02005 0.473403
0.0201 0.47102
0.02015 0.452468
0.0202 0.473882
0.02025 0.401272
0.0203 0.439652
0.02035 0.451806
0.0204 0.496779
0.02045 0.448611
0.0205 0.446952
0.02055 0.479898
0.0206 0.495747
0.02065 0.437613
0.0207 0.434675
0.02075 0.467501
0.0208 0.45512
0.02085 0.480278
0.0209 0.444451
0.02095 0.492795
0.021 0.406352
0.02105 0.489788
0.0211 0.519683
0.02115 0.385709
0.0212 0.445443
0.02125 0.474085
0.0213 0.441876
0.02135 0.462092
0.0214 0.535654
0.02145 0.446338
0.0215 0.511133
0.02155 0.495603
0.0216 0.521106
0.02165 0.447406
0.0217 0.488477
0.02175 0.473595
0.0218 0.485274
0.02185 0.479082
0.0219 0.429393
0.02195 0.413691
0.022 0.427437
0.02205 0.489463
0.0221 0.427878
0.02215 0.449354
0.0222 0.532393
0.02225 0.450087
0.0223 0.504461
0.02235 0.502759
0.0224 0.503296
0.02245 0.455242
0.0225 0.50925
0.02255 0.530628
0.0226 0.394056
0.02265 0.477682
0.0227 0.478149
0.02275 0.464489
0.0228 0.433379
0.02285 0.487259
0.0229 0.493763
0.02295 0.438215
0.023 0.470822
0.02305 0.512888
0.0231 0.481153
0.02315 0.413953
0.0232 0.395149
0.02325 0.421433
0.0233 0.425478
0.02335 0.47074
0.0234 0.514423
0.02345 0.445591
0.0235 0.473821
0.02355 0.483829
0.0236 0.4362
0.02365 0.48971
0.0237 0.453315
0.02375 0.509991
0.0238 0.491187
0.02385 0.494257
0.0239 0.429333
0.02395 0.422567
0.024 0.428271
0.02405 0.479325
0.0241 0.446661
0.02415 0.405571
0.0242 0.429707
0.02425 0.532245
0.0243 0.474712
0.02435 0.471972
0.0244 0.511274
0.02445 0.548372
0.0245 0.446257
0.02455 0.402561
0.0246 0.513899
0.02465 0.437707
0.0247 0.386796
0.02475 0.532494
0.0248 0.494693
0.02485 0.480073
0.0249 0.531736
0.02495 0.416714
0.025 0.489381
0.02505 0.467611
0.0251 0.485955
0.02515 0.479717
0.0252 0.449711
0.02525 0.450397
0.0253 0.527142
0.02535 0.492586
0.0254 0.394204
0.02545 0.533926
0.0255 0.486939
0.02555 0.447359
0.0256 0.362407
0.02565 0.434761
0.0257 0.456559
0.02575 0.498613
0.0258 0.375993
0.02585 0.412209
0.0259 0.466287
0.02595 0.468683
0.026 0.555499
0.02605 0.406353
0.0261 0.417436
0.02615 0.415488
0.0262 0.385709
0.02625 0.589835
0.0263 0.42465
0.02635 0.422734
0.0264 0.494872
0.02645 0.417434
0.0265 0.379917
0.02655 0.453913
0.0266 0.535261
0.02665 0.432307
0.0267 0.406352
0.02675 0.47352
0.0268 0.447094
0.02685 0.506604
0.0269 0.463501
0.02695 0.431501
0.027 0.496166
0.02705 0.44358
0.0271 0.363013
0.02715 0.471317
0.0272 0.460869
0.02725 0.473299
0.0273 0.47322
0.02735 0.401356
0.0274 0.407609
0.02745 0.447451
0.0275 0.444537
0.02755 0.492947
0.0276 0.468075
0.02765 0.507889
0.0277 0.522392
0.02775 0.46136
0.0278 0.485779
0.02785 0.510891
0.0279 0.407571
0.02795 0.527139
0.028 0.431367
0.02805 0.487949
0.0281 0.484596
0.02815 0.51112
0.0282 0.494283
0.02825 0.473963
0.0283 0.455806
0.02835 0.488676
0.0284 0.47791
0.02845 0.4631
0.0285 0.455638
0.02855 0.449284
0.0286 0.462955
0.02865 0.470387
0.0287 0.419211
0.02875 0.427099
0.0288 0.508311
0.02885 0.434467
0.0289 0.421037
0.02895 0.506721
0.029 0.396474
0.02905 0.47481
0.0291 0.497003
0.02915 0.456825
0.0292 0.484888
0.02925 0.476766
0.0293 0.394056
0.02935 0.50967
0.0294 0.398524
0.02945 0.444934
0.0295 0.528817
0.02955 0.513673
0.0296 0.457537
0.02965 0.446857
0.0297 0.483726
0.02975 0.432576
0.0298 0.491616
0.02985 0.488764
0.0299 0.464935
0.02995 0.473389
0.03 0.459651
0.03005 0.502435
0.0301 0.504431
0.03015 0.443019
0.0302 0.488994
0.03025 0.461268
0.0303 0.440084
0.03035 0.455278
0.0304 0.377982
0.03045 0.463178
0.0305 0.460202
0.03055 0.525758
0.0306 0.472103
0.03065 0.466079
0.0307 0.608243
0.03075 0.497311
0.0308 0.467283
0.03085 0.451943
0.0309 0.529381
0.03095 0.500557
0.031 0.440545
0.03105 0.464215
0.0311 0.412619
0.03115 0.450633
0.0312 0.517583
0.03125 0.457153
0.0313 0.452865
0.03135 0.495659
0.0314 0.404054
0.03145 0.409664
0.0315 0.509954
0.03155 0.493172
0.0316 0.482642
0.03165 0.434658
0.0317 0.449314
0.03175 0.468494
0.0318 0.546371
0.03185 0.505311
0.0319 0.478756
0.03195 0.467438
0.032 0.492606
0.03205 0.471028
0.0321 0.430061
0.03215 0.522213
0.0322 0.443227
0.03225 0.507287
0.0323 0.484302
0.03235 0.4489
0.0324 0.467852
0.03245 0.448544
0.0325 0.503363
0.03255 0.466505
0.0326 0.507186
0.03265 0.495736
0.0327 0.481615
0.03275 0.485143
0.0328 0.549133
0.03285 0.540379
0.0329 0.482161
0.03295 0.531259
0.033 0.48011
0.03305 0.533326
0.0331 0.538386
0.03315 0.45383
0.0332 0.426083
0.03325 0.451493
0.0333 0.434332
0.03335 0.478552
0.0334 0.427975
0.03345 0.531273
0.0335 0.525663
0.03355 0.509949
0.0336 0.437634
0.03365 0.414874
0.0337 0.467615
0.03375 0.473273
0.0338 0.447139
0.03385 0.509709
0.0339 0.48972
0.03395 0.451284
0.034 0.48078
0.03405 0.474944
0.0341 0.486159
0.03415 0.491953
0.0342 0.408724
0.03425 0.501434
0.0343 0.486006
0.03435 0.452624
0.0344 0.479041
0.03445 0.406905
0.0345 0.448472
0.03455 0.519978
0.0346 0.458047
0.03465 0.443041
0.0347 0.514152
0.03475 0.513884
0.0348 0.420218
0.03485 0.487388
0.0349 0.499628
0.03495 0.474822
0.035 0.484961
0.03505 0.470575
0.0351 0.532756
0.03515 0.384004
0.0352 0.534949
0.03525 0.438027
0.0353 0.495527
0.03535 0.494509
0.0354 0.455202
0.03545 0.43774
0.0355 0.460022
0.03555 0.50376
0.0356 0.479949
0.03565 0.443901
0.0357 0.467048
0.03575 0.43373
0.0358 0.487748
0.03585 0.473784
0.0359 0.408714
0.03595 0.431214
0.036 0.461741
0.03605 0.460629
0.0361 0.43927
0.03615 0.511944
0.0362 0.476896
0.03625 0.412664
0.0363 0.606253
0.03635 0.513811
0.0364 0.423904
0.03645 0.482548
0.0365 0.429592
0.03655 0.483292
0.0366 0.534282
0.03665 0.44749
0.0367 0.584519
0.03675 0.488797
0.0368 0.491443
0.03685 0.489673
0.0369 0.454642
0.03695 0.50383
0.037 0.416875
0.03705 0.452741
0.0371 0.468693
0.03715 0.411055
0.0372 0.441841
0.03725 0.504085
0.0373 0.482917
0.03735 0.450445
0.0374 0.426083
0.03745 0.499875
0.0375 0.471077
0.03755 0.505333
0.0376 0.468945
0.03765 0.504043
0.0377 0.531732
0.03775 0.558776
0.0378 0.470864
0.03785 0.453856
0.0379 0.553668
0.03795 0.450196
0.038 0.416328
0.03805 0.52025
0.0381 0.461301
0.03815 0.415109
0.0382 0.507202
0.03825 0.470204
0.0383 0.508995
0.03835 0.433507
0.0384 0.508449
0.03845 0.504375
0.0385 0.470988
0.03855 0.437472
0.0386 0.521323
0.03865 0.454571
0.0387 0.463511
0.03875 0.449207
0.0388 0.545183
0.03885 0.470371
0.0389 0.476287
0.03895 0.497047
0.039 0.541318
0.03905 0.43718
0.0391 0.484545
0.03915 0.523469
0.0392 0.552338
0.03925 0.52394
0.0393 0.502517
0.03935 0.498349
0.0394 0.439725
0.03945 0.395889
0.0395 0.501387
0.03955 0.471855
0.0396 0.499308
0.03965 0.480814
0.0397 0.438401
0.03975 0.475429
0.0398 0.467169
0.03985 0.476435
0.0399 0.446586
0.03995 0.467026
0.04 0.406643
0.04005 0.457513
0.0401 0.500545
0.04015 0.448867
0.0402 0.497622
0.04025 0.46999
0.0403 0.497132
0.04035 0.529224
0.0404 0.482154
0.04045 0.43086
0.0405 0.467776
0.04055 0.487778
0.0406 0.522489
0.04065 0.520699
0.0407 0.399913
0.04075 0.526747
0.0408 0.557643
0.04085 0.447139
0.0409 0.482831
0.04095 0.469455
0.041 0.419907
0.04105 0.523071
0.0411 0.417571
0.04115 0.488023
0.0412 0.470458
0.04125 0.42392
0.0413 0.521939
0.04135 0.478727
0.0414 0.508311
0.04145 0.463303
0.0415 0.463838
0.04155 0.490168
0.0416 0.474944
0.04165 0.578928
0.0417 0.566387
0.04175 0.514509
0.0418 0.469978
0.04185 0.580318
0.0419 0.469558
0.04195 0.530602
0.042 0.482535
0.04205 0.581647
0.0421 0.449288
0.04215 0.507202
0.0422 0.538283
0.04225 0.476415
0.0423 0.421104
0.04235 0.42835
0.0424 0.526466
0.04245 0.45408
0.0425 0.515897
0.04255 0.458653
0.0426 0.541953
0.04265 0.478659
0.0427 0.504063
0.04275 0.512437
0.0428 0.491703
0.04285 0.488915
0.0429 0.456053
0.04295 0.510797
0.043 0.518378
0.04305 0.496678
0.0431 0.476629
0.04315 0.448735
0.0432 0.46659
0.04325 0.51222
0.0433 0.514659
0.04335 0.521447
0.0434 0.507403
0.04345 0.493311
0.0435 0.501817
0.04355 0.490297
0.0436 0.453421
0.04365 0.419915
0.0437 0.524545
0.04375 0.467475
0.0438 0.513696
0.04385 0.48808
0.0439 0.450071
0.04395 0.528093
0.044 0.511234
0.04405 0.519896
0.0441 0.530354
0.04415 0.4993
0.0442 0.423006
0.04425 0.53783
0.0443 0.489836
0.04435 0.488744
0.0444 0.441421
0.04445 0.456239
0.0445 0.459525
0.04455 0.500287
0.0446 0.422418
0.04465 0.466766
0.0447 0.511264
0.04475 0.463624
0.0448 0.445426
0.04485 0.541214
0.0449 0.476402
0.04495 0.522074
0.045 0.576909
0.04505 0.522785
0.0451 0.443197
0.04515 0.489001
0.0452 0.553058
0.04525 0.47871
0.0453 0.428605
0.04535 0.410115
0.0454 0.464285
0.04545 0.439465
0.0455 0.441894
0.04555 0.501788
0.0456 0.553663
0.04565 0.517965
0.0457 0.42908
0.04575 0.437
0.0458 0.511888
0.04585 0.58335
0.0459 0.5319
0.04595 0.534562
0.046 0.499472
0.04605 0.480864
0.0461 0.612645
0.04615 0.493527
0.0462 0.465597
0.04625 0.509805
0.0463 0.544887
0.04635 0.470579
0.0464 0.467564
0.04645 0.48314
0.0465 0.435459
0.04655 0.478961
0.0466 0.475021
0.04665 0.463597
0.0467 0.418477
0.04675 0.452773
0.0468 0.441267
0.04685 0.475687
0.0469 0.472658
0.04695 0.51004
0.047 0.515548
0.04705 0.538972
0.0471 0.482316
0.04715 0.49628
0.0472 0.463984
0.04725 0.497806
0.0473 0.502379
0.04735 0.510759
0.0474 0.494492
0.04745 0.539924
0.0475 0.478037
0.04755 0.416907
0.0476 0.467086
0.04765 0.474494
0.0477 0.506756
0.04775 0.461684
0.0478 0.464321
0.04785 0.487085
0.0479 0.504167
0.04795 0.428183
0.048 0.498995
0.04805 0.615243
0.0481 0.503623
0.04815 0.513119
0.0482 0.466675
0.04825 0.458727
0.0483 0.534884
0.04835 0.482534
0.0484 0.48041
0.04845 0.51902
0.0485 0.485896
0.04855 0.434202
0.0486 0.490352
0.04865 0.538884
0.0487 0.491041
0.04875 0.477211
0.0488 0.475063
0.04885 0.575599
0.0489 0.499245
0.04895 0.448137
0.049 0.47241
0.04905 0.465334
0.0491 0.563418
0.04915 0.528962
0.0492 0.445151
0.04925 0.621389
0.0493 0.501077
0.04935 0.495995
0.0494 0.451338
0.04945 0.471886
0.0495 0.49547
0.04955 0.502262
0.0496 0.534893
0.04965 0.448343
0.0497 0.563517
0.04975 0.552547
0.0498 0.53955
0.04985 0.514538
0.0499 0.524416
0.04995 0.465324
0.05 0.49114
0.05005 0.47996
0.0501 0.453702
0.05015 0.46351
0.0502 0.496463
0.05025 0.456077
0.0503 0.567628
0.05035 0.455736
0.0504 0.523113
0.05045 0.539181
0.0505 0.523956
0.05055 0.507674
0.0506 0.491344
0.05065 0.480036
0.0507 0.537715
0.05075 0.573213
0.0508 0.40745
0.05085 0.551688
0.0509 0.50478
0.05095 0.419994
0.051 0.520781
0.05105 0.508423
0.0511 0.44181
0.05115 0.507098
0.0512 0.513128
0.05125 0.498656
0.0513 0.586842
0.05135 0.502582
0.0514 0.572426
0.05145 0.524024
0.0515 0.555899
0.05155 0.491891
0.0516 0.535129
0.05165 0.521623
0.0517 0.450118
0.05175 0.463358
0.0518 0.463156
0.05185 0.489942
0.0519 0.546937
0.05195 0.455377
0.052 0.574876
0.05205 0.54884
0.0521 0.510213
0.05215 0.528895
0.0522 0.474481
0.05225 0.516143
0.0523 0.466836
0.05235 0.548388
0.0524 0.484363
0.05245 0.477905
0.0525 0.452511
0.05255 0.520673
0.0526 0.559546
0.05265 0.550046
0.0527 0.440294
0.05275 0.479126
0.0528 0.557178
0.05285 0.459824
0.0529 0.450091
0.05295 0.542091
0.053 0.490056
0.05305 0.535578
0.0531 0.520638
0.05315 0.537576
0.0532 0.507702
0.05325 0.550232
0.0533 0.556604
0.05335 0.510662
0.0534 0.504144
0.05345 0.533988
0.0535 0.498585
0.05355 0.498459
0.0536 0.516574
0.05365 0.479966
0.0537 0.498081
0.05375 0.480739
0.0538 0.452579
0.05385 0.478241
0.0539 0.568715
0.05395 0.584921
0.054 0.514692
0.05405 0.55896
0.0541 0.502632
0.05415 0.520944
0.0542 0.542562
0.05425 0.503424
0.0543 0.537007
0.05435 0.482555
0.0544 0.553188
0.05445 0.458336
0.0545 0.463595
0.05455 0.464501
0.0546 0.53099
0.05465 0.492638
0.0547 0.480461
0.05475 0.527435
0.0548 0.5153
0.05485 0.552542
0.0549 0.476689
0.05495 0.553529
0.055 0.509469
0.05505 0.473003
0.0551 0.435335
0.05515 0.513485
0.0552 0.536598
0.05525 0.45581
0.0553 0.484396
0.05535 0.506412
0.0554 0.542905
0.05545 0.550637
0.0555 0.592831
0.05555 0.477235
0.0556 0.533842
0.05565 0.529332
0.0557 0.528155
0.05575 0.534787
0.0558 0.531384
0.05585 0.519028
0.0559 0.545804
0.05595 0.555852
0.056 0.496425
0.05605 0.515379
0.0561 0.511924
0.05615 0.574776
0.0562 0.536546
0.05625 0.57253
0.0563 0.553387
0.05635 0.521785
0.0564 0.498002
0.05645 0.508056
0.0565 0.61201
0.05655 0.505688
0.0566 0.562236
0.05665 0.477184
0.0567 0.565562
0.05675 0.500814
0.0568 0.488197
0.05685 0.527895
0.0569 0.543779
0.05695 0.554005
0.057 0.485529
0.05705 0.585889
0.0571 0.472772
0.05715 0.50007
0.0572 0.514845
0.05725 0.519345
0.0573 0.468801
0.05735 0.503077
0.0574 0.492632
0.05745 0.48331
0.0575 0.464756
0.05755 0.555594
0.0576 0.600549
0.05765 0.597153
0.0577 0.474783
0.05775 0.524339
0.0578 0.476836
0.05785 0.519534
0.0579 0.506711
0.05795 0.551855
0.058 0.527456
0.05805 0.461162
0.0581 0.590081
0.05815 0.513305
0.0582 0.523706
0.05825 0.493324
0.0583 0.496707
0.05835 0.571347
0.0584 0.525772
0.05845 0.52688
0.0585 0.511597
0.05855 0.549015
0.0586 0.545474
0.05865 0.551316
0.0587 0.499598
0.05875 0.557116
0.0588 0.520621
0.05885 0.475787
0.0589 0.479178
0.05895 0.507358
0.059 0.51199
0.05905 0.569824
0.0591 0.470466
0.05915 0.501096
0.0592 0.562614
0.05925 0.510432
0.0593 0.475923
0.05935 0.512607
0.0594 0.533927
0.05945 0.555301
0.0595 0.511224
0.05955 0.556436
0.0596 0.511094
0.05965 0.53489
0.0597 0.490631
0.05975 0.502473
0.0598 0.630454
0.05985 0.464048
0.0599 0.479473
0.05995 0.528537
0.06 0.436006
0.06005 0.487484
0.0601 0.524655
0.06015 0.607671
0.0602 0.442664
0.06025 0.566686
0.0603 0.554626
0.06035 0.53408
0.0604 0.469959
0.06045 0.547249
0.0605 0.601722
0.06055 0.473318
0.0606 0.537463
0.06065 0.633331
0.0607 0.532606
0.06075 0.566608
0.0608 0.524023
0.06085 0.498385
0.0609 0.578737
0.06095 0.505567
0.061 0.481057
0.06105 0.509033
0.0611 0.561538
0.06115 0.491772
0.0612 0.578635
0.06125 0.463421
0.0613 0.519705
0.06135 0.506131
0.0614 0.493753
0.06145 0.534235
0.0615 0.459102
0.06155 0.591994
0.0616 0.514367
0.06165 0.482209
0.0617 0.485788
0.06175 0.515332
0.0618 0.558555
0.06185 0.538745
0.0619 0.570925
0.06195 0.510183
0.062 0.476596
0.06205 0.50627
0.0621 0.615568
0.06215 0.517382
0.0622 0.498639
0.06225 0.601959
0.0623 0.534689
0.06235 0.505945
0.0624 0.437164
0.06245 0.440718
0.0625 0.456791
0.06255 0.475407
0.0626 0.485297
0.06265 0.486433
0.0627 0.505142
0.06275 0.444768
0.0628 0.52252
0.06285 0.54888
0.0629 0.527461
0.06295 0.548831
0.063 0.498375
0.06305 0.483135
0.0631 0.495645
0.06315 0.466473
0.0632 0.548552
0.06325 0.511822
0.0633 0.51935
0.06335 0.54972
0.0634 0.573817
0.06345 0.502721
0.0635 0.458148
0.06355 0.510142
0.0636 0.521523
0.06365 0.553315
0.0637 0.424532
0.06375 0.528954
0.0638 0.553171
0.06385 0.513545
0.0639 0.450804
0.06395 0.531276
0.064 0.5133
0.06405 0.586304
0.0641 0.484991
0.06415 0.478457
0.0642 0.518168
0.06425 0.520678
0.0643 0.487158
0.06435 0.577208
0.0644 0.465095
0.06445 0.519131
0.0645 0.548764
0.06455 0.524202
0.0646 0.478895
0.06465 0.535709
0.0647 0.494235
0.06475 0.604297
0.0648 0.503203
0.06485 0.580999
0.0649 0.566746
0.06495 0.48226
0.065 0.467833
0.06505 0.497641
0.0651 0.494943
0.06515 0.475287
0.0652 0.548241
0.06525 0.559981
0.0653 0.486793
0.06535 0.501073
0.0654 0.569055
0.06545 0.504883
0.0655 0.473339
0.06555 0.578171
0.0656 0.475789
0.06565 0.459897
0.0657 0.503144
0.06575 0.560966
0.0658 0.545168
0.06585 0.526698
0.0659 0.55567
0.06595 0.541148
0.066 0.534519
0.06605 0.510689
0.0661 0.523849
0.06615 0.449655
0.0662 0.605843
0.06625 0.576745
0.0663 0.531657
0.06635 0.532947
0.0664 0.578097
0.06645 0.471729
0.0665 0.464946
0.06655 0.502104
0.0666 0.551343
0.06665 0.516651
0.0667 0.551301
0.06675 0.537933
0.0668 0.505817
0.06685 0.536515
0.0669 0.500332
0.06695 0.520348
0.067 0.564547
0.06705 0.488065
0.0671 0.497364
0.06715 0.502652
0.0672 0.468947
0.06725 0.533425
0.0673 0.501063
0.06735 0.500981
0.0674 0.488758
0.06745 0.593958
0.0675 0.533219
0.06755 0.537241
0.0676 0.575097
0.06765 0.531797
0.0677 0.503306
0.06775 0.611708
0.0678 0.54394
0.06785 0.5317
0.0679 0.490894
0.06795 0.562878
0.068 0.474423
0.06805 0.452511
0.0681 0.48916
0.06815 0.53953
0.0682 0.531316
0.06825 0.543574
0.0683 0.521684
0.06835 0.491538
0.0684 0.485968
0.06845 0.524226
0.0685 0.502244
0.06855 0.541954
0.0686 0.532323
0.06865 0.474581
0.0687 0.574838
0.06875 0.488178
0.0688 0.441262
0.06885 0.570628
0.0689 0.481015
0.06895 0.538867
0.069 0.525033
0.06905 0.450361
0.0691 0.562232
0.06915 0.552554
0.0692 0.565015
0.06925 0.492957
0.0693 0.480384
0.06935 0.476112
0.0694 0.551004
0.06945 0.550998
0.0695 0.47866
0.06955 0.481334
0.0696 0.485407
0.06965 0.496459
0.0697 0.513115
0.06975 0.444651
0.0698 0.536695
0.06985 0.508709
0.0699 0.535224
0.06995 0.508596
0.07 0.476307
0.07005 0.507039
0.0701 0.582733
0.07015 0.522401
0.0702 0.508305
0.07025 0.547607
0.0703 0.533527
0.07035 0.575737
0.0704 0.505317
0.07045 0.468587
0.0705 0.474109
0.07055 0.478231
0.0706 0.49084
0.07065 0.58973
0.0707 0.446865
0.07075 0.501937
0.0708 0.527369
0.07085 0.489045
0.0709 0.416584
0.07095 0.56975
0.071 0.554141
0.07105 0.492995
0.0711 0.468718
0.07115 0.512742
0.0712 0.515534
0.07125 0.575372
0.0713 0.49549
0.07135 0.502548
0.0714 0.545346
0.07145 0.538184
0.0715 0.465181
0.07155 0.559569
0.0716 0.56101
0.07165 0.595436
0.0717 0.553879
0.07175 0.493567
0.0718 0.460432
0.07185 0.405658
0.0719 0.504743
0.07195 0.547875
0.072 0.592538
0.07205 0.465696
0.0721 0.537724
0.07215 0.501602
0.0722 0.51887
0.07225 0.468212
0.0723 0.515845
0.07235 0.531721
0.0724 0.509956
0.07245 0.511346
0.0725 0.535955
0.07255 0.498179
0.0726 0.454513
0.07265 0.521261
0.0727 0.458652
0.07275 0.483274
0.0728 0.563313
0.07285 0.561869
0.0729 0.532701
0.07295 0.532673
0.073 0.444985
0.07305 0.585189
0.0731 0.53988
0.07315 0.529614
0.0732 0.536907
0.07325 0.541283
0.0733 0.497257
0.07335 0.438461
0.0734 0.485313
0.07345 0.530791
0.0735 0.552826
0.07355 0.524858
0.0736 0.555753
0.07365 0.496797
0.0737 0.585221
0.07375 0.567553
0.0738 0.527694
0.07385 0.501056
0.0739 0.530566
0.07395 0.623776
0.074 0.540936
0.07405 0.494978
0.0741 0.483036
0.07415 0.50075
0.0742 0.4888
0.07425 0.457508
0.0743 0.503477
0.07435 0.603107
0.0744 0.534681
0.07445 0.525717
0.0745 0.501825
0.07455 0.542041
0.0746 0.583831
0.07465 0.465847
0.0747 0.419386
0.07475 0.492512
0.0748 0.475965
0.07485 0.487847
0.0749 0.580699
0.07495 0.591237
0.075 0.511736
0.07505 0.606308
0.0751 0.468104
0.07515 0.502584
0.0752 0.493488
0.07525 0.47835
0.0753 0.487294
0.07535 0.4103
0.0754 0.561012
0.07545 0.551964
0.0755 0.532321
0.07555 0.473327
0.0756 0.489866
0.07565 0.577596
0.0757 0.41704
0.07575 0.42141
0.0758 0.542598
0.07585 0.442398
0.0759 0.531875
0.07595 0.528809
0.076 0.543989
0.07605 0.598771
0.0761 0.537913
0.07615 0.457123
0.0762 0.540874
0.07625 0.514918
0.0763 0.436993
0.07635 0.536163
0.0764 0.444403
0.07645 0.491693
0.0765 0.51458
0.07655 0.506872
0.0766 0.486885
0.07665 0.480665
0.0767 0.563463
0.07675 0.515863
0.0768 0.480466
0.07685 0.471146
0.0769 0.481815
0.07695 0.578745
0.077 0.555666
0.07705 0.43848
0.0771 0.530914
0.07715 0.510816
0.0772 0.448964
0.07725 0.518402
0.0773 0.530736
0.07735 0.541546
0.0774 0.51675
0.07745 0.504306
0.0775 0.586449
0.07755 0.538383
0.0776 0.547685
0.07765 0.479305
0.0777 0.552298
0.07775 0.496284
0.0778 0.460403
0.07785 0.429127
0.0779 0.452356
0.07795 0.54583
0.078 0.581727
0.07805 0.531783
0.0781 0.591153
0.07815 0.487981
0.0782 0.478511
0.07825 0.476853
0.0783 0.522202
0.07835 0.523734
0.0784 0.537821
0.07845 0.504835
0.0785 0.583327
0.07855 0.517345
0.0786 0.477978
0.07865 0.531402
0.0787 0.503028
0.07875 0.627472
0.0788 0.484063
0.07885 0.461887
0.0789 0.526514
0.07895 0.586524
0.079 0.453766
0.07905 0.556474
0.0791 0.548567
0.07915 0.570741
0.0792 0.516877
0.07925 0.586619
0.0793 0.516837
0.07935 0.519971
0.0794 0.450017
0.07945 0.483281
0.0795 0.5357
0.07955 0.475186
0.0796 0.604125
0.07965 0.567531
0.0797 0.570743
0.07975 0.514909
0.0798 0.567566
0.07985 0.524442
0.0799 0.578776
0.07995 0.513212
0.08 0.506762
0.08005 0.429812
0.0801 0.546681
0.08015 0.472893
0.0802 0.524157
0.08025 0.520913
0.0803 0.496772
0.08035 0.46937
0.0804 0.470879
0.08045 0.520691
0.0805 0.423995
0.08055 0.546351
0.0806 0.517313
0.08065 0.515659
0.0807 0.515617
0.08075 0.565671
0.0808 0.559223
0.08085 0.496133
0.0809 0.632063
0.08095 0.468545
0.081 0.562463
0.08105 0.512197
0.0811 0.528381
0.08115 0.588443
0.0812 0.573866
0.08125 0.464954
0.0813 0.541319
0.08135 0.489213
0.0814 0.484252
0.08145 0.515142
0.0815 0.537934
0.08155 0.500384
0.0816 0.550947
0.08165 0.671865
0.0817 0.482355
0.08175 0.568981
0.0818 0.524806
0.08185 0.531328
0.0819 0.496887
0.08195 0.606703
0.082 0.449237
0.08205 0.580475
0.0821 0.521365
0.08215 0.490095
0.0822 0.508118
0.08225 0.51136
0.0823 0.550842
0.08235 0.468444
0.0824 0.517816
0.08245 0.501278
0.0825 0.549099
0.08255 0.506147
0.0826 0.444934
0.08265 0.494428
0.0827 0.545667
0.08275 0.534071
0.0828 0.592048
0.08285 0.490962
0.0829 0.532367
0.08295 0.497487
0.083 0.530645
0.08305 0.535609
0.0831 0.499007
0.08315 0.593795
0.0832 0.452324
0.08325 0.518848
0.0833 0.555486
0.08335 0.502118
0.0834 0.603871
0.08345 0.492047
0.0835 0.461901
0.08355 0.530349
0.0836 0.590555
0.08365 0.521971
0.0837 0.550414
0.08375 0.510192
0.0838 0.542009
0.08385 0.518509
0.0839 0.491609
0.08395 0.545301
0.084 0.540254
0.08405 0.521742
0.0841 0.570517
0.08415 0.550335
0.0842 0.489677
0.08425 0.521641
0.0843 0.575593
0.08435 0.572249
0.0844 0.487827
0.08445 0.494515
0.0845 0.50967
0.08455 0.551924
0.0846 0.585788
0.08465 0.440148
0.0847 0.53155
0.08475 0.568842
0.0848 0.577351
0.08485 0.528143
0.0849 0.487343
0.08495 0.478771
0.085 0.44637
0.08505 0.541562
0.0851 0.555178
0.08515 0.562002
0.0852 0.486998
0.08525 0.48522
0.0853 0.502216
0.08535 0.527782
0.0854 0.49016
0.08545 0.573882
0.0855 0.512316
0.08555 0.484882
0.0856 0.481382
0.08565 0.519012
0.0857 0.603013
0.08575 0.556745
0.0858 0.536151
0.08585 0.512085
0.0859 0.487977
0.08595 0.587667
0.086 0.639343
0.08605 0.496523
0.0861 0.51197
0.08615 0.573992
0.0862 0.486047
0.08625 0.605069
0.0863 0.498061
0.08635 0.451347
0.0864 0.484086
0.08645 0.504772
0.0865 0.499529
0.08655 0.570485
0.0866 0.544516
0.08665 0.570522
0.0867 0.501148
0.08675 0.530606
0.0868 0.544482
0.08685 0.539264
0.0869 0.49404
0.08695 0.462658
0.087 0.579207
0.08705 0.593179
0.0871 0.497366
0.08715 0.464172
0.0872 0.544346
0.08725 0.591484
0.0873 0.488461
0.08735 0.591525
0.0874 0.544352
0.08745 0.567098
0.0875 0.476068
0.08755 0.509274
0.0876 0.523254
0.08765 0.396938
0.0877 0.486271
0.08775 0.596829
0.0878 0.551203
0.08785 0.538901
0.0879 0.519542
0.08795 0.44559
0.088 0.501826
0.08805 0.47182
0.0881 0.434711
0.08815 0.466335
0.0882 0.596853
0.08825 0.519205
0.0883 0.46793
0.08835 0.499664
0.0884 0.520838
0.08845 0.501338
0.0885 0.565042
0.08855 0.441022
0.0886 0.488773
0.08865 0.513543
0.0887 0.435405
0.08875 0.531183
0.0888 0.525834
0.08885 0.59693
0.0889 0.548953
0.08895 0.516915
0.089 0.483042
0.08905 0.506136
0.0891 0.493609
0.08915 0.477493
0.0892 0.555955
0.08925 0.570253
0.0893 0.511308
0.08935 0.539876
0.0894 0.48262
0.08945 0.471808
0.0895 0.460978
0.08955 0.534354
0.0896 0.466206
0.08965 0.501996
0.0897 0.455276
0.08975 0.557546
0.0898 0.465911
0.08985 0.566509
0.0899 0.453194
0.08995 0.45309
0.09 0.566449
0.09005 0.553857
0.0901 0.523214
0.09015 0.45644
0.0902 0.519515
0.09025 0.526709
0.0903 0.501389
0.09035 0.430827
0.0904 0.526576
0.09045 0.512074
0.0905 0.524713
0.09055 0.515629
0.0906 0.526473
0.09065 0.495613
0.0907 0.451997
0.09075 0.531797
0.0908 0.569938
0.09085 0.4827
0.0909 0.509915
0.09095 0.502595
0.091 0.558998
0.09105 0.477022
0.0911 0.433194
0.09115 0.509678
0.0912 0.505988
0.09125 0.55342
0.0913 0.500445
0.09135 0.527815
0.0914 0.546085
0.09145 0.535105
0.0915 0.485656
0.09155 0.590014
0.0916 0.445255
0.09165 0.476323
0.0917 0.560657
0.09175 0.544149
0.0918 0.531288
0.09185 0.49635
0.0919 0.472389
0.09195 0.529349
0.092 0.485147
0.09205 0.466661
0.0921 0.507121
0.09215 0.488639
0.0922 0.569757
0.09225 0.512557
0.0923 0.547614
0.09235 0.47924
0.0924 0.473621
0.09245 0.504993
0.0925 0.549373
0.09255 0.484557
0.0926 0.536375
0.09265 0.458497
0.0927 0.478808
0.09275 0.510288
0.0928 0.519535
0.09285 0.502785
0.0929 0.530624
0.09295 0.504568
0.093 0.539883
0.09305 0.534291
0.0931 0.483978
0.09315 0.469
0.0932 0.582683
0.09325 0.472629
0.0933 0.461349
0.09335 0.513563
0.0934 0.49297
0.09345 0.485434
0.0935 0.498467
0.09355 0.547089
0.0936 0.537726
0.09365 0.417782
0.0937 0.466396
0.09375 0.563864
0.0938 0.511328
0.09385 0.507536
0.0939 0.509375
0.09395 0.528137
0.094 0.554453
0.09405 0.464127
0.0941 0.533712
0.09415 0.537468
0.0942 0.531805
0.09425 0.514817
0.0943 0.522333
0.09435 0.509093
0.0944 0.514722
0.09445 0.53359
0.0945 0.565725
0.09455 0.516555
0.0946 0.565743
0.09465 0.577129
0.0947 0.495678
0.09475 0.54113
0.0948 0.603727
0.09485 0.489909
0.0949 0.546821
0.09495 0.487923
0.095 0.522081
0.09505 0.523959
0.0951 0.491586
0.09515 0.504858
0.0952 0.567681
0.09525 0.554363
0.0953 0.489535
0.09535 0.518097
0.0954 0.519978
0.09545 0.462652
0.0955 0.439634
0.09555 0.554244
0.0956 0.48156
0.09565 0.46044
0.0957 0.490992
0.09575 0.47944
0.0958 0.477455
0.09585 0.444779
0.0959 0.529111
0.09595 0.544455
0.096 0.492588
0.09605 0.509832
0.0961 0.484797
0.09615 0.519367
0.0962 0.563616
0.09625 0.502004
0.0963 0.503887
0.09635 0.511557
0.0964 0.557819
0.09645 0.552043
0.0965 0.496052
0.09655 0.517254
0.0966 0.484365
0.09665 0.492039
0.0967 0.63711
0.09675 0.546214
0.0968 0.501665
0.09685 0.480303
0.0969 0.509322
0.09695 0.495706
0.097 0.487892
0.09705 0.470356
0.0971 0.536342
0.09715 0.516894
0.0972 0.458516
0.09725 0.497348
0.0973 0.483671
0.09735 0.547893
0.0974 0.582979
0.09745 0.592769
0.0975 0.53624
0.09755 0.48548
0.0976 0.42683
0.09765 0.502916
0.0977 0.536109
0.09775 0.528277
0.0978 0.526304
0.09785 0.575236
0.0979 0.524334
0.09795 0.538034
0.098 0.543911
0.09805 0.547835
0.0981 0.496801
0.09815 0.555673
0.0982 0.567475
0.09825 0.532111
0.0983 0.55767
0.09835 0.480932
0.0984 0.537969
0.09845 0.502503
0.0985 0.451215
0.09855 0.547749
0.0986 0.533942
0.09865 0.551698
0.0987 0.510231
0.09875 0.496365
0.0988 0.444915
0.09885 0.549649
0.0989 0.504138
0.09895 0.517958
0.099 0.460483
0.09905 0.498057
0.0991 0.482147
0.09915 0.484069
0.0992 0.533634
0.09925 0.531638
0.0993 0.537587
0.09935 0.507761
0.0994 0.430154
0.09945 0.52556
0.0995 0.543461
0.09955 0.555413
0.0996 0.529516
0.09965 0.50358
0.0997 0.48758
0.09975 0.51946
0.0998 0.489481
0.09985 0.535381
0.0999 0.577352
0.09995 0.477386
0.1 0.481322
0.10005 0.505284
0.1001 0.491225
0.10015 0.479149
0.1002 0.438985
0.10025 0.462953
0.1003 0.460866
0.10035 0.52504
0.1004 0.563193
0.10045 0.555173
0.1005 0.506921
0.10055 0.512921
0.1006 0.512891
0.10065 0.541057
0.1007 0.500755
0.10075 0.561193
0.1008 0.589449
0.10085 0.492631
0.1009 0.530942
0.10095 0.56123
0.101 0.553164
0.10105 0.627988
0.1011 0.634141
0.10115 0.646375
0.1012 0.770002
0.10125 0.837084
0.1013 0.902238
0.10135 0.847836
0.1014 1.04698
0.10145 1.22408
0.1015 1.35271
0.10155 1.92449
0.1016 2.14745
0.10165 2.61481
0.1017 3.22328
0.10175 3.90797
0.1018 4.71588
0.10185 5.02975
0.1019 5.82527
0.10195 6.85044
0.102 8.03223
0.10205 7.87619
0.1021 8.42271
0.10215 8.77583
0.1022 8.86566
0.10225 8.87377
0.1023 8.19818
0.10235 7.47448
0.1024 6.72513
0.10245 5.91521
0.1025 5.42612
0.10255 4.58745
0.1026 3.78862
0.10265 3.4446
0.1027 2.8432
0.10275 2.76108
0.1028 2.6521
0.10285 2.44623
0.1029 2.24212
0.10295 2.10775
0.103 1.86395
0.10305 1.86929
0.1031 1.78799
0.10315 1.82422
0.1032 1.70356
0.10325 1.61578
0.1033 1.58781
0.10335 1.58876
0.1034 1.52763
0.10345 1.49333
0.1035 1.45276
0.10355 1.40798
0.1036 1.39631
0.10365 1.48625
0.1037 1.44766
0.10375 1.26578
0.1038 1.46579
0.10385 1.4396
0.1039 1.36347
0.10395 1.3517
0.104 1.31703
0.10405 1.28231
0.1041 1.17463
0.10415 1.26895
0.1042 1.30085
0.10425 1.29941
0.1043 1.17067
0.10435 1.26934
0.1044 1.27831
0.10445 1.35836
0.1045 1.22943
0.10455 1.16097
0.1046 1.19079
0.10465 1.19971
0.1047 1.17512
0.10475 1.25111
0.1048 1.21396
0.10485 1.09074
0.1049 1.08909
0.10495 1.05384
0.105 1.174
0.10505 1.22287
0.1051 1.24868
0.10515 1.09568
0.1052 1.10665
0.10525 1.18293
0.1053 1.13921
0.10535 1.02587
0.1054 1.09795
0.10545 1.08152
0.1055 1.09673
0.10555 1.06549
0.1056 1.21171
0.10565 1.07908
0.1057 1.15988
0.10575 1.13499
0.1058 1.15664
0.10585 1.03006
0.1059 0.973227
0.10595 1.16859
0.106 1.02275
0.10605 1.14832
0.1061 1.00233
0.10615 1.01967
0.1062 0.945664
0.10625 1.09266
0.1063 1.20795
0.10635 1.10635
0.1064 0.981187
0.10645 1.08163
0.1065 1.04582
0.10655 1.05474
0.1066 1.18739
0.10665 1.10255
0.1067 1.04535
0.10675 1.12477
0.1068 1.03761
0.10685 1.14061
0.1069 1.09403
0.10695 1.09874
0.107 1.11845
0.10705 0.988241
0.1071 1.04643
0.10715 1.01252
0.1072 1.09867
0.10725 0.970344
0.1073 1.00716
0.10735 1.05476
0.1074 1.01647
0.10745 0.971677
0.1075 1.00426
0.10755 1.09714
0.1076 0.976998
0.10765 1.01178
0.1077 1.10264
0.10775 0.96509
0.1078 0.989123
0.10785 0.989451
0.1079 1.05455
0.10795 1.0571
0.108 0.947276
0.10805 0.951888
0.1081 1.03654
0.10815 1.10832
0.1082 1.08494
0.10825 0.994382
0.1083 0.986044
0.10835 0.940838
0.1084 0.954132
0.10845 1.03037
0.1085 0.852714
0.10855 0.913728
0.1086 0.979172
0.10865 1.04036
0.1087 1.00593
0.10875 1.06719
0.1088 0.982685
0.10885 1.01131
0.1089 0.928855
0.10895 0.981441
0.109 0.933773
0.10905 1.02351
0.1091 1.04787
0.10915 1.11595
0.1092 0.913179
0.10925 0.900313
0.1093 0.974909
0.10935 0.870191
0.1094 0.957961
0.10945 0.896931
0.1095 1.01767
0.10955 0.886494
0.1096 1.00075
0.10965 1.00108
0.1097 0.94434
0.10975 0.990732
0.1098 0.99105
0.10985 0.938616
0.1099 0.967473
0.10995 0.888569
0.11 0.972431
0.11005 0.917681
0.1101 0.973006
0.11015 0.907186
0.1102 0.991216
0.11025 0.949618
0.1103 0.971966
0.11035 0.945768
0.1104 1.00348
0.11045 1.00601
0.1105 1.0594
0.11055 0.969088
0.1106 0.96053
0.11065 0.9741
0.1107 0.954463
0.11075 0.954743
0.1108 0.9129
0.11085 1.01517
0.1109 0.975562
0.11095 0.8693
0.111 0.891712
0.11105 0.96526
0.1111 0.92998
0.11115 0.952476
0.1112 1.00393
0.11125 0.964181
0.1113 0.919927
0.11135 0.851105
0.1114 0.949365
0.11145 0.954097
0.1115 0.972221
0.11155 0.990369
0.1116 0.867862
0.11165 1.01104
0.1117 0.928667
0.11175 0.875255
0.1118 0.917962
0.11185 0.92268
0.1119 1.00801
0.11195 0.86721
0.112 0.96601
0.11205 0.943874
0.1121 1.00246
0.11215 0.9175
0.1122 1.00754
0.11225 0.95171
0.1123 0.875582
0.11235 0.839816
0.1124 0.905207
0.11245 0.882935
0.1125 0.910155
0.11255 0.923899
0.1126 0.8543
0.11265 0.933372
0.1127 0.971959
0.11275 0.789509
0.1128 0.90474
0.11285 0.857548
0.1129 0.86225
0.11295 0.837578
0.113 0.925923
0.11305 0.896761
0.1131 0.872086
0.11315 0.883602
0.1132 0.929108
0.11325 0.868172
0.1133 0.877432
0.11335 0.90258
0.1134 0.848346
0.11345 0.79177
0.1135 0.889547
0.11355 0.892029
0.1136 0.885422
0.11365 0.849244
0.1137 0.856243
0.11375 0.769935
0.1138 0.979523
0.11385 0.993479
0.1139 0.843365
0.11395 0.800213
0.114 0.916674
0.11405 0.912342
0.1141 0.987909
0.11415 0.876287
0.1142 0.862773
0.11425 0.885817
0.1143 0.943196
0.11435 0.824474
0.1144 0.776555
0.11445 0.849943
0.1145 0.989866
0.11455 0.983284
0.1146 0.914782
0.11465 0.89207
0.1147 0.832608
0.11475 0.830468
0.1148 0.83981
0.11485 0.833078
0.1149 0.867719
0.11495 0.971405
0.115 0.863534
0.11505 0.829186
0.1151 0.916852
0.11515 0.808792
0.1152 0.944921
0.11525 0.908277
0.1153 0.880813
0.11535 0.848697
0.1154 0.966624
0.11545 0.858324
0.1155 0.902409
0.11555 1.03441
0.1156 0.854321
0.11565 0.912343
0.1157 0.889415
0.11575 0.824769
0.1158 0.841134
0.11585 0.876064
0.1159 0.781175
0.11595 0.811443
0.116 0.948516
0.11605 0.855888
0.1161 0.865352
0.11615 0.946872
0.1162 0.798322
0.11625 0.782162
0.1163 0.854407
0.11635 0.840609
0.1164 0.859399
0.11645 0.775693
0.1165 0.799105
0.11655 0.892507
0.1166 0.871712
0.11665 0.876564
0.1167 0.827717
0.11675 0.755447
0.1168 0.863033
0.11685 0.821125
0.1169 0.737061
0.11695 0.814349
0.117 0.884713
0.11705 0.795911
0.1171 0.751512
0.11715 0.770344
0.1172 0.782165
0.11725 0.840921
0.1173 0.876282
0.11735 0.85064
0.1174 0.829663
0.11745 0.811009
0.1175 0.841702
0.11755 0.790114
0.1176 0.797285
0.11765 0.823297
0.1177 0.792822
0.11775 0.86126
0.1178 0.863789
0.11785 0.717767
0.1179 0.772074
0.11795 0.78633
0.118 0.864351
0.11805 0.732253
0.1181 0.812657
0.11815 0.843519
0.1182 0.848405
0.11825 0.940839
0.1183 0.832195
0.11835 0.863125
0.1184 0.875142
0.11845 0.842144
0.1185 0.778281
0.11855 0.920701
0.1186 0.721589
0.11865 0.852211
0.1187 0.918873
0.11875 0.800291
0.1188 0.826556
0.11885 0.850476
0.1189 0.791161
0.11895 0.762711
0.119 0.893752
0.11905 0.781994
0.1191 0.929842
0.11915 0.839476
0.1192 0.806236
0.11925 0.789656
0.1193 0.720541
0.11935 0.851931
0.1194 0.816256
0.11945 0.811606
0.1195 0.840424
0.11955 0.780774
0.1196 0.800018
0.11965 0.776194
0.1197 0.783475
0.11975 0.838685
0.1198 0.764526
0.11985 0.855736
0.1199 0.793524
0.11995 0.841634
0.12 0.78416
0.12005 0.882744
0.1201 0.866107
0.12015 0.762905
0.1202 0.794254
0.12025 0.847296
0.1203 0.765612
0.12035 0.746434
0.1204 0.744095
0.12045 0.821283
0.1205 0.770784
0.12055 0.756402
0.1206 0.737176
0.12065 0.771034
0.1207 0.831499
0.12075 0.826807
0.1208 0.795522
0.12085 0.814976
0.1209 0.848968
0.12095 0.677302
0.121 0.88552
0.12105 0.900236
0.1211 0.885894
0.12115 0.730942
0.1212 0.864373
0.12125 0.728683
0.1213 0.791839
0.12135 0.799229
0.1214 0.731329
0.12145 0.838305
0.1215 0.782536
0.12155 0.724266
0.1216 0.81677
0.12165 0.799858
0.1217 0.836495
0.12175 0.817149
0.1218 0.758787
0.12185 0.668659
0.1219 0.632078
0.12195 0.758932
0.122 0.763892
0.12205 0.744438
0.1221 0.766491
0.12215 0.705475
0.1222 0.810644
0.12225 0.722708
0.1223 0.786378
0.12235 0.815854
0.1224 0.703324
0.12245 0.732756
0.1225 0.718106
0.12255 0.629878
0.1226 0.816278
0.12265 0.762414
0.1227 0.708484
0.12275 0.666768
0.1228 0.755222
0.12285 0.804456
0.1229 0.816865
0.12295 0.721049
0.123 0.75801
0.12305 0.642372
0.1231 0.767967
0.12315 0.765587
0.1232 0.832224
0.12325 0.691798
0.1233 0.7905
0.12335 0.751114
0.1234 0.758591
0.12345 0.771017
0.1235 0.785929
0.12355 0.753891
0.1236 0.714395
0.12365 0.635267
0.1237 0.763943
0.12375 0.791259
0.1238 0.731913
0.12385 0.786483
0.1239 0.831203
0.12395 0.709817
0.124 0.734663
0.12405 0.821589
0.1241 0.747225
0.12415 0.754743
0.1242 0.76227
0.12425 0.831956
0.1243 0.712714
0.12435 0.804808
0.1244 0.757629
0.12445 0.924533
0.1245 0.785245
0.12455 0.725533
0.1246 0.772948
0.12465 0.63337
0.1247 0.840429
0.12475 0.773177
0.1248 0.738305
0.12485 0.795817
0.1249 0.775929
0.12495 0.736017
0.125 0.646037
0.12505 0.718579
0.1251 0.778693
0.12515 0.638559
0.1252 0.741242
0.12525 0.67364
0.1253 0.75387
0.12535 0.6787
0.1254 0.774052
0.12545 0.789198
0.1255 0.756653
0.12555 0.759237
0.1256 0.776902
0.12565 0.696542
0.1257 0.751896
0.12575 0.756996
0.1258 0.694143
0.12585 0.744525
0.1259 0.744587
0.12595 0.739609
0.126 0.719499
0.12605 0.772503
0.1261 0.858369
0.12615 0.790373
0.1262 0.780371
0.12625 0.684473
0.1263 0.752716
0.12635 0.927216
0.1264 0.849023
0.12645 0.730257
0.1265 0.740431
0.12655 0.710105
0.1266 0.62655
0.12665 0.781092
0.1267 0.727947
0.12675 0.760963
0.1268 0.738204
0.12685 0.8144
0.1269 0.786587
0.12695 0.730801
0.127 0.733392
0.12705 0.784284
0.1271 0.751317
0.12715 0.659799
0.1272 0.771773
0.12725 0.692929
0.1273 0.662385
0.12735 0.726081
0.1274 0.751617
0.12745 0.721083
0.1275 0.73388
0.12755 0.792628
0.1276 0.741666
0.12765 0.731508
0.1277 0.677903
0.12775 0.782707
0.1278 0.65239
0.12785 0.695864
0.1279 0.811041
0.12795 0.685713
0.128 0.736947
0.12805 0.644769
0.1281 0.726767
0.12815 0.772965
0.1282 0.762787
0.12825 0.880897
0.1283 0.714208
0.12835 0.752764
0.1284 0.668053
0.12845 0.791413
0.1285 0.822361
0.12855 0.732461
0.1286 0.691343
0.12865 0.688787
0.1287 0.750603
0.12875 0.766123
0.1288 0.719813
0.12885 0.639935
0.1289 0.639913
0.12895 0.660531
0.129 0.740536
0.12905 0.758666
0.1291 0.787149
0.12915 0.645121
0.1292 0.639933
0.12925 0.678701
0.1293 0.720101
0.12935 0.787429
0.1294 0.658071
0.12945 0.709863
0.1295 0.725441
0.12955 0.800653
0.1296 0.717779
0.12965 0.723005
0.1297 0.699692
0.12975 0.640008
0.1298 0.717896
0.12985 0.707542
0.1299 0.697176
0.12995 0.772598
0.13 0.715456
0.13005 0.681666
0.1301 0.788399
0.13015 0.731203
0.1302 0.697386
0.13025 0.723468
0.1303 0.757401
0.13035 0.715741
0.1304 0.739258
0.13045 0.666232
0.1305 0.687118
0.13055 0.687132
0.1306 0.70805
0.13065 0.893674
0.1307 0.587891
0.13075 0.718629
0.1308 0.700348
0.13085 0.744878
0.1309 0.668985
0.13095 0.705665
0.131 0.687346
0.13105 0.75291
0.1311 0.676907
0.13115 0.682161
0.1312 0.758296
0.13125 0.779372
0.1313 0.637598
0.13135 0.687506
0.1314 0.663859
0.13145 0.669115
0.1315 0.687532
0.13155 0.603322
0.1316 0.753353
0.13165 0.721809
0.1317 0.727119
0.13175 0.756159
0.1318 0.729855
0.13185 0.661313
0.1319 0.611166
0.13195 0.590002
0.132 0.737838
0.13205 0.695618
0.1321 0.690352
0.13215 0.722096
0.1322 0.671881
0.13225 0.695697
0.1323 0.735422
0.13235 0.743416
0.1324 0.759366
0.13245 0.722334
0.1325 0.799253
0.13255 0.709183
0.1326 0.693295
0.13265 0.695967
0.1327 0.661472
0.13275 0.730522
0.1328 0.709312
0.13285 0.72529
0.1329 0.669493
0.13295 0.685453
0.133 0.717397
0.13305 0.613615
0.1331 0.704115
0.13315 0.704141
0.1332 0.672187
0.13325 0.637531
0.1333 0.66151
0.13335 0.722868
0.1334 0.608141
0.13345 0.648145
0.1335 0.714904
0.13355 0.741658
0.1336 0.586678
0.13365 0.661488
0.1337 0.701607
0.13375 0.760503
0.1338 0.707031
0.13385 0.728483
0.1339 0.650836
0.13395 0.674942
0.134 0.661541
0.13405 0.731267
0.1341 0.709849
0.13415 0.725983
0.1342 0.78241
0.13425 0.728774
0.1343 0.753001
0.13435 0.688551
0.1344 0.642852
0.13445 0.718152
0.1345 0.699351
0.13455 0.685913
0.1346 0.677846
0.13465 0.75059
0.1347 0.7237
0.13475 0.699476
0.1348 0.721074
0.13485 0.618588
0.1349 0.648239
0.13495 0.683323
0.135 0.761662
0.13505 0.634736
0.1351 0.591462
0.13515 0.686044
0.1352 0.634661
0.13525 0.829467
0.1353 0.724012
0.13535 0.778212
0.1354 0.70244
0.13545 0.626584
0.1355 0.599442
0.13555 0.697022
0.1356 0.65906
0.13565 0.754042
0.1357 0.697089
0.13575 0.686245
0.1358 0.688974
0.13585 0.694424
0.1359 0.702599
0.13595 0.669983
0.136 0.664541
0.13605 0.618263
0.1361 0.63184
0.13615 0.620916
0.1362 0.66993
0.13625 0.596328
0.1363 0.658995
0.13635 0.645347
0.1364 0.609852
0.13645 0.708088
0.1365 0.729964
0.13655 0.65078
0.1366 0.6453
0.13665 0.5824
0.1367 0.672591
0.13675 0.727313
0.1368 0.694511
0.13685 0.743813
0.1369 0.664436
0.13695 0.716492
0.137 0.612368
0.13705 0.557486
0.1371 0.634208
0.13715 0.752174
0.1372 0.697334
0.13725 0.680878
0.1373 0.606717
0.13735 0.614915
0.1374 0.669855
0.13745 0.683605
0.1375 0.749639
0.13755 0.702913
0.1376 0.716702
0.13765 0.592806
0.1377 0.60928
0.13775 0.74428
0.1378 0.653353
0.13785 0.645067
0.1379 0.58711
0.13795 0.66985
0.138 0.575976
0.13805 0.667054
0.1381 0.548243
0.13815 0.653187
0.1382 0.631055
0.13825 0.675283
0.1383 0.603345
0.13835 0.661425
0.1384 0.592194
0.13845 0.727868
0.1385 0.633696
0.13855 0.669706
0.1386 0.63643
0.13865 0.630858
0.1387 0.694655
0.13875 0.622497
0.1388 0.62524
0.13885 0.697436
0.1389 0.644655
0.13895 0.575137
0.139 0.664061
0.13905 0.613981
0.1391 0.666818
0.13915 0.638976
0.1392 0.597179
0.13925 0.711353
0.1393 0.708596
0.13935 0.5748
0.1394 0.6082
0.13945 0.661166
0.1395 0.647205
0.13955 0.661149
0.1396 0.566181
0.13965 0.610811
0.1397 0.649899
0.13975 0.711397
0.1398 0.641502
0.13985 0.579926
0.1399 0.565867
0.13995 0.624593
0.14 0.630163
0.14005 0.683373
0.1401 0.607702
0.14015 0.596442
0.1402 0.677735
0.14025 0.565501
0.1403 0.663672
0.14035 0.64682
0.1404 0.663658
0.14045 0.593404
0.1405 0.700168
0.14055 0.613018
0.1406 0.607352
0.14065 0.581982
0.1407 0.71704
0.14075 0.666386
0.1408 0.621312
0.14085 0.694546
0.1409 0.672012
0.14095 0.635354
0.141 0.615583
0.14105 0.652231
0.1411 0.722794
0.14115 0.708712
0.1412 0.621165
0.14125 0.646565
0.1413 0.621106
0.14135 0.558856
0.1414 0.683254
0.14145 0.660624
0.1415 0.782351
0.14155 0.640831
0.1416 0.663475
0.14165 0.635131
0.1417 0.626602
0.14175 0.654932
0.1418 0.578323
0.14185 0.643533
0.1419 0.578218
0.14195 0.612234
0.142 0.589466
0.14205 0.7173
0.1421 0.620672
0.14215 0.632014
0.1422 0.643368
0.14225 0.651888
0.1423 0.640488
0.14235 0.603444
0.1424 0.629039
0.14245 0.609061
0.1425 0.643231
0.14255 0.643213
0.1426 0.603253
0.14265 0.583229
0.1427 0.657399
0.14275 0.660247
0.1428 0.671669
0.14285 0.720257
0.1429 0.688844
0.14295 0.608778
0.143 0.608736
0.14305 0.685968
0.1431 0.671665
0.14315 0.697443
0.1432 0.734708
0.14325 0.597186
0.1433 0.634407
0.14335 0.637251
0.1434 0.559766
0.14345 0.62857
0.1435 0.611316
0.14355 0.634252
0.1436 0.634228
0.14365 0.628456
0.1437 0.588178
0.14375 0.637014
0.1438 0.61973
0.14385 0.54199
0.1439 0.593724
0.14395 0.631112
0.144 0.55618
0.14405 0.671382
0.1441 0.631022
0.14415 0.654068
0.1442 0.610783
0.14425 0.711753
0.1443 0.6858
0.14435 0.723356
0.1444 0.547165
0.14445 0.642451
0.1445 0.639542
0.14455 0.642414
0.1446 0.659754
0.14465 0.642384
0.1447 0.648156
0.14475 0.691582
0.1448 0.630761
0.14485 0.659715
0.1449 0.668406
0.14495 0.630706
0.145 0.665492
0.14505 0.671294
0.1451 0.592915
0.14515 0.569631
0.1452 0.595708
0.14525 0.647966
0.1453 0.685743
0.14535 0.645043
0.1454 0.633391
0.14545 0.560617
0.1455 0.624585
0.14555 0.639115
0.1456 0.676964
0.14565 0.665314
0.1457 0.653652
0.14575 0.60407
0.1458 0.679868
0.14585 0.682794
0.1459 0.641938
0.14595 0.63608
0.146 0.665268
0.14605 0.644812
0.1461 0.615566
0.14615 0.609682
0.1462 0.665217
0.14625 0.676919
0.1463 0.69156
0.14635 0.68572
0.1464 0.685732
0.14645 0.612494
0.1465 0.574353
0.14655 0.682773
0.1466 0.656386
0.14665 0.691586
0.1467 0.621162
0.14675 0.65049
0.1468 0.691596
0.14685 0.685736
0.1469 0.638724
0.14695 0.665164
0.147 0.57105
0.14705 0.57981
0.1471 0.629781
0.14715 0.665083
0.1472 0.582621
0.14725 0.682727
0.1473 0.614956
0.14735 0.597232
0.1474 0.57949
0.14745 0.63253
0.1475 0.58529
0.14755 0.721026
0.1476 0.588177
0.14765 0.531997
0.1477 0.555545
0.14775 0.653017
0.1478 0.614566
0.14785 0.638194
0.1479 0.573076
0.14795 0.617412
0.148 0.723974
0.14805 0.61738
0.1481 0.620309
0.14815 0.679557
0.1482 0.661775
0.14825 0.703295
0.1483 0.643979
0.14835 0.649899
0.1484 0.61129
0.14845 0.646892
0.1485 0.614197
0.14855 0.578497
0.1486 0.614113
0.14865 0.572441
0.1487 0.643777
0.14875 0.634833
0.1488 0.584202
0.14885 0.587124
0.1489 0.691335
0.14895 0.631751
0.149 0.548259
0.14905 0.577999
0.1491 0.536177
0.14915 0.709161
0.1492 0.658444
0.14925 0.67934
0.1493 0.691296
0.14935 0.577768
0.1494 0.640477
0.14945 0.595609
0.1495 0.694264
0.14955 0.643418
0.1496 0.736185
0.14965 0.649405
0.1497 0.544568
0.14975 0.60141
0.1498 0.69727
0.14985 0.604352
0.1499 0.652294
0.14995 0.547284
0.15 0.610225
0.15005 0.583169
0.1501 0.646176
0.15015 0.661182
0.1502 0.601078
0.15025 0.661154
0.1503 0.591989
0.15035 0.591939
0.1504 0.579853
0.15045 0.588825
0.1505 0.615872
0.15055 0.60379
0.1506 0.654969
0.15065 0.615779
0.1507 0.609715
0.15075 0.651901
0.1508 0.603619
0.15085 0.525109
0.1509 0.534072
0.15095 0.645724
0.151 0.633626
0.15105 0.576186
0.1511 0.612402
0.15115 0.64563
0.1512 0.548816
0.15125 0.594128
0.1513 0.636458
0.15135 0.518346
0.1514 0.654553
0.15145 0.566675
0.1515 0.663601
0.15155 0.630247
0.1516 0.590794
0.15165 0.63322
0.1517 0.584638
0.15175 0.578512
0.1518 0.636157
0.15185 0.590567
0.1519 0.630024
0.15195 0.59048
0.152 0.633004
0.15205 0.605604
0.1521 0.645123
0.15215 0.657285
0.1522 0.672504
0.15225 0.684692
0.1523 0.61767
0.15235 0.556678
0.1524 0.651125
0.15245 0.590115
0.1525 0.556504
0.15255 0.632732
0.1526 0.617445
0.15265 0.641845
0.1527 0.605169
0.15275 0.663193
0.1528 0.571481
0.15285 0.598941
0.1529 0.62031
0.15295 0.62334
0.153 0.632495
0.15305 0.589605
0.1531 0.614059
0.15315 0.568065
0.1532 0.607846
0.15325 0.607808
0.1533 0.641507
0.15335 0.650695
0.1534 0.675237
0.15345 0.564723
0.1535 0.497095
0.15355 0.583001
0.1536 0.687429
0.15365 0.539891
0.1537 0.696634
0.15375 0.718186
0.1538 0.588986
0.15385 0.619716
0.1539 0.561185
0.15395 0.505677
0.154 0.58876
0.15405 0.594874
0.1541 0.687318
0.15415 0.517712
0.1542 0.662611
0.15425 0.576201
0.1543 0.597752
0.15435 0.61006
0.1544 0.572956
0.15445 0.554356
0.1545 0.591376
0.15455 0.569684
0.1546 0.585087
0.15465 0.581941
0.1547 0.594267
0.15475 0.674717
0.1548 0.498194
0.15485 0.603418
0.1549 0.553794
0.15495 0.550622
0.155 0.572255
0.15505 0.634235
0.1551 0.603185
0.15515 0.590729
0.1552 0.609311
0.15525 0.547155
0.1553 0.630968
0.15535 0.637162
0.1554 0.596727
0.15545 0.584243
0.1555 0.593524
0.15555 0.556134
0.1556 0.65568
0.15565 0.55914
0.1557 0.627602
0.15575 0.515402
0.1558 0.633752
0.15585 0.618142
0.1559 0.605636
0.15595 0.633678
0.156 0.652384
0.15605 0.61179
0.1561 0.57428
0.15615 0.567974
0.1562 0.577287
0.15625 0.574105
0.1563 0.583428
0.15635 0.564608
0.1564 0.552028
0.15645 0.664636
0.1565 0.504955
0.15655 0.598813
0.1566 0.54551
0.15665 0.642588
0.1567 0.539119
0.15675 0.576671
0.1568 0.570341
0.15685 0.523211
0.1569 0.567067
0.15695 0.560725
0.157 0.538672
0.15705 0.632852
0.1571 0.58883
0.15715 0.576206
0.1572 0.6705
0.15725 0.525788
0.1573 0.582346
0.15735 0.629514
0.1574 0.607449
0.15745 0.604263
0.1575 0.638886
0.15755 0.626262
0.1576 0.60732
0.15765 0.55682
0.1577 0.604077
0.15775 0.654535
0.1578 0.572447
0.15785 0.572389
0.1579 0.559695
0.15795 0.575429
0.158 0.56589
0.15805 0.562666
0.1581 0.594232
0.15815 0.543564
0.1582 0.568808
0.15825 0.549752
0.1583 0.533845
0.15835 0.654147
0.1584 0.584423
0.15845 0.666793
0.1585 0.549468
0.15855 0.568428
0.1586 0.54933
0.15865 0.596868
0.1587 0.657151
0.15875 0.533283
0.1588 0.533201
0.15885 0.542653
0.1589 0.590262
0.15895 0.609296
0.159 0.628348
0.15905 0.564686
0.1591 0.606003
0.15915 0.644175
0.1592 0.631423
0.15925 0.618659
0.1593 0.593135
0.15935 0.637723
0.1594 0.548415
0.15945 0.535583
0.1595 0.55784
0.15955 0.640766
0.1596 0.634366
0.15965 0.51617
0.1597 0.656658
0.15975 0.599126
0.1598 0.576707
0.15985 0.640613
0.1599 0.519037
0.15995 0.525347
0.16 0.538065
0.16005 0.618037
0.1601 0.560355
0.16015 0.592331
0.1602 0.621132
0.16025 0.55378
0.1603 0.617852
0.16035 0.56008
0.1604 0.527926
0.16045 0.669082
0.1605 0.543857
0.16055 0.630507
0.1606 0.585505
0.16065 0.646523
0.1607 0.630438
0.16075 0.566098
0.1608 0.527434
0.16085 0.540222
0.1609 0.607745
0.16095 0.527211
0.161 0.610873
0.16105 0.514181
0.1611 0.562434
0.16115 0.642972
0.1612 0.562335
0.16125 0.559047
0.1613 0.571891
0.16135 0.536327
0.1614 0.607287
0.16145 0.571723
0.1615 0.616901
0.16155 0.561929
0.1616 0.684721
0.16165 0.535971
0.1617 0.623238
0.16175 0.574674
0.1618 0.551961
0.16185 0.587511
0.1619 0.610138
0.16195 0.577706
0.162 0.516075
0.16205 0.635939
0.1621 0.580792
0.16215 0.574254
0.1622 0.55473
0.16225 0.544926
0.1623 0.6033
0.16235 0.551296
0.1624 0.554477
0.16245 0.508911
0.1625 0.570586
0.16255 0.648578
0.1626 0.524956
0.16265 0.567174
0.1627 0.573626
0.16275 0.651716
0.1628 0.498631
0.16285 0.439887
0.1629 0.641809
0.16295 0.517917
0.163 0.5537
0.16305 0.49818
0.1631 0.582918
0.16315 0.635094
0.1632 0.605693
0.16325 0.510945
0.1633 0.530455
0.16335 0.566323
0.1634 0.579341
0.16345 0.546591
0.1635 0.490914
0.16355 0.57261
0.1636 0.552918
0.16365 0.474276
0.1637 0.578962
0.16375 0.585464
0.1638 0.67062
0.16385 0.542784
0.1639 0.536154
0.16395 0.595118
0.164 0.539301
0.16405 0.572047
0.1641 0.522748
0.16415 0.525948
0.1642 0.453596
0.16425 0.532334
0.1643 0.581561
0.16435 0.591377
0.1644 0.57489
0.16445 0.532068
0.1645 0.571482
0.16455 0.55826
0.1646 0.512096
0.16465 0.633884
0.1647 0.653638
0.16475 0.551458
0.1648 0.620629
0.16485 0.584327
0.1649 0.538095
0.16495 0.495121
0.165 0.511526
0.16505 0.531248
0.1651 0.537776
0.16515 0.468318
0.1652 0.540912
0.16525 0.587124
0.1653 0.434958
0.16535 0.590298
0.1654 0.517458
0.16545 0.583572
0.1655 0.580215
0.16555 0.570231
0.1656 0.460848
0.16565 0.517066
0.1657 0.546815
0.16575 0.593171
0.1658 0.563278
0.16585 0.520086
0.1659 0.612934
0.16595 0.549826
0.166 0.612859
0.16605 0.553035
0.1661 0.566263
0.16615 0.509699
0.1662 0.566134
0.16625 0.602664
0.1663 0.499493
0.16635 0.476101
0.1664 0.532584
0.16645 0.575798
0.1665 0.61572
0.16655 0.55905
0.1666 0.545658
0.16665 0.532254
0.1667 0.605548
0.16675 0.588836
0.1668 0.565435
0.16685 0.582069
0.1669 0.59204
0.16695 0.55192
0.167 0.545174
0.16705 0.608604
0.1671 0.48154
0.16715 0.534938
0.1672 0.581694
0.16725 0.518074
0.1673 0.544766
0.16735 0.52461
0.1674 0.511134
0.16745 0.604846
0.1675 0.497582
0.16755 0.53771
0.1676 0.490696
0.16765 0.618048
0.1677 0.631444
0.16775 0.60458
0.1678 0.587763
0.16785 0.547425
0.1679 0.614539
0.16795 0.651473
0.168 0.62122
0.16805 0.469908
0.1681 0.543782
0.16815 0.52353
0.1682 0.50326
0.16825 0.614246
0.1683 0.543513
0.16835 0.674797
0.1684 0.540047
0.16845 0.499537
0.1685 0.533153
0.16855 0.543195
0.1686 0.519516
0.16865 0.576792
0.1687 0.515994
0.16875 0.569926
0.1688 0.522596
0.16885 0.529272
0.1689 0.569744
0.16895 0.529132
0.169 0.583152
0.16905 0.505322
0.1691 0.59319
0.16915 0.4984
0.1692 0.569391
0.16925 0.572725
0.1693 0.626867
0.16935 0.620073
0.1694 0.511603
0.16945 0.511517
0.1695 0.538559
0.16955 0.640249
0.1696 0.575772
0.16965 0.518026
0.1697 0.507759
0.16975 0.545027
0.1698 0.582328
0.16985 0.57209
0.1699 0.524454
0.16995 0.565176
0.17 0.585528
0.17005 0.446004
0.1701 0.534358
0.17015 0.547902
0.1702 0.564863
0.17025 0.585245
0.1703 0.574982
0.17035 0.591974
0.1704 0.571482
0.17045 0.554382
0.1705 0.585021
0.17055 0.547447
0.1706 0.50984
0.17065 0.499512
0.1707 0.58138
0.17075 0.595
0.1708 0.533458
0.17085 0.56073
0.1709 0.543579
0.17095 0.536673
0.171 0.509235
0.17105 0.512571
0.1711 0.591216
0.17115 0.60145
0.1712 0.532918
0.17125 0.556828
0.1713 0.498511
0.17135 0.553267
0.1714 0.536062
0.17145 0.542852
0.1715 0.570234
0.17155 0.54616
0.1716 0.546096
0.17165 0.607844
0.1717 0.508201
0.17175 0.545911
0.1718 0.569906
0.17185 0.61455
0.1719 0.494161
0.17195 0.500947
0.172 0.61441
0.17205 0.566198
0.1721 0.531716
0.17215 0.5282
0.1722 0.500566
0.17225 0.507368
0.1723 0.524517
0.17235 0.545129
0.1724 0.496779
0.17245 0.627787
0.1725 0.607065
0.17255 0.596681
0.1726 0.551758
0.17265 0.548244
0.1727 0.548182
0.17275 0.575768
0.1728 0.565351
0.17285 0.544551
0.1729 0.513356
0.17295 0.554794
0.173 0.575502
0.17305 0.533912
0.1731 0.613491
0.17315 0.585755
0.1732 0.537205
0.17325 0.492079
0.1733 0.47465
0.17335 0.57165
0.1734 0.529974
0.17345 0.509082
0.1735 0.561063
0.17355 0.529761
0.1736 0.533162
0.17365 0.529618
0.1737 0.585146
0.17375 0.522538
0.1738 0.581571
0.17385 0.560661
0.1739 0.487548
0.17395 0.532692
0.174 0.550027
0.17405 0.553449
0.1741 0.525527
0.17415 0.556809
0.1742 0.581148
0.17425 0.528816
0.1743 0.549666
0.17435 0.556582
0.1744 0.497213
0.17445 0.570413
0.1745 0.511018
0.17455 0.577284
0.1746 0.556282
0.17465 0.458394
0.1747 0.556142
0.17475 0.531614
0.1748 0.573508
0.17485 0.566466
0.1749 0.604905
0.17495 0.531377
0.175 0.461287
0.17505 0.548727
0.1751 0.464595
0.17515 0.580119
0.1752 0.545027
0.17525 0.625603
0.1753 0.509856
0.17535 0.579934
0.1754 0.555329
0.17545 0.551763
0.1755 0.53415
0.17555 0.558666
0.1756 0.625359
0.17565 0.491811
0.1757 0.512809
0.17575 0.561953
0.1758 0.55135
0.17585 0.547774
0.1759 0.611056
0.17595 0.589912
0.176 0.589876
0.17605 0.522922
0.1761 0.582739
0.17615 0.572127
0.1762 0.550931
0.17625 0.600237
0.1763 0.533194
0.17635 0.554294
0.1764 0.480129
0.17645 0.536511
0.1765 0.469356
0.17655 0.546956
0.1766 0.426774
0.17665 0.504394
0.1767 0.56794
0.17675 0.550212
0.1768 0.525395
0.17685 0.564241
0.1769 0.525262
0.17695 0.50041
0.177 0.574685
0.17705 0.585267
0.1771 0.535627
0.17715 0.567457
0.1772 0.492964
0.17725 0.563794
0.1773 0.517633
0.17735 0.524653
0.1774 0.538777
0.17745 0.506763
0.1775 0.559946
0.17755 0.556342
0.1776 0.502993
0.17765 0.502909
0.1777 0.50638
0.17775 0.42451
0.1778 0.470623
0.17785 0.577261
0.1779 0.530952
0.17795 0.463244
0.178 0.445333
0.17805 0.534267
0.1781 0.519949
0.17815 0.530567
0.1782 0.455634
0.17825 0.516146
0.1783 0.548173
0.17835 0.526707
0.1784 0.558758
0.17845 0.523006
0.1785 0.490795
0.17855 0.469273
0.1786 0.540631
0.17865 0.536995
0.1787 0.547656
0.17875 0.597662
0.1788 0.5404
0.17885 0.529604
0.1789 0.475851
0.17895 0.454273
0.179 0.608146
0.17905 0.522154
0.1791 0.568661
0.17915 0.611623
0.1792 0.543486
0.17925 0.5757
0.1793 0.550549
0.17935 0.557669
0.1794 0.493015
0.17945 0.457027
0.1795 0.438964
0.17955 0.532238
0.1796 0.62559
0.17965 0.64714
0.1797 0.564453
0.17975 0.535637
0.1798 0.442051
0.17985 0.557071
0.1799 0.571415
0.17995 0.430971
0.18 0.585692
0.18005 0.506412
0.1801 0.434272
0.18015 0.45938
0.1802 0.531374
0.18025 0.57458
0.1803 0.556503
0.18035 0.487899
0.1804 0.444501
0.18045 0.462437
0.1805 0.491221
0.18055 0.548925
0.1806 0.606677
0.18065 0.530759
0.1807 0.548768
0.18075 0.530632
0.1808 0.559502
0.18085 0.465384
0.1809 0.505091
0.18095 0.526731
0.181 0.526663
0.18105 0.479509
0.1811 0.530137
0.18115 0.501079
0.1812 0.544497
0.18125 0.540813
0.1813 0.47184
0.18135 0.562442
0.1814 0.515217
0.18145 0.547813
0.1815 0.613115
0.18155 0.515031
0.1816 0.478627
0.18165 0.482167
0.1817 0.562045
0.18175 0.525637
0.1818 0.518295
0.18185 0.543689
0.1819 0.521797
0.18195 0.569047
0.182 0.612695
0.18205 0.550761
0.1821 0.579851
0.18215 0.554305
0.1822 0.554253
0.18225 0.535971
0.1823 0.535909
0.18235 0.539495
0.1824 0.575925
0.18245 0.575885
0.1825 0.524731
0.18255 0.484491
0.1826 0.513625
0.18265 0.517205
0.1827 0.524443
0.18275 0.615775
0.1828 0.480448
0.18285 0.535226
0.1829 0.527846
0.18295 0.4985
0.183 0.450825
0.18305 0.458041
0.1831 0.479915
0.18315 0.516463
0.1832 0.538381
0.18325 0.552985
0.1833 0.563934
0.18335 0.48686
0.1834 0.490441
0.18345 0.549075
0.1835 0.552692
0.18355 0.504904
0.1836 0.493807
0.18365 0.486375
0.1837 0.504662
0.18375 0.519288
0.1838 0.478771
0.18385 0.526493
0.1839 0.474921
0.18395 0.471147
0.184 0.581481
0.18405 0.515169
0.1841 0.544561
0.18415 0.448721
0.1842 0.478093
0.18425 0.444827
0.1843 0.488961
0.18435 0.448307
0.1844 0.569936
0.18445 0.503474
0.1845 0.558761
0.18455 0.495949
0.1846 0.503253
0.18465 0.562279
0.1847 0.547453
0.18475 0.491959
0.1848 0.477087
0.18485 0.510277
0.1849 0.591581
0.18495 0.591551
0.185 0.528604
0.18505 0.51003
0.1851 0.491441
0.18515 0.532101
0.1852 0.561679
0.18525 0.535691
0.1853 0.517096
0.18535 0.49107
0.1854 0.498404
0.18545 0.487194
0.1855 0.553906
0.18555 0.516736
0.1856 0.527805
0.18565 0.572309
0.1857 0.509114
0.18575 0.52762
0.1858 0.486669
0.18585 0.490301
0.1859 0.579473
0.18595 0.538517
0.186 0.516133
0.18605 0.501175
0.1861 0.471313
0.18615 0.478667
0.1862 0.527002
0.18625 0.560472
0.1863 0.53061
0.18635 0.5641
0.1864 0.530495
0.18645 0.541623
0.1865 0.496795
0.18655 0.545231
0.1866 0.560109
0.18665 0.474181
0.1867 0.545054
0.18675 0.52632
0.1868 0.5711
0.18685 0.511252
0.1869 0.537353
0.18695 0.623315
0.187 0.529778
0.18705 0.548426
0.1871 0.589547
0.18715 0.488429
0.1872 0.548265
0.18725 0.533229
0.1873 0.533169
0.18735 0.503125
0.1874 0.555535
0.18745 0.487987
0.1875 0.457895
0.18755 0.589115
0.1876 0.487754
0.18765 0.483916
0.1877 0.397465
0.18775 0.487477
0.1878 0.532477
0.18785 0.611335
0.1879 0.513583
0.18795 0.468393
0.188 0.54728
0.18805 0.505846
0.1881 0.509535
0.18815 0.475587
0.1882 0.422787
0.18825 0.482925
0.1883 0.467771
0.18835 0.539269
0.1884 0.478909
0.18845 0.471281
0.1885 0.535296
0.18855 0.554098
0.1886 0.497455
0.18865 0.399253
0.1887 0.455748
0.18875 0.602912
0.1888 0.516019
0.18885 0.432835
0.1889 0.459176
0.18895 0.496878
0.189 0.504362
0.18905 0.496724
0.1891 0.485297
0.18915 0.519269
0.1892 0.522988
0.18925 0.481278
0.1893 0.519062
0.18935 0.526572
0.1894 0.484831
0.18945 0.556757
0.1895 0.541547
0.18955 0.522533
0.1896 0.401093
0.18965 0.579283
0.1897 0.484374
0.18975 0.457718
0.1898 0.503184
0.18985 0.586666
0.1899 0.556244
0.18995 0.472598
0.19 0.510518
0.19005 0.468626
0.1901 0.510367
0.19015 0.476061
0.1902 0.540658
0.19025 0.498738
0.1903 0.47582
0.19035 0.4605
0.1904 0.422314
0.19045 0.445058
0.1905 0.585961
0.19055 0.540187
0.1906 0.513442
0.19065 0.505746
0.1907 0.543824
0.19075 0.501796
0.1908 0.570428
0.19085 0.471122
0.1909 0.486308
0.19095 0.451846
0.191 0.501419
0.19105 0.551031
0.1911 0.466877
0.19115 0.447665
0.1912 0.493463
0.19125 0.504863
0.1913 0.424424
0.19135 0.485558
0.1914 0.458673
0.19145 0.454747
0.1915 0.450818
0.19155 0.527358
0.1916 0.492801
0.19165 0.488889
0.1917 0.461964
0.19175 0.477214
0.1918 0.427247
0.19185 0.446325
0.1919 0.480774
0.19195 0.48069
0.192 0.542062
0.19205 0.399856
0.1921 0.430474
0.19215 0.495712
0.1922 0.511016
0.19225 0.49941
0.1923 0.46856
0.19235 0.491558
0.1924 0.456839
0.19245 0.518343
0.1925 0.529832
0.19255 0.475846
0.1926 0.448789
0.19265 0.498791
0.1927 0.433182
0.19275 0.537186
0.1928 0.544846
0.19285 0.436772
0.1929 0.482974
0.19295 0.490612
0.193 0.548449
0.19305 0.459575
0.1931 0.428577
0.19315 0.424603
0.1932 0.513386
0.19325 0.486258
0.1933 0.490045
0.19335 0.462891
0.1934 0.528572
0.19345 0.424024
0.1935 0.451009
0.19355 0.520607
0.1936 0.524418
0.19365 0.470122
0.1937 0.528159
0.19375 0.493217
0.1938 0.446617
0.19385 0.524077
0.1939 0.555049
0.19395 0.415325
0.194 0.504472
0.19405 0.535458
0.1941 0.46551
0.19415 0.508144
0.1942 0.527501
0.19425 0.469153
0.1943 0.589562
0.19435 0.515664
0.1944 0.507822
0.19445 0.515534
0.1945 0.550489
0.19455 0.534875
0.1946 0.503677
0.19465 0.449091
0.1947 0.507418
0.19475 0.511246
0.1948 0.51118
0.19485 0.456542
0.1949 0.472044
0.19495 0.468058
0.195 0.456267
0.19505 0.440565
0.1951 0.502911
0.19515 0.545785
0.1952 0.487162
0.19525 0.401152
0.1953 0.483077
0.19535 0.557249
0.1954 0.494663
0.19545 0.529779
0.1955 0.455414
0.19555 0.43576
0.1956 0.502177
0.19565 0.415999
0.1957 0.470695
0.19575 0.525433
0.1958 0.454869
0.19585 0.458693
0.1959 0.458601
0.19595 0.482029
0.196 0.44666
0.19605 0.552456
0.1961 0.493567
0.19615 0.442481
0.1962 0.540506
0.19625 0.454084
0.1963 0.579654
0.19635 0.497136
0.1964 0.500993
0.19645 0.500923
0.1965 0.41044
0.19655 0.544012
0.1966 0.543964
0.19665 0.473104
0.1967 0.516305
0.19675 0.480819
0.1968 0.484676
0.19685 0.52004
0.1969 0.59876
0.19695 0.516
0.197 0.582935
0.19705 0.515893
0.1971 0.539489
0.19715 0.515775
0.1972 0.527548
0.19725 0.491978
0.1973 0.503745
0.19735 0.555001
0.1974 0.483877
0.19745 0.543049
0.1975 0.558805
0.19755 0.475773
0.1976 0.48755
0.19765 0.507244
0.1977 0.459718
0.19775 0.503144
0.1978 0.534732
0.19785 0.41594
0.1979 0.483131
0.19795 0.471173
0.198 0.443362
0.19805 0.478922
0.1981 0.415434
0.19815 0.431178
0.1982 0.538129
0.19825 0.462725
0.1983 0.474538
0.19835 0.510168
0.1984 0.48629
0.19845 0.454454
0.1985 0.498043
0.19855 0.478113
0.1986 0.438303
0.19865 0.489865
0.1987 0.521591
0.19875 0.497677
0.1988 0.549308
0.19885 0.453792
0.1989 0.553175
0.19895 0.481493
0.199 0.489377
0.19905 0.433555
0.1991 0.457351
0.19915 0.521005
0.1992 0.417337
0.19925 0.484989
0.1993 0.520796
0.19935 0.472882
0.1994 0.500723
0.19945 0.472725
0.1995 0.436724
0.19955 0.504488
0.1996 0.476471
0.19965 0.472397
0.1997 0.488295
0.19975 0.500209
0.1998 0.40821
0.19985 0.468066
0.1999 0.43599
