0.128668 -0.0250000004 0.0327488431 -0.0123496265 asynchronous_release_0
0.10643 -0.0250000004 0.0336341492 0.00968214894 synchronous_release_1
0.120259 -0.0250000004 0.027335153 -0.0218583945 asynchronous_release_0
0.113915 -0.0250000004 0.0167293798 -0.0307429318 asynchronous_release_0
0.165272 -0.0250000004 0.0273312352 -0.021863293 asynchronous_release_0
0.047035 -0.0250000004 0.00526854953 0.0346011905 synchronous_release_0
0.005834 -0.0250000004 0.000992239923 0.000124337988 asynchronous_release_1
0.110898 -0.0250000004 0.0278997595 0.0211329936 asynchronous_release_4
0.076372 -0.0250000004 -0.0278997595 -0.0211329936 synchronous_release_0
0.08009 -0.0250000004 0.0322515891 -0.0135954037 synchronous_release_0
0.126968 -0.0250000004 0.000988246107 -0.000152871289 asynchronous_release_0
0.121522 -0.0250000004 0.00918506345 0.0337732825 synchronous_release_0
0.11761 -0.0250000004 0.0287132826 0.0200136804 asynchronous_release_0
0.081471 -0.0250000004 -0.0309190169 -0.0164016583 asynchronous_release_0
0.103318 -0.0250000004 0.00125525565 0.0349774832 synchronous_release_0
0.135419 -0.0250000004 0.0166171093 -0.0308037608 asynchronous_release_0
0.087885 -0.0250000004 0.034985394 -0.00101104155 synchronous_release_0
0.10768 -0.0250000004 0.0183682847 0.0297927192 synchronous_release_0
0.180181 -0.0250000004 0.0336125571 -0.0097568439 asynchronous_release_0
0.190431 -0.0250000004 0.0275172734 0.0216286769 asynchronous_release_0
0.035058 -0.0250000004 -0.0338658678 -0.00883758999 asynchronous_release_0
0.182463 -0.0250000004 0.0245865113 -0.0249099069 asynchronous_release_0
0.18691 -0.0250000004 0.0338658678 0.00883758999 asynchronous_release_0
0.106554 -0.0250000004 0.000427067916 -0.00090421955 synchronous_release_0
0.15953 -0.0250000004 0.0316476843 0.014947377 synchronous_release_0
0.111919 -0.0250000004 0.0287686504 -0.01993401 synchronous_release_1
0.127488 -0.0250000004 0.00287903389 0.0348813871 synchronous_release_1
0.07797 -0.0250000004 0.0167474731 -0.030733079 asynchronous_release_0
0.103772 -0.0250000004 0.0349893637 -0.000862802371 asynchronous_release_0
0.086401 -0.0250000004 0.0182418906 0.0298702766 synchronous_release_0
0.108078 -0.0250000004 0.000966654415 -0.000256084444 synchronous_release_0
0.056217 -0.0250000004 0.0185723374 -0.0296659448 synchronous_release_1
0.111518 -0.0250000004 0.0280326749 0.0209563627 synchronous_release_0
0.177892 -0.0250000004 0.000100570045 -0.000994929981 asynchronous_release_0
0.138849 -0.0250000004 0.0143629072 0.0319171881 synchronous_release_0
0.110801 -0.0250000004 -0.0041296709 -0.0347555149 asynchronous_release_0
0.130262 -0.0250000004 -0.000810529524 0.0349906136 asynchronous_release_0
0.002661 -0.0250000004 0.0298974955 0.018197246 synchronous_release_1
0.103512 -0.0250000004 0.0342346236 0.00727946047 synchronous_release_0
0.104412 -0.0250000004 0.0332505507 0.0109270709 synchronous_release_0
0.107807 -0.0250000004 0.00716215433 0.034259357 synchronous_release_0
0.108299 -0.0250000004 -0.030890967 -0.0164544267 synchronous_release_0
0.053175 -0.0250000004 0.0349438675 -0.00198144458 synchronous_release_1
0.104158 -0.0250000004 0.0699962503 0.000724531234 asynchronous_release_3
0.054107 -0.0250000004 0.0327892471 -0.0122419473 asynchronous_release_0
0.10239 -0.0250000004 0.032760412 -0.0123189045 asynchronous_release_1
0.106908 -0.0250000004 0.0270486902 0.0222118968 synchronous_release_2
0.059333 -0.0250000004 0.032070238 0.0140178399 synchronous_release_0
0.116458 -0.0250000004 0.0341697371 -0.00757819687 synchronous_release_0
0.031103 -0.0250000004 0.000267461712 -0.000963568489 asynchronous_release_0
0.143918 -0.0250000004 0.0249694509 -0.0245260377 asynchronous_release_0
0.191151 -0.0250000004 -0.00875544624 -0.0338871976 asynchronous_release_0
0.121052 -0.0250000004 0.0337248971 0.00936115993 synchronous_release_0
0.146386 -0.0250000004 0.00180075047 0.034953645 asynchronous_release_0
0.173197 -0.0250000004 0.0293703693 -0.0190363181 asynchronous_release_0
0.108777 -0.0250000004 0.00361370836 -0.0348129446 synchronous_release_0
0.130875 -0.0250000004 -0.0224635538 -0.0268400587 asynchronous_release_2
0.103306 -0.0250000004 0.0344759496 -0.00603397886 synchronous_release_1
0.195039 -0.0250000004 0.0282703812 -0.0206345716 asynchronous_release_0
0.068692 -0.0250000004 0.0320052538 0.0141655825 synchronous_release_1
0.131111 -0.0250000004 -0.011142509 0.0331789767 asynchronous_release_0
0.107844 -0.0250000004 0.0342186729 0.00735407546 asynchronous_release_0
0.085737 -0.0250000004 0.034992079 -0.000744586616 synchronous_release_0
0.083769 -0.0250000004 0.0222287486 -0.027034843 asynchronous_release_0
0.189694 -0.0250000004 -0.0222287486 0.027034843 asynchronous_release_0
0.044795 -0.0250000004 0.0245299875 0.0249655706 asynchronous_release_0
0.103922 -0.0250000004 0.0349948458 -0.000600641647 synchronous_release_0
0.112115 -0.0250000004 0.0172167364 0.0304726761 synchronous_release_0
0.162525 -0.0250000004 0.0235328364 -0.0259076361 asynchronous_release_2
0.037813 -0.0250000004 0.0154365571 0.0314119835 synchronous_release_0
0.068649 -0.0250000004 0.0349218542 0.00233754114 synchronous_release_0
0.154427 -0.0250000004 0.0276560202 -0.0214509801 asynchronous_release_0
0.158589 -0.0250000004 0.0324051038 0.013225326 asynchronous_release_0
0.193963 -0.0250000004 0.000612885145 0.000790172006 asynchronous_release_0
0.103517 -0.0250000004 -0.010810898 -0.0332885038 synchronous_release_0
0.137423 -0.0250000004 -0.00942913922 0.0598839823 asynchronous_release_0
0.102721 -0.0250000004 -0.0220015863 0.0272200331 synchronous_release_0
0.120668 -0.0250000004 0.0220015863 -0.0272200331 synchronous_release_0
0.066772 -0.0250000004 0.000997888506 6.49502025e-05 asynchronous_release_2
0.153088 -0.0250000004 -0.0160043596 -0.0311265236 asynchronous_release_0
0.1099 -0.0250000004 0.010985732 -0.0332312156 synchronous_release_0
0.141537 -0.0250000004 -0.0041185051 -0.0347568398 asynchronous_release_0
0.182515 -0.0250000004 0.000730616703 0.000682787839 synchronous_release_0
0.124878 -0.0250000004 0.0296387866 -0.0186156474 synchronous_release_0
0.10874 -0.0250000004 0.00732040435 0.034225892 asynchronous_release_2
0.098377 -0.0250000004 -0.0317426186 0.0147446995 asynchronous_release_0
0.119685 -0.0250000004 0.0301060942 -0.0178500167 synchronous_release_1
0.194969 -0.0250000004 -0.000544818693 0.0349957594 asynchronous_release_0
0.11174 -0.0250000004 -0.030579626 0.0170260528 synchronous_release_0
0.152824 -0.0250000004 -0.0197368851 0.0289042448 asynchronous_release_0
0.124686 -0.0250000004 0.0235942211 0.0258517452 asynchronous_release_0
0.103195 -0.0250000004 0.0105911575 -0.0333590675 synchronous_release_0
0.100466 -0.0250000004 -0.000585634814 -0.000810575021 asynchronous_release_0
0.076819 -0.0250000004 0.0319361748 0.0143206403 synchronous_release_2
0.145277 -0.0250000004 0.0253525043 -0.0241298679 asynchronous_release_0
0.150408 -0.0250000004 -0.000787812735 0.000615914844 asynchronous_release_0
0.102727 -0.0250000004 0.0215570195 0.0275734457 synchronous_release_0
0.077762 -0.0250000004 0.0239261664 0.0255448344 asynchronous_release_0
0.108192 -0.0250000004 0.000227092877 0.000973873105 synchronous_release_0
0.078145 -0.0250000004 0.0118597576 -0.0329294116 asynchronous_release_0
0.174705 -0.0250000004 0.030559533 -0.0170620909 asynchronous_release_0
0.104146 -0.0250000004 0.0300559706 0.0179342864 synchronous_release_1
0.09114 -0.0250000004 0.0328370001 -0.0121132746 synchronous_release_0
0.121216 -0.0250000004 0.0059280965 -0.0344943136 synchronous_release_0
0.072847 -0.0250000004 0.0269089036 0.022381039 synchronous_release_1
0.005011 -0.0250000004 0.0324323624 0.0131583383 synchronous_release_0
0.105573 -0.0250000004 0.0276116365 -0.0215080806 synchronous_release_0
0.120594 -0.0250000004 -0.00295410229 0.0348751097 asynchronous_release_0
0.102994 -0.0250000004 0.026879227 -0.0224166714 asynchronous_release_0
0.163987 -0.0250000004 -0.000488380612 0.000872630722 asynchronous_release_1
0.102564 -0.0250000004 0.000999873875 1.58818797e-05 synchronous_release_0
0.150767 -0.0250000004 -0.0141760269 -0.0320006291 asynchronous_release_0
0.103864 -0.0250000004 0.0157459599 -0.0312580349 synchronous_release_1
0.124528 -0.0250000004 -0.0349996117 0.000164856385 asynchronous_release_0
0.187964 -0.0250000004 0.0523566478 -0.0305578375 asynchronous_release_0
0.179508 -0.0250000004 0.0190749297 0.0293453073 synchronous_release_1
0.102105 -0.0250000004 0.0348266056 -0.00347958972 synchronous_release_1
0.177058 -0.0250000004 0.0305533245 0.0170732059 asynchronous_release_0
0.074356 -0.0250000004 0.00571528441 0.0345302118 asynchronous_release_0
0.099383 -0.0250000004 0.0327616828 0.0123155244 asynchronous_release_0
0.119518 -0.0250000004 -0.012241101 0.0327895631 asynchronous_release_0
0.128543 -0.0250000004 -0.0222760441 -0.026995886 asynchronous_release_0
0.117188 -0.0250000004 3.8426716e-06 0.0349999998 asynchronous_release_1
0.145359 -0.0250000004 0.0337424106 0.00929783451 synchronous_release_0
0.110875 -0.0250000004 0.00438996621 0.0347235971 synchronous_release_0
0.17874 -0.0250000004 0.0343300084 0.00681546205 asynchronous_release_4
0.141113 -0.0250000004 0.000919556811 -0.000392957086 asynchronous_release_0
0.106426 -0.0250000004 0.0347493336 0.00418136554 synchronous_release_1
0.091427 -0.0250000004 0.0249860708 0.0245091058 asynchronous_release_0
0.116377 -0.0250000004 0.0252130965 -0.0242754972 asynchronous_release_0
0.1046 -0.0250000004 0.0204673765 0.0283916625 asynchronous_release_0
0.065783 -0.0250000004 0.0345893545 0.00534570424 asynchronous_release_1
0.15466 -0.0250000004 -0.0331014056 -0.0113708816 asynchronous_release_0
0.002931 -0.0250000004 0.016460359 -0.0308878063 synchronous_release_0
0.068335 -0.0250000004 -0.000868696325 -0.000495345026 asynchronous_release_0
0.126134 -0.0250000004 0.01766242 0.0302165339 asynchronous_release_0
0.049061 -0.0250000004 0.034999496 -0.000187837522 synchronous_release_0
0.186665 -0.0250000004 0.0258768506 0.0235666842 asynchronous_release_1
0.031231 -0.0250000004 0.0333477725 -0.0106266679 synchronous_release_0
0.00949 -0.0250000004 -0.000954603686 -0.000297878839 asynchronous_release_0
0.016897 -0.0250000004 0.0298744435 -0.0182350658 synchronous_release_0
0.169305 -0.0250000004 0.0143136513 0.0319393079 asynchronous_release_0
0.109099 -0.0250000004 0.0205034263 -0.0283656396 synchronous_release_0
0.002662 -0.0250000004 -0.0205034263 0.0283656396 synchronous_release_1
0.073438 -0.0250000004 0.000921970977 -0.000387258979 asynchronous_release_0
0.126015 -0.0250000004 -0.0573882957 -0.0195341628 asynchronous_release_0
0.132046 -0.0250000004 0.0112780541 -0.033133148 asynchronous_release_0
0.033841 -0.0250000004 0.0131884002 -0.0324201496 synchronous_release_0
0.192995 -0.0250000004 0.000568600838 -0.000822613571 asynchronous_release_0
0.068204 -0.0250000004 -0.00283905947 0.0348846634 asynchronous_release_2
0.104846 -0.0250000004 0.0269742195 -0.0223022753 synchronous_release_0
0.101783 -0.0250000004 0.0333789651 0.0105282804 asynchronous_release_0
0.106254 -0.0250000004 0.0292334121 -0.0192459767 synchronous_release_0
0.018697 -0.0250000004 -0.000995189912 -9.79644826e-05 asynchronous_release_0
0.172832 -0.0250000004 -0.0318794695 0.0144464329 asynchronous_release_0
0.105586 -0.0250000004 0.0284507126 0.020385214 synchronous_release_0
0.138004 -0.0250000004 -0.00342875689 0.0348316469 synchronous_release_0
0.161677 -0.0250000004 -0.00497073712 -0.0346452273 asynchronous_release_0
0.088279 -0.0250000004 0.0337911363 -0.00911916163 asynchronous_release_0
0.179901 -0.0250000004 -0.0158357848 -0.0312126244 asynchronous_release_0
0.173075 -0.0250000004 0.000837728688 0.000546086664 asynchronous_release_4
0.120558 -0.0250000004 0.034948818 0.00189212028 synchronous_release_0
0.141373 -0.0250000004 -0.0191130332 0.0293205041 synchronous_release_0
0.105141 -0.0250000004 0.000181295627 -0.000983428643 synchronous_release_1
0.145207 -0.0250000004 -7.74920697e-05 0.000996992968 synchronous_release_0
0.148585 -0.0250000004 0.0348947539 0.00271222244 synchronous_release_1
0.15205 -0.0250000004 0.0198929999 0.0287970234 synchronous_release_0
0.116884 -0.0250000004 -0.0280369129 0.0209506925 asynchronous_release_0
0.197823 -0.0250000004 0.0321622884 0.0138053325 asynchronous_release_0
0.102778 -0.0250000004 -0.0292395318 0.019236678 synchronous_release_1
0.105731 -0.0250000004 0.0459657974 -0.039523986 asynchronous_release_3
0.10947 -0.0250000004 0.0565452074 -0.0218549656 synchronous_release_0
0.131767 -0.0250000004 0.0345815888 0.00539571258 synchronous_release_1
0.00369 -0.0250000004 -0.0348236797 -0.00350875092 synchronous_release_0
0.053576 -0.0250000004 0.0304580719 0.0172425594 asynchronous_release_0
0.138209 -0.0250000004 0.0301615304 -0.0177561844 asynchronous_release_0
0.198657 -0.0250000004 0.000296541526 0.0349987437 asynchronous_release_0
0.145486 -0.0250000004 0.025519819 0.0239528461 asynchronous_release_0
0.167541 -0.0250000004 0.0335036827 -0.0101243885 asynchronous_release_0
0.17786 -0.0250000004 0.0338175779 0.00902061106 synchronous_release_0
0.105971 -0.0250000004 -0.034995796 -0.000542461341 synchronous_release_0
0.108431 -0.0250000004 0.0170281127 0.030578479 synchronous_release_0
0.095012 -0.0250000004 0.0255773254 -0.0238914299 synchronous_release_0
0.107445 -0.0250000004 -0.00723440272 -0.0342441735 synchronous_release_0
0.118443 -0.0250000004 0.0593126483 -0.0125303531 synchronous_release_0
0.143503 -0.0250000004 0.0332735255 0.0108569102 synchronous_release_1
0.184282 -0.0250000004 0.000250765302 0.000968047914 asynchronous_release_0
0.061472 -0.0250000004 0.0284366412 -0.0204048386 asynchronous_release_1
0.104846 -0.0250000004 -0.000412126696 0.000911126548 synchronous_release_0
0.102654 -0.0250000004 0.0318894292 0.0144244344 synchronous_release_1
0.109028 -0.0250000004 -0.00094652058 -0.0349871991 asynchronous_release_0
0.058074 -0.0250000004 0.0307730635 0.0166738887 synchronous_release_0
0.100384 -0.0250000004 -0.000310034073 0.000950725446 asynchronous_release_0
0.163474 -0.0250000004 -0.0349970837 0.000451810434 asynchronous_release_0
0.181367 -0.0250000004 0.0096666625 0.0336386034 asynchronous_release_0
0.103385 -0.0250000004 -0.0096666625 -0.0336386034 asynchronous_release_1
0.1092 -0.0250000004 0.0242985538 -0.025190877 synchronous_release_0
0.114439 -0.0250000004 0.0315197917 -0.0152152138 synchronous_release_0
0.116488 -0.0250000004 -0.000296279674 -0.000955101227 asynchronous_release_0
0.190788 -0.0250000004 -0.00773377113 0.0341348617 asynchronous_release_0
0.102504 -0.0250000004 0.0256947718 0.0237650731 synchronous_release_0
0.175559 -0.0250000004 0.00805104776 -0.0340614244 asynchronous_release_0
0.128029 -0.0250000004 -0.00805104776 0.0340614244 asynchronous_release_1
0.070071 -0.0250000004 0.0222512197 -0.027016351 asynchronous_release_0
0.095654 -0.0250000004 -0.0292925955 -0.0191557785 asynchronous_release_0
0.108315 -0.0250000004 0.0292925955 0.0191557785 synchronous_release_0
0.103568 -0.0250000004 -0.0138608233 0.0321384128 synchronous_release_0
0.108344 -0.0250000004 0.000802086614 -0.000597207722 synchronous_release_0
0.06858 -0.0250000004 0.0138916923 0.0321250819 asynchronous_release_0
0.174558 -0.0250000004 0.0347669831 0.00403198255 asynchronous_release_0
0.064145 -0.0250000004 0.0348846736 -0.00283893441 synchronous_release_0
0.102629 -0.0250000004 0.0237043866 0.0257507681 synchronous_release_1
0.107544 -0.0250000004 0.0341530126 -0.0076532169 synchronous_release_1
0.143278 -0.0250000004 0.0348951693 0.00270687283 asynchronous_release_0
0.130312 -0.0250000004 -0.0344419342 0.00622520411 asynchronous_release_0
0.108207 -0.0250000004 0.0118297822 -0.0329401921 synchronous_release_0
0.107648 -0.0250000004 0.029763519 -0.0184155623 asynchronous_release_0
0.110259 -0.0250000004 0.0308301043 0.0165681824 asynchronous_release_0
0.074571 -0.0250000004 -0.0254886844 -0.0239859744 asynchronous_release_0
0.102401 -0.0250000004 0.0310233145 -0.0162035169 synchronous_release_0
0.11572 -0.0250000004 0.0295443145 0.01876522 synchronous_release_0
0.110063 -0.0250000004 -0.0295443145 -0.01876522 synchronous_release_1
0.121052 -0.0250000004 0.00147900001 -0.0349687369 synchronous_release_1
0.121544 -0.0250000004 -0.00396722186 -0.0347744324 asynchronous_release_0
0.077502 -0.0250000004 0.028131931 -0.0208229311 synchronous_release_0
0.089839 -0.0250000004 0.0320991528 0.0139515013 synchronous_release_0
0.126789 -0.0250000004 0.0317247662 -0.0147830718 asynchronous_release_0
0.134541 -0.0250000004 0.0286648988 0.0200829175 synchronous_release_0
0.119803 -0.0250000004 0.0309819091 -0.0162825462 synchronous_release_1
0.131127 -0.0250000004 -0.000533995635 0.000845487233 synchronous_release_1
0.128709 -0.0250000004 0.0315252339 0.0152039346 asynchronous_release_0
0.077117 -0.0250000004 0.0339590782 0.00847236725 synchronous_release_0
0.191182 -0.0250000004 -0.0150735894 0.0315877651 asynchronous_release_0
0.17001 -0.0250000004 0.0349958112 -0.000541477803 asynchronous_release_0
0.084342 -0.0250000004 -0.0172876472 -0.0304325032 asynchronous_release_0
0.158585 -0.0250000004 6.99171268e-06 -0.000999975558 asynchronous_release_0
0.038983 -0.0250000004 0.00707140108 0.0342782043 asynchronous_release_0
0.116438 -0.0250000004 -0.000979377264 0.000202040031 synchronous_release_1
0.121475 -0.0250000004 0.0132108436 0.0324110106 synchronous_release_1
0.114822 -0.0250000004 0.0349544416 -0.00178521971 synchronous_release_1
0.105413 -0.0250000004 0.0181514439 -0.0299253251 synchronous_release_0
0.109334 -0.0250000004 0.0187824378 0.0295333715 asynchronous_release_1
0.120736 -0.0250000004 0.0349678689 -0.00149938252 synchronous_release_1
0.10326 -0.0250000004 0.0349347394 0.00213634745 synchronous_release_0
0.102612 -0.0250000004 0.0349965379 0.000492277918 asynchronous_release_2
0.008634 -0.0250000004 0.0233544348 -0.0260685707 synchronous_release_0
0.107524 -0.0250000004 0.023954657 -0.0255181192 asynchronous_release_4
0.109108 -0.0250000004 0.00942575913 -0.0337068994 synchronous_release_1
0.113776 -0.0250000004 -0.0145320038 0.0318405538 synchronous_release_0
0.116737 -0.0250000004 0.0203087266 0.0285053613 synchronous_release_1
0.011229 -0.0250000004 0.0235912505 -0.0258544561 synchronous_release_0
0.136211 -0.0250000004 0.0349843981 0.00104493379 asynchronous_release_0
0.106532 -0.0250000004 0.0343690999 0.00661550987 synchronous_release_0
0.122992 -0.0250000004 -0.0114553503 -0.0330722686 synchronous_release_0
0.111933 -0.0250000004 -0.000755907391 -0.000654678559 synchronous_release_1
0.165934 -0.0250000004 0.00640157993 0.0344095884 asynchronous_release_0
0.111898 -0.0250000004 0.0265987877 -0.022748725 asynchronous_release_1
0.127698 -0.0250000004 0.0330003677 0.0116608634 asynchronous_release_1
0.10271 -0.0250000004 0.0087088567 0.0338992008 asynchronous_release_3
0.10303 -0.0250000004 0.016294284 -0.0583908923 synchronous_release_1
0.144695 -0.0250000004 -0.0265112898 -0.0228506349 asynchronous_release_0
0.107861 -0.0250000004 0.0265112898 0.0228506349 synchronous_release_1
0.148007 -0.0250000004 -0.00965889231 0.0336408353 asynchronous_release_0
0.125606 -0.0250000004 -0.000623314208 -0.000781971482 asynchronous_release_0
0.127297 -0.0250000004 0.000750629622 -0.000660723217 synchronous_release_0
0.194649 -0.0250000004 0.0341071622 -0.00785502918 synchronous_release_0
0.106089 -0.0250000004 0.0699066567 -0.00361377217 synchronous_release_1
0.131169 -0.0250000004 0.0339185618 0.0086331435 synchronous_release_1
0.110755 -0.0250000004 0.0106903034 0.0333274273 synchronous_release_0
0.055644 -0.0250000004 0.0342075504 0.00740563938 synchronous_release_1
0.111684 -0.0250000004 0.0349912913 -0.000780727778 synchronous_release_0
0.144904 -0.0250000004 0.0168195155 -0.030693711 synchronous_release_1
0.173683 -0.0250000004 -0.00634180299 0.0344206556 asynchronous_release_0
0.195906 -0.0250000004 -0.0329800637 0.0117181653 asynchronous_release_0
0.145222 -0.0250000004 -0.0178071724 -0.0301314555 asynchronous_release_0
0.107485 -0.0250000004 0.0349981921 -0.00035573597 synchronous_release_0
0.115968 -0.0250000004 0.0178071724 0.0301314555 synchronous_release_0
0.152599 -0.0250000004 0.0347761475 0.00395215942 synchronous_release_0
0.187278 -0.0250000004 0.0211509195 -0.0278861723 asynchronous_release_0
0.142012 -0.0250000004 -0.00879625574 -0.0338766274 asynchronous_release_0
0.0695 -0.0250000004 -0.00864850904 0.0339146472 asynchronous_release_0
0.177741 -0.0250000004 0.0336952005 -0.00946749504 asynchronous_release_0
0.088235 -0.0250000004 0.0339972625 0.00831782087 asynchronous_release_1
0.106787 -0.0250000004 0.00193121805 -0.0349466793 synchronous_release_0
0.125088 -0.0250000004 0.0292991031 0.0191458236 synchronous_release_1
0.075202 -0.0250000004 0.0249786761 0.0245166421 synchronous_release_0
0.107819 -0.0250000004 0.0337213729 -0.00937384703 synchronous_release_1
0.006864 -0.0250000004 0.00608585859 0.0344668293 synchronous_release_0
0.152613 -0.0250000004 0.0329669733 -0.0117549425 asynchronous_release_0
0.105535 -0.0250000004 -0.000983648788 -0.000180097366 synchronous_release_0
0.08102 -0.0250000004 -0.0330358404 0.0115599847 asynchronous_release_0
0.131013 -0.0250000004 0.0330358404 -0.0115599847 asynchronous_release_0
0.103752 -0.0250000004 0.0283855569 -0.0204758433 synchronous_release_0
0.10507 -0.0250000004 0.0303096792 0.0175020956 asynchronous_release_1
0.104471 -0.0250000004 -0.00164731914 -0.0349612119 synchronous_release_0
0.03612 -0.0250000004 0.0277537887 -0.0213243339 asynchronous_release_3
0.114003 -0.0250000004 0.00459052053 0.034697653 synchronous_release_0
0.050563 -0.0250000004 0.0156660117 -0.0312981801 asynchronous_release_0
0.100946 -0.0250000004 0.0192720132 0.0292162542 synchronous_release_0
0.122279 -0.0250000004 -0.0156660117 0.0312981801 synchronous_release_0
0.170556 -0.0250000004 -0.0349380249 0.00208192595 synchronous_release_0
0.107664 -0.0250000004 -0.0349899088 0.000840406382 asynchronous_release_0
0.007965 -0.0250000004 0.0182227677 0.0298819467 synchronous_release_0
0.156594 -0.0250000004 -0.0258319705 -0.0236158697 asynchronous_release_1
0.111106 -0.0250000004 0.0174757256 0.030324891 asynchronous_release_0
0.075195 -0.0250000004 0.0343188177 0.00687158998 asynchronous_release_0
0.1024 -0.0250000004 0.0290455997 -0.0195282651 synchronous_release_0
0.112901 -0.0250000004 0.0314347735 0.0153900946 synchronous_release_0
0.127093 -0.0250000004 -0.00043971699 0.000898136387 synchronous_release_0
0.118636 -0.0250000004 0.0349979023 0.000383192414 asynchronous_release_0
0.134732 -0.0250000004 0.0171670968 0.0305006687 asynchronous_release_0
0.087875 -0.0250000004 0.0248228912 -0.0246743607 synchronous_release_0
0.148881 -0.0250000004 0.0337800687 0.00916007401 synchronous_release_1
0.180227 -0.0250000004 0.000298953162 0.0349987232 asynchronous_release_0
0.051488 -0.0250000004 0.0343802854 -0.00655713167 asynchronous_release_0
0.14541 -0.0250000004 -0.0343802854 0.00655713167 asynchronous_release_0
0.027538 -0.0250000004 0.0115115001 -0.0330527664 synchronous_release_1
0.127228 -0.0250000004 -0.0172263675 0.0304672326 asynchronous_release_0
0.10761 -0.0250000004 0.0349985812 -0.000315144479 synchronous_release_0
0.086661 -0.0250000004 0.0247976259 0.024699752 synchronous_release_0
0.104159 -0.0250000004 0.0337732622 0.00918513813 synchronous_release_0
0.138889 -0.0250000004 0.034999871 9.50180166e-05 asynchronous_release_0
0.152095 -0.0250000004 -0.0175822235 0.0302632684 asynchronous_release_0
0.110278 -0.0250000004 0.000549452753 -0.000835524788 synchronous_release_1
0.104314 -0.0250000004 0.0349907771 -0.000803443093 synchronous_release_1
0.074167 -0.0250000004 -0.0236090934 0.0258381638 asynchronous_release_4
0.157926 -0.0250000004 0.051897476 0.031331326 asynchronous_release_0
0.10823 -0.0250000004 0.030983617 -0.0162792959 asynchronous_release_0
0.10925 -0.0250000004 0.0295900923 0.0186929515 synchronous_release_0
0.06886 -0.0250000004 0.0134258916 0.0323225221 asynchronous_release_0
0.114769 -0.0250000004 0.0164029964 0.030918307 asynchronous_release_0
0.189512 -0.0250000004 0.0349622753 -0.00162459495 synchronous_release_0
0.097721 -0.0250000004 0.0231281609 0.0262695294 asynchronous_release_0
0.119614 -0.0250000004 0.021140431 -0.0278941244 synchronous_release_0
0.104802 -0.0250000004 0.0521365491 -0.0309318645 synchronous_release_1
0.187531 -0.0250000004 0.000485933395 -0.000873995844 asynchronous_release_0
0.006545 -0.0250000004 0.0315011644 0.0152537419 synchronous_release_0
0.137683 -0.0250000004 -0.0308746568 -0.0164850104 asynchronous_release_1
0.116705 -0.0250000004 0.033815112 -0.00902985051 synchronous_release_0
0.117309 -0.0250000004 -0.000921689411 0.00038792864 synchronous_release_0
0.185695 -0.0250000004 0.0290636221 -0.0636812835 asynchronous_release_0
0.057504 -0.0250000004 0.0348407102 -0.00333540334 synchronous_release_0
0.149853 -0.0250000004 0.0516998693 0.0316563346 asynchronous_release_0
0.187708 -0.0250000004 -0.00146700005 -0.0349692424 asynchronous_release_0
0.108753 -0.0250000004 0.0262415002 0.0231599583 synchronous_release_0
0.121208 -0.0250000004 -0.0262415002 -0.0231599583 synchronous_release_0
0.124564 -0.0250000004 0.0167009601 0.0307583799 asynchronous_release_0
0.149186 -0.0250000004 0.000878810853 -0.000477170288 asynchronous_release_0
0.159084 -0.0250000004 0.0182870583 -0.0298426456 asynchronous_release_0
0.111526 -0.0250000004 0.034859624 -0.00313155147 synchronous_release_0
0.150258 -0.0250000004 -0.00543330608 -0.0345757022 asynchronous_release_0
0.111072 -0.0250000004 0.000987877207 -0.000155237317 synchronous_release_0
0.133088 -0.0250000004 0.0272267834 -0.0219932322 synchronous_release_1
0.173454 -0.0250000004 0.0349439711 -0.00197961772 asynchronous_release_0
0.127142 -0.0250000004 0.032184827 -0.0137527055 synchronous_release_0
0.1256 -0.0250000004 -0.0249834906 -0.0245117359 synchronous_release_0
0.143888 -0.0250000004 0.0307484924 -0.0167191572 asynchronous_release_0
0.095114 -0.0250000004 0.00052198277 -0.000852956029 synchronous_release_0
0.157364 -0.0250000004 0.0175626373 0.0302746391 asynchronous_release_0
0.108821 -0.0250000004 0.0349999252 -7.23705646e-05 synchronous_release_1
0.103467 -0.0250000004 -0.0342772724 0.00707591676 synchronous_release_0
0.158581 -0.0250000004 -0.0175718493 0.0302692932 asynchronous_release_0
0.102484 -0.0250000004 0.0278829767 -0.0211551321 synchronous_release_1
0.176472 -0.0250000004 -0.00093111128 -0.000364735224 synchronous_release_0
0.105038 -0.0250000004 0.0346056772 -0.00523899846 synchronous_release_1
0.107209 -0.0250000004 0.0347488662 0.00418524797 synchronous_release_1
0.103033 -0.0250000004 0.0237580371 0.0257012777 synchronous_release_0
0.120825 -0.0250000004 0.0341369779 -0.00772442479 synchronous_release_0
0.155238 -0.0250000004 0.00619690357 -0.0344470374 asynchronous_release_0
0.128327 -0.0250000004 -0.00648061326 0.0343947911 asynchronous_release_0
0.146332 -0.0250000004 0.0330270694 -0.0115850198 synchronous_release_0
0.109697 -0.0250000004 0.0349838885 -0.00106185867 synchronous_release_0
0.101298 -0.0250000004 0.0184115408 0.0297660068 synchronous_release_1
0.004823 -0.0250000004 0.0337067005 -0.00942647039 synchronous_release_0
0.125158 -0.0250000004 0.028951311 0.0196677806 synchronous_release_1
0.044719 -0.0250000004 0.0124759254 -0.0327009371 asynchronous_release_0
0.04202 -0.0250000004 0.0220818795 0.0271549369 synchronous_release_0
0.196658 -0.0250000004 -0.0153492577 -0.0314547339 asynchronous_release_0
0.115507 -0.0250000004 0.0349152275 0.00243451986 synchronous_release_1
0.110181 -0.0250000004 0.0311295491 0.015998474 synchronous_release_0
0.103971 -0.0250000004 0.0155736628 0.0313442343 synchronous_release_0
0.107061 -0.0250000004 0.0339267764 0.00860080478 synchronous_release_1
0.070275 -0.0250000004 0.0304556365 0.0172468608 asynchronous_release_0
0.13741 -0.0250000004 0.0301640378 -0.0177519244 asynchronous_release_0
0.105428 -0.0250000004 0.00623295998 0.0344405315 asynchronous_release_0
0.143434 -0.0250000004 0.000532201552 -0.000846617687 asynchronous_release_0
0.134711 -0.0250000004 0.0309473118 -0.0163482077 asynchronous_release_1
0.171321 -0.0250000004 0.029631619 0.0186270543 synchronous_release_1
0.102363 -0.0250000004 0.0308062832 -0.0166124326 synchronous_release_0
0.126588 -0.0250000004 0.0337977377 -0.00909466485 synchronous_release_1
0.108709 -0.0250000004 -0.000213299635 0.00097698683 asynchronous_release_0
0.114228 -0.0250000004 0.0235625711 -0.0258805959 synchronous_release_0
0.118473 -0.0250000004 0.034194539 0.00746548724 synchronous_release_0
0.146029 -0.0250000004 0.0270592718 -0.0221990047 asynchronous_release_1
0.113755 -0.0250000004 0.0384498039 0.0468680336 synchronous_release_0
0.125654 -0.0250000004 0.0327545379 0.0123345145 synchronous_release_1
0.125917 -0.0250000004 0.0159081206 0.0311758192 synchronous_release_0
0.101115 -0.0250000004 -0.000980423767 0.000196899053 asynchronous_release_0
0.10147 -0.0250000004 0.0313820726 -0.0154972746 synchronous_release_0
0.104024 -0.0250000004 -0.000442779274 -0.000896630646 synchronous_release_0
0.070493 -0.0250000004 0.023765215 0.0256946406 synchronous_release_0
0.105204 -0.0250000004 -0.034134819 0.00773395966 synchronous_release_1
0.079622 -0.0250000004 0.0349161633 0.00242106205 synchronous_release_1
0.102562 -0.0250000004 0.0331870168 -0.0111185393 synchronous_release_1
0.019727 -0.0250000004 0.0153982923 0.0314307587 asynchronous_release_0
0.170196 -0.0250000004 -0.050317274 -0.0338108257 asynchronous_release_0
0.189764 -0.0250000004 0.00474115719 0.0346773907 asynchronous_release_0
0.080542 -0.0250000004 0.0216585439 0.0274937716 asynchronous_release_0
0.111219 -0.0250000004 -0.0216585439 -0.0274937716 synchronous_release_0
0.110245 -0.0250000004 0.0300489952 0.0179459714 asynchronous_release_2
0.160025 -0.0250000004 -0.0300489952 -0.0179459714 synchronous_release_0
0.162676 -0.0250000004 -0.000487148785 -0.000873318992 synchronous_release_1
0.1044 -0.0250000004 0.0588581116 0.0145162907 synchronous_release_0
0.117943 -0.0250000004 0.033619548 -0.00973272792 synchronous_release_0
0.155437 -0.0250000004 -0.0296197872 -0.0186458629 asynchronous_release_0
0.097096 -0.0250000004 0.00345715301 0.03482884 asynchronous_release_0
0.066893 -0.0250000004 0.000412012504 -0.000911178191 synchronous_release_0
0.10638 -0.0250000004 0.0637824734 0.0288408753 synchronous_release_0
0.123231 -0.0250000004 -0.0277309424 0.0213540356 asynchronous_release_0
0.151781 -0.0250000004 0.00462766608 0.0346927184 asynchronous_release_0
0.081581 -0.0250000004 0.0342959834 0.0069846636 asynchronous_release_0
0.102545 -0.0250000004 0.0262799611 0.0231163069 synchronous_release_0
0.124509 -0.0250000004 0.0291845599 -0.0193199757 asynchronous_release_0
0.169978 -0.0250000004 0.0325737266 0.0128043873 asynchronous_release_0
0.120442 -0.0250000004 0.0230420985 0.0263450507 asynchronous_release_0
0.108313 -0.0250000004 0.0343365324 -0.00678251737 synchronous_release_1
0.112142 -0.0250000004 0.0309961432 0.0162554331 synchronous_release_1
0.120518 -0.0250000004 0.00959490172 0.0336591423 synchronous_release_0
0.171426 -0.0250000004 -0.0537570689 -0.0280210196 asynchronous_release_0
0.175678 -0.0250000004 0.00803483656 0.0340652521 synchronous_release_0
0.123878 -0.0250000004 0.033518792 0.0100742535 synchronous_release_1
0.128871 -0.0250000004 0.0250427395 -0.0244512004 synchronous_release_0
0.158408 -0.0250000004 0.0342546448 -0.00718465789 synchronous_release_0
0.085234 -0.0250000004 -0.0271871033 -0.0220422642 asynchronous_release_0
0.155883 -0.0250000004 0.0321784717 -0.0137675692 asynchronous_release_1
0.192332 -0.0250000004 0.0342155863 0.00736842284 asynchronous_release_0
0.110612 -0.0250000004 0.0516400318 0.0317538519 synchronous_release_0
0.116023 -0.0250000004 0.0349865634 0.000969732824 synchronous_release_1
0.136504 -0.0250000004 0.00148488218 0.0349684876 asynchronous_release_0
0.10191 -0.0250000004 0.0295411575 -0.0187701895 synchronous_release_0
0.103885 -0.0250000004 0.0310260397 0.0161982981 synchronous_release_0
0.070483 -0.0250000004 0.0338057234 0.00906493591 asynchronous_release_0
0.122263 -0.0250000004 0.000258998169 -0.000965877812 asynchronous_release_0
0.163969 -0.0250000004 -0.021047461 0.0279643413 asynchronous_release_1
0.172066 -0.0250000004 0.0316423999 0.0149585605 asynchronous_release_1
0.107062 -0.0250000004 0.0156399286 0.0313112221 synchronous_release_0
0.102927 -0.0250000004 0.0326206818 -0.0126842863 synchronous_release_0
0.161066 -0.0250000004 -0.00429417972 -0.0347355728 asynchronous_release_1
0.1031 -0.0250000004 0.0341871651 0.00749918291 synchronous_release_0
0.078928 -0.0250000004 0.0192032515 -0.0574998707 asynchronous_release_1
0.115169 -0.0250000004 0.00349429846 -0.0348251329 synchronous_release_0
0.105172 -0.0250000004 -0.000906503574 -0.000422198141 asynchronous_release_0
0.111573 -0.0250000004 0.0348653968 -0.0030666115 asynchronous_release_0
0.120757 -0.0250000004 0.0342007448 -0.00743700602 synchronous_release_0
0.006604 -0.0250000004 0.034520135 -0.00577583568 synchronous_release_0
0.182674 -0.0250000004 0.00562806616 0.0345445346 asynchronous_release_0
0.198269 -0.0250000004 0.0271024115 -0.0221463156 asynchronous_release_0
0.129716 -0.0250000004 0.00035423483 -0.000935156503 asynchronous_release_1
0.103007 -0.0250000004 0.0134022166 0.0323323459 synchronous_release_0
0.10543 -0.0250000004 -0.0308134048 0.0165992194 asynchronous_release_1
0.057298 -0.0250000004 -0.0215782218 -0.0275568566 asynchronous_release_0
0.142721 -0.0250000004 -0.0130758269 0.0324657165 asynchronous_release_0
0.066486 -0.0250000004 0.00405788058 0.0347639699 synchronous_release_0
0.172477 -0.0250000004 0.0321354214 0.0138677573 synchronous_release_0
0.103501 -0.0250000004 0.0280775408 -0.0208962126 synchronous_release_1
0.11227 -0.0250000004 -0.0332801073 0.010836718 synchronous_release_0
0.16275 -0.0250000004 0.0503952653 0.0336944689 asynchronous_release_0
0.043972 -0.0250000004 0.0196766937 0.0289452539 asynchronous_release_0
0.103389 -0.0250000004 0.0106800267 -0.033330722 synchronous_release_0
0.169744 -0.0250000004 -0.000964536678 -0.000263948853 asynchronous_release_0
0.148751 -0.0250000004 -0.031326462 -0.0156093811 asynchronous_release_0
0.156562 -0.0250000004 0.0320264104 -0.0141176853 asynchronous_release_0
0.138838 -0.0250000004 0.0282394793 0.0206768423 synchronous_release_0
0.041539 -0.0250000004 0.0195823875 0.0290091382 asynchronous_release_0
0.175206 -0.0250000004 0.0544962319 0.0265548623 asynchronous_release_0
0.14777 -0.0250000004 0.0153314569 -0.0314634141 synchronous_release_0
0.046939 -0.0250000004 0.0255327946 -0.0239390142 synchronous_release_0
0.158931 -0.0250000004 0.00796539717 0.0340815558 synchronous_release_1
0.18167 -0.0250000004 0.0334794603 -0.0102042019 asynchronous_release_0
0.102853 -0.0250000004 0.00790263214 -0.0340961641 synchronous_release_0
0.183187 -0.0250000004 -0.0171879773 0.0304889067 asynchronous_release_0
0.078915 -0.0250000004 0.0178101791 0.0301296784 synchronous_release_0
0.176079 -0.0250000004 0.000996865649 7.91130638e-05 asynchronous_release_0
0.129617 -0.0250000004 0.0288314056 0.0198431362 synchronous_release_0
0.119755 -0.0250000004 -0.0276881319 -0.0214095154 synchronous_release_0
0.14347 -0.0250000004 0.0276881319 0.0214095154 synchronous_release_1
0.155052 -0.0250000004 -0.0256059017 0.0238608004 asynchronous_release_0
0.043881 -0.0250000004 0.0256059017 -0.0238608004 synchronous_release_0
0.103976 -0.0250000004 -0.0349819784 -0.00112302635 synchronous_release_0
0.174362 -0.0250000004 0.0303910524 0.0173604128 asynchronous_release_0
0.0869 -0.0250000004 0.018529827 -0.0296925161 asynchronous_release_0
0.174241 -0.0250000004 0.0164495597 0.030893559 asynchronous_release_0
0.112591 -0.0250000004 0.000848357602 0.000529423629 synchronous_release_1
0.105679 -0.0250000004 -0.0211964163 0.0278516057 synchronous_release_0
0.048922 -0.0250000004 0.0347184062 0.00443083213 synchronous_release_1
0.115981 -0.0250000004 0.0211964163 -0.0278516057 synchronous_release_1
0.119903 -0.0250000004 -0.0127545633 -0.0325932679 synchronous_release_0
0.159073 -0.0250000004 0.0324467609 -0.0131227935 asynchronous_release_0
0.149498 -0.0250000004 0.0547515957 0.0260242727 asynchronous_release_0
0.19028 -0.0250000004 0.0348088736 -0.00365271427 asynchronous_release_0
0.103618 -0.0250000004 0.00704092847 -0.0342844765 asynchronous_release_0
0.156683 -0.0250000004 0.0593824551 0.0121952458 asynchronous_release_0
0.047054 -0.0250000004 -0.000315560437 -0.00094890548 synchronous_release_0
0.108102 -0.0250000004 0.0324641805 -0.0130796402 synchronous_release_1
0.029647 -0.0250000004 0.0157170021 -0.0312726054 asynchronous_release_0
0.105728 -0.0250000004 0.000563749018 0.000825946151 synchronous_release_0
0.055669 -0.0250000004 0.0349382197 -0.0020786548 synchronous_release_0
0.186346 -0.0250000004 0.0314359013 0.015387791 synchronous_release_0
0.143719 -0.0250000004 -0.0348993415 -0.00265253872 asynchronous_release_0
0.157889 -0.0250000004 -0.0151525048 -0.0315499857 asynchronous_release_0
0.102486 -0.0250000004 0.0348993415 0.00265253872 synchronous_release_0
0.117757 -0.0250000004 0.0340468851 0.00811231267 synchronous_release_0
0.116782 -0.0250000004 0.0294678258 0.0188851064 synchronous_release_1
0.116299 -0.0250000004 0.00337997187 0.0348364147 asynchronous_release_4
0.10332 -0.0250000004 0.0284792342 -0.0203453489 synchronous_release_0
0.119297 -0.0250000004 -0.0284792342 0.0203453489 synchronous_release_0
0.180675 -0.0250000004 -0.000581295682 -0.000813692405 synchronous_release_0
0.109672 -0.0250000004 0.0318592061 0.0144910659 synchronous_release_1
0.190137 -0.0250000004 -0.00783577096 -0.0341115918 asynchronous_release_0
0.116568 -0.0250000004 0.033205051 -0.0110645644 asynchronous_release_1
0.074709 -0.0250000004 0.0330778562 -0.0114392058 synchronous_release_0
0.112603 -0.0250000004 0.0397101415 -0.0458050724 synchronous_release_1
0.11155 -0.0250000004 0.0417589407 0.0439453169 synchronous_release_1
0.044497 -0.0250000004 0.031210041 -0.0158408756 synchronous_release_1
0.066292 -0.0250000004 -0.000716668367 0.000697414118 synchronous_release_0
0.183981 -0.0250000004 0.015436007 0.0314122538 asynchronous_release_0
0.05961 -0.0250000004 -0.0168567284 0.0306732898 asynchronous_release_0
0.075601 -0.0250000004 -0.0349922124 0.000738289911 synchronous_release_0
0.01219 -0.0250000004 0.0281865866 0.0207488876 synchronous_release_0
0.109762 -0.0250000004 -0.00387577043 0.0347847438 synchronous_release_0
0.068648 -0.0250000004 0.0164411919 0.030898013 asynchronous_release_0
0.020368 -0.0250000004 0.0349790602 0.00121051664 asynchronous_release_3
0.107982 -0.0250000004 0.0322902155 -0.0135034064 synchronous_release_0
0.120168 -0.0250000004 0.0278394007 0.0212124437 synchronous_release_0
0.193709 -0.0250000004 0.00189515358 0.0349486537 asynchronous_release_0
0.166053 -0.0250000004 0.00698442233 0.0342960325 asynchronous_release_0
0.119825 -0.0250000004 0.00352228432 -0.0348223134 asynchronous_release_2
0.155807 -0.0250000004 0.0319181502 -0.014360769 synchronous_release_0
0.113632 -0.0250000004 -0.0325438643 0.0128800969 synchronous_release_0
0.036375 -0.0250000004 -0.0349068003 0.00255250745 asynchronous_release_0
0.19122 -0.0250000004 0.000827254917 -0.000561826755 asynchronous_release_0
0.120968 -0.0250000004 0.0327000896 0.0124781464 synchronous_release_1
0.063412 -0.0250000004 0.0318322471 -0.0145501906 synchronous_release_0
0.133701 -0.0250000004 0.000797251811 0.000603646875 asynchronous_release_0
0.106561 -0.0250000004 0.0340849913 -0.00795068364 synchronous_release_0
0.122246 -0.0250000004 -0.000956966004 -0.000290200046 synchronous_release_0
0.130392 -0.0250000004 0.0261466402 0.0232669983 asynchronous_release_0
0.172913 -0.0250000004 0.0332231317 -0.0110101555 synchronous_release_0
0.130564 -0.0250000004 -0.00823201186 -0.0340181419 asynchronous_release_0
0.078419 -0.0250000004 -0.0602014128 -0.00712670321 asynchronous_release_0
0.109534 -0.0250000004 0.0280434044 0.0209420025 synchronous_release_0
0.132137 -0.0250000004 -0.00093246807 0.000361252403 asynchronous_release_0
0.103606 -0.0250000004 0.0219420192 -0.0272680728 synchronous_release_1
0.032725 -0.0250000004 0.026797187 0.022514679 asynchronous_release_0
0.103124 -0.0250000004 0.000643276542 -0.000765633914 synchronous_release_0
0.107356 -0.0250000004 0.00988269919 0.0335757689 synchronous_release_0
0.034883 -0.0250000004 -0.0126013172 -0.0326528223 synchronous_release_0
0.121354 -0.0250000004 0.0167061486 0.0307555621 synchronous_release_0
0.082166 -0.0250000004 0.0227781625 -0.026573583 synchronous_release_0
0.120392 -0.0250000004 -0.0116243167 -0.0330132589 synchronous_release_0
0.123344 -0.0250000004 0.0304348246 -0.0172835602 asynchronous_release_0
0.027215 -0.0250000004 -0.000493816007 -0.000869566416 asynchronous_release_1
0.111312 -0.0250000004 -0.0267858198 0.0225282013 synchronous_release_0
0.101581 -0.0250000004 0.0340457138 0.00811722665 asynchronous_release_0
0.106969 -0.0250000004 0.0336518276 0.00962052476 synchronous_release_0
0.037037 -0.0250000004 0.0344916998 0.00594328572 asynchronous_release_0
0.119683 -0.0250000004 -0.000272522097 -0.000962149524 asynchronous_release_0
0.105026 -0.0250000004 0.0336752333 -0.00953827339 synchronous_release_0
0.085345 -0.0250000004 0.0310539967 0.0161446366 synchronous_release_0
0.083208 -0.0250000004 0.0243090109 -0.0251807862 synchronous_release_0
0.111684 -0.0250000004 0.0339617059 0.00846182787 synchronous_release_0
0.118361 -0.0250000004 0.0338168394 -0.0090233791 asynchronous_release_2
0.106191 -0.0250000004 0.0321732255 -0.0137798245 asynchronous_release_0
0.114306 -0.0250000004 0.0126630588 -0.032628928 synchronous_release_1
0.102164 -0.0250000004 -0.000119626982 -0.0349997956 spontaneous_release
0.124482 -0.0250000004 5.01849586e-05 -0.000998739941 asynchronous_release_0
0.162621 -0.0250000004 0.000980883335 0.00019459672 asynchronous_release_1
0.068186 -0.0250000004 0.0331368886 -0.0112670587 synchronous_release_0
0.112972 -0.0250000004 0.0263260034 0.023063858 synchronous_release_1
0.080041 -0.0250000004 0.0257420808 0.0237138204 asynchronous_release_0
0.084307 -0.0250000004 0.0334078113 -0.0104363857 synchronous_release_0
0.088771 -0.0250000004 -0.028460188 0.0203719832 asynchronous_release_0
0.103879 -0.0250000004 0.000331481087 0.000943461864 synchronous_release_0
0.114126 -0.0250000004 0.00646309613 -0.034398087 synchronous_release_1
0.103263 -0.0250000004 0.0268954702 0.0223971802 synchronous_release_0
0.117625 -0.0250000004 0.0059487919 -0.0344907506 synchronous_release_0
0.103692 -0.0250000004 -0.0221038856 0.0271370271 asynchronous_release_0
0.141682 -0.0250000004 -0.0124494121 -0.03271104 asynchronous_release_0
0.148443 -0.0250000004 0.0345532977 0.00557401291 asynchronous_release_1
0.16511 -0.0250000004 0.0221038856 -0.0271370271 synchronous_release_0
0.127755 -0.0250000004 0.0153685637 0.0314453057 asynchronous_release_0
0.134341 -0.0250000004 -0.0195481517 0.0290322194 asynchronous_release_0
0.114414 -0.0250000004 0.0322961932 0.0134891031 synchronous_release_0
0.118543 -0.0250000004 -0.00757829944 0.0341697143 asynchronous_release_0
0.144443 -0.0250000004 0.0333809904 -0.0105218573 synchronous_release_0
0.112253 -0.0250000004 0.0258026909 0.023647857 synchronous_release_1
0.117318 -0.0250000004 -0.0316179343 0.0150102043 asynchronous_release_1
0.186817 -0.0250000004 -0.000212764329 -0.000977103546 asynchronous_release_0
0.10557 -0.0250000004 0.023548388 0.0258935015 synchronous_release_0
0.116248 -0.0250000004 0.0341986241 -0.00744675151 synchronous_release_0
0.134716 -0.0250000004 0.0333761857 -0.0105370883 asynchronous_release_0
0.118469 -0.0250000004 -0.00282895294 0.0348854844 asynchronous_release_0
0.113298 -0.0250000004 -0.0246637056 0.0248334779 asynchronous_release_0
0.111508 -0.0250000004 0.0338382755 0.00894265669 synchronous_release_0
0.103858 -0.0250000004 0.0349986203 -0.000310771309 synchronous_release_0
0.045338 -0.0250000004 -5.26268833e-05 -0.0349999604 asynchronous_release_1
0.105501 -0.0250000004 0.0200009416 0.0287221575 synchronous_release_0
0.107476 -0.0250000004 0.0314265513 0.0154068775 synchronous_release_1
0.14007 -0.0250000004 -0.0050796409 0.0346294275 asynchronous_release_0
0.193916 -0.0250000004 0.0325297844 -0.0129156157 asynchronous_release_0
0.18552 -0.0250000004 0.047122352 -0.0517637319 asynchronous_release_0
0.18477 -0.0250000004 0.0322129161 0.0136867832 synchronous_release_0
0.105667 -0.0250000004 0.0341133059 0.00782830509 synchronous_release_1
0.10838 -0.0250000004 0.0314538048 -0.0153511617 synchronous_release_0
0.177215 -0.0250000004 -0.0116230491 -0.0330137052 asynchronous_release_0
0.184236 -0.0250000004 -0.0344415959 0.00622707588 asynchronous_release_0
0.114093 -0.0250000004 0.0344415959 -0.00622707588 synchronous_release_0
0.141981 -0.0250000004 0.0226136038 0.026713759 synchronous_release_0
0.115169 -0.0250000004 -0.0296489784 -0.0185994108 asynchronous_release_0
0.148379 -0.0250000004 -0.000467916087 -0.000883772898 asynchronous_release_0
0.132262 -0.0250000004 0.0296489784 0.0185994108 synchronous_release_0
0.021174 -0.0250000004 -0.000960873266 0.000276988386 asynchronous_release_0
0.103357 -0.0250000004 -0.0339722198 -0.0084195179 asynchronous_release_0
0.06608 -0.0250000004 0.0252613372 -0.0242252935 synchronous_release_0
0.115049 -0.0250000004 -0.0348111818 0.00363065062 asynchronous_release_0
0.145946 -0.0250000004 0.0348111818 -0.00363065062 asynchronous_release_0
0.169576 -0.0250000004 -0.000103732875 -0.000994605193 asynchronous_release_0
0.075486 -0.0250000004 0.0309578805 -0.0163281853 synchronous_release_0
0.069236 -0.0250000004 -0.000270982768 0.034998951 synchronous_release_0
0.143092 -0.0250000004 -0.0301744893 -0.0177341534 synchronous_release_0
0.121774 -0.0250000004 -0.0345819226 -0.00539357297 asynchronous_release_0
0.153786 -0.0250000004 -0.000154102085 0.000988054931 asynchronous_release_2
0.169532 -0.0250000004 0.000589244502 0.000807954774 asynchronous_release_2
0.118792 -0.0250000004 -0.0300945437 -0.0178694835 asynchronous_release_1
0.104147 -0.0250000004 -0.000428154814 0.0349973811 synchronous_release_0
0.092477 -0.0250000004 -0.000673935694 -0.000738790011 asynchronous_release_0
0.141617 -0.0250000004 -0.00749876493 -0.0341872568 asynchronous_release_0
0.04023 -0.0250000004 0.0108086054 0.0332892483 asynchronous_release_0
0.124224 -0.0250000004 0.0342336374 0.0072840973 synchronous_release_0
0.131549 -0.0250000004 -0.0108086054 -0.0332892483 synchronous_release_0
0.045349 -0.0250000004 0.0271138497 0.0221323102 synchronous_release_1
0.112934 -0.0250000004 -0.0156529486 0.0313047153 synchronous_release_0
0.175401 -0.0250000004 -0.0304641837 0.0172317587 asynchronous_release_0
0.172252 -0.0250000004 0.0349337455 -0.00215253962 asynchronous_release_0
0.103996 -0.0250000004 -0.00114440674 0.0349812855 asynchronous_release_3
0.164673 -0.0250000004 0.0107743141 0.0333003627 asynchronous_release_0
0.142374 -0.0250000004 0.029157637 0.0193605838 asynchronous_release_0
0.1608 -0.0250000004 0.0342659441 0.00713057338 asynchronous_release_0
0.140687 -0.0250000004 0.0310587473 0.0161354956 synchronous_release_0
0.149632 -0.0250000004 0.0295031227 -0.0188299163 synchronous_release_0
0.112722 -0.0250000004 0.0109846919 -0.0332315594 synchronous_release_0
0.122875 -0.0250000004 -0.000202935927 -0.000979192019 synchronous_release_0
0.049136 -0.0250000004 -0.019179747 -0.0292769074 synchronous_release_0
0.16161 -0.0250000004 0.034944419 -0.00197169442 synchronous_release_1
0.056373 -0.0250000004 0.0302068252 -0.017679019 asynchronous_release_0
0.129038 -0.0250000004 0.034196074 0.00745845328 synchronous_release_1
0.095841 -0.0250000004 -0.0136421456 0.0322318455 asynchronous_release_0
0.057602 -0.0250000004 0.0261790815 0.0232304906 synchronous_release_1
0.146785 -0.0250000004 -0.0151204758 0.0315653483 asynchronous_release_0
0.151635 -0.0250000004 -0.0197761556 -0.0288773903 asynchronous_release_0
0.185071 -0.0250000004 0.0348966314 -0.00268795797 synchronous_release_0
0.049084 -0.0250000004 0.000471904019 -0.000881649929 synchronous_release_0
0.002571 -0.0250000004 0.034103725 0.00786993896 synchronous_release_0
0.06671 -0.0250000004 0.000678398085 -0.000734694521 asynchronous_release_0
0.139244 -0.0250000004 0.0257143082 0.023743933 asynchronous_release_0
0.049275 -0.0250000004 0.0334200032 -0.0103972777 asynchronous_release_1
0.137868 -0.0250000004 0.0333337416 0.0106705985 asynchronous_release_0
0.02758 -0.0250000004 0.00746159536 0.0341953885 synchronous_release_0
0.055185 -0.0250000004 0.0333448728 0.0106357631 synchronous_release_0
0.161341 -0.0250000004 0.0299025949 -0.0181888652 asynchronous_release_0
0.185878 -0.0250000004 -0.000800721902 -0.0349908394 asynchronous_release_0
0.103945 -0.0250000004 0.0319462697 0.0142981065 synchronous_release_0
0.144117 -0.0250000004 -0.0313513856 0.0155592616 asynchronous_release_0
0.002993 -0.0250000004 0.0291504086 0.0193714655 synchronous_release_0
0.174933 -0.0250000004 0.0313513856 -0.0155592616 synchronous_release_1
0.11995 -0.0250000004 0.000999749685 -2.23733788e-05 asynchronous_release_0
0.145399 -0.0250000004 0.0314779042 0.0518087014 asynchronous_release_0
0.129963 -0.0250000004 0.0191790667 0.029277353 asynchronous_release_0
0.047483 -0.0250000004 0.0349444648 -0.00197088251 synchronous_release_0
0.101865 -0.0250000004 0.0348444595 -0.00329600408 asynchronous_release_0
0.114816 -0.0250000004 0.0145678065 -0.0318241891 synchronous_release_1
0.143397 -0.0250000004 0.0346084161 -0.00522087516 synchronous_release_1
0.013261 -0.0250000004 0.0325640482 -0.0128289814 synchronous_release_0
0.12139 -0.0250000004 0.0377358485 -0.0474447652 synchronous_release_2
0.189458 -0.0250000004 0.0278551727 -0.0211917285 asynchronous_release_0
0.147221 -0.0250000004 0.0256070968 0.0238595179 asynchronous_release_0
0.151236 -0.0250000004 -0.00785940023 0.0341061553 asynchronous_release_0
0.036176 -0.0250000004 -0.0307594758 0.0166989415 asynchronous_release_0
0.113304 -0.0250000004 0.0307594758 -0.0166989415 synchronous_release_0
0.102206 -0.0250000004 0.0280594337 -0.0209205205 synchronous_release_0
0.116216 -0.0250000004 0.0321474191 0.0138399222 synchronous_release_0
0.084874 -0.0250000004 -0.00465469916 0.0346891017 asynchronous_release_0
0.138455 -0.0250000004 0.0674571774 0.0186957003 asynchronous_release_0
0.042871 -0.0250000004 0.0197640664 0.0288856656 synchronous_release_0
0.197253 -0.0250000004 0.0112244788 -0.033151336 asynchronous_release_0
0.138951 -0.0250000004 -0.0268842691 -0.0224106241 asynchronous_release_0
0.031187 -0.0250000004 0.0136650926 -0.0322221235 asynchronous_release_0
0.118304 -0.0250000004 -0.0210726312 -0.0279453791 asynchronous_release_0
0.176192 -0.0250000004 -0.000789966933 0.000613149447 asynchronous_release_0
0.050992 -0.0250000004 0.000445385738 0.000895338787 asynchronous_release_0
0.103202 -0.0250000004 -0.0313368576 0.0155885008 synchronous_release_0
0.13504 -0.0250000004 0.0341091459 -0.00784641118 synchronous_release_1
0.107473 -0.0250000004 0.0142036372 -0.0319883837 asynchronous_release_0
0.020868 -0.0250000004 0.0143826686 0.031908288 asynchronous_release_0
0.129261 -0.0250000004 -0.0204420537 0.0284099004 asynchronous_release_0
0.135734 -0.0250000004 -0.0336458924 0.00964126144 asynchronous_release_0
0.159276 -0.0250000004 0.0336458924 -0.00964126144 asynchronous_release_0
0.102617 -0.0250000004 0.0251725236 0.0243175669 synchronous_release_1
0.066088 -0.0250000004 0.0328325544 0.0121253195 asynchronous_release_0
0.164506 -0.0250000004 0.0269171119 -0.0223711664 asynchronous_release_0
0.131113 -0.0250000004 -0.000346437701 0.000938072982 synchronous_release_1
0.138756 -0.0250000004 0.0223580342 0.0269280209 asynchronous_release_0
0.00215 -0.0250000004 0.000168531861 0.000985696207 synchronous_release_1
0.152897 -0.0250000004 -0.000769083066 0.000639148839 asynchronous_release_0
0.121407 -0.0250000004 0.0344966962 -0.00591421594 synchronous_release_1
0.138435 -0.0250000004 0.0121264869 -0.0328321232 synchronous_release_1
0.105491 -0.0250000004 0.0203936187 0.0284446888 synchronous_release_1
0.149519 -0.0250000004 0.0346810966 0.00471397234 synchronous_release_2
0.117274 -0.0250000004 0.0285292575 0.020275144 synchronous_release_0
0.151773 -0.0250000004 0.0303456882 0.0174395874 asynchronous_release_0
0.176795 -0.0250000004 0.0128667639 -0.032549138 asynchronous_release_0
0.110719 -0.0250000004 -0.0128667639 0.032549138 asynchronous_release_2
0.021907 -0.0250000004 0.0310832731 -0.0160881987 asynchronous_release_0
0.104213 -0.0250000004 -0.0294744253 -0.0188748048 synchronous_release_0
0.054501 -0.0250000004 0.0349341537 0.00214590447 synchronous_release_0
0.103315 -0.0250000004 -0.00371681556 0.0605077291 synchronous_release_0
0.128747 -0.0250000004 0.0277505466 -0.0213285528 asynchronous_release_0
0.090127 -0.0250000004 -0.00459579522 -0.0346969547 synchronous_release_1
0.131624 -0.0250000004 0.000266257157 -0.000963902032 asynchronous_release_0
0.126198 -0.0250000004 -0.0345921701 0.00532745447 asynchronous_release_0
0.142356 -0.0250000004 0.0345921701 -0.00532745447 synchronous_release_1
0.013809 -0.0250000004 0.0347130149 -0.00447287345 synchronous_release_0
0.105644 -0.0250000004 0.000922822556 0.000385225297 synchronous_release_1
0.111084 -0.0250000004 -0.0286034606 -0.0201703258 asynchronous_release_0
0.140012 -0.0250000004 0.0317697449 -0.0146861606 asynchronous_release_0
0.082034 -0.0250000004 0.00242053171 0.0349162001 asynchronous_release_0
0.109774 -0.0250000004 -0.00242053171 -0.0349162001 synchronous_release_1
0.149441 -0.0250000004 0.000338177381 0.000941082387 asynchronous_release_0
0.094621 -0.0250000004 0.016831547 0.030687115 asynchronous_release_0
0.055559 -0.0250000004 0.0349915946 0.00076701015 asynchronous_release_4
0.137599 -0.0250000004 0.0181600476 -0.0299201048 synchronous_release_0
0.124287 -0.0250000004 -0.000379546991 -0.00092517246 asynchronous_release_0
0.028422 -0.0250000004 0.0323810361 -0.0132841447 synchronous_release_0
0.194449 -0.0250000004 -0.000983452238 -0.00018116759 asynchronous_release_0
0.103055 -0.0250000004 0.0347115828 0.00448397394 asynchronous_release_0
0.145424 -0.0250000004 0.0182889028 0.0298415153 asynchronous_release_0
0.10899 -0.0250000004 0.00599425463 0.0344828785 synchronous_release_0
0.10911 -0.0250000004 0.0322160451 0.0136794166 synchronous_release_1
0.119665 -0.0250000004 0.0337783891 -0.00916626597 asynchronous_release_0
0.176315 -0.0250000004 0.0277524925 0.0213260207 asynchronous_release_0
0.105444 -0.0250000004 -0.0349633882 0.00160046443 synchronous_release_0
0.103949 -0.0250000004 0.0229892412 -0.0263911877 synchronous_release_1
0.12753 -0.0250000004 -0.0229892412 0.0263911877 synchronous_release_1
0.070515 -0.0250000004 0.000930554174 0.000366154243 synchronous_release_0
0.103924 -0.0250000004 0.000613769595 0.000789485202 synchronous_release_0
0.114271 -0.0250000004 0.0316208137 -0.0150041374 synchronous_release_0
0.102391 -0.0250000004 0.0209350611 0.0280485867 synchronous_release_0
0.059214 -0.0250000004 0.00519990232 -0.0346115734 asynchronous_release_0
0.128091 -0.0250000004 0.0273745507 0.0218090342 synchronous_release_0
0.118514 -0.0250000004 -0.032574453 0.0128025392 synchronous_release_1
0.145876 -0.0250000004 0.032574453 -0.0128025392 synchronous_release_2
0.107433 -0.0250000004 0.0343722745 0.00659899605 synchronous_release_1
0.13016 -0.0250000004 -0.0337426197 -0.00929707553 asynchronous_release_0
0.105802 -0.0250000004 0.0324916732 0.0130111941 synchronous_release_0
0.142513 -0.0250000004 0.029292841 -0.019155403 asynchronous_release_0
0.111794 -0.0250000004 0.0019426451 0.034946046 synchronous_release_0
0.107532 -0.0250000004 0.0336742958 0.00954158285 synchronous_release_0
0.109354 -0.0250000004 0.0263604752 -0.023024451 asynchronous_release_2
0.131634 -0.0250000004 -0.0214898008 -0.0276258658 asynchronous_release_0
0.176143 -0.0250000004 0.034669602 -0.00479778048 asynchronous_release_0
0.106224 -0.0250000004 0.0331126037 0.0113382307 synchronous_release_0
0.115057 -0.0250000004 -0.0110378508 -0.0332139406 asynchronous_release_0
0.192484 -0.0250000004 -0.00020136889 0.000979515477 asynchronous_release_0
0.105901 -0.0250000004 0.0342830417 0.00704791114 synchronous_release_1
0.092708 -0.0250000004 0.0224719706 0.0268330121 synchronous_release_0
0.181592 -0.0250000004 0.0206808121 0.0282365722 asynchronous_release_0
0.177208 -0.0250000004 0.0347939949 -0.00379182257 synchronous_release_0
0.134097 -0.0250000004 0.0304364648 0.0172806715 asynchronous_release_1
0.012918 -0.0250000004 0.031718245 0.0147970583 synchronous_release_0
0.143985 -0.0250000004 -0.0318476315 -0.0145164861 asynchronous_release_0
0.101472 -0.0250000004 0.0153337666 -0.0314622886 asynchronous_release_0
0.134866 -0.0250000004 0.0195802578 0.0290105757 synchronous_release_0
0.103846 -0.0250000004 0.0341065334 -0.00785775938 synchronous_release_0
0.102419 -0.0250000004 0.0317322777 -0.0147669413 synchronous_release_0
0.062472 -0.0250000004 -0.0265342301 -0.0228239924 asynchronous_release_0
0.03225 -0.0250000004 0.0265342301 0.0228239924 synchronous_release_0
0.161008 -0.0250000004 -0.0341355815 -0.00773059368 asynchronous_release_0
0.058802 -0.0250000004 0.0237626812 -0.0256969839 synchronous_release_0
0.112141 -0.0250000004 0.0341355815 0.00773059368 synchronous_release_1
0.075477 -0.0250000004 0.0327056112 0.0124636671 synchronous_release_0
0.106071 -0.0250000004 0.0271466579 -0.0220920566 synchronous_release_0
0.114893 -0.0250000004 0.00555895327 0.0345557237 synchronous_release_1
0.102836 -0.0250000004 0.0332311672 0.0109858786 synchronous_release_0
0.17984 -0.0250000004 0.0349108379 0.00249667748 asynchronous_release_1
0.190296 -0.0250000004 0.0348081948 -0.00365917692 asynchronous_release_0
0.173983 -0.0250000004 0.0142351572 -0.0319743694 synchronous_release_0
0.145163 -0.0250000004 -0.019519194 0.0290516964 asynchronous_release_0
0.11036 -0.0250000004 0.0328444152 0.0120931547 synchronous_release_0
0.072804 -0.0250000004 0.0312995332 0.0156633082 asynchronous_release_0
0.102076 -0.0250000004 -0.0294472726 0.0189171387 asynchronous_release_0
0.126834 -0.0250000004 0.00165908639 0.0349606555 asynchronous_release_0
0.106807 -0.0250000004 -0.000458386194 0.000888753114 synchronous_release_0
0.146535 -0.0250000004 0.031106359 0.0160435168 synchronous_release_1
0.1075 -0.0250000004 0.024856854 0.0246401463 synchronous_release_1
0.123217 -0.0250000004 0.0337674197 -0.00920659382 synchronous_release_1
0.104902 -0.0250000004 0.0349733953 0.00136441274 asynchronous_release_0
0.131049 -0.0250000004 0.0344428747 -0.00621999839 asynchronous_release_0
0.11657 -0.0250000004 -0.000908288015 0.00041834541 asynchronous_release_0
0.197346 -0.0250000004 -0.0252347365 0.0242530013 asynchronous_release_0
0.110116 -0.0250000004 0.00184867464 -0.0349511431 synchronous_release_0
0.164583 -0.0250000004 0.0299280331 0.0181469786 asynchronous_release_0
0.118396 -0.0250000004 0.0225667357 -0.0267533632 synchronous_release_0
0.103006 -0.0250000004 -0.0118857243 -0.032920048 synchronous_release_1
0.132092 -0.0250000004 -0.000241642139 0.000970365435 asynchronous_release_0
0.158312 -0.0250000004 0.0339627902 0.00845747487 asynchronous_release_4
0.177775 -0.0250000004 0.0330129928 0.0116250724 asynchronous_release_0
0.162666 -0.0250000004 0.0184028922 -0.0297713547 asynchronous_release_0
0.113789 -0.0250000004 0.0341162404 0.00781550644 synchronous_release_0
0.102425 -0.0250000004 0.0343417841 0.00675587613 synchronous_release_0
0.122342 -0.0250000004 0.0331781768 0.0111448904 asynchronous_release_0
0.104339 -0.0250000004 0.0594190235 -0.0120158084 synchronous_release_1
0.109506 -0.0250000004 0.0347964965 0.00376879746 synchronous_release_0
0.18119 -0.0250000004 0.0206621226 -0.0282502512 synchronous_release_0
0.108255 -0.0250000004 -0.0175068585 -0.0303069284 asynchronous_release_0
0.104601 -0.0250000004 0.0313940839 0.0154729279 asynchronous_release_0
0.115704 -0.0250000004 -0.000554379851 -0.000832263769 synchronous_release_0
0.090021 -0.0250000004 0.0592226142 0.0129492073 asynchronous_release_0
0.156346 -0.0250000004 -0.0219103242 0.0272935468 asynchronous_release_0
0.148574 -0.0250000004 0.0345920669 0.00532812394 synchronous_release_0
0.144905 -0.0250000004 -0.0345920669 -0.00532812394 synchronous_release_1
0.105854 -0.0250000004 -0.0143427725 -0.0319262412 asynchronous_release_0
0.102399 -0.0250000004 0.0256741391 0.0237873618 synchronous_release_1
0.124341 -0.0250000004 0.0277946519 0.0212710443 synchronous_release_1
0.178295 -0.0250000004 0.0193105524 -0.0291907959 asynchronous_release_0
0.0966 -0.0250000004 0.000313249992 -0.000949670702 asynchronous_release_0
0.113553 -0.0250000004 0.0071243515 0.0342672382 synchronous_release_0
0.132228 -0.0250000004 0.0219752913 -0.027241266 asynchronous_release_1
0.117304 -0.0250000004 0.00939595307 -0.0337152201 asynchronous_release_0
0.06408 -0.0250000004 0.0338962136 -0.008720476 synchronous_release_0
0.161391 -0.0250000004 0.0224382663 0.0268612026 asynchronous_release_0
0.135957 -0.0250000004 -0.0068462286 -0.0343238861 asynchronous_release_0
0.170537 -0.0250000004 0.0331484716 0.0112329351 asynchronous_release_0
0.133488 -0.0250000004 0.0337530466 -0.00925914938 asynchronous_release_0
0.12616 -0.0250000004 0.0345608266 -0.00552713924 asynchronous_release_0
0.160919 -0.0250000004 0.0220670563 0.0271669842 asynchronous_release_0
0.17884 -0.0250000004 0.021353684 0.0277312131 asynchronous_release_0
0.1063 -0.0250000004 0.013339093 -0.0323584393 synchronous_release_0
0.106609 -0.0250000004 0.000893661709 0.000448741295 asynchronous_release_0
0.163259 -0.0250000004 -0.00114775715 0.0349811757 asynchronous_release_0
0.142413 -0.0250000004 5.76488164e-05 0.0349999525 asynchronous_release_1
0.006197 -0.0250000004 -5.76488164e-05 -0.0349999525 synchronous_release_1
0.130151 -0.0250000004 0.0302820236 -0.0175499016 synchronous_release_1
0.052471 -0.0250000004 0.000526728511 0.0349960363 synchronous_release_0
0.181354 -0.0250000004 0.0331016375 0.0113702064 asynchronous_release_2
0.039589 -0.0250000004 0.0263977063 -0.0229817558 synchronous_release_0
0.178686 -0.0250000004 0.0251253211 -0.0243663341 asynchronous_release_0
0.098936 -0.0250000004 -0.00891520549 -0.0338455183 asynchronous_release_0
0.129428 -0.0250000004 0.0248534759 -0.0246435536 asynchronous_release_0
0.164063 -0.0250000004 -0.000704101531 -0.000710099312 asynchronous_release_0
0.110361 -0.0250000004 -0.0248534759 0.0246435536 synchronous_release_0
0.105095 -0.0250000004 0.00891520549 0.0338455183 synchronous_release_2
0.10387 -0.0250000004 0.0333535221 -0.010608608 synchronous_release_0
0.155606 -0.0250000004 0.0199645677 0.0287474527 asynchronous_release_0
0.040694 -0.0250000004 -0.0336866758 -0.00949778239 asynchronous_release_0
0.118195 -0.0250000004 0.00861801709 0.0339224082 asynchronous_release_0
0.054081 -0.0250000004 0.00566825313 -0.0345379633 asynchronous_release_0
0.132736 -0.0250000004 0.000353146584 0.000935568004 asynchronous_release_0
0.124564 -0.0250000004 0.00741792688 -0.034204888 asynchronous_release_0
0.102779 -0.0250000004 0.0320830714 0.0139884427 synchronous_release_0
0.162262 -0.0250000004 0.0299702849 0.0180771132 asynchronous_release_0
0.098429 -0.0250000004 0.00051648895 -0.000856293854 synchronous_release_0
0.106688 -0.0250000004 0.012784546 -0.032581519 synchronous_release_1
0.107067 -0.0250000004 0.0254356334 -0.0240422244 synchronous_release_0
0.157083 -0.0250000004 0.0335389938 0.0100067925 synchronous_release_1
0.110049 -0.0250000004 -0.00792149593 -0.0340917864 asynchronous_release_0
0.143971 -0.0250000004 0.034949297 -0.0018832526 asynchronous_release_0
0.141674 -0.0250000004 0.0191055931 0.0293253527 synchronous_release_0
0.079869 -0.0250000004 0.0333553817 -0.0106027595 asynchronous_release_0
0.119579 -0.0250000004 0.031127333 -0.0160027853 asynchronous_release_0
0.137199 -0.0250000004 0.0239702906 0.0255034345 synchronous_release_0
0.185635 -0.0250000004 0.000446880835 -0.000894593494 asynchronous_release_0
0.11889 -0.0250000004 0.00379830893 0.0347932874 synchronous_release_1
0.041942 -0.0250000004 -0.0326069825 -0.0127194611 asynchronous_release_0
0.067152 -0.0250000004 0.0326069825 0.0127194611 synchronous_release_0
0.073101 -0.0250000004 -0.000363413173 0.000931628072 synchronous_release_0
0.1059 -0.0250000004 0.00528811486 0.0345982058 synchronous_release_0
0.152254 -0.0250000004 -0.000955153809 0.000296110116 synchronous_release_0
0.111149 -0.0250000004 0.0237696342 -0.0256905526 synchronous_release_1
0.106848 -0.0250000004 0.0237462875 -0.0257121339 synchronous_release_0
0.153591 -0.0250000004 0.000520468624 0.03499613 asynchronous_release_0
0.172213 -0.0250000004 0.0267717272 -0.0225449467 asynchronous_release_0
0.015972 -0.0250000004 0.0329103602 0.0119125226 synchronous_release_0
0.112299 -0.0250000004 -0.030917359 -0.0164047832 asynchronous_release_0
0.057988 -0.0250000004 0.0250910413 0.0244016321 asynchronous_release_0
0.061068 -0.0250000004 -0.0250910413 -0.0244016321 asynchronous_release_0
0.087221 -0.0250000004 -0.00858691266 0.0339302952 asynchronous_release_0
0.188221 -0.0250000004 -0.0336779539 0.00952866308 asynchronous_release_0
0.143081 -0.0250000004 0.00858691266 -0.0339302952 asynchronous_release_1
0.083632 -0.0250000004 -0.000631136485 0.000775671797 asynchronous_release_0
0.05021 -0.0250000004 0.0349986899 0.000302833639 synchronous_release_1
0.100703 -0.0250000004 0.0285456153 0.0202521073 asynchronous_release_0
0.158224 -0.0250000004 0.0138338163 0.059022246 asynchronous_release_0
0.173868 -0.0250000004 -0.00076813608 0.000640286625 asynchronous_release_0
0.119266 -0.0250000004 0.0344879035 -0.00596527552 synchronous_release_0
0.138505 -0.0250000004 0.0112098777 -0.0331562761 asynchronous_release_0
0.109225 -0.0250000004 -0.0343191162 0.00687009921 synchronous_release_0
0.109256 -0.0250000004 -2.08763651e-05 -0.000999782065 synchronous_release_0
0.111578 -0.0250000004 -0.0110492457 0.0332101516 synchronous_release_1
0.179482 -0.0250000004 0.0273639643 -0.0218223156 asynchronous_release_0
0.076365 -0.0250000004 0.0341119627 -0.00783415617 asynchronous_release_0
0.082903 -0.0250000004 -0.00236613387 -0.0349199286 asynchronous_release_0
0.143402 -0.0250000004 0.0290584783 -0.0195090963 asynchronous_release_1
0.071136 -0.0250000004 0.0314246122 0.0154108322 asynchronous_release_2
0.132738 -0.0250000004 0.0202803996 -0.0285255217 asynchronous_release_0
0.02123 -0.0250000004 0.0258912158 0.0235509011 asynchronous_release_0
0.082343 -0.0250000004 -0.0258912158 -0.0235509011 synchronous_release_0
0.036317 -0.0250000004 0.0340738479 -0.00799830519 synchronous_release_0
0.030458 -0.0250000004 -0.0186085439 0.029643247 asynchronous_release_0
0.081284 -0.0250000004 -0.000186610765 0.0349995025 asynchronous_release_0
0.174873 -0.0250000004 0.0217947123 0.0273859547 asynchronous_release_0
0.107791 -0.0250000004 0.056409001 0.0222041575 synchronous_release_0
0.112643 -0.0250000004 0.0284054327 0.0204482614 asynchronous_release_0
0.125289 -0.0250000004 -0.00270984458 -0.0348949386 asynchronous_release_0
0.158418 -0.0250000004 -0.028864981 0.0197942636 asynchronous_release_1
0.123461 -0.0250000004 0.000186798922 0.000982398169 asynchronous_release_0
0.18577 -0.0250000004 -0.0343839359 0.00653796228 asynchronous_release_0
0.102494 -0.0250000004 0.0343839359 -0.00653796228 synchronous_release_0
0.104242 -0.0250000004 0.0572379453 0.0199704186 synchronous_release_0
0.142576 -0.0250000004 0.0349801311 -0.00117916405 synchronous_release_1
0.127574 -0.0250000004 0.0304759481 0.0172109439 asynchronous_release_1
0.103053 -0.0250000004 -0.0301430886 0.0177874733 synchronous_release_0
0.199758 -0.0250000004 -0.000976949805 -0.000213469151 asynchronous_release_0
0.191026 -0.0250000004 0.0349616951 -0.0016370328 synchronous_release_1
0.17098 -0.0250000004 -0.0288900392 -0.0197576729 asynchronous_release_0
0.08074 -0.0250000004 0.000873962586 0.000485993207 asynchronous_release_0
0.15872 -0.0250000004 0.0179857019 0.0300252315 asynchronous_release_0
0.11294 -0.0250000004 -0.000984802826 -0.000173676117 asynchronous_release_0
0.102523 -0.0250000004 0.0268109172 0.022498327 synchronous_release_0
0.100313 -0.0250000004 -0.0091899015 0.0337719663 asynchronous_release_0
0.190524 -0.0250000004 0.0338423315 -0.00892729501 synchronous_release_0
0.141195 -0.0250000004 0.0346771192 0.00474314268 asynchronous_release_0
0.013653 -0.0250000004 0.0325665181 0.0128227104 synchronous_release_1
0.128135 -0.0250000004 0.00517846613 0.0346147871 synchronous_release_1
0.081404 -0.0250000004 0.0342891828 -0.00701797267 asynchronous_release_0
0.063404 -0.0250000004 0.0341235506 -0.0501057211 asynchronous_release_0
0.144558 -0.0250000004 -0.0289285516 -0.0197012412 asynchronous_release_0
0.106957 -0.0250000004 0.0315260511 -0.01520224 synchronous_release_1
0.132632 -0.0250000004 0.0281334197 0.0208209197 synchronous_release_0
0.047908 -0.0250000004 0.0338733758 0.00880876891 synchronous_release_0
0.165936 -0.0250000004 -0.000534216149 0.00084534792 asynchronous_release_0
0.087024 -0.0250000004 0.0309861551 -0.0162744645 synchronous_release_1
0.127547 -0.0250000004 0.0295871772 0.0186975652 synchronous_release_1
0.074926 -0.0250000004 0.0217334155 -0.027434625 asynchronous_release_0
0.092122 -0.0250000004 0.0291420675 0.0193840115 synchronous_release_0
0.166205 -0.0250000004 0.0349195298 -0.0023720121 synchronous_release_1
0.099117 -0.0250000004 0.0305267448 0.0171206849 asynchronous_release_0
0.114511 -0.0250000004 0.00043642434 0.0349972789 asynchronous_release_0
0.106198 -0.0250000004 0.0300903205 -0.017876594 synchronous_release_1
0.189192 -0.0250000004 0.0507529924 -0.0331531863 asynchronous_release_0
0.120462 -0.0250000004 -0.0210379326 -0.0279715104 asynchronous_release_0
0.134742 -0.0250000004 0.0349888642 -0.000882825359 asynchronous_release_4
0.119912 -0.0250000004 0.0312873888 -0.0156875525 synchronous_release_0
0.012167 -0.0250000004 0.033154609 0.0112148073 synchronous_release_0
0.120978 -0.0250000004 -0.00866436887 -0.0339105988 asynchronous_release_0
0.13425 -0.0250000004 0.0336996245 0.00945173586 asynchronous_release_0
0.197923 -0.0250000004 -0.000270049596 0.000962846413 asynchronous_release_0
0.10205 -0.0250000004 0.0286658962 0.0200814939 synchronous_release_1
0.130073 -0.0250000004 -0.0140492822 0.0320564763 asynchronous_release_0
0.10588 -0.0250000004 0.0207370817 0.0281952734 synchronous_release_1
0.076452 -0.0250000004 -0.0332027266 -0.0110715376 asynchronous_release_0
0.097743 -0.0250000004 0.0332027266 0.0110715376 asynchronous_release_0
0.193726 -0.0250000004 0.00701313049 0.0342901735 asynchronous_release_0
0.112808 -0.0250000004 -0.000986028471 0.000166576871 asynchronous_release_0
0.173288 -0.0250000004 -0.00732778439 -0.0342243126 asynchronous_release_0
0.184072 -0.0250000004 0.0038469908 -0.0347879385 asynchronous_release_0
0.092051 -0.0250000004 0.0344388824 -0.00624206534 asynchronous_release_0
0.109626 -0.0250000004 0.0226252283 0.0267039144 synchronous_release_0
0.109775 -0.0250000004 0.0336690907 -0.00955993378 asynchronous_release_0
0.124522 -0.0250000004 0.0285330134 -0.0202698581 asynchronous_release_0
0.069356 -0.0250000004 0.0318207187 0.0145753854 synchronous_release_1
0.057954 -0.0250000004 0.0293514473 0.0190654803 asynchronous_release_0
0.142394 -0.0250000004 0.0297727154 0.0184006906 asynchronous_release_0
0.099004 -0.0250000004 0.0128826979 -0.0325428348 asynchronous_release_0
0.113552 -0.0250000004 0.0345919289 0.00532902033 synchronous_release_0
0.101545 -0.0250000004 0.0214577243 -0.0276507878 asynchronous_release_0
0.176359 -0.0250000004 0.000135929726 -0.000990718481 asynchronous_release_0
0.107437 -0.0250000004 0.0182457089 0.0298679445 asynchronous_release_1
0.128183 -0.0250000004 0.0113402312 0.0331119186 asynchronous_release_0
0.159935 -0.0250000004 0.0332988772 0.0107789043 synchronous_release_0
0.114416 -0.0250000004 -0.0332988772 -0.0107789043 synchronous_release_1
0.08802 -0.0250000004 0.0205692088 0.0283179739 synchronous_release_0
0.160308 -0.0250000004 -0.0322224106 0.0136644157 asynchronous_release_1
0.007008 -0.0250000004 0.000923251609 0.000384195871 synchronous_release_0
0.091233 -0.0250000004 0.0347203764 -0.00441536673 asynchronous_release_1
0.105386 -0.0250000004 0.0135363684 -0.0322764113 synchronous_release_0
0.096439 -0.0250000004 0.022194053 0.0270633333 synchronous_release_0
0.004819 -0.0250000004 0.0221111166 -0.0271311357 synchronous_release_0
0.172937 -0.0250000004 -0.00216389819 0.0605831457 asynchronous_release_0
0.102805 -0.0250000004 0.0349776955 0.0012493272 synchronous_release_0
0.110079 -0.0250000004 0.069955391 0.0024986544 synchronous_release_1
0.149031 -0.0250000004 0.0334624017 0.0102600034 synchronous_release_0
0.151324 -0.0250000004 0.0349903302 0.000822672251 asynchronous_release_0
0.196543 -0.0250000004 -0.0167827101 -0.030713851 asynchronous_release_0
0.144259 -0.0250000004 0.0150802501 0.0315845858 asynchronous_release_0
0.09399 -0.0250000004 -0.041208659 -0.0565848604 asynchronous_release_1
0.003313 -0.0250000004 0.000808355148 -0.000588695129 synchronous_release_0
0.161193 -0.0250000004 0.000864629424 0.0349893186 asynchronous_release_0
0.109473 -0.0250000004 0.00577501576 0.0345202722 synchronous_release_1
0.179369 -0.0250000004 0.0337341457 0.00932777658 asynchronous_release_0
0.124288 -0.0250000004 0.05867931 -0.0152229622 synchronous_release_0
0.122325 -0.0250000004 -0.000803004675 0.000595972728 asynchronous_release_0
0.182202 -0.0250000004 0.0347693084 -0.00401188148 asynchronous_release_0
0.105937 -0.0250000004 0.0139102629 -0.0321170451 synchronous_release_1
0.099154 -0.0250000004 0.000999828098 1.85411783e-05 synchronous_release_0
0.195984 -0.0250000004 0.0270765915 -0.0221778762 asynchronous_release_0
0.056275 -0.0250000004 0.0349320312 0.00218018258 synchronous_release_0
0.07039 -0.0250000004 0.0193541091 -0.0291619351 synchronous_release_0
0.049154 -0.0250000004 0.0349755332 0.00130846486 synchronous_release_0
0.063393 -0.0250000004 0.034946925 -0.00192676727 synchronous_release_1
0.087209 -0.0250000004 0.00097887325 0.000204467994 asynchronous_release_0
0.125453 -0.0250000004 0.0332487084 -0.0109326752 synchronous_release_2
0.021837 -0.0250000004 -0.0183816807 0.0297844559 asynchronous_release_0
0.098457 -0.0250000004 0.000914923298 -0.000403627748 asynchronous_release_1
0.082485 -0.0250000004 0.0347956242 0.00377684178 synchronous_release_0
0.147288 -0.0250000004 -0.0342142701 -0.00737453177 asynchronous_release_0
0.17227 -0.0250000004 -0.0322427706 0.0136163044 asynchronous_release_0
0.171258 -0.0250000004 0.0226288542 0.0267008419 asynchronous_release_0
0.110963 -0.0250000004 0.0338619743 -0.00885249669 synchronous_release_0
0.105017 -0.0250000004 0.0245974742 0.0248990816 synchronous_release_1
0.157139 -0.0250000004 -0.0338619743 0.00885249669 synchronous_release_1
0.142055 -0.0250000004 0.0349037959 -0.00259326695 asynchronous_release_0
0.032377 -0.0250000004 -0.0152060629 0.0315242074 synchronous_release_0
0.126162 -0.0250000004 0.019697733 0.0289309404 synchronous_release_1
0.14444 -0.0250000004 -0.0299406155 -0.0181262115 asynchronous_release_0
0.183765 -0.0250000004 0.000481892225 0.000876230497 asynchronous_release_0
0.085437 -0.0250000004 0.0324170939 0.0131959094 asynchronous_release_0
0.162872 -0.0250000004 0.0244482626 0.0250456075 asynchronous_release_1
0.132243 -0.0250000004 -0.00446886427 0.0347135313 asynchronous_release_0
0.107301 -0.0250000004 0.0278283678 0.0212269156 synchronous_release_0
0.18254 -0.0250000004 -0.0322972321 0.0134866156 synchronous_release_0
0.049461 -0.0250000004 -0.0250949203 -0.0243976428 asynchronous_release_0
0.082585 -0.0250000004 -0.00858151826 0.0339316599 asynchronous_release_0
0.133084 -0.0250000004 0.0183339051 0.0298138881 synchronous_release_0
0.134713 -0.0250000004 0.016652632 -0.0307845716 synchronous_release_0
0.131129 -0.0250000004 0.034986537 -0.000970683492 synchronous_release_1
0.013596 -0.0250000004 0.0231471186 -0.0262528265 asynchronous_release_0
0.15113 -0.0250000004 -0.0231471186 0.0262528265 asynchronous_release_0
0.102584 -0.0250000004 0.034309174 0.00691957945 synchronous_release_0
0.10924 -0.0250000004 0.0223241108 0.066344812 synchronous_release_0
0.064898 -0.0250000004 0.0332238436 0.0110080069 asynchronous_release_0
0.155304 -0.0250000004 0.00913918284 0.0337857268 asynchronous_release_0
0.051744 -0.0250000004 0.0264141252 0.0229628829 asynchronous_release_0
0.128658 -0.0250000004 0.000325538912 0.000945528644 asynchronous_release_1
0.103753 -0.0250000004 0.0349535071 0.00180342584 synchronous_release_0
0.094233 -0.0250000004 -0.0190385661 0.0293689121 synchronous_release_1
0.102232 -0.0250000004 0.0699070141 0.00360685169 synchronous_release_1
