#Seconds VDCC_Ca_flux
0 0
1e-05 0
2e-05 0
3e-05 0
4e-05 0
5e-05 0
6e-05 0
7e-05 0
8e-05 0
9e-05 0
0.0001 0
0.00011 0
0.00012 0
0.00013 0
0.00014 0
0.00015 0
0.00016 0
0.00017 0
0.00018 0
0.00019 0
0.0002 0
0.00021 0
0.00022 0
0.00023 0
0.00024 0
0.00025 0
0.00026 0
0.00027 0
0.00028 0
0.00029 0
0.0003 0
0.00031 0
0.00032 0
0.00033 0
0.00034 0
0.00035 0
0.00036 0
0.00037 0
0.00038 0
0.00039 0
0.0004 0
0.00041 0
0.00042 0
0.00043 0
0.00044 0
0.00045 0
0.00046 0
0.00047 0
0.00048 0
0.00049 0
0.0005 0
0.00051 0
0.00052 0
0.00053 0
0.00054 0
0.00055 0
0.00056 0
0.00057 0
0.00058 0
0.00059 0
0.0006 0
0.00061 0
0.00062 0
0.00063 0
0.00064 0
0.00065 0
0.00066 0
0.00067 0
0.00068 0
0.00069 0
0.0007 0
0.00071 0
0.00072 0
0.00073 0
0.00074 0
0.00075 0
0.00076 0
0.00077 0
0.00078 0
0.00079 0
0.0008 0
0.00081 0
0.00082 0
0.00083 0
0.00084 0
0.00085 0
0.00086 0
0.00087 0
0.00088 0
0.00089 0
0.0009 0
0.00091 0
0.00092 0
0.00093 0
0.00094 0
0.00095 0
0.00096 0
0.00097 0
0.00098 0
0.00099 0
0.001 0
0.00101 0
0.00102 0
0.00103 0
0.00104 0
0.00105 0
0.00106 0
0.00107 0
0.00108 0
0.00109 0
0.0011 0
0.00111 0
0.00112 0
0.00113 0
0.00114 0
0.00115 0
0.00116 0
0.00117 0
0.00118 0
0.00119 0
0.0012 0
0.00121 0
0.00122 0
0.00123 0
0.00124 0
0.00125 0
0.00126 0
0.00127 0
0.00128 0
0.00129 0
0.0013 0
0.00131 0
0.00132 0
0.00133 0
0.00134 0
0.00135 0
0.00136 0
0.00137 0
0.00138 0
0.00139 0
0.0014 0
0.00141 0
0.00142 0
0.00143 0
0.00144 0
0.00145 0
0.00146 0
0.00147 0
0.00148 0
0.00149 0
0.0015 0
0.00151 0
0.00152 0
0.00153 0
0.00154 0
0.00155 0
0.00156 0
0.00157 0
0.00158 0
0.00159 0
0.0016 0
0.00161 0
0.00162 0
0.00163 0
0.00164 0
0.00165 0
0.00166 0
0.00167 0
0.00168 0
0.00169 0
0.0017 0
0.00171 0
0.00172 0
0.00173 0
0.00174 0
0.00175 0
0.00176 0
0.00177 0
0.00178 0
0.00179 0
0.0018 0
0.00181 0
0.00182 0
0.00183 0
0.00184 0
0.00185 0
0.00186 0
0.00187 0
0.00188 0
0.00189 0
0.0019 0
0.00191 0
0.00192 0
0.00193 0
0.00194 1
0.00195 1
0.00196 1
0.00197 3
0.00198 4
0.00199 8
0.002 12
0.00201 14
0.00202 15
0.00203 18
0.00204 20
0.00205 22
0.00206 23
0.00207 24
0.00208 26
0.00209 31
0.0021 33
0.00211 39
0.00212 42
0.00213 45
0.00214 53
0.00215 60
0.00216 69
0.00217 75
0.00218 80
0.00219 85
0.0022 87
0.00221 89
0.00222 98
0.00223 112
0.00224 123
0.00225 136
0.00226 148
0.00227 155
0.00228 162
0.00229 174
0.0023 183
0.00231 194
0.00232 206
0.00233 213
0.00234 225
0.00235 237
0.00236 246
0.00237 260
0.00238 275
0.00239 293
0.0024 310
0.00241 323
0.00242 344
0.00243 367
0.00244 382
0.00245 394
0.00246 417
0.00247 437
0.00248 458
0.00249 478
0.0025 495
0.00251 518
0.00252 541
0.00253 568
0.00254 593
0.00255 619
0.00256 656
0.00257 688
0.00258 730
0.00259 761
0.0026 803
0.00261 832
0.00262 870
0.00263 906
0.00264 952
0.00265 994
0.00266 1043
0.00267 1102
0.00268 1160
0.00269 1210
0.0027 1269
0.00271 1336
0.00272 1395
0.00273 1454
0.00274 1519
0.00275 1594
0.00276 1663
0.00277 1726
0.00278 1789
0.00279 1871
0.0028 1949
0.00281 2007
0.00282 2076
0.00283 2153
0.00284 2231
0.00285 2305
0.00286 2381
0.00287 2471
0.00288 2554
0.00289 2652
0.0029 2739
0.00291 2819
0.00292 2895
0.00293 3002
0.00294 3088
0.00295 3175
0.00296 3266
0.00297 3351
0.00298 3462
0.00299 3557
0.003 3665
0.00301 3749
0.00302 3840
0.00303 3915
0.00304 4004
0.00305 4103
0.00306 4196
0.00307 4283
0.00308 4400
0.00309 4490
0.0031 4588
0.00311 4698
0.00312 4770
0.00313 4852
0.00314 4939
0.00315 5025
0.00316 5112
0.00317 5192
0.00318 5270
0.00319 5349
0.0032 5417
0.00321 5494
0.00322 5570
0.00323 5643
0.00324 5719
0.00325 5788
0.00326 5831
0.00327 5888
0.00328 5948
0.00329 6012
0.0033 6076
0.00331 6126
0.00332 6173
0.00333 6230
0.00334 6264
0.00335 6298
0.00336 6339
0.00337 6373
0.00338 6392
0.00339 6421
0.0034 6441
0.00341 6461
0.00342 6485
0.00343 6507
0.00344 6529
0.00345 6550
0.00346 6565
0.00347 6587
0.00348 6607
0.00349 6626
0.0035 6645
0.00351 6661
0.00352 6678
0.00353 6696
0.00354 6719
0.00355 6732
0.00356 6747
0.00357 6763
0.00358 6773
0.00359 6786
0.0036 6803
0.00361 6816
0.00362 6824
0.00363 6835
0.00364 6843
0.00365 6855
0.00366 6862
0.00367 6867
0.00368 6878
0.00369 6882
0.0037 6886
0.00371 6887
0.00372 6893
0.00373 6893
0.00374 6895
0.00375 6898
0.00376 6902
0.00377 6902
0.00378 6902
0.00379 6902
0.0038 6902
0.00381 6902
0.00382 6902
0.00383 6902
0.00384 6902
0.00385 6902
0.00386 6902
0.00387 6902
0.00388 6902
0.00389 6902
0.0039 6902
0.00391 6902
0.00392 6902
0.00393 6902
0.00394 6902
0.00395 6902
0.00396 6902
0.00397 6902
0.00398 6902
0.00399 6902
0.004 6902
0.00401 6902
0.00402 6902
0.00403 6902
0.00404 6902
0.00405 6902
0.00406 6902
0.00407 6902
0.00408 6902
0.00409 6902
0.0041 6902
0.00411 6902
0.00412 6902
0.00413 6902
0.00414 6902
0.00415 6902
0.00416 6902
0.00417 6902
0.00418 6902
0.00419 6902
0.0042 6902
0.00421 6902
0.00422 6902
0.00423 6902
0.00424 6902
0.00425 6902
0.00426 6902
0.00427 6902
0.00428 6902
0.00429 6902
0.0043 6902
0.00431 6902
0.00432 6902
0.00433 6902
0.00434 6902
0.00435 6902
0.00436 6902
0.00437 6902
0.00438 6902
0.00439 6902
0.0044 6902
0.00441 6902
0.00442 6902
0.00443 6902
0.00444 6902
0.00445 6902
0.00446 6902
0.00447 6902
0.00448 6902
0.00449 6902
0.0045 6902
0.00451 6902
0.00452 6902
0.00453 6902
0.00454 6902
0.00455 6902
0.00456 6902
0.00457 6902
0.00458 6902
0.00459 6902
0.0046 6902
0.00461 6902
0.00462 6902
0.00463 6902
0.00464 6902
0.00465 6902
0.00466 6902
0.00467 6902
0.00468 6902
0.00469 6902
0.0047 6902
0.00471 6902
0.00472 6902
0.00473 6902
0.00474 6902
0.00475 6902
0.00476 6902
0.00477 6902
0.00478 6902
0.00479 6902
0.0048 6902
0.00481 6902
0.00482 6902
0.00483 6902
0.00484 6902
0.00485 6902
0.00486 6902
0.00487 6902
0.00488 6902
0.00489 6902
0.0049 6902
0.00491 6902
0.00492 6902
0.00493 6902
0.00494 6902
0.00495 6902
0.00496 6902
0.00497 6902
0.00498 6902
0.00499 6902
0.005 6902
0.00501 6902
0.00502 6902
0.00503 6902
0.00504 6902
0.00505 6902
0.00506 6902
0.00507 6902
0.00508 6902
0.00509 6902
0.0051 6902
0.00511 6902
0.00512 6902
0.00513 6902
0.00514 6902
0.00515 6902
0.00516 6902
0.00517 6902
0.00518 6902
0.00519 6902
0.0052 6902
0.00521 6902
0.00522 6902
0.00523 6902
0.00524 6902
0.00525 6902
0.00526 6902
0.00527 6902
0.00528 6902
0.00529 6902
0.0053 6902
0.00531 6902
0.00532 6902
0.00533 6902
0.00534 6902
0.00535 6902
0.00536 6902
0.00537 6902
0.00538 6902
0.00539 6902
0.0054 6902
0.00541 6902
0.00542 6902
0.00543 6902
0.00544 6902
0.00545 6902
0.00546 6902
0.00547 6902
0.00548 6902
0.00549 6902
0.0055 6902
0.00551 6902
0.00552 6902
0.00553 6902
0.00554 6902
0.00555 6902
0.00556 6902
0.00557 6902
0.00558 6902
0.00559 6902
0.0056 6902
0.00561 6902
0.00562 6902
0.00563 6902
0.00564 6902
0.00565 6902
0.00566 6902
0.00567 6902
0.00568 6902
0.00569 6902
0.0057 6902
0.00571 6902
0.00572 6902
0.00573 6902
0.00574 6902
0.00575 6902
0.00576 6902
0.00577 6902
0.00578 6902
0.00579 6902
0.0058 6902
0.00581 6902
0.00582 6902
0.00583 6902
0.00584 6902
0.00585 6902
0.00586 6902
0.00587 6902
0.00588 6902
0.00589 6902
0.0059 6902
0.00591 6902
0.00592 6902
0.00593 6902
0.00594 6902
0.00595 6902
0.00596 6902
0.00597 6902
0.00598 6902
0.00599 6902
0.006 6902
0.00601 6902
0.00602 6902
0.00603 6902
0.00604 6902
0.00605 6902
0.00606 6902
0.00607 6902
0.00608 6902
0.00609 6902
0.0061 6902
0.00611 6902
0.00612 6902
0.00613 6902
0.00614 6902
0.00615 6902
0.00616 6902
0.00617 6902
0.00618 6902
0.00619 6902
0.0062 6902
0.00621 6902
0.00622 6902
0.00623 6902
0.00624 6902
0.00625 6902
0.00626 6902
0.00627 6902
0.00628 6902
0.00629 6902
0.0063 6902
0.00631 6902
0.00632 6902
0.00633 6902
0.00634 6902
0.00635 6902
0.00636 6902
0.00637 6902
0.00638 6902
0.00639 6902
0.0064 6902
0.00641 6902
0.00642 6902
0.00643 6902
0.00644 6902
0.00645 6902
0.00646 6902
0.00647 6902
0.00648 6902
0.00649 6902
0.0065 6902
0.00651 6902
0.00652 6902
0.00653 6902
0.00654 6902
0.00655 6902
0.00656 6902
0.00657 6902
0.00658 6902
0.00659 6902
0.0066 6902
0.00661 6902
0.00662 6902
0.00663 6902
0.00664 6902
0.00665 6902
0.00666 6902
0.00667 6902
0.00668 6902
0.00669 6902
0.0067 6902
0.00671 6902
0.00672 6902
0.00673 6902
0.00674 6902
0.00675 6902
0.00676 6902
0.00677 6902
0.00678 6902
0.00679 6902
0.0068 6902
0.00681 6902
0.00682 6902
0.00683 6902
0.00684 6902
0.00685 6902
0.00686 6902
0.00687 6902
0.00688 6902
0.00689 6902
0.0069 6902
0.00691 6902
0.00692 6902
0.00693 6902
0.00694 6902
0.00695 6902
0.00696 6902
0.00697 6902
0.00698 6902
0.00699 6902
0.007 6902
0.00701 6902
0.00702 6902
0.00703 6902
0.00704 6902
0.00705 6902
0.00706 6902
0.00707 6902
0.00708 6902
0.00709 6902
0.0071 6902
0.00711 6902
0.00712 6902
0.00713 6902
0.00714 6902
0.00715 6902
0.00716 6902
0.00717 6902
0.00718 6902
0.00719 6902
0.0072 6902
0.00721 6902
0.00722 6902
0.00723 6902
0.00724 6902
0.00725 6902
0.00726 6902
0.00727 6902
0.00728 6902
0.00729 6902
0.0073 6902
0.00731 6902
0.00732 6902
0.00733 6902
0.00734 6902
0.00735 6902
0.00736 6902
0.00737 6902
0.00738 6902
0.00739 6902
0.0074 6902
0.00741 6902
0.00742 6902
0.00743 6902
0.00744 6902
0.00745 6902
0.00746 6902
0.00747 6902
0.00748 6902
0.00749 6902
0.0075 6902
0.00751 6902
0.00752 6902
0.00753 6902
0.00754 6902
0.00755 6902
0.00756 6902
0.00757 6902
0.00758 6902
0.00759 6902
0.0076 6902
0.00761 6902
0.00762 6902
0.00763 6902
0.00764 6902
0.00765 6902
0.00766 6902
0.00767 6902
0.00768 6902
0.00769 6902
0.0077 6902
0.00771 6902
0.00772 6902
0.00773 6902
0.00774 6902
0.00775 6902
0.00776 6902
0.00777 6902
0.00778 6902
0.00779 6902
0.0078 6902
0.00781 6902
0.00782 6902
0.00783 6902
0.00784 6902
0.00785 6902
0.00786 6902
0.00787 6902
0.00788 6902
0.00789 6902
0.0079 6902
0.00791 6902
0.00792 6902
0.00793 6902
0.00794 6902
0.00795 6902
0.00796 6902
0.00797 6902
0.00798 6902
0.00799 6902
0.008 6902
0.00801 6902
0.00802 6902
0.00803 6902
0.00804 6902
0.00805 6902
0.00806 6902
0.00807 6902
0.00808 6902
0.00809 6902
0.0081 6902
0.00811 6902
0.00812 6902
0.00813 6902
0.00814 6902
0.00815 6902
0.00816 6902
0.00817 6902
0.00818 6902
0.00819 6902
0.0082 6902
0.00821 6902
0.00822 6902
0.00823 6902
0.00824 6902
0.00825 6902
0.00826 6902
0.00827 6902
0.00828 6902
0.00829 6902
0.0083 6902
0.00831 6902
0.00832 6902
0.00833 6902
0.00834 6902
0.00835 6902
0.00836 6902
0.00837 6902
0.00838 6902
0.00839 6902
0.0084 6902
0.00841 6902
0.00842 6902
0.00843 6902
0.00844 6902
0.00845 6902
0.00846 6902
0.00847 6902
0.00848 6902
0.00849 6902
0.0085 6902
0.00851 6902
0.00852 6902
0.00853 6902
0.00854 6902
0.00855 6902
0.00856 6902
0.00857 6902
0.00858 6902
0.00859 6902
0.0086 6902
0.00861 6902
0.00862 6902
0.00863 6902
0.00864 6902
0.00865 6902
0.00866 6902
0.00867 6902
0.00868 6902
0.00869 6902
0.0087 6902
0.00871 6902
0.00872 6902
0.00873 6902
0.00874 6902
0.00875 6902
0.00876 6902
0.00877 6902
0.00878 6902
0.00879 6902
0.0088 6902
0.00881 6902
0.00882 6902
0.00883 6902
0.00884 6902
0.00885 6902
0.00886 6902
0.00887 6902
0.00888 6902
0.00889 6902
0.0089 6902
0.00891 6902
0.00892 6902
0.00893 6902
0.00894 6902
0.00895 6902
0.00896 6902
0.00897 6902
0.00898 6902
0.00899 6902
0.009 6902
0.00901 6902
0.00902 6902
0.00903 6902
0.00904 6902
0.00905 6902
0.00906 6902
0.00907 6902
0.00908 6902
0.00909 6902
0.0091 6902
0.00911 6902
0.00912 6902
0.00913 6902
0.00914 6902
0.00915 6902
0.00916 6902
0.00917 6902
0.00918 6902
0.00919 6902
0.0092 6902
0.00921 6902
0.00922 6902
0.00923 6902
0.00924 6902
0.00925 6902
0.00926 6902
0.00927 6902
0.00928 6902
0.00929 6902
0.0093 6902
0.00931 6902
0.00932 6902
0.00933 6902
0.00934 6902
0.00935 6902
0.00936 6902
0.00937 6902
0.00938 6902
0.00939 6902
0.0094 6902
0.00941 6902
0.00942 6902
0.00943 6902
0.00944 6902
0.00945 6902
0.00946 6902
0.00947 6902
0.00948 6902
0.00949 6902
0.0095 6902
0.00951 6902
0.00952 6902
0.00953 6902
0.00954 6902
0.00955 6902
0.00956 6902
0.00957 6902
0.00958 6902
0.00959 6902
0.0096 6902
0.00961 6902
0.00962 6902
0.00963 6902
0.00964 6902
0.00965 6902
0.00966 6902
0.00967 6902
0.00968 6902
0.00969 6902
0.0097 6902
0.00971 6902
0.00972 6902
0.00973 6902
0.00974 6902
0.00975 6902
0.00976 6902
0.00977 6902
0.00978 6902
0.00979 6902
0.0098 6902
0.00981 6902
0.00982 6902
0.00983 6902
0.00984 6902
0.00985 6902
0.00986 6902
0.00987 6902
0.00988 6902
0.00989 6902
0.0099 6902
0.00991 6902
0.00992 6902
0.00993 6902
0.00994 6902
0.00995 6902
0.00996 6902
0.00997 6902
0.00998 6902
0.00999 6902
0.01 6902
0.01001 6902
0.01002 6902
0.01003 6902
0.01004 6902
0.01005 6902
0.01006 6902
0.01007 6902
0.01008 6902
0.01009 6902
0.0101 6902
0.01011 6902
0.01012 6902
0.01013 6902
0.01014 6902
0.01015 6902
0.01016 6902
0.01017 6902
0.01018 6902
0.01019 6902
0.0102 6902
0.01021 6902
0.01022 6902
0.01023 6902
0.01024 6902
0.01025 6902
0.01026 6902
0.01027 6902
0.01028 6902
0.01029 6902
0.0103 6902
0.01031 6902
0.01032 6902
0.01033 6902
0.01034 6902
0.01035 6902
0.01036 6902
0.01037 6902
0.01038 6902
0.01039 6902
0.0104 6902
0.01041 6902
0.01042 6902
0.01043 6902
0.01044 6902
0.01045 6902
0.01046 6902
0.01047 6902
0.01048 6902
0.01049 6902
0.0105 6902
0.01051 6902
0.01052 6902
0.01053 6902
0.01054 6902
0.01055 6902
0.01056 6902
0.01057 6902
0.01058 6902
0.01059 6902
0.0106 6902
0.01061 6902
0.01062 6902
0.01063 6902
0.01064 6902
0.01065 6902
0.01066 6902
0.01067 6902
0.01068 6902
0.01069 6902
0.0107 6902
0.01071 6902
0.01072 6902
0.01073 6902
0.01074 6902
0.01075 6902
0.01076 6902
0.01077 6902
0.01078 6902
0.01079 6902
0.0108 6902
0.01081 6902
0.01082 6902
0.01083 6902
0.01084 6902
0.01085 6902
0.01086 6902
0.01087 6902
0.01088 6902
0.01089 6902
0.0109 6902
0.01091 6902
0.01092 6902
0.01093 6902
0.01094 6902
0.01095 6902
0.01096 6902
0.01097 6902
0.01098 6902
0.01099 6902
0.011 6902
0.01101 6902
0.01102 6902
0.01103 6902
0.01104 6902
0.01105 6902
0.01106 6902
0.01107 6902
0.01108 6902
0.01109 6902
0.0111 6902
0.01111 6902
0.01112 6902
0.01113 6902
0.01114 6902
0.01115 6902
0.01116 6902
0.01117 6902
0.01118 6902
0.01119 6902
0.0112 6902
0.01121 6902
0.01122 6902
0.01123 6902
0.01124 6902
0.01125 6902
0.01126 6902
0.01127 6902
0.01128 6902
0.01129 6902
0.0113 6902
0.01131 6902
0.01132 6902
0.01133 6902
0.01134 6902
0.01135 6902
0.01136 6902
0.01137 6902
0.01138 6902
0.01139 6902
0.0114 6902
0.01141 6902
0.01142 6902
0.01143 6902
0.01144 6902
0.01145 6902
0.01146 6902
0.01147 6902
0.01148 6902
0.01149 6902
0.0115 6902
0.01151 6902
0.01152 6902
0.01153 6902
0.01154 6902
0.01155 6902
0.01156 6902
0.01157 6902
0.01158 6902
0.01159 6902
0.0116 6902
0.01161 6902
0.01162 6902
0.01163 6902
0.01164 6902
0.01165 6902
0.01166 6902
0.01167 6902
0.01168 6902
0.01169 6902
0.0117 6902
0.01171 6902
0.01172 6902
0.01173 6902
0.01174 6902
0.01175 6902
0.01176 6902
0.01177 6902
0.01178 6902
0.01179 6902
0.0118 6902
0.01181 6902
0.01182 6902
0.01183 6902
0.01184 6902
0.01185 6902
0.01186 6902
0.01187 6902
0.01188 6902
0.01189 6902
0.0119 6902
0.01191 6902
0.01192 6902
0.01193 6902
0.01194 6902
0.01195 6902
0.01196 6902
0.01197 6902
0.01198 6902
0.01199 6902
0.012 6902
0.01201 6902
0.01202 6902
0.01203 6902
0.01204 6902
0.01205 6902
0.01206 6902
0.01207 6902
0.01208 6902
0.01209 6902
0.0121 6902
0.01211 6902
0.01212 6902
0.01213 6902
0.01214 6902
0.01215 6902
0.01216 6902
0.01217 6902
0.01218 6902
0.01219 6902
0.0122 6902
0.01221 6902
0.01222 6902
0.01223 6902
0.01224 6902
0.01225 6902
0.01226 6902
0.01227 6902
0.01228 6902
0.01229 6902
0.0123 6902
0.01231 6902
0.01232 6902
0.01233 6902
0.01234 6902
0.01235 6902
0.01236 6902
0.01237 6902
0.01238 6902
0.01239 6902
0.0124 6902
0.01241 6902
0.01242 6902
0.01243 6902
0.01244 6902
0.01245 6902
0.01246 6902
0.01247 6902
0.01248 6902
0.01249 6902
0.0125 6902
0.01251 6902
0.01252 6902
0.01253 6902
0.01254 6902
0.01255 6902
0.01256 6902
0.01257 6902
0.01258 6902
0.01259 6902
0.0126 6902
0.01261 6902
0.01262 6902
0.01263 6902
0.01264 6902
0.01265 6902
0.01266 6902
0.01267 6902
0.01268 6902
0.01269 6902
0.0127 6902
0.01271 6902
0.01272 6902
0.01273 6902
0.01274 6902
0.01275 6902
0.01276 6902
0.01277 6902
0.01278 6902
0.01279 6902
0.0128 6902
0.01281 6902
0.01282 6902
0.01283 6902
0.01284 6902
0.01285 6902
0.01286 6902
0.01287 6902
0.01288 6902
0.01289 6902
0.0129 6902
0.01291 6902
0.01292 6902
0.01293 6902
0.01294 6902
0.01295 6902
0.01296 6902
0.01297 6902
0.01298 6902
0.01299 6902
0.013 6902
0.01301 6902
0.01302 6902
0.01303 6902
0.01304 6902
0.01305 6902
0.01306 6902
0.01307 6902
0.01308 6902
0.01309 6902
0.0131 6902
0.01311 6902
0.01312 6902
0.01313 6902
0.01314 6902
0.01315 6902
0.01316 6902
0.01317 6902
0.01318 6902
0.01319 6902
0.0132 6902
0.01321 6902
0.01322 6902
0.01323 6902
0.01324 6902
0.01325 6902
0.01326 6902
0.01327 6902
0.01328 6902
0.01329 6902
0.0133 6902
0.01331 6902
0.01332 6902
0.01333 6902
0.01334 6902
0.01335 6902
0.01336 6902
0.01337 6902
0.01338 6902
0.01339 6902
0.0134 6902
0.01341 6902
0.01342 6902
0.01343 6902
0.01344 6902
0.01345 6902
0.01346 6902
0.01347 6902
0.01348 6902
0.01349 6902
0.0135 6902
0.01351 6902
0.01352 6902
0.01353 6902
0.01354 6902
0.01355 6902
0.01356 6902
0.01357 6902
0.01358 6902
0.01359 6902
0.0136 6902
0.01361 6902
0.01362 6902
0.01363 6902
0.01364 6902
0.01365 6902
0.01366 6902
0.01367 6902
0.01368 6902
0.01369 6902
0.0137 6902
0.01371 6902
0.01372 6902
0.01373 6902
0.01374 6902
0.01375 6902
0.01376 6902
0.01377 6902
0.01378 6902
0.01379 6902
0.0138 6902
0.01381 6902
0.01382 6902
0.01383 6902
0.01384 6902
0.01385 6902
0.01386 6902
0.01387 6902
0.01388 6902
0.01389 6902
0.0139 6902
0.01391 6902
0.01392 6902
0.01393 6902
0.01394 6902
0.01395 6902
0.01396 6902
0.01397 6902
0.01398 6902
0.01399 6902
0.014 6902
0.01401 6902
0.01402 6902
0.01403 6902
0.01404 6902
0.01405 6902
0.01406 6902
0.01407 6902
0.01408 6902
0.01409 6902
0.0141 6902
0.01411 6902
0.01412 6902
0.01413 6902
0.01414 6902
0.01415 6902
0.01416 6902
0.01417 6902
0.01418 6902
0.01419 6902
0.0142 6902
0.01421 6902
0.01422 6902
0.01423 6902
0.01424 6902
0.01425 6902
0.01426 6902
0.01427 6902
0.01428 6902
0.01429 6902
0.0143 6902
0.01431 6902
0.01432 6902
0.01433 6902
0.01434 6902
0.01435 6902
0.01436 6902
0.01437 6902
0.01438 6902
0.01439 6902
0.0144 6902
0.01441 6902
0.01442 6902
0.01443 6902
0.01444 6902
0.01445 6902
0.01446 6902
0.01447 6902
0.01448 6902
0.01449 6902
0.0145 6902
0.01451 6902
0.01452 6902
0.01453 6902
0.01454 6902
0.01455 6902
0.01456 6902
0.01457 6902
0.01458 6902
0.01459 6902
0.0146 6902
0.01461 6902
0.01462 6902
0.01463 6902
0.01464 6902
0.01465 6902
0.01466 6902
0.01467 6902
0.01468 6902
0.01469 6902
0.0147 6902
0.01471 6902
0.01472 6902
0.01473 6902
0.01474 6902
0.01475 6902
0.01476 6902
0.01477 6902
0.01478 6902
0.01479 6902
0.0148 6902
0.01481 6902
0.01482 6902
0.01483 6902
0.01484 6902
0.01485 6902
0.01486 6902
0.01487 6902
0.01488 6902
0.01489 6902
0.0149 6902
0.01491 6902
0.01492 6902
0.01493 6902
0.01494 6902
0.01495 6902
0.01496 6902
0.01497 6902
0.01498 6902
0.01499 6902
0.015 6902
0.01501 6902
0.01502 6902
0.01503 6902
0.01504 6902
0.01505 6902
0.01506 6902
0.01507 6902
0.01508 6902
0.01509 6902
0.0151 6902
0.01511 6902
0.01512 6902
0.01513 6902
0.01514 6902
0.01515 6902
0.01516 6902
0.01517 6902
0.01518 6902
0.01519 6902
0.0152 6902
0.01521 6902
0.01522 6902
0.01523 6902
0.01524 6902
0.01525 6902
0.01526 6902
0.01527 6902
0.01528 6902
0.01529 6902
0.0153 6902
0.01531 6902
0.01532 6902
0.01533 6902
0.01534 6902
0.01535 6902
0.01536 6902
0.01537 6902
0.01538 6902
0.01539 6902
0.0154 6902
0.01541 6902
0.01542 6902
0.01543 6902
0.01544 6902
0.01545 6902
0.01546 6902
0.01547 6902
0.01548 6902
0.01549 6902
0.0155 6902
0.01551 6902
0.01552 6902
0.01553 6902
0.01554 6902
0.01555 6902
0.01556 6902
0.01557 6902
0.01558 6902
0.01559 6902
0.0156 6902
0.01561 6902
0.01562 6902
0.01563 6902
0.01564 6902
0.01565 6902
0.01566 6902
0.01567 6902
0.01568 6902
0.01569 6902
0.0157 6902
0.01571 6902
0.01572 6902
0.01573 6902
0.01574 6902
0.01575 6902
0.01576 6902
0.01577 6902
0.01578 6902
0.01579 6902
0.0158 6902
0.01581 6902
0.01582 6902
0.01583 6902
0.01584 6902
0.01585 6902
0.01586 6902
0.01587 6902
0.01588 6902
0.01589 6902
0.0159 6902
0.01591 6902
0.01592 6902
0.01593 6902
0.01594 6902
0.01595 6902
0.01596 6902
0.01597 6902
0.01598 6902
0.01599 6902
0.016 6902
0.01601 6902
0.01602 6902
0.01603 6902
0.01604 6902
0.01605 6902
0.01606 6902
0.01607 6902
0.01608 6902
0.01609 6902
0.0161 6902
0.01611 6902
0.01612 6902
0.01613 6902
0.01614 6902
0.01615 6902
0.01616 6902
0.01617 6902
0.01618 6902
0.01619 6902
0.0162 6902
0.01621 6902
0.01622 6902
0.01623 6902
0.01624 6902
0.01625 6902
0.01626 6902
0.01627 6902
0.01628 6902
0.01629 6902
0.0163 6902
0.01631 6902
0.01632 6902
0.01633 6902
0.01634 6902
0.01635 6902
0.01636 6902
0.01637 6902
0.01638 6902
0.01639 6902
0.0164 6902
0.01641 6902
0.01642 6902
0.01643 6902
0.01644 6902
0.01645 6902
0.01646 6902
0.01647 6902
0.01648 6902
0.01649 6902
0.0165 6902
0.01651 6902
0.01652 6902
0.01653 6902
0.01654 6902
0.01655 6902
0.01656 6902
0.01657 6902
0.01658 6902
0.01659 6902
0.0166 6902
0.01661 6902
0.01662 6902
0.01663 6902
0.01664 6902
0.01665 6902
0.01666 6902
0.01667 6902
0.01668 6902
0.01669 6902
0.0167 6902
0.01671 6902
0.01672 6902
0.01673 6902
0.01674 6902
0.01675 6902
0.01676 6902
0.01677 6902
0.01678 6902
0.01679 6902
0.0168 6902
0.01681 6902
0.01682 6902
0.01683 6902
0.01684 6902
0.01685 6902
0.01686 6902
0.01687 6902
0.01688 6902
0.01689 6902
0.0169 6902
0.01691 6902
0.01692 6902
0.01693 6902
0.01694 6902
0.01695 6902
0.01696 6902
0.01697 6902
0.01698 6902
0.01699 6902
0.017 6902
0.01701 6902
0.01702 6902
0.01703 6902
0.01704 6902
0.01705 6902
0.01706 6902
0.01707 6902
0.01708 6902
0.01709 6902
0.0171 6902
0.01711 6902
0.01712 6902
0.01713 6902
0.01714 6902
0.01715 6902
0.01716 6902
0.01717 6902
0.01718 6902
0.01719 6902
0.0172 6902
0.01721 6902
0.01722 6902
0.01723 6902
0.01724 6902
0.01725 6902
0.01726 6902
0.01727 6902
0.01728 6902
0.01729 6902
0.0173 6902
0.01731 6902
0.01732 6902
0.01733 6902
0.01734 6902
0.01735 6902
0.01736 6902
0.01737 6902
0.01738 6902
0.01739 6902
0.0174 6902
0.01741 6902
0.01742 6902
0.01743 6902
0.01744 6902
0.01745 6902
0.01746 6902
0.01747 6902
0.01748 6902
0.01749 6902
0.0175 6902
0.01751 6902
0.01752 6902
0.01753 6902
0.01754 6902
0.01755 6902
0.01756 6902
0.01757 6902
0.01758 6902
0.01759 6902
0.0176 6902
0.01761 6902
0.01762 6902
0.01763 6902
0.01764 6902
0.01765 6902
0.01766 6902
0.01767 6902
0.01768 6902
0.01769 6902
0.0177 6902
0.01771 6902
0.01772 6902
0.01773 6902
0.01774 6902
0.01775 6902
0.01776 6902
0.01777 6902
0.01778 6902
0.01779 6902
0.0178 6902
0.01781 6902
0.01782 6902
0.01783 6902
0.01784 6902
0.01785 6902
0.01786 6902
0.01787 6902
0.01788 6902
0.01789 6902
0.0179 6902
0.01791 6902
0.01792 6902
0.01793 6902
0.01794 6902
0.01795 6902
0.01796 6902
0.01797 6902
0.01798 6902
0.01799 6902
0.018 6902
0.01801 6902
0.01802 6902
0.01803 6902
0.01804 6902
0.01805 6902
0.01806 6902
0.01807 6902
0.01808 6902
0.01809 6902
0.0181 6902
0.01811 6902
0.01812 6902
0.01813 6902
0.01814 6902
0.01815 6902
0.01816 6902
0.01817 6902
0.01818 6902
0.01819 6902
0.0182 6902
0.01821 6902
0.01822 6902
0.01823 6902
0.01824 6902
0.01825 6902
0.01826 6902
0.01827 6902
0.01828 6902
0.01829 6902
0.0183 6902
0.01831 6902
0.01832 6902
0.01833 6902
0.01834 6902
0.01835 6902
0.01836 6902
0.01837 6902
0.01838 6902
0.01839 6902
0.0184 6902
0.01841 6902
0.01842 6902
0.01843 6902
0.01844 6902
0.01845 6902
0.01846 6902
0.01847 6902
0.01848 6902
0.01849 6902
0.0185 6902
0.01851 6902
0.01852 6902
0.01853 6902
0.01854 6902
0.01855 6902
0.01856 6902
0.01857 6902
0.01858 6902
0.01859 6902
0.0186 6902
0.01861 6902
0.01862 6902
0.01863 6902
0.01864 6902
0.01865 6902
0.01866 6902
0.01867 6902
0.01868 6902
0.01869 6902
0.0187 6902
0.01871 6902
0.01872 6902
0.01873 6902
0.01874 6902
0.01875 6902
0.01876 6902
0.01877 6902
0.01878 6902
0.01879 6902
0.0188 6902
0.01881 6902
0.01882 6902
0.01883 6902
0.01884 6902
0.01885 6902
0.01886 6902
0.01887 6902
0.01888 6902
0.01889 6902
0.0189 6902
0.01891 6902
0.01892 6902
0.01893 6902
0.01894 6902
0.01895 6902
0.01896 6902
0.01897 6902
0.01898 6902
0.01899 6902
0.019 6902
0.01901 6902
0.01902 6902
0.01903 6902
0.01904 6902
0.01905 6902
0.01906 6902
0.01907 6902
0.01908 6902
0.01909 6902
0.0191 6902
0.01911 6902
0.01912 6902
0.01913 6902
0.01914 6902
0.01915 6902
0.01916 6902
0.01917 6902
0.01918 6902
0.01919 6902
0.0192 6902
0.01921 6902
0.01922 6902
0.01923 6902
0.01924 6902
0.01925 6902
0.01926 6902
0.01927 6902
0.01928 6902
0.01929 6902
0.0193 6902
0.01931 6902
0.01932 6902
0.01933 6902
0.01934 6902
0.01935 6902
0.01936 6902
0.01937 6902
0.01938 6902
0.01939 6902
0.0194 6902
0.01941 6902
0.01942 6902
0.01943 6902
0.01944 6902
0.01945 6902
0.01946 6902
0.01947 6902
0.01948 6902
0.01949 6902
0.0195 6902
0.01951 6902
0.01952 6902
0.01953 6902
0.01954 6902
0.01955 6902
0.01956 6902
0.01957 6902
0.01958 6902
0.01959 6902
0.0196 6902
0.01961 6902
0.01962 6902
0.01963 6902
0.01964 6902
0.01965 6902
0.01966 6902
0.01967 6902
0.01968 6902
0.01969 6902
0.0197 6902
0.01971 6902
0.01972 6902
0.01973 6902
0.01974 6902
0.01975 6902
0.01976 6902
0.01977 6902
0.01978 6902
0.01979 6902
0.0198 6902
0.01981 6902
0.01982 6902
0.01983 6902
0.01984 6902
0.01985 6902
0.01986 6902
0.01987 6902
0.01988 6902
0.01989 6902
0.0199 6902
0.01991 6902
0.01992 6902
0.01993 6902
0.01994 6902
0.01995 6902
0.01996 6902
0.01997 6902
0.01998 6902
0.01999 6902
0.02 6902
0.02001 6902
0.02002 6902
0.02003 6902
0.02004 6902
0.02005 6902
0.02006 6902
0.02007 6902
0.02008 6902
0.02009 6902
0.0201 6902
0.02011 6902
0.02012 6902
0.02013 6902
0.02014 6902
0.02015 6902
0.02016 6902
0.02017 6902
0.02018 6902
0.02019 6902
0.0202 6902
0.02021 6902
0.02022 6902
0.02023 6902
0.02024 6902
0.02025 6902
0.02026 6902
0.02027 6902
0.02028 6902
0.02029 6902
0.0203 6902
0.02031 6902
0.02032 6902
0.02033 6902
0.02034 6902
0.02035 6902
0.02036 6902
0.02037 6902
0.02038 6902
0.02039 6902
0.0204 6902
0.02041 6902
0.02042 6902
0.02043 6902
0.02044 6902
0.02045 6902
0.02046 6902
0.02047 6902
0.02048 6902
0.02049 6902
0.0205 6902
0.02051 6902
0.02052 6902
0.02053 6902
0.02054 6902
0.02055 6902
0.02056 6902
0.02057 6902
0.02058 6902
0.02059 6902
0.0206 6902
0.02061 6902
0.02062 6902
0.02063 6902
0.02064 6902
0.02065 6902
0.02066 6902
0.02067 6902
0.02068 6902
0.02069 6902
0.0207 6902
0.02071 6902
0.02072 6902
0.02073 6902
0.02074 6902
0.02075 6902
0.02076 6902
0.02077 6902
0.02078 6902
0.02079 6902
0.0208 6902
0.02081 6902
0.02082 6902
0.02083 6902
0.02084 6902
0.02085 6902
0.02086 6902
0.02087 6902
0.02088 6902
0.02089 6902
0.0209 6902
0.02091 6902
0.02092 6902
0.02093 6902
0.02094 6902
0.02095 6902
0.02096 6902
0.02097 6902
0.02098 6902
0.02099 6902
0.021 6902
0.02101 6902
0.02102 6902
0.02103 6902
0.02104 6902
0.02105 6902
0.02106 6902
0.02107 6902
0.02108 6902
0.02109 6902
0.0211 6902
0.02111 6902
0.02112 6902
0.02113 6902
0.02114 6902
0.02115 6902
0.02116 6902
0.02117 6902
0.02118 6902
0.02119 6902
0.0212 6902
0.02121 6902
0.02122 6902
0.02123 6902
0.02124 6902
0.02125 6902
0.02126 6902
0.02127 6902
0.02128 6902
0.02129 6902
0.0213 6902
0.02131 6902
0.02132 6902
0.02133 6902
0.02134 6902
0.02135 6902
0.02136 6902
0.02137 6902
0.02138 6902
0.02139 6902
0.0214 6902
0.02141 6902
0.02142 6902
0.02143 6902
0.02144 6902
0.02145 6902
0.02146 6902
0.02147 6902
0.02148 6902
0.02149 6902
0.0215 6902
0.02151 6902
0.02152 6902
0.02153 6902
0.02154 6902
0.02155 6902
0.02156 6902
0.02157 6902
0.02158 6902
0.02159 6902
0.0216 6902
0.02161 6902
0.02162 6902
0.02163 6902
0.02164 6902
0.02165 6902
0.02166 6902
0.02167 6902
0.02168 6902
0.02169 6902
0.0217 6902
0.02171 6902
0.02172 6902
0.02173 6902
0.02174 6902
0.02175 6902
0.02176 6902
0.02177 6902
0.02178 6902
0.02179 6902
0.0218 6902
0.02181 6902
0.02182 6902
0.02183 6902
0.02184 6902
0.02185 6902
0.02186 6902
0.02187 6902
0.02188 6902
0.02189 6902
0.0219 6902
0.02191 6902
0.02192 6903
0.02193 6904
0.02194 6905
0.02195 6905
0.02196 6905
0.02197 6905
0.02198 6907
0.02199 6909
0.022 6914
0.02201 6914
0.02202 6923
0.02203 6928
0.02204 6930
0.02205 6935
0.02206 6940
0.02207 6944
0.02208 6949
0.02209 6957
0.0221 6959
0.02211 6965
0.02212 6971
0.02213 6977
0.02214 6982
0.02215 6989
0.02216 7000
0.02217 7011
0.02218 7018
0.02219 7031
0.0222 7037
0.02221 7041
0.02222 7049
0.02223 7055
0.02224 7064
0.02225 7072
0.02226 7082
0.02227 7090
0.02228 7102
0.02229 7114
0.0223 7119
0.02231 7134
0.02232 7147
0.02233 7153
0.02234 7164
0.02235 7174
0.02236 7186
0.02237 7195
0.02238 7204
0.02239 7216
0.0224 7226
0.02241 7239
0.02242 7252
0.02243 7264
0.02244 7283
0.02245 7299
0.02246 7320
0.02247 7332
0.02248 7356
0.02249 7386
0.0225 7414
0.02251 7443
0.02252 7472
0.02253 7502
0.02254 7531
0.02255 7554
0.02256 7580
0.02257 7617
0.02258 7649
0.02259 7682
0.0226 7719
0.02261 7755
0.02262 7809
0.02263 7853
0.02264 7904
0.02265 7958
0.02266 7993
0.02267 8047
0.02268 8101
0.02269 8147
0.0227 8197
0.02271 8249
0.02272 8319
0.02273 8386
0.02274 8438
0.02275 8505
0.02276 8571
0.02277 8627
0.02278 8697
0.02279 8760
0.0228 8825
0.02281 8898
0.02282 8987
0.02283 9052
0.02284 9118
0.02285 9178
0.02286 9264
0.02287 9341
0.02288 9434
0.02289 9533
0.0229 9625
0.02291 9721
0.02292 9806
0.02293 9890
0.02294 9990
0.02295 10104
0.02296 10199
0.02297 10291
0.02298 10386
0.02299 10478
0.023 10575
0.02301 10666
0.02302 10756
0.02303 10843
0.02304 10934
0.02305 11033
0.02306 11130
0.02307 11217
0.02308 11310
0.02309 11390
0.0231 11462
0.02311 11553
0.02312 11622
0.02313 11708
0.02314 11778
0.02315 11868
0.02316 11953
0.02317 12034
0.02318 12104
0.02319 12171
0.0232 12234
0.02321 12296
0.02322 12359
0.02323 12438
0.02324 12495
0.02325 12542
0.02326 12598
0.02327 12643
0.02328 12685
0.02329 12736
0.0233 12774
0.02331 12820
0.02332 12854
0.02333 12899
0.02334 12940
0.02335 12970
0.02336 12993
0.02337 13027
0.02338 13052
0.02339 13075
0.0234 13092
0.02341 13101
0.02342 13108
0.02343 13124
0.02344 13142
0.02345 13154
0.02346 13159
0.02347 13170
0.02348 13172
0.02349 13188
0.0235 13196
0.02351 13205
0.02352 13221
0.02353 13225
0.02354 13235
0.02355 13247
0.02356 13263
0.02357 13276
0.02358 13289
0.02359 13299
0.0236 13306
0.02361 13311
0.02362 13315
0.02363 13318
0.02364 13325
0.02365 13329
0.02366 13333
0.02367 13341
0.02368 13347
0.02369 13349
0.0237 13350
0.02371 13352
0.02372 13352
0.02373 13359
0.02374 13359
0.02375 13359
0.02376 13359
0.02377 13359
0.02378 13359
0.02379 13359
0.0238 13359
0.02381 13359
0.02382 13359
0.02383 13359
0.02384 13359
0.02385 13359
0.02386 13359
0.02387 13359
0.02388 13359
0.02389 13359
0.0239 13359
0.02391 13359
0.02392 13359
0.02393 13359
0.02394 13359
0.02395 13359
0.02396 13359
0.02397 13359
0.02398 13359
0.02399 13359
0.024 13359
0.02401 13359
0.02402 13359
0.02403 13359
0.02404 13359
0.02405 13359
0.02406 13359
0.02407 13359
0.02408 13359
0.02409 13359
0.0241 13359
0.02411 13359
0.02412 13359
0.02413 13359
0.02414 13359
0.02415 13359
0.02416 13359
0.02417 13359
0.02418 13359
0.02419 13359
0.0242 13359
0.02421 13359
0.02422 13359
0.02423 13359
0.02424 13359
0.02425 13359
0.02426 13359
0.02427 13359
0.02428 13359
0.02429 13359
0.0243 13359
0.02431 13359
0.02432 13359
0.02433 13359
0.02434 13359
0.02435 13359
0.02436 13359
0.02437 13359
0.02438 13359
0.02439 13359
0.0244 13359
0.02441 13359
0.02442 13359
0.02443 13359
0.02444 13359
0.02445 13359
0.02446 13359
0.02447 13359
0.02448 13359
0.02449 13359
0.0245 13359
0.02451 13359
0.02452 13359
0.02453 13359
0.02454 13359
0.02455 13359
0.02456 13359
0.02457 13359
0.02458 13359
0.02459 13359
0.0246 13359
0.02461 13359
0.02462 13359
0.02463 13359
0.02464 13359
0.02465 13359
0.02466 13359
0.02467 13359
0.02468 13359
0.02469 13359
0.0247 13359
0.02471 13359
0.02472 13359
0.02473 13359
0.02474 13359
0.02475 13359
0.02476 13359
0.02477 13359
0.02478 13359
0.02479 13359
0.0248 13359
0.02481 13359
0.02482 13359
0.02483 13359
0.02484 13359
0.02485 13359
0.02486 13359
0.02487 13359
0.02488 13359
0.02489 13359
0.0249 13359
0.02491 13359
0.02492 13359
0.02493 13359
0.02494 13359
0.02495 13359
0.02496 13359
0.02497 13359
0.02498 13359
0.02499 13359
0.025 13359
0.02501 13359
0.02502 13359
0.02503 13359
0.02504 13359
0.02505 13359
0.02506 13359
0.02507 13359
0.02508 13359
0.02509 13359
0.0251 13359
0.02511 13359
0.02512 13359
0.02513 13359
0.02514 13359
0.02515 13359
0.02516 13359
0.02517 13359
0.02518 13359
0.02519 13359
0.0252 13359
0.02521 13359
0.02522 13359
0.02523 13359
0.02524 13359
0.02525 13359
0.02526 13359
0.02527 13359
0.02528 13359
0.02529 13359
0.0253 13359
0.02531 13359
0.02532 13359
0.02533 13359
0.02534 13359
0.02535 13359
0.02536 13359
0.02537 13359
0.02538 13359
0.02539 13359
0.0254 13359
0.02541 13359
0.02542 13359
0.02543 13359
0.02544 13359
0.02545 13359
0.02546 13359
0.02547 13359
0.02548 13359
0.02549 13359
0.0255 13359
0.02551 13359
0.02552 13359
0.02553 13359
0.02554 13359
0.02555 13359
0.02556 13359
0.02557 13359
0.02558 13359
0.02559 13359
0.0256 13359
0.02561 13359
0.02562 13359
0.02563 13359
0.02564 13359
0.02565 13359
0.02566 13359
0.02567 13359
0.02568 13359
0.02569 13359
0.0257 13359
0.02571 13359
0.02572 13359
0.02573 13359
0.02574 13359
0.02575 13359
0.02576 13359
0.02577 13359
0.02578 13359
0.02579 13359
0.0258 13359
0.02581 13359
0.02582 13359
0.02583 13359
0.02584 13359
0.02585 13359
0.02586 13359
0.02587 13359
0.02588 13359
0.02589 13359
0.0259 13359
0.02591 13359
0.02592 13359
0.02593 13359
0.02594 13359
0.02595 13359
0.02596 13359
0.02597 13359
0.02598 13359
0.02599 13359
0.026 13359
0.02601 13359
0.02602 13359
0.02603 13359
0.02604 13359
0.02605 13359
0.02606 13359
0.02607 13359
0.02608 13359
0.02609 13359
0.0261 13359
0.02611 13359
0.02612 13359
0.02613 13359
0.02614 13359
0.02615 13359
0.02616 13359
0.02617 13359
0.02618 13359
0.02619 13359
0.0262 13359
0.02621 13359
0.02622 13359
0.02623 13359
0.02624 13359
0.02625 13359
0.02626 13359
0.02627 13359
0.02628 13359
0.02629 13359
0.0263 13359
0.02631 13359
0.02632 13359
0.02633 13359
0.02634 13359
0.02635 13359
0.02636 13359
0.02637 13359
0.02638 13359
0.02639 13359
0.0264 13359
0.02641 13359
0.02642 13359
0.02643 13359
0.02644 13359
0.02645 13359
0.02646 13359
0.02647 13359
0.02648 13359
0.02649 13359
0.0265 13359
0.02651 13359
0.02652 13359
0.02653 13359
0.02654 13359
0.02655 13359
0.02656 13359
0.02657 13359
0.02658 13359
0.02659 13359
0.0266 13359
0.02661 13359
0.02662 13359
0.02663 13359
0.02664 13359
0.02665 13359
0.02666 13359
0.02667 13359
0.02668 13359
0.02669 13359
0.0267 13359
0.02671 13359
0.02672 13359
0.02673 13359
0.02674 13359
0.02675 13359
0.02676 13359
0.02677 13359
0.02678 13359
0.02679 13359
0.0268 13359
0.02681 13359
0.02682 13359
0.02683 13359
0.02684 13359
0.02685 13359
0.02686 13359
0.02687 13359
0.02688 13359
0.02689 13359
0.0269 13359
0.02691 13359
0.02692 13359
0.02693 13359
0.02694 13359
0.02695 13359
0.02696 13359
0.02697 13359
0.02698 13359
0.02699 13359
0.027 13359
0.02701 13359
0.02702 13359
0.02703 13359
0.02704 13359
0.02705 13359
0.02706 13359
0.02707 13359
0.02708 13359
0.02709 13359
0.0271 13359
0.02711 13359
0.02712 13359
0.02713 13359
0.02714 13359
0.02715 13359
0.02716 13359
0.02717 13359
0.02718 13359
0.02719 13359
0.0272 13359
0.02721 13359
0.02722 13359
0.02723 13359
0.02724 13359
0.02725 13359
0.02726 13359
0.02727 13359
0.02728 13359
0.02729 13359
0.0273 13359
0.02731 13359
0.02732 13359
0.02733 13359
0.02734 13359
0.02735 13359
0.02736 13359
0.02737 13359
0.02738 13359
0.02739 13359
0.0274 13359
0.02741 13359
0.02742 13359
0.02743 13359
0.02744 13359
0.02745 13359
0.02746 13359
0.02747 13359
0.02748 13359
0.02749 13359
0.0275 13359
0.02751 13359
0.02752 13359
0.02753 13359
0.02754 13359
0.02755 13359
0.02756 13359
0.02757 13359
0.02758 13359
0.02759 13359
0.0276 13359
0.02761 13359
0.02762 13359
0.02763 13359
0.02764 13359
0.02765 13359
0.02766 13359
0.02767 13359
0.02768 13359
0.02769 13359
0.0277 13359
0.02771 13359
0.02772 13359
0.02773 13359
0.02774 13359
0.02775 13359
0.02776 13359
0.02777 13359
0.02778 13359
0.02779 13359
0.0278 13359
0.02781 13359
0.02782 13359
0.02783 13359
0.02784 13359
0.02785 13359
0.02786 13359
0.02787 13359
0.02788 13359
0.02789 13359
0.0279 13359
0.02791 13359
0.02792 13359
0.02793 13359
0.02794 13359
0.02795 13359
0.02796 13359
0.02797 13359
0.02798 13359
0.02799 13359
0.028 13359
0.02801 13359
0.02802 13359
0.02803 13359
0.02804 13359
0.02805 13359
0.02806 13359
0.02807 13359
0.02808 13359
0.02809 13359
0.0281 13359
0.02811 13359
0.02812 13359
0.02813 13359
0.02814 13359
0.02815 13359
0.02816 13359
0.02817 13359
0.02818 13359
0.02819 13359
0.0282 13359
0.02821 13359
0.02822 13359
0.02823 13359
0.02824 13359
0.02825 13359
0.02826 13359
0.02827 13359
0.02828 13359
0.02829 13359
0.0283 13359
0.02831 13359
0.02832 13359
0.02833 13359
0.02834 13359
0.02835 13359
0.02836 13359
0.02837 13359
0.02838 13359
0.02839 13359
0.0284 13359
0.02841 13359
0.02842 13359
0.02843 13359
0.02844 13359
0.02845 13359
0.02846 13359
0.02847 13359
0.02848 13359
0.02849 13359
0.0285 13359
0.02851 13359
0.02852 13359
0.02853 13359
0.02854 13359
0.02855 13359
0.02856 13359
0.02857 13359
0.02858 13359
0.02859 13359
0.0286 13359
0.02861 13359
0.02862 13359
0.02863 13359
0.02864 13359
0.02865 13359
0.02866 13359
0.02867 13359
0.02868 13359
0.02869 13359
0.0287 13359
0.02871 13359
0.02872 13359
0.02873 13359
0.02874 13359
0.02875 13359
0.02876 13359
0.02877 13359
0.02878 13359
0.02879 13359
0.0288 13359
0.02881 13359
0.02882 13359
0.02883 13359
0.02884 13359
0.02885 13359
0.02886 13359
0.02887 13359
0.02888 13359
0.02889 13359
0.0289 13359
0.02891 13359
0.02892 13359
0.02893 13359
0.02894 13359
0.02895 13359
0.02896 13359
0.02897 13359
0.02898 13359
0.02899 13359
0.029 13359
0.02901 13359
0.02902 13359
0.02903 13359
0.02904 13359
0.02905 13359
0.02906 13359
0.02907 13359
0.02908 13359
0.02909 13359
0.0291 13359
0.02911 13359
0.02912 13359
0.02913 13359
0.02914 13359
0.02915 13359
0.02916 13359
0.02917 13359
0.02918 13359
0.02919 13359
0.0292 13359
0.02921 13359
0.02922 13359
0.02923 13359
0.02924 13359
0.02925 13359
0.02926 13359
0.02927 13359
0.02928 13359
0.02929 13359
0.0293 13359
0.02931 13359
0.02932 13359
0.02933 13359
0.02934 13359
0.02935 13359
0.02936 13359
0.02937 13359
0.02938 13359
0.02939 13359
0.0294 13359
0.02941 13359
0.02942 13359
0.02943 13359
0.02944 13359
0.02945 13359
0.02946 13359
0.02947 13359
0.02948 13359
0.02949 13359
0.0295 13359
0.02951 13359
0.02952 13359
0.02953 13359
0.02954 13359
0.02955 13359
0.02956 13359
0.02957 13359
0.02958 13359
0.02959 13359
0.0296 13359
0.02961 13359
0.02962 13359
0.02963 13359
0.02964 13359
0.02965 13359
0.02966 13359
0.02967 13359
0.02968 13359
0.02969 13359
0.0297 13359
0.02971 13359
0.02972 13359
0.02973 13359
0.02974 13359
0.02975 13359
0.02976 13359
0.02977 13359
0.02978 13359
0.02979 13359
0.0298 13359
0.02981 13359
0.02982 13359
0.02983 13359
0.02984 13359
0.02985 13359
0.02986 13359
0.02987 13359
0.02988 13359
0.02989 13359
0.0299 13359
0.02991 13359
0.02992 13359
0.02993 13359
0.02994 13359
0.02995 13359
0.02996 13359
0.02997 13359
0.02998 13359
0.02999 13359
0.03 13359
0.03001 13359
0.03002 13359
0.03003 13359
0.03004 13359
0.03005 13359
0.03006 13359
0.03007 13359
0.03008 13359
0.03009 13359
0.0301 13359
0.03011 13359
0.03012 13359
0.03013 13359
0.03014 13359
0.03015 13359
0.03016 13359
0.03017 13359
0.03018 13359
0.03019 13359
0.0302 13359
0.03021 13359
0.03022 13359
0.03023 13359
0.03024 13359
0.03025 13359
0.03026 13359
0.03027 13359
0.03028 13359
0.03029 13359
0.0303 13359
0.03031 13359
0.03032 13359
0.03033 13359
0.03034 13359
0.03035 13359
0.03036 13359
0.03037 13359
0.03038 13359
0.03039 13359
0.0304 13359
0.03041 13359
0.03042 13359
0.03043 13359
0.03044 13359
0.03045 13359
0.03046 13359
0.03047 13359
0.03048 13359
0.03049 13359
0.0305 13359
0.03051 13359
0.03052 13359
0.03053 13359
0.03054 13359
0.03055 13359
0.03056 13359
0.03057 13359
0.03058 13359
0.03059 13359
0.0306 13359
0.03061 13359
0.03062 13359
0.03063 13359
0.03064 13359
0.03065 13359
0.03066 13359
0.03067 13359
0.03068 13359
0.03069 13359
0.0307 13359
0.03071 13359
0.03072 13359
0.03073 13359
0.03074 13359
0.03075 13359
0.03076 13359
0.03077 13359
0.03078 13359
0.03079 13359
0.0308 13359
0.03081 13359
0.03082 13359
0.03083 13359
0.03084 13359
0.03085 13359
0.03086 13359
0.03087 13359
0.03088 13359
0.03089 13359
0.0309 13359
0.03091 13359
0.03092 13359
0.03093 13359
0.03094 13359
0.03095 13359
0.03096 13359
0.03097 13359
0.03098 13359
0.03099 13359
0.031 13359
0.03101 13359
0.03102 13359
0.03103 13359
0.03104 13359
0.03105 13359
0.03106 13359
0.03107 13359
0.03108 13359
0.03109 13359
0.0311 13359
0.03111 13359
0.03112 13359
0.03113 13359
0.03114 13359
0.03115 13359
0.03116 13359
0.03117 13359
0.03118 13359
0.03119 13359
0.0312 13359
0.03121 13359
0.03122 13359
0.03123 13359
0.03124 13359
0.03125 13359
0.03126 13359
0.03127 13359
0.03128 13359
0.03129 13359
0.0313 13359
0.03131 13359
0.03132 13359
0.03133 13359
0.03134 13359
0.03135 13359
0.03136 13359
0.03137 13359
0.03138 13359
0.03139 13359
0.0314 13359
0.03141 13359
0.03142 13359
0.03143 13359
0.03144 13359
0.03145 13359
0.03146 13359
0.03147 13359
0.03148 13359
0.03149 13359
0.0315 13359
0.03151 13359
0.03152 13359
0.03153 13359
0.03154 13359
0.03155 13359
0.03156 13359
0.03157 13359
0.03158 13359
0.03159 13359
0.0316 13359
0.03161 13359
0.03162 13359
0.03163 13359
0.03164 13359
0.03165 13359
0.03166 13359
0.03167 13359
0.03168 13359
0.03169 13359
0.0317 13359
0.03171 13359
0.03172 13359
0.03173 13359
0.03174 13359
0.03175 13359
0.03176 13359
0.03177 13359
0.03178 13359
0.03179 13359
0.0318 13359
0.03181 13359
0.03182 13359
0.03183 13359
0.03184 13359
0.03185 13359
0.03186 13359
0.03187 13359
0.03188 13359
0.03189 13359
0.0319 13359
0.03191 13359
0.03192 13359
0.03193 13359
0.03194 13359
0.03195 13359
0.03196 13359
0.03197 13359
0.03198 13359
0.03199 13359
0.032 13359
0.03201 13359
0.03202 13359
0.03203 13359
0.03204 13359
0.03205 13359
0.03206 13359
0.03207 13359
0.03208 13359
0.03209 13359
0.0321 13359
0.03211 13359
0.03212 13359
0.03213 13359
0.03214 13359
0.03215 13359
0.03216 13359
0.03217 13359
0.03218 13359
0.03219 13359
0.0322 13359
0.03221 13359
0.03222 13359
0.03223 13359
0.03224 13359
0.03225 13359
0.03226 13359
0.03227 13359
0.03228 13359
0.03229 13359
0.0323 13359
0.03231 13359
0.03232 13359
0.03233 13359
0.03234 13359
0.03235 13359
0.03236 13359
0.03237 13359
0.03238 13359
0.03239 13359
0.0324 13359
0.03241 13359
0.03242 13359
0.03243 13359
0.03244 13359
0.03245 13359
0.03246 13359
0.03247 13359
0.03248 13359
0.03249 13359
0.0325 13359
0.03251 13359
0.03252 13359
0.03253 13359
0.03254 13359
0.03255 13359
0.03256 13359
0.03257 13359
0.03258 13359
0.03259 13359
0.0326 13359
0.03261 13359
0.03262 13359
0.03263 13359
0.03264 13359
0.03265 13359
0.03266 13359
0.03267 13359
0.03268 13359
0.03269 13359
0.0327 13359
0.03271 13359
0.03272 13359
0.03273 13359
0.03274 13359
0.03275 13359
0.03276 13359
0.03277 13359
0.03278 13359
0.03279 13359
0.0328 13359
0.03281 13359
0.03282 13359
0.03283 13359
0.03284 13359
0.03285 13359
0.03286 13359
0.03287 13359
0.03288 13359
0.03289 13359
0.0329 13359
0.03291 13359
0.03292 13359
0.03293 13359
0.03294 13359
0.03295 13359
0.03296 13359
0.03297 13359
0.03298 13359
0.03299 13359
0.033 13359
0.03301 13359
0.03302 13359
0.03303 13359
0.03304 13359
0.03305 13359
0.03306 13359
0.03307 13359
0.03308 13359
0.03309 13359
0.0331 13359
0.03311 13359
0.03312 13359
0.03313 13359
0.03314 13359
0.03315 13359
0.03316 13359
0.03317 13359
0.03318 13359
0.03319 13359
0.0332 13359
0.03321 13359
0.03322 13359
0.03323 13359
0.03324 13359
0.03325 13359
0.03326 13359
0.03327 13359
0.03328 13359
0.03329 13359
0.0333 13359
0.03331 13359
0.03332 13359
0.03333 13359
0.03334 13359
0.03335 13359
0.03336 13359
0.03337 13359
0.03338 13359
0.03339 13359
0.0334 13359
0.03341 13359
0.03342 13359
0.03343 13359
0.03344 13359
0.03345 13359
0.03346 13359
0.03347 13359
0.03348 13359
0.03349 13359
0.0335 13359
0.03351 13359
0.03352 13359
0.03353 13359
0.03354 13359
0.03355 13359
0.03356 13359
0.03357 13359
0.03358 13359
0.03359 13359
0.0336 13359
0.03361 13359
0.03362 13359
0.03363 13359
0.03364 13359
0.03365 13359
0.03366 13359
0.03367 13359
0.03368 13359
0.03369 13359
0.0337 13359
0.03371 13359
0.03372 13359
0.03373 13359
0.03374 13359
0.03375 13359
0.03376 13359
0.03377 13359
0.03378 13359
0.03379 13359
0.0338 13359
0.03381 13359
0.03382 13359
0.03383 13359
0.03384 13359
0.03385 13359
0.03386 13359
0.03387 13359
0.03388 13359
0.03389 13359
0.0339 13359
0.03391 13359
0.03392 13359
0.03393 13359
0.03394 13359
0.03395 13359
0.03396 13359
0.03397 13359
0.03398 13359
0.03399 13359
0.034 13359
0.03401 13359
0.03402 13359
0.03403 13359
0.03404 13359
0.03405 13359
0.03406 13359
0.03407 13359
0.03408 13359
0.03409 13359
0.0341 13359
0.03411 13359
0.03412 13359
0.03413 13359
0.03414 13359
0.03415 13359
0.03416 13359
0.03417 13359
0.03418 13359
0.03419 13359
0.0342 13359
0.03421 13359
0.03422 13359
0.03423 13359
0.03424 13359
0.03425 13359
0.03426 13359
0.03427 13359
0.03428 13359
0.03429 13359
0.0343 13359
0.03431 13359
0.03432 13359
0.03433 13359
0.03434 13359
0.03435 13359
0.03436 13359
0.03437 13359
0.03438 13359
0.03439 13359
0.0344 13359
0.03441 13359
0.03442 13359
0.03443 13359
0.03444 13359
0.03445 13359
0.03446 13359
0.03447 13359
0.03448 13359
0.03449 13359
0.0345 13359
0.03451 13359
0.03452 13359
0.03453 13359
0.03454 13359
0.03455 13359
0.03456 13359
0.03457 13359
0.03458 13359
0.03459 13359
0.0346 13359
0.03461 13359
0.03462 13359
0.03463 13359
0.03464 13359
0.03465 13359
0.03466 13359
0.03467 13359
0.03468 13359
0.03469 13359
0.0347 13359
0.03471 13359
0.03472 13359
0.03473 13359
0.03474 13359
0.03475 13359
0.03476 13359
0.03477 13359
0.03478 13359
0.03479 13359
0.0348 13359
0.03481 13359
0.03482 13359
0.03483 13359
0.03484 13359
0.03485 13359
0.03486 13359
0.03487 13359
0.03488 13359
0.03489 13359
0.0349 13359
0.03491 13359
0.03492 13359
0.03493 13359
0.03494 13359
0.03495 13359
0.03496 13359
0.03497 13359
0.03498 13359
0.03499 13359
0.035 13359
0.03501 13359
0.03502 13359
0.03503 13359
0.03504 13359
0.03505 13359
0.03506 13359
0.03507 13359
0.03508 13359
0.03509 13359
0.0351 13359
0.03511 13359
0.03512 13359
0.03513 13359
0.03514 13359
0.03515 13359
0.03516 13359
0.03517 13359
0.03518 13359
0.03519 13359
0.0352 13359
0.03521 13359
0.03522 13359
0.03523 13359
0.03524 13359
0.03525 13359
0.03526 13359
0.03527 13359
0.03528 13359
0.03529 13359
0.0353 13359
0.03531 13359
0.03532 13359
0.03533 13359
0.03534 13359
0.03535 13359
0.03536 13359
0.03537 13359
0.03538 13359
0.03539 13359
0.0354 13359
0.03541 13359
0.03542 13359
0.03543 13359
0.03544 13359
0.03545 13359
0.03546 13359
0.03547 13359
0.03548 13359
0.03549 13359
0.0355 13359
0.03551 13359
0.03552 13359
0.03553 13359
0.03554 13359
0.03555 13359
0.03556 13359
0.03557 13359
0.03558 13359
0.03559 13359
0.0356 13359
0.03561 13359
0.03562 13359
0.03563 13359
0.03564 13359
0.03565 13359
0.03566 13359
0.03567 13359
0.03568 13359
0.03569 13359
0.0357 13359
0.03571 13359
0.03572 13359
0.03573 13359
0.03574 13359
0.03575 13359
0.03576 13359
0.03577 13359
0.03578 13359
0.03579 13359
0.0358 13359
0.03581 13359
0.03582 13359
0.03583 13359
0.03584 13359
0.03585 13359
0.03586 13359
0.03587 13359
0.03588 13359
0.03589 13359
0.0359 13359
0.03591 13359
0.03592 13359
0.03593 13359
0.03594 13359
0.03595 13359
0.03596 13359
0.03597 13359
0.03598 13359
0.03599 13359
0.036 13359
0.03601 13359
0.03602 13359
0.03603 13359
0.03604 13359
0.03605 13359
0.03606 13359
0.03607 13359
0.03608 13359
0.03609 13359
0.0361 13359
0.03611 13359
0.03612 13359
0.03613 13359
0.03614 13359
0.03615 13359
0.03616 13359
0.03617 13359
0.03618 13359
0.03619 13359
0.0362 13359
0.03621 13359
0.03622 13359
0.03623 13359
0.03624 13359
0.03625 13359
0.03626 13359
0.03627 13359
0.03628 13359
0.03629 13359
0.0363 13359
0.03631 13359
0.03632 13359
0.03633 13359
0.03634 13359
0.03635 13359
0.03636 13359
0.03637 13359
0.03638 13359
0.03639 13359
0.0364 13359
0.03641 13359
0.03642 13359
0.03643 13359
0.03644 13359
0.03645 13359
0.03646 13359
0.03647 13359
0.03648 13359
0.03649 13359
0.0365 13359
0.03651 13359
0.03652 13359
0.03653 13359
0.03654 13359
0.03655 13359
0.03656 13359
0.03657 13359
0.03658 13359
0.03659 13359
0.0366 13359
0.03661 13359
0.03662 13359
0.03663 13359
0.03664 13359
0.03665 13359
0.03666 13359
0.03667 13359
0.03668 13359
0.03669 13359
0.0367 13359
0.03671 13359
0.03672 13359
0.03673 13359
0.03674 13359
0.03675 13359
0.03676 13359
0.03677 13359
0.03678 13359
0.03679 13359
0.0368 13359
0.03681 13359
0.03682 13359
0.03683 13359
0.03684 13359
0.03685 13359
0.03686 13359
0.03687 13359
0.03688 13359
0.03689 13359
0.0369 13359
0.03691 13359
0.03692 13359
0.03693 13359
0.03694 13359
0.03695 13359
0.03696 13359
0.03697 13359
0.03698 13359
0.03699 13359
0.037 13359
0.03701 13359
0.03702 13359
0.03703 13359
0.03704 13359
0.03705 13359
0.03706 13359
0.03707 13359
0.03708 13359
0.03709 13359
0.0371 13359
0.03711 13359
0.03712 13359
0.03713 13359
0.03714 13359
0.03715 13359
0.03716 13359
0.03717 13359
0.03718 13359
0.03719 13359
0.0372 13359
0.03721 13359
0.03722 13359
0.03723 13359
0.03724 13359
0.03725 13359
0.03726 13359
0.03727 13359
0.03728 13359
0.03729 13359
0.0373 13359
0.03731 13359
0.03732 13359
0.03733 13359
0.03734 13359
0.03735 13359
0.03736 13359
0.03737 13359
0.03738 13359
0.03739 13359
0.0374 13359
0.03741 13359
0.03742 13359
0.03743 13359
0.03744 13359
0.03745 13359
0.03746 13359
0.03747 13359
0.03748 13359
0.03749 13359
0.0375 13359
0.03751 13359
0.03752 13359
0.03753 13359
0.03754 13359
0.03755 13359
0.03756 13359
0.03757 13359
0.03758 13359
0.03759 13359
0.0376 13359
0.03761 13359
0.03762 13359
0.03763 13359
0.03764 13359
0.03765 13359
0.03766 13359
0.03767 13359
0.03768 13359
0.03769 13359
0.0377 13359
0.03771 13359
0.03772 13359
0.03773 13359
0.03774 13359
0.03775 13359
0.03776 13359
0.03777 13359
0.03778 13359
0.03779 13359
0.0378 13359
0.03781 13359
0.03782 13359
0.03783 13359
0.03784 13359
0.03785 13359
0.03786 13359
0.03787 13359
0.03788 13359
0.03789 13359
0.0379 13359
0.03791 13359
0.03792 13359
0.03793 13359
0.03794 13359
0.03795 13359
0.03796 13359
0.03797 13359
0.03798 13359
0.03799 13359
0.038 13359
0.03801 13359
0.03802 13359
0.03803 13359
0.03804 13359
0.03805 13359
0.03806 13359
0.03807 13359
0.03808 13359
0.03809 13359
0.0381 13359
0.03811 13359
0.03812 13359
0.03813 13359
0.03814 13359
0.03815 13359
0.03816 13359
0.03817 13359
0.03818 13359
0.03819 13359
0.0382 13359
0.03821 13359
0.03822 13359
0.03823 13359
0.03824 13359
0.03825 13359
0.03826 13359
0.03827 13359
0.03828 13359
0.03829 13359
0.0383 13359
0.03831 13359
0.03832 13359
0.03833 13359
0.03834 13359
0.03835 13359
0.03836 13359
0.03837 13359
0.03838 13359
0.03839 13359
0.0384 13359
0.03841 13359
0.03842 13359
0.03843 13359
0.03844 13359
0.03845 13359
0.03846 13359
0.03847 13359
0.03848 13359
0.03849 13359
0.0385 13359
0.03851 13359
0.03852 13359
0.03853 13359
0.03854 13359
0.03855 13359
0.03856 13359
0.03857 13359
0.03858 13359
0.03859 13359
0.0386 13359
0.03861 13359
0.03862 13359
0.03863 13359
0.03864 13359
0.03865 13359
0.03866 13359
0.03867 13359
0.03868 13359
0.03869 13359
0.0387 13359
0.03871 13359
0.03872 13359
0.03873 13359
0.03874 13359
0.03875 13359
0.03876 13359
0.03877 13359
0.03878 13359
0.03879 13359
0.0388 13359
0.03881 13359
0.03882 13359
0.03883 13359
0.03884 13359
0.03885 13359
0.03886 13359
0.03887 13359
0.03888 13359
0.03889 13359
0.0389 13359
0.03891 13359
0.03892 13359
0.03893 13359
0.03894 13359
0.03895 13359
0.03896 13359
0.03897 13359
0.03898 13359
0.03899 13359
0.039 13359
0.03901 13359
0.03902 13359
0.03903 13359
0.03904 13359
0.03905 13359
0.03906 13359
0.03907 13359
0.03908 13359
0.03909 13359
0.0391 13359
0.03911 13359
0.03912 13359
0.03913 13359
0.03914 13359
0.03915 13359
0.03916 13359
0.03917 13359
0.03918 13359
0.03919 13359
0.0392 13359
0.03921 13359
0.03922 13359
0.03923 13359
0.03924 13359
0.03925 13359
0.03926 13359
0.03927 13359
0.03928 13359
0.03929 13359
0.0393 13359
0.03931 13359
0.03932 13359
0.03933 13359
0.03934 13359
0.03935 13359
0.03936 13359
0.03937 13359
0.03938 13359
0.03939 13359
0.0394 13359
0.03941 13359
0.03942 13359
0.03943 13359
0.03944 13359
0.03945 13359
0.03946 13359
0.03947 13359
0.03948 13359
0.03949 13359
0.0395 13359
0.03951 13359
0.03952 13359
0.03953 13359
0.03954 13359
0.03955 13359
0.03956 13359
0.03957 13359
0.03958 13359
0.03959 13359
0.0396 13359
0.03961 13359
0.03962 13359
0.03963 13359
0.03964 13359
0.03965 13359
0.03966 13359
0.03967 13359
0.03968 13359
0.03969 13359
0.0397 13359
0.03971 13359
0.03972 13359
0.03973 13359
0.03974 13359
0.03975 13359
0.03976 13359
0.03977 13359
0.03978 13359
0.03979 13359
0.0398 13359
0.03981 13359
0.03982 13359
0.03983 13359
0.03984 13359
0.03985 13359
0.03986 13359
0.03987 13359
0.03988 13359
0.03989 13359
0.0399 13359
0.03991 13359
0.03992 13359
0.03993 13359
0.03994 13359
0.03995 13359
0.03996 13359
0.03997 13359
0.03998 13359
0.03999 13359
0.04 13359
0.04001 13359
0.04002 13359
0.04003 13359
0.04004 13359
0.04005 13359
0.04006 13359
0.04007 13359
0.04008 13359
0.04009 13359
0.0401 13359
0.04011 13359
0.04012 13359
0.04013 13359
0.04014 13359
0.04015 13359
0.04016 13359
0.04017 13359
0.04018 13359
0.04019 13359
0.0402 13359
0.04021 13359
0.04022 13359
0.04023 13359
0.04024 13359
0.04025 13359
0.04026 13359
0.04027 13359
0.04028 13359
0.04029 13359
0.0403 13359
0.04031 13359
0.04032 13359
0.04033 13359
0.04034 13359
0.04035 13359
0.04036 13359
0.04037 13359
0.04038 13359
0.04039 13359
0.0404 13359
0.04041 13359
0.04042 13359
0.04043 13359
0.04044 13359
0.04045 13359
0.04046 13359
0.04047 13359
0.04048 13359
0.04049 13359
0.0405 13359
0.04051 13359
0.04052 13359
0.04053 13359
0.04054 13359
0.04055 13359
0.04056 13359
0.04057 13359
0.04058 13359
0.04059 13359
0.0406 13359
0.04061 13359
0.04062 13359
0.04063 13359
0.04064 13359
0.04065 13359
0.04066 13359
0.04067 13359
0.04068 13359
0.04069 13359
0.0407 13359
0.04071 13359
0.04072 13359
0.04073 13359
0.04074 13359
0.04075 13359
0.04076 13359
0.04077 13359
0.04078 13359
0.04079 13359
0.0408 13359
0.04081 13359
0.04082 13359
0.04083 13359
0.04084 13359
0.04085 13359
0.04086 13359
0.04087 13359
0.04088 13359
0.04089 13359
0.0409 13359
0.04091 13359
0.04092 13359
0.04093 13359
0.04094 13359
0.04095 13359
0.04096 13359
0.04097 13359
0.04098 13359
0.04099 13359
0.041 13359
0.04101 13359
0.04102 13359
0.04103 13359
0.04104 13359
0.04105 13359
0.04106 13359
0.04107 13359
0.04108 13359
0.04109 13359
0.0411 13359
0.04111 13359
0.04112 13359
0.04113 13359
0.04114 13359
0.04115 13359
0.04116 13359
0.04117 13359
0.04118 13359
0.04119 13359
0.0412 13359
0.04121 13359
0.04122 13359
0.04123 13359
0.04124 13359
0.04125 13359
0.04126 13359
0.04127 13359
0.04128 13359
0.04129 13359
0.0413 13359
0.04131 13359
0.04132 13359
0.04133 13359
0.04134 13359
0.04135 13359
0.04136 13359
0.04137 13359
0.04138 13359
0.04139 13359
0.0414 13359
0.04141 13359
0.04142 13359
0.04143 13359
0.04144 13359
0.04145 13359
0.04146 13359
0.04147 13359
0.04148 13359
0.04149 13359
0.0415 13359
0.04151 13359
0.04152 13359
0.04153 13359
0.04154 13359
0.04155 13359
0.04156 13359
0.04157 13359
0.04158 13359
0.04159 13359
0.0416 13359
0.04161 13359
0.04162 13359
0.04163 13359
0.04164 13359
0.04165 13359
0.04166 13359
0.04167 13359
0.04168 13359
0.04169 13359
0.0417 13359
0.04171 13359
0.04172 13359
0.04173 13359
0.04174 13359
0.04175 13359
0.04176 13359
0.04177 13359
0.04178 13359
0.04179 13359
0.0418 13359
0.04181 13359
0.04182 13359
0.04183 13359
0.04184 13359
0.04185 13359
0.04186 13359
0.04187 13359
0.04188 13359
0.04189 13359
0.0419 13359
0.04191 13359
0.04192 13359
0.04193 13359
0.04194 13359
0.04195 13359
0.04196 13359
0.04197 13359
0.04198 13359
0.04199 13359
0.042 13359
0.04201 13359
0.04202 13359
0.04203 13359
0.04204 13359
0.04205 13359
0.04206 13359
0.04207 13359
0.04208 13359
0.04209 13359
0.0421 13359
0.04211 13359
0.04212 13359
0.04213 13359
0.04214 13359
0.04215 13359
0.04216 13359
0.04217 13359
0.04218 13359
0.04219 13359
0.0422 13359
0.04221 13359
0.04222 13359
0.04223 13359
0.04224 13359
0.04225 13359
0.04226 13359
0.04227 13359
0.04228 13359
0.04229 13359
0.0423 13359
0.04231 13359
0.04232 13359
0.04233 13359
0.04234 13359
0.04235 13359
0.04236 13359
0.04237 13359
0.04238 13359
0.04239 13359
0.0424 13359
0.04241 13359
0.04242 13359
0.04243 13359
0.04244 13359
0.04245 13359
0.04246 13359
0.04247 13359
0.04248 13359
0.04249 13359
0.0425 13359
0.04251 13359
0.04252 13359
0.04253 13359
0.04254 13359
0.04255 13359
0.04256 13359
0.04257 13359
0.04258 13359
0.04259 13359
0.0426 13359
0.04261 13359
0.04262 13359
0.04263 13359
0.04264 13359
0.04265 13359
0.04266 13359
0.04267 13359
0.04268 13359
0.04269 13359
0.0427 13359
0.04271 13359
0.04272 13359
0.04273 13359
0.04274 13359
0.04275 13359
0.04276 13359
0.04277 13359
0.04278 13359
0.04279 13359
0.0428 13359
0.04281 13359
0.04282 13359
0.04283 13359
0.04284 13359
0.04285 13359
0.04286 13359
0.04287 13359
0.04288 13359
0.04289 13359
0.0429 13359
0.04291 13359
0.04292 13359
0.04293 13359
0.04294 13359
0.04295 13359
0.04296 13359
0.04297 13359
0.04298 13359
0.04299 13359
0.043 13359
0.04301 13359
0.04302 13359
0.04303 13359
0.04304 13359
0.04305 13359
0.04306 13359
0.04307 13359
0.04308 13359
0.04309 13359
0.0431 13359
0.04311 13359
0.04312 13359
0.04313 13359
0.04314 13359
0.04315 13359
0.04316 13359
0.04317 13359
0.04318 13359
0.04319 13359
0.0432 13359
0.04321 13359
0.04322 13359
0.04323 13359
0.04324 13359
0.04325 13359
0.04326 13359
0.04327 13359
0.04328 13359
0.04329 13359
0.0433 13359
0.04331 13359
0.04332 13359
0.04333 13359
0.04334 13359
0.04335 13359
0.04336 13359
0.04337 13359
0.04338 13359
0.04339 13359
0.0434 13359
0.04341 13359
0.04342 13359
0.04343 13359
0.04344 13359
0.04345 13359
0.04346 13359
0.04347 13359
0.04348 13359
0.04349 13359
0.0435 13359
0.04351 13359
0.04352 13359
0.04353 13359
0.04354 13359
0.04355 13359
0.04356 13359
0.04357 13359
0.04358 13359
0.04359 13359
0.0436 13359
0.04361 13359
0.04362 13359
0.04363 13359
0.04364 13359
0.04365 13359
0.04366 13359
0.04367 13359
0.04368 13359
0.04369 13359
0.0437 13359
0.04371 13359
0.04372 13359
0.04373 13359
0.04374 13359
0.04375 13359
0.04376 13359
0.04377 13359
0.04378 13359
0.04379 13359
0.0438 13359
0.04381 13359
0.04382 13359
0.04383 13359
0.04384 13359
0.04385 13359
0.04386 13359
0.04387 13359
0.04388 13359
0.04389 13359
0.0439 13359
0.04391 13359
0.04392 13359
0.04393 13359
0.04394 13359
0.04395 13359
0.04396 13359
0.04397 13359
0.04398 13359
0.04399 13359
0.044 13359
0.04401 13359
0.04402 13359
0.04403 13359
0.04404 13359
0.04405 13359
0.04406 13359
0.04407 13359
0.04408 13359
0.04409 13359
0.0441 13359
0.04411 13359
0.04412 13359
0.04413 13359
0.04414 13359
0.04415 13359
0.04416 13359
0.04417 13359
0.04418 13359
0.04419 13359
0.0442 13359
0.04421 13359
0.04422 13359
0.04423 13359
0.04424 13359
0.04425 13359
0.04426 13359
0.04427 13359
0.04428 13359
0.04429 13359
0.0443 13359
0.04431 13359
0.04432 13359
0.04433 13359
0.04434 13359
0.04435 13359
0.04436 13359
0.04437 13359
0.04438 13359
0.04439 13359
0.0444 13359
0.04441 13359
0.04442 13359
0.04443 13359
0.04444 13359
0.04445 13359
0.04446 13359
0.04447 13359
0.04448 13359
0.04449 13359
0.0445 13359
0.04451 13359
0.04452 13359
0.04453 13359
0.04454 13359
0.04455 13359
0.04456 13359
0.04457 13359
0.04458 13359
0.04459 13359
0.0446 13359
0.04461 13359
0.04462 13359
0.04463 13359
0.04464 13359
0.04465 13359
0.04466 13359
0.04467 13359
0.04468 13359
0.04469 13359
0.0447 13359
0.04471 13359
0.04472 13359
0.04473 13359
0.04474 13359
0.04475 13359
0.04476 13359
0.04477 13359
0.04478 13359
0.04479 13359
0.0448 13359
0.04481 13359
0.04482 13359
0.04483 13359
0.04484 13359
0.04485 13359
0.04486 13359
0.04487 13359
0.04488 13359
0.04489 13359
0.0449 13359
0.04491 13359
0.04492 13359
0.04493 13359
0.04494 13359
0.04495 13359
0.04496 13359
0.04497 13359
0.04498 13359
0.04499 13359
0.045 13359
0.04501 13359
0.04502 13359
0.04503 13359
0.04504 13359
0.04505 13359
0.04506 13359
0.04507 13359
0.04508 13359
0.04509 13359
0.0451 13359
0.04511 13359
0.04512 13359
0.04513 13359
0.04514 13359
0.04515 13359
0.04516 13359
0.04517 13359
0.04518 13359
0.04519 13359
0.0452 13359
0.04521 13359
0.04522 13359
0.04523 13359
0.04524 13359
0.04525 13359
0.04526 13359
0.04527 13359
0.04528 13359
0.04529 13359
0.0453 13359
0.04531 13359
0.04532 13359
0.04533 13359
0.04534 13359
0.04535 13359
0.04536 13359
0.04537 13359
0.04538 13359
0.04539 13359
0.0454 13359
0.04541 13359
0.04542 13359
0.04543 13359
0.04544 13359
0.04545 13359
0.04546 13359
0.04547 13359
0.04548 13359
0.04549 13359
0.0455 13359
0.04551 13359
0.04552 13359
0.04553 13359
0.04554 13359
0.04555 13359
0.04556 13359
0.04557 13359
0.04558 13359
0.04559 13359
0.0456 13359
0.04561 13359
0.04562 13359
0.04563 13359
0.04564 13359
0.04565 13359
0.04566 13359
0.04567 13359
0.04568 13359
0.04569 13359
0.0457 13359
0.04571 13359
0.04572 13359
0.04573 13359
0.04574 13359
0.04575 13359
0.04576 13359
0.04577 13359
0.04578 13359
0.04579 13359
0.0458 13359
0.04581 13359
0.04582 13359
0.04583 13359
0.04584 13359
0.04585 13359
0.04586 13359
0.04587 13359
0.04588 13359
0.04589 13359
0.0459 13359
0.04591 13359
0.04592 13359
0.04593 13359
0.04594 13359
0.04595 13359
0.04596 13359
0.04597 13359
0.04598 13359
0.04599 13359
0.046 13359
0.04601 13359
0.04602 13359
0.04603 13359
0.04604 13359
0.04605 13359
0.04606 13359
0.04607 13359
0.04608 13359
0.04609 13359
0.0461 13359
0.04611 13359
0.04612 13359
0.04613 13359
0.04614 13359
0.04615 13359
0.04616 13359
0.04617 13359
0.04618 13359
0.04619 13359
0.0462 13359
0.04621 13359
0.04622 13359
0.04623 13359
0.04624 13359
0.04625 13359
0.04626 13359
0.04627 13359
0.04628 13359
0.04629 13359
0.0463 13359
0.04631 13359
0.04632 13359
0.04633 13359
0.04634 13359
0.04635 13359
0.04636 13359
0.04637 13359
0.04638 13359
0.04639 13359
0.0464 13359
0.04641 13359
0.04642 13359
0.04643 13359
0.04644 13359
0.04645 13359
0.04646 13359
0.04647 13359
0.04648 13359
0.04649 13359
0.0465 13359
0.04651 13359
0.04652 13359
0.04653 13359
0.04654 13359
0.04655 13359
0.04656 13359
0.04657 13359
0.04658 13359
0.04659 13359
0.0466 13359
0.04661 13359
0.04662 13359
0.04663 13359
0.04664 13359
0.04665 13359
0.04666 13359
0.04667 13359
0.04668 13359
0.04669 13359
0.0467 13359
0.04671 13359
0.04672 13359
0.04673 13359
0.04674 13359
0.04675 13359
0.04676 13359
0.04677 13359
0.04678 13359
0.04679 13359
0.0468 13359
0.04681 13359
0.04682 13359
0.04683 13359
0.04684 13359
0.04685 13359
0.04686 13359
0.04687 13359
0.04688 13359
0.04689 13359
0.0469 13359
0.04691 13359
0.04692 13359
0.04693 13359
0.04694 13359
0.04695 13359
0.04696 13359
0.04697 13359
0.04698 13359
0.04699 13359
0.047 13359
0.04701 13359
0.04702 13359
0.04703 13359
0.04704 13359
0.04705 13359
0.04706 13359
0.04707 13359
0.04708 13359
0.04709 13359
0.0471 13359
0.04711 13359
0.04712 13359
0.04713 13359
0.04714 13359
0.04715 13359
0.04716 13359
0.04717 13359
0.04718 13359
0.04719 13359
0.0472 13359
0.04721 13359
0.04722 13359
0.04723 13359
0.04724 13359
0.04725 13359
0.04726 13359
0.04727 13359
0.04728 13359
0.04729 13359
0.0473 13359
0.04731 13359
0.04732 13359
0.04733 13359
0.04734 13359
0.04735 13359
0.04736 13359
0.04737 13359
0.04738 13359
0.04739 13359
0.0474 13359
0.04741 13359
0.04742 13359
0.04743 13359
0.04744 13359
0.04745 13359
0.04746 13359
0.04747 13359
0.04748 13359
0.04749 13359
0.0475 13359
0.04751 13359
0.04752 13359
0.04753 13359
0.04754 13359
0.04755 13359
0.04756 13359
0.04757 13359
0.04758 13359
0.04759 13359
0.0476 13359
0.04761 13359
0.04762 13359
0.04763 13359
0.04764 13359
0.04765 13359
0.04766 13359
0.04767 13359
0.04768 13359
0.04769 13359
0.0477 13359
0.04771 13359
0.04772 13359
0.04773 13359
0.04774 13359
0.04775 13359
0.04776 13359
0.04777 13359
0.04778 13359
0.04779 13359
0.0478 13359
0.04781 13359
0.04782 13359
0.04783 13359
0.04784 13359
0.04785 13359
0.04786 13359
0.04787 13359
0.04788 13359
0.04789 13359
0.0479 13359
0.04791 13359
0.04792 13359
0.04793 13359
0.04794 13359
0.04795 13359
0.04796 13359
0.04797 13359
0.04798 13359
0.04799 13359
0.048 13359
0.04801 13359
0.04802 13359
0.04803 13359
0.04804 13359
0.04805 13359
0.04806 13359
0.04807 13359
0.04808 13359
0.04809 13359
0.0481 13359
0.04811 13359
0.04812 13359
0.04813 13359
0.04814 13359
0.04815 13359
0.04816 13359
0.04817 13359
0.04818 13359
0.04819 13359
0.0482 13359
0.04821 13359
0.04822 13359
0.04823 13359
0.04824 13359
0.04825 13359
0.04826 13359
0.04827 13359
0.04828 13359
0.04829 13359
0.0483 13359
0.04831 13359
0.04832 13359
0.04833 13359
0.04834 13359
0.04835 13359
0.04836 13359
0.04837 13359
0.04838 13359
0.04839 13359
0.0484 13359
0.04841 13359
0.04842 13359
0.04843 13359
0.04844 13359
0.04845 13359
0.04846 13359
0.04847 13359
0.04848 13359
0.04849 13359
0.0485 13359
0.04851 13359
0.04852 13359
0.04853 13359
0.04854 13359
0.04855 13359
0.04856 13359
0.04857 13359
0.04858 13359
0.04859 13359
0.0486 13359
0.04861 13359
0.04862 13359
0.04863 13359
0.04864 13359
0.04865 13359
0.04866 13359
0.04867 13359
0.04868 13359
0.04869 13359
0.0487 13359
0.04871 13359
0.04872 13359
0.04873 13359
0.04874 13359
0.04875 13359
0.04876 13359
0.04877 13359
0.04878 13359
0.04879 13359
0.0488 13359
0.04881 13359
0.04882 13359
0.04883 13359
0.04884 13359
0.04885 13359
0.04886 13359
0.04887 13359
0.04888 13359
0.04889 13359
0.0489 13359
0.04891 13359
0.04892 13359
0.04893 13359
0.04894 13359
0.04895 13359
0.04896 13359
0.04897 13359
0.04898 13359
0.04899 13359
0.049 13359
0.04901 13359
0.04902 13359
0.04903 13359
0.04904 13359
0.04905 13359
0.04906 13359
0.04907 13359
0.04908 13359
0.04909 13359
0.0491 13359
0.04911 13359
0.04912 13359
0.04913 13359
0.04914 13359
0.04915 13359
0.04916 13359
0.04917 13359
0.04918 13359
0.04919 13359
0.0492 13359
0.04921 13359
0.04922 13359
0.04923 13359
0.04924 13359
0.04925 13359
0.04926 13359
0.04927 13359
0.04928 13359
0.04929 13359
0.0493 13359
0.04931 13359
0.04932 13359
0.04933 13359
0.04934 13359
0.04935 13359
0.04936 13359
0.04937 13359
0.04938 13359
0.04939 13359
0.0494 13359
0.04941 13359
0.04942 13359
0.04943 13359
0.04944 13359
0.04945 13359
0.04946 13359
0.04947 13359
0.04948 13359
0.04949 13359
0.0495 13359
0.04951 13359
0.04952 13359
0.04953 13359
0.04954 13359
0.04955 13359
0.04956 13359
0.04957 13359
0.04958 13359
0.04959 13359
0.0496 13359
0.04961 13359
0.04962 13359
0.04963 13359
0.04964 13359
0.04965 13359
0.04966 13359
0.04967 13359
0.04968 13359
0.04969 13359
0.0497 13359
0.04971 13359
0.04972 13359
0.04973 13359
0.04974 13359
0.04975 13359
0.04976 13359
0.04977 13359
0.04978 13359
0.04979 13359
0.0498 13359
0.04981 13359
0.04982 13359
0.04983 13359
0.04984 13359
0.04985 13359
0.04986 13359
0.04987 13359
0.04988 13359
0.04989 13359
0.0499 13359
0.04991 13359
0.04992 13359
0.04993 13359
0.04994 13359
0.04995 13359
0.04996 13359
0.04997 13359
0.04998 13359
0.04999 13359
0.05 13359
