0.002872 -0.0250000004 0.0179546823 0.0300437911 synchronous_release_0
0.057011 -0.0250000004 0.0240289413 0.0254481822 synchronous_release_0
0.043649 -0.0250000004 0.0166553597 -0.0307830959 synchronous_release_1
0.043326 -0.0250000004 0.03368456 0.00950528373 synchronous_release_0
0.002736 -0.0250000004 -0.0288607119 0.0198004876 synchronous_release_0
0.042426 -0.0250000004 0.0336392489 0.00966441598 synchronous_release_0
0.042393 -0.0250000004 0.0349795125 -0.00119737512 synchronous_release_0
0.004951 -0.0250000004 0.033448359 -0.0103056915 synchronous_release_0
0.04398 -0.0250000004 0.0320065579 -0.0141626358 synchronous_release_0
0.052329 -0.0250000004 0.0606214918 0.000186362667 synchronous_release_0
0.04441 -0.0250000004 0.00777461287 -0.0341255827 synchronous_release_0
0.003171 -0.0250000004 -0.030148967 0.0177775079 synchronous_release_0
0.04295 -0.0250000004 0.030470257 0.0172210173 synchronous_release_0
0.010573 -0.0250000004 0.00032129 0.0349985253 synchronous_release_1
0.003915 -0.0250000004 0.0186021999 -0.0296472285 synchronous_release_0
0.043057 -0.0250000004 0.0163741531 0.0309335919 synchronous_release_0
0.04485 -0.0250000004 -0.0186021999 0.0296472285 synchronous_release_0
0.059027 -0.0250000004 0.034976353 0.00128636344 synchronous_release_1
0.046697 -0.0250000004 0.0340296799 0.00818418494 synchronous_release_1
0.002842 -0.0250000004 0.0345691309 -0.00547496004 synchronous_release_0
0.042767 -0.0250000004 -0.0215355823 0.027590192 synchronous_release_0
0.003581 -0.0250000004 0.013126016 0.0324454574 synchronous_release_1
0.005303 -0.0250000004 0.0167534296 0.0307298324 synchronous_release_1
0.008667 -0.0250000004 0.0199618595 0.0287493333 synchronous_release_0
0.048693 -0.0250000004 0.000967198584 -0.000254021455 synchronous_release_0
0.012806 -0.0250000004 0.0347719422 0.00398898972 synchronous_release_0
0.042499 -0.0250000004 0.0270645532 -0.0221925654 synchronous_release_0
0.049825 -0.0250000004 -0.00099467292 -0.000103081439 synchronous_release_1
0.044532 -0.0250000004 -0.0198358862 0.028836394 synchronous_release_0
0.002546 -0.0250000004 -0.000193100613 -0.0349994673 synchronous_release_0
0.042601 -0.0250000004 0.0302138775 -0.0176669637 synchronous_release_1
0.045224 -0.0250000004 -0.0269618734 -0.0223171993 synchronous_release_0
0.050142 -0.0250000004 0.0269618734 0.0223171993 synchronous_release_0
0.002764 -0.0250000004 0.000636444938 -0.000771322138 synchronous_release_0
0.045772 -0.0250000004 0.0327893494 -0.0122416734 synchronous_release_0
0.057905 -0.0250000004 0.0269962748 0.0222755728 synchronous_release_0
0.065626 -0.0250000004 -0.0222489691 0.0270182045 synchronous_release_0
0.042484 -0.0250000004 0.0335438206 -0.00999060047 synchronous_release_0
0.045905 -0.0250000004 0.0196046896 0.0289940709 synchronous_release_0
0.049819 -0.0250000004 -0.0196046896 -0.0289940709 synchronous_release_0
0.002572 -0.0250000004 0.0244701044 -0.025024268 synchronous_release_0
0.036359 -0.0250000004 0.00943659963 0.0337038661 synchronous_release_1
0.002699 -0.0250000004 -0.00112131172 0.0349820334 synchronous_release_0
0.046912 -0.0250000004 -0.0297346737 -0.0184621011 synchronous_release_0
0.04395 -0.0250000004 0.0216559774 0.0274957932 synchronous_release_0
0.002602 -0.0250000004 0.058463106 -0.0384976003 synchronous_release_0
0.04225 -0.0250000004 0.0312857265 0.0156908674 synchronous_release_0
0.052164 -0.0250000004 0.029231553 -0.0192488002 synchronous_release_0
0.003237 -0.0250000004 -0.000549965719 -0.000835187229 synchronous_release_1
0.002355 -0.0250000004 0.0310405765 -0.016170424 synchronous_release_0
0.043078 -0.0250000004 0.0295242862 0.0187967158 synchronous_release_0
0.00723 -0.0250000004 0.000146853533 -0.000989158248 synchronous_release_0
0.006078 -0.0250000004 0.00439999451 0.0347223278 synchronous_release_0
0.047325 -0.0250000004 0.000387161625 -0.000922011863 synchronous_release_1
0.002982 -0.0250000004 0.0347752332 -0.00396019608 synchronous_release_0
0.043136 -0.0250000004 -0.0139579862 0.0320963334 synchronous_release_1
0.045398 -0.0250000004 0.0264306199 0.0229438953 synchronous_release_0
0.043136 -0.0250000004 0.0330853061 -0.0114176407 synchronous_release_1
0.070448 -0.0250000004 0.00098175817 0.000190133891 synchronous_release_1
0.005675 -0.0250000004 -0.0106492871 0.0333405561 synchronous_release_0
0.054569 -0.0250000004 0.0106492871 -0.0333405561 synchronous_release_0
0.044441 -0.0250000004 0.0300066722 0.0180166485 synchronous_release_0
0.063558 -0.0250000004 0.0277751557 -0.0212964956 synchronous_release_0
0.043789 -0.0250000004 0.0120617987 -0.0328559433 synchronous_release_1
0.05663 -0.0250000004 0.034055677 -0.00807532455 synchronous_release_0
0.05113 -0.0250000004 0.0151877981 0.0315330111 synchronous_release_1
0.049123 -0.0250000004 -0.0332249661 -0.0110046184 synchronous_release_0
0.055225 -0.0250000004 0.0271023781 -0.0221463564 synchronous_release_1
0.060068 -0.0250000004 -0.00562811818 -0.0345445261 synchronous_release_1
0.042598 -0.0250000004 -0.00810213488 0.0340493085 synchronous_release_0
0.05041 -0.0250000004 0.0254364987 0.0240413089 synchronous_release_1
0.052202 -0.0250000004 0.0335386336 -0.0100079996 synchronous_release_1
0.062941 -0.0250000004 0.0316745684 -0.0148903229 synchronous_release_0
0.002875 -0.0250000004 0.0252875976 -0.0241978803 synchronous_release_0
0.042735 -0.0250000004 0.00546559792 0.0345706124 synchronous_release_0
0.042633 -0.0250000004 -0.0342814606 0.00705559754 synchronous_release_0
0.073066 -0.0250000004 0.000747451915 -0.000664315915 synchronous_release_0
0.043263 -0.0250000004 0.0331162131 -0.0113276842 synchronous_release_0
0.052308 -0.0250000004 0.000657589707 -0.000753376252 synchronous_release_0
0.003549 -0.0250000004 0.0333922122 -0.0104861892 synchronous_release_0
0.003249 -0.0250000004 -0.00434733244 0.0347289605 synchronous_release_0
0.04291 -0.0250000004 0.00434733244 -0.0347289605 synchronous_release_0
0.049908 -0.0250000004 0.0293555766 0.0190591217 synchronous_release_0
0.002673 -0.0250000004 -0.0059837043 -0.0344847109 synchronous_release_0
0.062377 -0.0250000004 0.0323723246 0.0133053599 synchronous_release_0
0.051721 -0.0250000004 0.0298177324 0.0183276521 synchronous_release_0
0.043272 -0.0250000004 0.00670347521 0.0343520512 synchronous_release_0
0.043788 -0.0250000004 0.0126192834 -0.0326458832 synchronous_release_0
0.044654 -0.0250000004 0.0667053427 -0.0212225647 synchronous_release_0
0.054621 -0.0250000004 0.0326899922 -0.0125045755 synchronous_release_1
0.042947 -0.0250000004 0.0235756901 -0.0258686458 synchronous_release_1
0.007174 -0.0250000004 -0.00119268695 0.0349796726 synchronous_release_0
0.045601 -0.0250000004 0.026336016 -0.0230524242 synchronous_release_1
0.003099 -0.0250000004 0.0349978273 0.000389978638 synchronous_release_0
0.043212 -0.0250000004 0.0178366451 -0.0301140182 synchronous_release_0
0.054373 -0.0250000004 -0.0178366451 0.0301140182 synchronous_release_0
0.046711 -0.0250000004 0.0171611822 0.0305039968 synchronous_release_1
0.002933 -0.0250000004 -0.0245140268 0.0249812427 synchronous_release_0
0.04376 -0.0250000004 0.0135778481 0.0322589839 synchronous_release_0
0.010807 -0.0250000004 0.0347260236 0.00437073058 synchronous_release_1
0.044255 -0.0250000004 -0.00708724558 -0.0342749318 synchronous_release_0
0.04262 -0.0250000004 0.0331417272 0.0112528181 synchronous_release_0
0.044918 -0.0250000004 0.02631609 -0.0230751687 synchronous_release_0
0.049279 -0.0250000004 0.00097080653 -0.00023986388 synchronous_release_0
0.047043 -0.0250000004 -0.00800125445 0.0340731555 synchronous_release_0
0.042434 -0.0250000004 0.0346012225 0.00526833929 synchronous_release_0
0.044408 -0.0250000004 0.0117104358 -0.032982809 synchronous_release_0
0.042355 -0.0250000004 -0.0183396211 0.0298103723 synchronous_release_1
0.047149 -0.0250000004 -0.0594807785 -0.0117062799 synchronous_release_0
0.042884 -0.0250000004 0.0213135095 -0.0277621021 synchronous_release_0
0.050866 -0.0250000004 -0.013385931 -0.0323390917 synchronous_release_0
0.008041 -0.0250000004 0.0115560134 -0.0330372298 synchronous_release_0
0.044277 -0.0250000004 0.0228330736 0.0265264161 synchronous_release_0
0.050598 -0.0250000004 -0.0272059693 -0.0220189744 synchronous_release_0
0.042707 -0.0250000004 0.0310704145 0.0161130177 synchronous_release_1
0.005198 -0.0250000004 -0.0219877271 0.0272312294 synchronous_release_1
0.047612 -0.0250000004 0.0219877271 -0.0272312294 synchronous_release_1
0.042831 -0.0250000004 0.00730700396 0.0342287554 synchronous_release_0
0.048873 -0.0250000004 0.000977964439 -0.000208771542 synchronous_release_0
0.054009 -0.0250000004 0.0259894697 -0.0234424287 synchronous_release_0
0.057152 -0.0250000004 0.0332964737 0.0107863266 synchronous_release_0
0.043446 -0.0250000004 0.000591401266 0.000806377419 synchronous_release_0
0.044108 -0.0250000004 0.0320375031 0.0140924944 synchronous_release_0
0.042526 -0.0250000004 0.00238287004 -0.0349187905 synchronous_release_0
0.008283 -0.0250000004 0.0177832076 -0.0301456054 synchronous_release_0
0.043183 -0.0250000004 0.0323287334 0.0134109281 synchronous_release_0
0.011346 -0.0250000004 0.0323551088 0.0133471695 synchronous_release_0
0.005656 -0.0250000004 -0.0324429173 0.0131322929 synchronous_release_0
0.042311 -0.0250000004 0.011477065 -0.0330647392 synchronous_release_0
0.050237 -0.0250000004 -0.0228963716 -0.0264717995 synchronous_release_1
0.042616 -0.0250000004 -0.00162881616 -0.0349620789 synchronous_release_0
0.04391 -0.0250000004 0.00162881616 0.0349620789 synchronous_release_0
0.048903 -0.0250000004 0.000459155521 -0.000888355901 synchronous_release_1
0.005536 -0.0250000004 0.0277056183 0.0213868818 synchronous_release_0
0.04282 -0.0250000004 -0.00466877382 0.0346872102 synchronous_release_0
0.00272 -0.0250000004 0.0156953464 -0.0312834797 synchronous_release_0
0.013353 -0.0250000004 0.0349399613 -0.00204917109 synchronous_release_0
0.050352 -0.0250000004 0.0021359142 0.0349347659 synchronous_release_0
0.043635 -0.0250000004 0.0198929979 0.0287970247 synchronous_release_0
0.042476 -0.0250000004 -0.0234517556 0.0259810538 synchronous_release_0
0.04675 -0.0250000004 -0.0107743748 -0.033300343 synchronous_release_0
0.012791 -0.0250000004 -0.00545889422 0.0345716716 synchronous_release_0
0.00402 -0.0250000004 0.0349099135 0.00250956975 synchronous_release_0
0.044184 -0.0250000004 0.0123699687 0.0327411648 synchronous_release_0
0.006502 -0.0250000004 -0.0344010442 -0.00644733707 synchronous_release_0
0.042474 -0.0250000004 0.0227840798 -0.0265685097 synchronous_release_0
0.050942 -0.0250000004 0.0344010442 0.00644733707 synchronous_release_0
0.007864 -0.0250000004 0.0349467228 0.00193043084 synchronous_release_0
0.04531 -0.0250000004 0.0349988678 -0.000281522729 synchronous_release_0
0.002626 -0.0250000004 0.0327515514 -0.0123424422 synchronous_release_0
0.071507 -0.0250000004 -0.000352641207 -0.000935758612 synchronous_release_0
0.043491 -0.0250000004 0.0270646442 0.0221924544 synchronous_release_1
0.012536 -0.0250000004 0.0296425392 -0.0186096715 synchronous_release_0
0.043441 -0.0250000004 0.0309377178 0.0163663562 synchronous_release_0
0.00454 -0.0250000004 -0.00451956772 0.0347069663 synchronous_release_0
0.049367 -0.0250000004 -0.0323168983 0.0134394227 synchronous_release_0
0.043235 -0.0250000004 0.00451956772 -0.0347069663 synchronous_release_1
0.057878 -0.0250000004 0.0323168983 -0.0134394227 synchronous_release_1
0.044678 -0.0250000004 0.0347198725 -0.00441932695 synchronous_release_0
0.042373 -0.0250000004 0.0211871857 0.0278586282 synchronous_release_1
0.052718 -0.0250000004 -0.0135326869 0.0322779551 synchronous_release_1
0.043303 -0.0250000004 0.0301004094 -0.0178596012 synchronous_release_0
0.00286 -0.0250000004 0.0125820937 -0.0326602345 synchronous_release_0
0.010615 -0.0250000004 0.021993546 0.02722653 synchronous_release_0
0.044574 -0.0250000004 -0.0125820937 0.0326602345 synchronous_release_0
0.050876 -0.0250000004 0.0345756396 -0.00543370451 synchronous_release_0
0.042295 -0.0250000004 0.00449521906 -0.0347101283 synchronous_release_1
0.052507 -0.0250000004 0.0601197057 0.00778594781 synchronous_release_1
0.049274 -0.0250000004 0.0346795178 -0.00472557354 synchronous_release_0
0.042885 -0.0250000004 -0.0277743176 0.0212975887 synchronous_release_0
0.005918 -0.0250000004 0.028530017 0.0202740753 synchronous_release_0
0.020119 -0.0250000004 0.00099556449 9.4081593e-05 synchronous_release_0
0.04407 -0.0250000004 0.00329285575 -0.0348447572 synchronous_release_0
0.052244 -0.0250000004 -0.000367152455 0.000930160779 synchronous_release_0
0.002685 -0.0250000004 0.0154899677 0.0313856799 synchronous_release_1
0.044253 -0.0250000004 0.00116368618 -0.0349806494 synchronous_release_0
0.057009 -0.0250000004 0.000470929798 0.00088217069 synchronous_release_0
0.006306 -0.0250000004 -0.0313401548 -0.0155818708 synchronous_release_0
0.012063 -0.0250000004 0.0290615564 -0.0195045108 synchronous_release_1
0.046386 -0.0250000004 -0.0341626299 -0.00761017186 synchronous_release_0
0.00668 -0.0250000004 0.0231589509 -0.0262423892 synchronous_release_0
0.045591 -0.0250000004 0.0574650021 -0.0193073441 synchronous_release_0
0.042516 -0.0250000004 0.0143076242 0.0319420082 synchronous_release_0
0.047651 -0.0250000004 0.0205087785 -0.0283617701 synchronous_release_0
0.046549 -0.0250000004 0.0119387098 0.0329008694 synchronous_release_0
0.047305 -0.0250000004 0.0280810602 0.0208914829 synchronous_release_0
0.004251 -0.0250000004 -0.0234118562 -0.0260170135 synchronous_release_0
0.023086 -0.0250000004 -0.0342373227 0.00726675548 synchronous_release_0
0.0508 -0.0250000004 0.0342373227 -0.00726675548 synchronous_release_0
0.062143 -0.0250000004 0.0234118562 0.0260170135 synchronous_release_0
0.019043 -0.0250000004 0.0108254665 -0.0332837689 synchronous_release_1
0.003359 -0.0250000004 0.00228504959 -0.0349253282 synchronous_release_0
0.042462 -0.0250000004 0.0291036966 0.0194415751 synchronous_release_0
0.045716 -0.0250000004 -0.0291036966 -0.0194415751 synchronous_release_0
0.057163 -0.0250000004 0.0338275922 -0.00898298426 synchronous_release_0
0.017679 -0.0250000004 -0.00710111525 -0.034272061 synchronous_release_0
0.043109 -0.0250000004 0.0332310331 0.0109862843 synchronous_release_0
0.012393 -0.0250000004 0.012619072 0.0326459649 synchronous_release_0
0.043884 -0.0250000004 -0.012619072 -0.0326459649 synchronous_release_0
0.04303 -0.0250000004 0.0161728247 -0.0310393257 synchronous_release_0
0.042993 -0.0250000004 -0.0176301094 0.0302353972 synchronous_release_0
0.042211 -0.0250000004 -0.0184447489 -0.0297454406 synchronous_release_0
0.060236 -0.0250000004 0.0349826817 -0.00110090085 synchronous_release_0
0.064812 -0.0250000004 -3.14543099e-05 -0.000999505191 synchronous_release_0
0.042766 -0.0250000004 0.00272242447 -0.0348939594 synchronous_release_0
0.049526 -0.0250000004 -0.0288578431 -0.0198046685 synchronous_release_0
0.051233 -0.0250000004 -0.0018050319 -0.0349534242 synchronous_release_0
0.059085 -0.0250000004 0.0311730692 0.0159135086 synchronous_release_0
0.04429 -0.0250000004 0.00811952094 -0.0340451668 synchronous_release_0
0.00269 -0.0250000004 -0.00568026325 0.0345359901 synchronous_release_0
0.00285 -0.0250000004 0.0248884386 -0.024608243 synchronous_release_0
0.044816 -0.0250000004 -0.00886714429 -0.0338581416 synchronous_release_0
0.043159 -0.0250000004 0.0253691388 -0.0241123785 synchronous_release_0
0.054219 -0.0250000004 -0.0296178615 0.0186489217 synchronous_release_0
0.050849 -0.0250000004 0.000644099779 -0.0349940729 synchronous_release_1
0.042418 -0.0250000004 0.0279285934 -0.0210948731 synchronous_release_0
0.002683 -0.0250000004 0.0227198063 0.0266234934 synchronous_release_0
0.046284 -0.0250000004 -0.0116967184 0.0329876761 synchronous_release_0
0.009593 -0.0250000004 0.02639849 -0.0229808557 synchronous_release_0
0.045783 -0.0250000004 -0.029632449 -0.0186257339 synchronous_release_0
0.044604 -0.0250000004 -0.000971650911 -0.000236420194 synchronous_release_0
0.009288 -0.0250000004 0.0270366752 -0.02222652 synchronous_release_0
0.043328 -0.0250000004 0.0327670686 0.0123011876 synchronous_release_1
0.044361 -0.0250000004 0.0345687881 0.00547712389 synchronous_release_0
0.048279 -0.0250000004 0.0220277225 -0.0271988868 synchronous_release_0
0.042786 -0.0250000004 0.00067258569 -0.000740019249 synchronous_release_0
0.003896 -0.0250000004 0.000951969014 -0.000306194378 synchronous_release_0
0.042485 -0.0250000004 0.0174606542 -0.0303335714 synchronous_release_0
0.055821 -0.0250000004 1.29758757e-06 0.000999999158 synchronous_release_0
0.060905 -0.0250000004 -0.0345270383 -0.00573442464 synchronous_release_0
0.042541 -0.0250000004 0.0345270383 0.00573442464 synchronous_release_1
0.012577 -0.0250000004 0.0349988343 -0.00028565836 synchronous_release_0
0.004528 -0.0250000004 0.0177468045 0.0301670504 synchronous_release_1
0.042897 -0.0250000004 0.000999689113 -2.493345e-05 synchronous_release_1
0.042481 -0.0250000004 0.0338400319 -0.00893600812 synchronous_release_0
0.043355 -0.0250000004 0.00918120591 -0.0337743313 synchronous_release_0
0.047746 -0.0250000004 0.024658826 0.0248383232 synchronous_release_0
0.044801 -0.0250000004 0.0430212378 -0.0427103395 synchronous_release_1
0.043859 -0.0250000004 -0.0345032736 0.00587572198 synchronous_release_0
0.002846 -0.0250000004 0.0194285667 0.0291123822 synchronous_release_0
0.023368 -0.0250000004 0.0349263459 -0.00226944121 synchronous_release_0
0.042905 -0.0250000004 0.000187184809 -0.000982324716 synchronous_release_0
0.046941 -0.0250000004 0.0343813651 0.00655146832 synchronous_release_0
0.044087 -0.0250000004 0.00341691313 0.0348328107 synchronous_release_0
0.04509 -0.0250000004 0.0318745556 0.0144572718 synchronous_release_1
0.002365 -0.0250000004 0.0279015404 0.0211306423 synchronous_release_0
0.008669 -0.0250000004 0.0222472806 0.0270195949 synchronous_release_0
0.060497 -0.0250000004 -0.0345232959 0.00575691268 synchronous_release_0
0.006543 -0.0250000004 0.0293620391 -0.0190491642 synchronous_release_0
0.044707 -0.0250000004 -0.0293620391 0.0190491642 synchronous_release_0
0.056073 -0.0250000004 -0.0311780797 -0.0159036897 synchronous_release_0
0.053499 -0.0250000004 0.0341617412 0.00761416053 synchronous_release_0
0.042468 -0.0250000004 0.023674927 -0.0257778554 synchronous_release_1
0.04249 -0.0250000004 0.0264824589 0.0228840419 synchronous_release_0
0.061504 -0.0250000004 0.00657693215 -0.0343765031 synchronous_release_0
0.013597 -0.0250000004 0.0280134066 0.0209821127 synchronous_release_0
0.0485 -0.0250000004 0.0321777459 -0.0137692654 synchronous_release_0
0.0445 -0.0250000004 0.0268608185 -0.0224387261 synchronous_release_0
0.046029 -0.0250000004 0.0342772546 0.00707600303 synchronous_release_0
0.046685 -0.0250000004 0.0349978855 0.000384717276 synchronous_release_0
0.04249 -0.0250000004 0.0178282297 0.0301190011 synchronous_release_0
0.065482 -0.0250000004 0.0349979349 -0.000380199236 synchronous_release_0
0.043578 -0.0250000004 -0.00852242412 -0.0339465504 synchronous_release_1
0.045119 -0.0250000004 0.0302463414 -0.0176113269 synchronous_release_0
0.003632 -0.0250000004 0.0344959948 -0.00591830602 synchronous_release_0
0.046017 -0.0250000004 -0.0217469173 0.0274239237 synchronous_release_0
0.043802 -0.0250000004 -0.0128763559 -0.0325453446 synchronous_release_1
0.044811 -0.0250000004 0.0342368402 0.00726902816 synchronous_release_0
0.046183 -0.0250000004 -0.0118879232 -0.032919254 synchronous_release_0
0.04617 -0.0250000004 0.0148253878 -0.0317050134 synchronous_release_0
0.048772 -0.0250000004 0.034870041 -0.00301334422 synchronous_release_1
0.01553 -0.0250000004 0.0329014172 0.0119372002 synchronous_release_0
0.067006 -0.0250000004 0.034865319 0.00306749584 synchronous_release_1
0.044015 -0.0250000004 0.0139046515 -0.0321194749 synchronous_release_0
0.048354 -0.0250000004 0.034768607 -0.004017956 synchronous_release_0
0.04521 -0.0250000004 0.0310025542 0.0162432026 synchronous_release_0
0.048955 -0.0250000004 0.0295683032 -0.0187273983 synchronous_release_0
0.051931 -0.0250000004 -0.00143425104 -0.0349706009 synchronous_release_1
0.045179 -0.0250000004 0.014638573 0.0317916999 synchronous_release_1
0.049722 -0.0250000004 0.00544060555 -0.0345745544 synchronous_release_0
0.061228 -0.0250000004 -0.0169159095 0.030640692 synchronous_release_0
0.006687 -0.0250000004 -0.0117353412 0.0329739559 synchronous_release_0
0.043527 -0.0250000004 0.0226886129 0.0266500816 synchronous_release_1
0.047006 -0.0250000004 -0.0188069402 0.0295177743 synchronous_release_0
0.044921 -0.0250000004 -0.0270497076 -0.0222106578 synchronous_release_0
0.046004 -0.0250000004 -0.0136075149 -0.032246481 synchronous_release_1
0.013807 -0.0250000004 0.0241255833 -0.0253565816 synchronous_release_0
0.043995 -0.0250000004 0.0340222355 0.00821507726 synchronous_release_0
0.042895 -0.0250000004 0.0348729803 -0.00297913541 synchronous_release_0
0.048949 -0.0250000004 0.0200164971 0.0287113191 synchronous_release_1
0.028782 -0.0250000004 0.0348834826 0.00285353094 synchronous_release_0
0.04355 -0.0250000004 0.0199129716 -0.0287832167 synchronous_release_0
0.009325 -0.0250000004 0.014970511 0.0316367476 synchronous_release_1
0.002188 -0.0250000004 -0.0199129716 0.0287832167 synchronous_release_2
0.048956 -0.0250000004 0.0349984571 0.000328639641 synchronous_release_0
0.044628 -0.0250000004 0.0177838388 -0.0301452331 synchronous_release_1
0.055947 -0.0250000004 0.0172146182 0.0304738727 synchronous_release_1
0.011874 -0.0250000004 0.03493061 -0.00220283534 synchronous_release_0
0.003659 -0.0250000004 0.034994141 0.00064038871 synchronous_release_0
0.04434 -0.0250000004 0.0180516634 -0.0299856207 synchronous_release_0
0.002659 -0.0250000004 -0.0349766876 0.00127723223 synchronous_release_0
0.003297 -0.0250000004 0.0178315765 -0.0301170198 synchronous_release_0
0.046533 -0.0250000004 -0.0349978925 -0.000384088312 synchronous_release_0
0.005413 -0.0250000004 0.0349978925 0.000384088312 synchronous_release_1
0.046682 -0.0250000004 -0.0185253186 -0.0296953291 synchronous_release_0
0.042504 -0.0250000004 -0.00323183826 -0.0348504695 synchronous_release_0
0.042378 -0.0250000004 -0.013444454 -0.0323148056 synchronous_release_0
0.04636 -0.0250000004 0.0347076695 0.00451416412 synchronous_release_0
0.007651 -0.0250000004 0.0328586257 0.0120544894 synchronous_release_0
0.003462 -0.0250000004 0.0147461529 -0.0317419434 synchronous_release_0
0.047837 -0.0250000004 0.00443233198 -0.0347182147 synchronous_release_0
0.046081 -0.0250000004 -0.0181454193 -0.0299289786 synchronous_release_0
0.042479 -0.0250000004 0.0168465461 -0.0306788834 synchronous_release_1
0.055578 -0.0250000004 0.0349919654 -0.000749904811 synchronous_release_1
0.002268 -0.0250000004 0.0185908203 -0.0296543656 synchronous_release_0
0.055984 -0.0250000004 -0.0185908203 0.0296543656 synchronous_release_0
0.063008 -0.0250000004 -0.0103116586 0.0334465199 synchronous_release_1
0.042996 -0.0250000004 0.034928717 0.00223265126 synchronous_release_0
0.057001 -0.0250000004 0.0155308258 0.0313654818 synchronous_release_1
0.006143 -0.0250000004 0.0152743213 0.031491191 synchronous_release_0
0.023241 -0.0250000004 0.0196350107 -0.0289735458 synchronous_release_1
0.043332 -0.0250000004 -0.0152743213 -0.031491191 synchronous_release_1
0.053099 -0.0250000004 0.00476535134 0.0346740743 synchronous_release_0
0.045654 -0.0250000004 0.0276459535 -0.0214639525 synchronous_release_1
0.053404 -0.0250000004 -0.0349208398 0.00235264662 synchronous_release_0
0.042373 -0.0250000004 0.0285620904 0.0202288653 synchronous_release_0
0.05119 -0.0250000004 -0.00323766607 0.0348499285 synchronous_release_1
0.04467 -0.0250000004 -0.000923125704 0.000384498289 synchronous_release_0
0.043644 -0.0250000004 0.0172524685 0.0304524602 synchronous_release_0
0.053688 -0.0250000004 -0.0349988384 -0.000285154133 synchronous_release_0
0.045286 -0.0250000004 -0.00191211808 -0.0349477296 synchronous_release_0
0.046438 -0.0250000004 0.000967666616 -0.000252232671 synchronous_release_1
0.047977 -0.0250000004 0.0158731873 -0.0311936199 synchronous_release_1
0.043298 -0.0250000004 0.0288414812 -0.0198284887 synchronous_release_0
0.047767 -0.0250000004 -0.00275123434 -0.0348916997 synchronous_release_0
0.042836 -0.0250000004 7.62751757e-05 -0.000997086805 synchronous_release_0
0.055381 -0.0250000004 -0.0151370507 -0.0315574032 synchronous_release_0
0.002856 -0.0250000004 0.0244951398 -0.0249997625 synchronous_release_0
0.047402 -0.0250000004 -0.000248958058 0.000968514267 synchronous_release_0
0.054301 -0.0250000004 0.00940285957 0.0337132946 synchronous_release_0
0.045953 -0.0250000004 0.0345465912 0.00561542862 synchronous_release_1
0.008684 -0.0250000004 -0.0174022875 -0.0303670939 synchronous_release_0
0.043653 -0.0250000004 3.22068311e-06 -0.000999994814 synchronous_release_0
0.044527 -0.0250000004 0.02109525 -0.0568330047 synchronous_release_0
0.049114 -0.0250000004 -0.00585865028 -0.0345061765 synchronous_release_0
0.027302 -0.0250000004 0.0247791582 0.0247182791 synchronous_release_0
0.043326 -0.0250000004 0.0638776877 0.0286293732 synchronous_release_0
0.04877 -0.0250000004 0.00357253971 0.0348171935 synchronous_release_1
0.014225 -0.0250000004 0.022604289 -0.0267216414 synchronous_release_0
0.047979 -0.0250000004 0.03496255 -0.0016186724 synchronous_release_0
0.003359 -0.0250000004 0.00935687202 -0.033726087 synchronous_release_0
0.047699 -0.0250000004 0.0338860841 -0.00875975465 synchronous_release_0
0.005571 -0.0250000004 -0.0186496601 -0.0296173965 synchronous_release_0
0.042403 -0.0250000004 0.0271018331 0.0221470233 synchronous_release_0
0.050954 -0.0250000004 0.00562896824 -0.0345443876 synchronous_release_1
0.044233 -0.0250000004 0.026937465 0.0223466548 synchronous_release_0
0.044546 -0.0250000004 -8.51472509e-05 0.0349998964 synchronous_release_0
0.059411 -0.0250000004 8.51472509e-05 -0.0349998964 synchronous_release_0
0.043143 -0.0250000004 0.0206909158 -0.0282291694 synchronous_release_0
0.057054 -0.0250000004 -0.00861292904 -0.0339237005 synchronous_release_0
0.05195 -0.0250000004 -0.0250723219 0.0244208656 synchronous_release_1
0.008802 -0.0250000004 -0.000972550408 0.000232692294 synchronous_release_0
0.046228 -0.0250000004 0.0037292765 0.0348007543 synchronous_release_0
0.044676 -0.0250000004 -0.0297907616 -0.0183714595 synchronous_release_0
0.04959 -0.0250000004 -0.00614825361 0.0344557539 synchronous_release_0
0.008965 -0.0250000004 0.0113932073 -0.0330937279 synchronous_release_0
0.044971 -0.0250000004 0.0343566127 -0.00668005697 synchronous_release_0
0.008935 -0.0250000004 0.0244995415 -0.0249954489 synchronous_release_0
0.004897 -0.0250000004 0.0107610389 -0.033304655 synchronous_release_0
0.00251 -0.0250000004 0.00771373865 0.0341393942 synchronous_release_0
0.043755 -0.0250000004 0.000982088817 -0.000188418565 synchronous_release_0
0.042715 -0.0250000004 0.0132405389 -0.0323988909 synchronous_release_1
0.010724 -0.0250000004 0.00392390319 0.0347793471 synchronous_release_0
0.008061 -0.0250000004 0.0337433915 -0.00929427404 synchronous_release_0
0.04233 -0.0250000004 0.0262880352 -0.0231071246 synchronous_release_0
0.053808 -0.0250000004 -0.0331553745 -0.011212544 synchronous_release_0
0.056212 -0.0250000004 -0.00686733933 -0.0343196686 synchronous_release_0
0.006328 -0.0250000004 -0.00406768166 -0.0347628245 synchronous_release_0
0.046391 -0.0250000004 0.00039596276 -0.00091826657 synchronous_release_0
0.054191 -0.0250000004 0.00453967936 0.0347043414 synchronous_release_0
0.003188 -0.0250000004 0.0277850016 -0.0212836483 synchronous_release_1
0.050952 -0.0250000004 0.0220839303 0.0271532691 synchronous_release_0
0.043054 -0.0250000004 0.00835837185 -0.0339873156 synchronous_release_0
0.046573 -0.0250000004 0.0336130646 -0.00975509543 synchronous_release_1
0.045574 -0.0250000004 -0.000926417989 -0.000376496625 synchronous_release_0
0.052727 -0.0250000004 0.0346692439 -0.00480036734 synchronous_release_0
0.045085 -0.0250000004 -0.0024849863 0.034911672 synchronous_release_0
0.006795 -0.0250000004 0.0349026185 -0.0026090657 synchronous_release_0
0.006321 -0.0250000004 0.0156574234 0.0313024774 synchronous_release_0
0.054248 -0.0250000004 -0.0187835783 0.0295326461 synchronous_release_0
0.003304 -0.0250000004 0.0317940171 0.0146335395 synchronous_release_0
0.056672 -0.0250000004 0.0350180087 0.0494847357 synchronous_release_0
0.004994 -0.0250000004 0.0164982338 0.0308675928 synchronous_release_0
0.042692 -0.0250000004 0.0349812364 0.00114590682 synchronous_release_1
0.043209 -0.0250000004 -0.000493904666 0.000869516061 synchronous_release_0
0.04288 -0.0250000004 0.000993213815 -0.000116302699 synchronous_release_1
0.050314 -0.0250000004 0.00407059446 0.0347624835 synchronous_release_1
0.04251 -0.0250000004 0.0258658239 0.0235787862 synchronous_release_0
0.043231 -0.0250000004 -0.00838431354 0.0339809253 synchronous_release_0
0.044485 -0.0250000004 -0.0336205014 0.00972943415 synchronous_release_0
0.043034 -0.0250000004 0.000999171604 4.0695284e-05 synchronous_release_1
0.042988 -0.0250000004 -0.00745310658 -0.0341972397 synchronous_release_0
0.043303 -0.0250000004 0.0160742628 -0.0310904821 synchronous_release_0
0.043186 -0.0250000004 -0.000190227976 0.000981739944 synchronous_release_0
0.033293 -0.0250000004 0.0341187543 -0.00780452459 synchronous_release_1
0.0428 -0.0250000004 -0.00335176244 -0.0348391402 synchronous_release_1
0.002263 -0.0250000004 0.0171889852 -0.0304883385 synchronous_release_0
0.048709 -0.0250000004 0.000871095387 0.000491113864 synchronous_release_1
0.00273 -0.0250000004 -0.000859168682 -0.000511692463 synchronous_release_0
0.04253 -0.0250000004 0.0349967848 0.000474401579 synchronous_release_1
0.002603 -0.0250000004 -0.000104452455 0.000994529881 synchronous_release_0
0.046726 -0.0250000004 0.0205703197 -0.028317167 synchronous_release_0
0.043423 -0.0250000004 -0.0334668684 0.0102454242 synchronous_release_0
0.003216 -0.0250000004 -0.00346520341 -0.0348280399 synchronous_release_0
0.004205 -0.0250000004 -0.0328185446 0.0121631875 synchronous_release_0
0.020337 -0.0250000004 0.0269429017 0.0223400996 synchronous_release_0
0.047465 -0.0250000004 0.0238064159 0.0256564722 synchronous_release_0
0.042323 -0.0250000004 0.0341223646 -0.00778872485 synchronous_release_2
0.04262 -0.0250000004 0.0391753251 0.0580111532 synchronous_release_0
0.057398 -0.0250000004 0.0153257349 -0.0314662017 synchronous_release_1
0.045666 -0.0250000004 0.0273487577 0.0218413702 synchronous_release_0
0.076193 -0.0250000004 -0.0273487577 -0.0218413702 synchronous_release_1
0.044341 -0.0250000004 0.027554446 0.0215812999 synchronous_release_0
0.045326 -0.0250000004 0.000328261769 -0.000944586794 synchronous_release_0
0.003284 -0.0250000004 0.0108831191 -0.0332649623 synchronous_release_0
0.06308 -0.0250000004 0.034249862 -0.0072074235 synchronous_release_1
0.009194 -0.0250000004 0.0295827987 -0.018704492 synchronous_release_0
0.02507 -0.0250000004 -0.000464777405 0.00088542756 synchronous_release_0
0.014398 -0.0250000004 0.0349812395 -0.00114581212 synchronous_release_0
0.042572 -0.0250000004 0.0164983173 -0.0308675481 synchronous_release_0
0.045709 -0.0250000004 0.0143994473 0.0319007197 synchronous_release_1
0.042488 -0.0250000004 0.0188575415 -0.0294854732 synchronous_release_0
0.00791 -0.0250000004 0.00862674429 -0.0339201899 synchronous_release_0
0.056841 -0.0250000004 0.000698030705 -0.000716067829 synchronous_release_0
0.043276 -0.0250000004 -0.00862674429 0.0339201899 synchronous_release_1
0.008611 -0.0250000004 -0.0164584628 -0.0308888168 synchronous_release_0
0.061125 -0.0250000004 0.026948364 0.0223335102 synchronous_release_0
0.043286 -0.0250000004 0.00586720523 -0.0345047229 synchronous_release_1
0.043279 -0.0250000004 0.00884077628 0.0338650362 synchronous_release_0
0.043456 -0.0250000004 0.0349828195 -0.00109651413 synchronous_release_0
0.047988 -0.0250000004 -0.0165418006 0.0308442674 synchronous_release_1
0.042808 -0.0250000004 0.0272298355 -0.0219894534 synchronous_release_0
0.045122 -0.0250000004 0.0337407551 -0.00930384032 synchronous_release_0
0.048491 -0.0250000004 -0.000265824009 -0.000964021575 synchronous_release_1
0.042927 -0.0250000004 0.0249277396 0.0245684309 synchronous_release_2
0.044859 -0.0250000004 0.0310589873 0.0161350335 synchronous_release_0
0.054434 -0.0250000004 -0.0295028426 0.0188303553 synchronous_release_0
0.046174 -0.0250000004 0.00155614477 0.0349653888 synchronous_release_1
0.018161 -0.0250000004 0.0223618768 0.0269248299 synchronous_release_0
0.044117 -0.0250000004 0.0121366483 -0.0328283683 synchronous_release_0
0.018154 -0.0250000004 0.0158637897 0.0311984002 synchronous_release_0
0.043854 -0.0250000004 0.00839280588 0.0600379947 synchronous_release_0
0.048671 -0.0250000004 -0.00525225759 0.0346036673 synchronous_release_0
0.042491 -0.0250000004 0.0325937837 -0.0127532452 synchronous_release_1
0.005935 -0.0250000004 0.0148320698 -0.0317018881 synchronous_release_0
0.043352 -0.0250000004 0.0348706753 -0.00300599481 synchronous_release_0
0.042185 -0.0250000004 0.0336565807 -0.00960388338 synchronous_release_1
0.044902 -0.0250000004 0.0249802228 -0.0245150661 synchronous_release_0
0.049564 -0.0250000004 0.0337207815 0.0093759745 synchronous_release_1
0.049982 -0.0250000004 0.0265721665 -0.022779815 synchronous_release_0
0.056187 -0.0250000004 0.0295753148 0.0187163232 synchronous_release_0
0.049529 -0.0250000004 0.0251203764 0.0243714318 synchronous_release_0
0.051318 -0.0250000004 -0.00854609085 0.0339406 synchronous_release_0
0.042975 -0.0250000004 0.0301973642 0.0176951743 synchronous_release_0
0.045777 -0.0250000004 0.0304231526 -0.0173040974 synchronous_release_1
0.045953 -0.0250000004 0.0308198018 0.0165873391 synchronous_release_1
0.003123 -0.0250000004 0.0169670168 0.0306124214 synchronous_release_0
0.042135 -0.0250000004 0.034994643 0.000612343139 synchronous_release_1
0.042691 -0.0250000004 -0.00412204466 0.0347564202 synchronous_release_0
0.00388 -0.0250000004 -0.00645663973 0.0343992995 synchronous_release_0
0.04313 -0.0250000004 0.0261407729 -0.02327359 synchronous_release_0
0.049835 -0.0250000004 -0.00708513367 -0.0342753684 synchronous_release_0
0.054223 -0.0250000004 0.00708513367 0.0342753684 synchronous_release_0
0.02625 -0.0250000004 0.0206951512 0.0282260645 synchronous_release_0
0.042742 -0.0250000004 -0.0275380703 0.0216021916 synchronous_release_0
0.046249 -0.0250000004 0.0316057536 0.0150358353 synchronous_release_0
0.054803 -0.0250000004 -0.0345273513 0.00573253985 synchronous_release_0
0.050763 -0.0250000004 0.0206853626 -0.0282332388 synchronous_release_1
0.04308 -0.0250000004 0.0345681898 -0.00548089901 synchronous_release_0
0.046904 -0.0250000004 -0.034608535 -0.00522008672 synchronous_release_1
0.049848 -0.0250000004 0.0347089466 -0.0045043338 synchronous_release_0
0.042796 -0.0250000004 0.033153122 0.0112192025 synchronous_release_0
0.019065 -0.0250000004 -0.0038174987 -0.0347911872 synchronous_release_0
0.053823 -0.0250000004 -0.0282213026 0.0207016444 synchronous_release_0
0.049095 -0.0250000004 0.0322435631 -0.0136144276 synchronous_release_0
0.003048 -0.0250000004 0.0026474853 -0.0348997252 synchronous_release_0
0.042433 -0.0250000004 0.028900306 0.0197426521 synchronous_release_0
0.044242 -0.0250000004 -0.00442431355 -0.0347192375 synchronous_release_1
0.046578 -0.0250000004 0.0300600189 0.0179275003 synchronous_release_0
0.003543 -0.0250000004 0.0348572181 0.00315821842 synchronous_release_0
0.059375 -0.0250000004 -0.0347844107 -0.00387875875 synchronous_release_0
0.042532 -0.0250000004 0.0215815162 0.0275542766 synchronous_release_0
0.05777 -0.0250000004 -0.0130719454 0.0324672796 synchronous_release_1
0.047304 -0.0250000004 -0.0331716514 0.0111642978 synchronous_release_0
0.046245 -0.0250000004 0.000299935153 0.000953959592 synchronous_release_1
0.042569 -0.0250000004 0.0230005515 -0.0263813311 synchronous_release_0
0.048007 -0.0250000004 0.0343471787 0.00672839629 synchronous_release_0
0.053073 -0.0250000004 0.0317017536 -0.0148323573 synchronous_release_0
0.044859 -0.0250000004 -0.00839621963 -0.0339779855 synchronous_release_0
0.044747 -0.0250000004 0.0225166661 -0.0267955173 synchronous_release_0
0.002393 -0.0250000004 0.0304587748 -0.0172413177 synchronous_release_0
0.007007 -0.0250000004 0.0301608065 0.0177574139 synchronous_release_0
0.043766 -0.0250000004 0.000297968319 -0.0349987316 synchronous_release_0
0.048774 -0.0250000004 0.0331975257 0.0110871225 synchronous_release_0
0.04434 -0.0250000004 0.0262004926 -0.0232063394 synchronous_release_1
0.009139 -0.0250000004 0.0198570039 -0.0288218562 synchronous_release_0
0.043749 -0.0250000004 0.0150319577 0.0316075979 synchronous_release_0
0.003863 -0.0250000004 0.0102120463 -0.0334770684 synchronous_release_0
0.044436 -0.0250000004 0.0238859685 0.0255824258 synchronous_release_0
0.042448 -0.0250000004 0.0169446645 0.0306247995 synchronous_release_0
0.052859 -0.0250000004 0.0180495221 -0.0299869097 synchronous_release_0
0.074591 -0.0250000004 0.0349941866 0.000637889797 synchronous_release_1
0.050372 -0.0250000004 0.0339043999 -0.00868859412 synchronous_release_1
0.050147 -0.0250000004 0.032615457 0.0126977149 synchronous_release_0
0.045074 -0.0250000004 -0.000983377249 0.000181574191 synchronous_release_0
0.010389 -0.0250000004 0.0346723475 0.00477789893 synchronous_release_1
0.04458 -0.0250000004 0.0293531395 0.019062875 synchronous_release_0
0.044104 -0.0250000004 0.0105920143 -0.0333587954 synchronous_release_0
0.0454 -0.0250000004 -0.0235935571 -0.0258523512 synchronous_release_0
0.046201 -0.0250000004 0.0235935571 0.0258523512 synchronous_release_0
0.0474 -0.0250000004 -0.00530313501 -0.0345959067 synchronous_release_0
0.054051 -0.0250000004 0.0273093665 -0.021890603 synchronous_release_0
0.045832 -0.0250000004 0.000988454477 -0.000151518143 synchronous_release_1
0.043798 -0.0250000004 0.000754436446 0.000656373102 synchronous_release_0
0.054969 -0.0250000004 0.0113811102 0.0330978901 synchronous_release_0
0.013533 -0.0250000004 -0.0115480094 0.0330400284 synchronous_release_0
0.046923 -0.0250000004 -0.0343875087 0.0065191447 synchronous_release_0
0.043365 -0.0250000004 -0.000186261277 -0.000982500248 synchronous_release_1
0.00835 -0.0250000004 0.0336053835 0.00978152334 synchronous_release_0
0.046238 -0.0250000004 -0.000691781547 -0.000722106842 synchronous_release_1
0.002872 -0.0250000004 0.0346742317 -0.00476420588 synchronous_release_0
0.043573 -0.0250000004 0.0346988489 -0.00458147227 synchronous_release_0
0.043384 -0.0250000004 -0.0162719201 -0.0309874913 synchronous_release_0
0.047817 -0.0250000004 0.0105743488 0.0333643994 synchronous_release_1
0.043915 -0.0250000004 0.00732552099 0.0342247972 synchronous_release_1
0.005204 -0.0250000004 0.034951815 0.00183592723 synchronous_release_0
0.042806 -0.0250000004 0.0190658671 -0.0293511961 synchronous_release_0
0.002912 -0.0250000004 5.24550639e-05 -0.000998623285 synchronous_release_1
0.042879 -0.0250000004 0.033617754 -0.0097389229 synchronous_release_0
0.053085 -0.0250000004 0.0161155137 0.03106912 synchronous_release_0
0.043413 -0.0250000004 0.00265925323 0.0348988305 synchronous_release_0
0.052429 -0.0250000004 0.0315529004 0.0151464344 synchronous_release_1
0.006489 -0.0250000004 0.0204380007 -0.0284128162 synchronous_release_0
0.048386 -0.0250000004 0.0265907145 -0.0227581612 synchronous_release_0
0.053306 -0.0250000004 0.033056427 -0.0115009841 synchronous_release_0
0.002343 -0.0250000004 0.0349030526 0.00260325198 synchronous_release_0
0.010102 -0.0250000004 0.0151970439 0.0315285562 synchronous_release_0
0.042926 -0.0250000004 0.0197060086 -0.0289253042 synchronous_release_0
0.04279 -0.0250000004 -0.0345928081 -0.00532331005 synchronous_release_0
0.043818 -0.0250000004 0.0345928081 0.00532331005 synchronous_release_0
0.043585 -0.0250000004 -0.0184862563 -0.0297196623 synchronous_release_0
0.045646 -0.0250000004 0.0252148853 -0.0242736392 synchronous_release_0
0.047923 -0.0250000004 0.000277140331 -0.000960829453 synchronous_release_0
0.042992 -0.0250000004 -0.00841414558 -0.0339735508 synchronous_release_1
0.002852 -0.0250000004 0.0344255982 -0.00631491771 synchronous_release_0
0.007346 -0.0250000004 0.000942025756 0.00033554057 synchronous_release_0
0.054983 -0.0250000004 0.01174392 -0.0329709015 synchronous_release_0
0.006007 -0.0250000004 0.0349826246 0.00110271432 synchronous_release_0
0.066369 -0.0250000004 0.0184462909 -0.0297444844 synchronous_release_1
0.002255 -0.0250000004 0.0256519327 0.0238113072 synchronous_release_0
0.013179 -0.0250000004 0.00779523057 -0.0341208789 synchronous_release_1
0.047986 -0.0250000004 -0.000974882256 -0.000222720874 synchronous_release_1
0.004612 -0.0250000004 0.0284929019 0.0203262033 synchronous_release_0
0.04369 -0.0250000004 0.0210912104 0.0279313595 synchronous_release_0
0.009631 -0.0250000004 0.0105182014 0.0333821425 synchronous_release_0
0.044027 -0.0250000004 0.0349805327 -0.00116719112 synchronous_release_0
0.004819 -0.0250000004 0.0261009352 -0.0233182585 synchronous_release_0
0.044958 -0.0250000004 -0.018594797 -0.0296518722 synchronous_release_0
0.007151 -0.0250000004 -0.000910566321 -0.000413363007 synchronous_release_0
0.044148 -0.0250000004 0.0203662222 0.0284643109 synchronous_release_1
0.042167 -0.0250000004 0.0283778924 0.0204864644 synchronous_release_0
0.043229 -0.0250000004 0.0347747769 0.00396420129 synchronous_release_0
0.044564 -0.0250000004 0.0122427542 -0.0327889458 synchronous_release_1
0.016139 -0.0250000004 0.0152100113 0.0315223025 synchronous_release_0
0.048603 -0.0250000004 0.00780254622 -0.0341192068 synchronous_release_0
0.010039 -0.0250000004 -0.0041456448 0.0347536132 synchronous_release_0
0.016445 -0.0250000004 0.026488426 -0.0228771346 synchronous_release_0
0.06022 -0.0250000004 -0.026488426 0.0228771346 synchronous_release_0
0.043318 -0.0250000004 -0.0065679667 -0.0343782171 synchronous_release_1
0.011688 -0.0250000004 0.00354734895 -0.034819769 synchronous_release_0
0.022484 -0.0250000004 0.0283811301 0.0204819788 synchronous_release_0
0.045649 -0.0250000004 0.000994850544 0.000101352827 synchronous_release_1
0.044081 -0.0250000004 0.0335298562 0.0100373675 synchronous_release_1
0.005359 -0.0250000004 0.0347052066 0.00453306005 synchronous_release_0
0.005467 -0.0250000004 0.0323463992 0.013368263 synchronous_release_0
0.002926 -0.0250000004 0.0339706124 -0.00842600119 synchronous_release_0
0.00717 -0.0250000004 0.0282991655 -0.0205950779 synchronous_release_0
0.014656 -0.0250000004 0.00115454719 -0.0349809523 synchronous_release_0
0.042906 -0.0250000004 0.0297171197 0.0184903433 synchronous_release_0
0.049474 -0.0250000004 -0.00115454719 0.0349809523 synchronous_release_0
0.050031 -0.0250000004 0.0286527132 0.0201002992 synchronous_release_0
0.042552 -0.0250000004 0.0290751455 -0.0194842478 synchronous_release_0
0.047795 -0.0250000004 -0.0203213668 -0.0284963515 synchronous_release_0
0.045673 -0.0250000004 0.00533645378 -0.0345907829 synchronous_release_0
0.042667 -0.0250000004 0.0272882698 0.021916896 synchronous_release_1
0.002506 -0.0250000004 0.0346161908 0.00516907475 synchronous_release_0
0.050272 -0.0250000004 -0.0217846455 0.0273939633 synchronous_release_0
0.052526 -0.0250000004 0.0014043485 -0.0349718144 synchronous_release_1
0.042206 -0.0250000004 0.0287983586 -0.0198910669 synchronous_release_0
0.003167 -0.0250000004 -0.00482294323 -0.0346661105 synchronous_release_0
0.054069 -0.0250000004 0.000990460301 -0.000137798378 synchronous_release_0
0.04229 -0.0250000004 0.032433204 0.0131562639 synchronous_release_1
0.042867 -0.0250000004 0.0335223873 -0.0100622836 synchronous_release_0
0.042663 -0.0250000004 0.0349996345 -0.000159943969 synchronous_release_0
0.047215 -0.0250000004 0.0298664147 -0.0182482129 synchronous_release_1
0.044853 -0.0250000004 -0.0180496066 0.0299868588 synchronous_release_0
0.003505 -0.0250000004 0.0317265215 -0.0147793043 synchronous_release_0
0.05597 -0.0250000004 -0.0309373221 -0.0163671042 synchronous_release_0
0.005602 -0.0250000004 0.0349534856 0.00180384218 synchronous_release_0
0.013357 -0.0250000004 0.0190389159 -0.0293686854 synchronous_release_0
0.043464 -0.0250000004 -0.0190389159 0.0293686854 synchronous_release_0
0.043287 -0.0250000004 0.0289283974 -0.0197014676 synchronous_release_0
0.045082 -0.0250000004 -0.0302698656 -0.0175708633 synchronous_release_0
0.01927 -0.0250000004 0.0140182555 -0.0320700563 synchronous_release_0
0.012113 -0.0250000004 0.033038391 0.0115526932 synchronous_release_0
0.042844 -0.0250000004 0.0340967652 0.00790003828 synchronous_release_0
0.00318 -0.0250000004 0.0019854452 0.0349436404 synchronous_release_0
0.05994 -0.0250000004 -0.0019854452 -0.0349436404 synchronous_release_2
0.046291 -0.0250000004 0.00980453931 -0.0335986757 synchronous_release_1
0.046599 -0.0250000004 0.0161210762 0.0310662341 synchronous_release_0
0.045816 -0.0250000004 0.0276701885 0.0214327009 synchronous_release_0
0.062086 -0.0250000004 -0.00762339962 0.0341596806 synchronous_release_0
0.047928 -0.0250000004 0.0257707352 -0.0236826773 synchronous_release_0
0.042944 -0.0250000004 0.0279656453 -0.0210457284 synchronous_release_0
0.042941 -0.0250000004 0.0296402291 0.0186133505 synchronous_release_1
0.006192 -0.0250000004 -0.000362416331 0.0349981236 synchronous_release_0
0.010379 -0.0250000004 0.000362416331 -0.0349981236 synchronous_release_0
0.046009 -0.0250000004 0.0301280559 0.0178129235 synchronous_release_0
0.055157 -0.0250000004 0.0304904723 -0.0171852 synchronous_release_0
0.005992 -0.0250000004 -0.0335055876 -0.0101180827 synchronous_release_0
0.043568 -0.0250000004 0.0282337619 0.0206846486 synchronous_release_1
0.046301 -0.0250000004 0.0244272086 -0.0250661421 synchronous_release_0
0.042551 -0.0250000004 -0.0208504442 0.0281115453 synchronous_release_1
0.049112 -0.0250000004 -0.00631992962 -0.0344246785 synchronous_release_0
0.057938 -0.0250000004 0.0266526813 -0.0226855589 synchronous_release_0
0.044615 -0.0250000004 -0.00067682152 0.000736147152 synchronous_release_0
0.048268 -0.0250000004 0.00763248691 -0.0341576513 synchronous_release_0
0.042669 -0.0250000004 0.0196377056 0.0289717193 synchronous_release_0
0.003106 -0.0250000004 -0.0331329492 0.0112786381 synchronous_release_0
0.042473 -0.0250000004 0.0295576315 -0.0187442369 synchronous_release_0
0.059417 -0.0250000004 -0.000999136521 4.15477026e-05 synchronous_release_0
0.046171 -0.0250000004 0.0236125237 -0.025835029 synchronous_release_1
0.04766 -0.0250000004 -0.0149806704 -0.0316319382 synchronous_release_0
0.043632 -0.0250000004 0.031462542 -0.0153332467 synchronous_release_1
0.003873 -0.0250000004 0.0152458811 -0.0315049696 synchronous_release_0
0.045162 -0.0250000004 0.0196611635 0.0289558051 synchronous_release_0
0.042519 -0.0250000004 0.0321680098 -0.0137919957 synchronous_release_0
0.061883 -0.0250000004 0.0280282235 0.0209623158 synchronous_release_0
0.042313 -0.0250000004 0.00612197746 -0.0344604323 synchronous_release_0
0.045491 -0.0250000004 -0.00612197746 0.0344604323 synchronous_release_0
0.04709 -0.0250000004 0.026782621 0.0225320041 synchronous_release_1
0.045949 -0.0250000004 0.0349940423 0.000645758685 synchronous_release_0
0.042881 -0.0250000004 0.0240213295 -0.0254553674 synchronous_release_1
0.05566 -0.0250000004 -0.00741784889 0.0342049049 synchronous_release_0
0.050196 -0.0250000004 0.00891493869 -0.0599626873 synchronous_release_0
0.043752 -0.0250000004 0.0128522675 0.0325548648 synchronous_release_2
0.043781 -0.0250000004 0.030291265 0.0175339461 synchronous_release_0
0.050026 -0.0250000004 3.92102751e-05 -0.034999978 synchronous_release_0
0.043245 -0.0250000004 -0.000999999372 -1.12029357e-06 synchronous_release_1
0.042473 -0.0250000004 0.0285813549 0.0202016374 synchronous_release_0
0.003061 -0.0250000004 0.018048962 -0.0299872468 synchronous_release_0
0.00655 -0.0250000004 0.0169452365 0.030624483 synchronous_release_0
0.076254 -0.0250000004 0.0349941985 0.000637236225 synchronous_release_1
0.00275 -0.0250000004 0.0135326432 -0.0322779734 synchronous_release_0
0.048539 -0.0250000004 0.00129410137 -0.0349760676 synchronous_release_0
0.042498 -0.0250000004 0.0309372137 -0.0163673091 synchronous_release_2
0.002445 -0.0250000004 0.0328651254 -0.0120367575 synchronous_release_0
0.00458 -0.0250000004 0.0246781967 0.0248190775 synchronous_release_0
0.053302 -0.0250000004 0.0338330499 -0.00896240655 synchronous_release_2
0.047306 -0.0250000004 -0.0343401608 0.00676412254 synchronous_release_0
0.051547 -0.0250000004 -0.0113121785 0.0331215129 synchronous_release_0
0.044044 -0.0250000004 0.0154036326 -0.0314281419 synchronous_release_0
0.043587 -0.0250000004 -0.00121199397 -0.034979009 synchronous_release_0
0.007273 -0.0250000004 0.0558043681 0.0422595847 synchronous_release_0
0.053404 -0.0250000004 0.032250029 -0.013599104 synchronous_release_0
0.003875 -0.0250000004 -0.00778929739 -0.0341222339 synchronous_release_0
0.042872 -0.0250000004 -0.0256560727 0.0238068464 synchronous_release_0
0.053238 -0.0250000004 -0.0334453701 -0.0103153875 synchronous_release_0
0.044183 -0.0250000004 -0.00132779104 0.0349748048 synchronous_release_0
0.04477 -0.0250000004 0.0296251739 0.0186373032 synchronous_release_1
0.003675 -0.0250000004 0.0346501432 0.00493635262 synchronous_release_0
0.043192 -0.0250000004 -0.0216000784 0.0275397279 synchronous_release_0
0.006176 -0.0250000004 0.0341339821 0.00773765266 synchronous_release_0
0.055074 -0.0250000004 0.0237679948 -0.0256920693 synchronous_release_0
0.046284 -0.0250000004 0.0287344019 0.0199833468 synchronous_release_0
0.04373 -0.0250000004 -0.000315697815 -0.0349985762 synchronous_release_1
0.005846 -0.0250000004 0.0340465067 0.0081139004 synchronous_release_0
0.002861 -0.0250000004 0.0277593098 -0.0213171461 synchronous_release_0
0.042728 -0.0250000004 0.0327564139 0.0123295315 synchronous_release_1
0.051187 -0.0250000004 -0.0149527113 0.0316451643 synchronous_release_0
0.048858 -0.0250000004 0.0114948087 0.0330585749 synchronous_release_0
0.042313 -0.0250000004 0.0212431608 -0.0278159688 synchronous_release_0
0.060348 -0.0250000004 -0.0134677552 -0.0323051013 synchronous_release_0
0.052474 -0.0250000004 0.034710916 0.00448913251 synchronous_release_1
0.044828 -0.0250000004 -0.0266932841 0.0226377689 synchronous_release_0
0.047303 -0.0250000004 0.0266932841 -0.0226377689 synchronous_release_0
0.044684 -0.0250000004 0.0293734927 -0.0190314983 synchronous_release_0
0.02061 -0.0250000004 0.0241425557 0.0253404223 synchronous_release_0
0.043562 -0.0250000004 0.0340167273 -0.00823785542 synchronous_release_0
0.047988 -0.0250000004 0.0281214867 0.0537045807 synchronous_release_2
0.042629 -0.0250000004 -0.011125954 -0.0331845317 synchronous_release_0
0.047698 -0.0250000004 0.0343016245 0.00695690704 synchronous_release_2
0.005291 -0.0250000004 -0.000195403674 -0.000980722899 synchronous_release_0
0.042894 -0.0250000004 -0.0112397916 0.0331461474 synchronous_release_0
0.050186 -0.0250000004 -0.0349747392 -0.00132951666 synchronous_release_0
0.013722 -0.0250000004 0.00609088756 -0.034465941 synchronous_release_0
0.020066 -0.0250000004 0.0268029367 0.0225078339 synchronous_release_0
0.042742 -0.0250000004 0.0328938242 -0.0119581071 synchronous_release_0
0.044777 -0.0250000004 0.0153384783 0.0314599918 synchronous_release_1
0.028152 -0.0250000004 0.0252214013 -0.0242668687 synchronous_release_1
0.042911 -0.0250000004 0.0237070595 0.0257483073 synchronous_release_0
0.011408 -0.0250000004 -0.000684738906 -0.000728788467 synchronous_release_0
0.04274 -0.0250000004 0.0349187164 -0.00238395541 synchronous_release_0
0.05436 -0.0250000004 0.0195239242 0.0290485178 synchronous_release_0
0.003142 -0.0250000004 0.000774668909 0.000632367047 synchronous_release_0
0.011926 -0.0250000004 0.0221328466 -0.0271134118 synchronous_release_0
0.045005 -0.0250000004 0.0345473267 0.00561090154 synchronous_release_2
0.002959 -0.0250000004 0.0234062624 0.026022046 synchronous_release_0
0.043186 -0.0250000004 -0.00284764464 -0.0348839637 synchronous_release_0
0.048587 -0.0250000004 0.0287865764 -0.0199081144 synchronous_release_0
0.00225 -0.0250000004 0.0325625044 -0.0128328993 synchronous_release_0
0.042531 -0.0250000004 0.0599573735 0.0089506071 synchronous_release_0
0.05115 -0.0250000004 0.00516763542 -0.0346164057 synchronous_release_0
0.003284 -0.0250000004 0.0252442645 0.0242430837 synchronous_release_0
0.005666 -0.0250000004 0.0307658204 -0.0166872495 synchronous_release_0
0.049168 -0.0250000004 0.000931328244 -0.0349876068 synchronous_release_0
0.052976 -0.0250000004 -0.0307658204 0.0166872495 synchronous_release_0
0.050256 -0.0250000004 0.000999174409 -4.06263631e-05 synchronous_release_1
0.007082 -0.0250000004 -0.000508378507 0.000861133725 synchronous_release_0
0.043012 -0.0250000004 -0.000549630593 0.0349956841 synchronous_release_0
0.004826 -0.0250000004 -0.00886858288 -0.0338577648 synchronous_release_1
0.043347 -0.0250000004 -0.000597313796 0.000802007624 synchronous_release_1
0.004417 -0.0250000004 0.00493012184 -0.0346510303 synchronous_release_0
0.042494 -0.0250000004 -0.0275436116 -0.0215951259 synchronous_release_1
0.045595 -0.0250000004 0.060017345 0.00853922151 synchronous_release_1
0.055865 -0.0250000004 -0.034269891 -0.00711157994 synchronous_release_0
0.002575 -0.0250000004 0.0240466125 -0.025431485 synchronous_release_0
0.042423 -0.0250000004 0.0100010058 0.0335407198 synchronous_release_0
0.051252 -0.0250000004 0.0340476183 0.00810923476 synchronous_release_0
0.054373 -0.0250000004 -0.0240466125 0.025431485 synchronous_release_0
0.057151 -0.0250000004 -0.0340476183 -0.00810923476 synchronous_release_1
0.006155 -0.0250000004 0.0349829789 -0.0010914151 synchronous_release_0
0.054894 -0.0250000004 0.0165462962 -0.030841856 synchronous_release_0
0.044316 -0.0250000004 -0.00942568792 -0.0337069193 synchronous_release_0
0.042563 -0.0250000004 0.00942568792 0.0337069193 synchronous_release_1
0.002754 -0.0250000004 0.000649737201 -0.000760158911 synchronous_release_0
0.055278 -0.0250000004 0.0167964782 0.0307063238 synchronous_release_0
0.046843 -0.0250000004 0.000860591994 -0.000509295022 synchronous_release_0
0.043489 -0.0250000004 0.0171726456 -0.0304975448 synchronous_release_1
0.003597 -0.0250000004 0.0219943728 -0.027225862 synchronous_release_0
0.045972 -0.0250000004 0.0125811018 0.0326606166 synchronous_release_1
0.002537 -0.0250000004 0.0349540449 0.00179297109 synchronous_release_0
0.045328 -0.0250000004 0.019029781 -0.0293746053 synchronous_release_0
0.048473 -0.0250000004 -0.0159242639 -0.0311675764 synchronous_release_1
0.042513 -0.0250000004 0.0190818914 -0.0293407808 synchronous_release_1
0.045226 -0.0250000004 -0.000789078723 -0.000614292087 synchronous_release_0
0.042549 -0.0250000004 0.0337641783 -0.00921847414 synchronous_release_0
0.043052 -0.0250000004 0.0335700467 -0.00990211921 synchronous_release_0
0.002663 -0.0250000004 0.0248987946 0.0245977647 synchronous_release_0
0.042316 -0.0250000004 0.0337516864 -0.00926410624 synchronous_release_0
0.042796 -0.0250000004 0.0324529036 0.0131075951 synchronous_release_0
0.04375 -0.0250000004 0.02224104 -0.027024732 synchronous_release_0
0.059387 -0.0250000004 0.0345246244 0.00574893961 synchronous_release_0
0.002916 -0.0250000004 0.0349141049 0.00245056712 synchronous_release_0
0.047866 -0.0250000004 0.0195793058 -0.0290112182 synchronous_release_0
0.047603 -0.0250000004 -0.0110641705 -0.0332051823 synchronous_release_0
0.017479 -0.0250000004 0.00504016991 0.0346351943 synchronous_release_0
0.045673 -0.0250000004 0.000989576981 -0.000144004855 synchronous_release_0
0.051837 -0.0250000004 -0.000680521359 -0.000732728244 synchronous_release_0
0.013533 -0.0250000004 0.0307102326 -0.0167893304 synchronous_release_0
0.042777 -0.0250000004 0.0336975875 -0.0094589957 synchronous_release_0
0.045779 -0.0250000004 0.00865706316 -0.0339124646 synchronous_release_0
0.003025 -0.0250000004 -0.00062635019 0.0349943951 synchronous_release_0
0.004586 -0.0250000004 0.0161106532 -0.0310716407 synchronous_release_0
0.042948 -0.0250000004 0.0188535035 0.0294880553 synchronous_release_0
0.045424 -0.0250000004 -0.0161106532 0.0310716407 synchronous_release_0
0.005963 -0.0250000004 0.0315318591 0.0151901896 synchronous_release_0
0.04603 -0.0250000004 0.0243347451 -0.0251559174 synchronous_release_0
0.013054 -0.0250000004 0.0123887613 -0.0327340586 synchronous_release_0
0.044558 -0.0250000004 -0.034542907 0.00563804734 synchronous_release_0
0.050816 -0.0250000004 0.034542907 -0.00563804734 synchronous_release_1
0.048995 -0.0250000004 0.000739646495 -0.000672995589 synchronous_release_0
0.044808 -0.0250000004 -0.0157428486 0.031259602 synchronous_release_1
0.04553 -0.0250000004 0.0248855291 -0.0246111853 synchronous_release_0
0.043024 -0.0250000004 0.0349995438 0.000178697736 synchronous_release_0
0.002957 -0.0250000004 -0.0176545287 0.0302211452 synchronous_release_1
0.052784 -0.0250000004 -0.025621994 0.0238435196 synchronous_release_0
0.042301 -0.0250000004 0.0207466186 -0.0281882567 synchronous_release_0
0.043295 -0.0250000004 0.0251609264 0.024329566 synchronous_release_0
0.046384 -0.0250000004 0.0336504854 -0.00962521841 synchronous_release_0
0.002838 -0.0250000004 0.0327196304 -0.0124268173 synchronous_release_0
0.043268 -0.0250000004 -0.000803391139 -0.000595451658 synchronous_release_0
0.042749 -0.0250000004 0.0297883074 0.0183754386 synchronous_release_1
0.042945 -0.0250000004 -0.0142071747 0.0319868127 synchronous_release_0
0.012176 -0.0250000004 -0.0209203907 0.0280595305 synchronous_release_0
0.042435 -0.0250000004 0.0347604616 0.00408782454 synchronous_release_0
0.006412 -0.0250000004 0.0318872253 0.0144293056 synchronous_release_1
0.043897 -0.0250000004 -0.00847684694 -0.0339579603 synchronous_release_0
0.058337 -0.0250000004 0.0251700328 -0.0243201449 synchronous_release_0
0.043979 -0.0250000004 0.00420415645 -0.0347465836 synchronous_release_0
0.006675 -0.0250000004 0.0136005744 -0.0322494089 synchronous_release_0
0.042769 -0.0250000004 0.0211285202 0.0279031474 synchronous_release_0
0.043066 -0.0250000004 0.0245711858 -0.0249250241 synchronous_release_0
0.043897 -0.0250000004 0.0246133032 0.0248834344 synchronous_release_0
0.043322 -0.0250000004 0.0119858839 0.0328837131 synchronous_release_0
0.055586 -0.0250000004 -0.0119858839 -0.0328837131 synchronous_release_0
0.047443 -0.0250000004 -0.0329151952 0.0118991564 synchronous_release_0
0.002453 -0.0250000004 0.00441005704 0.0347210512 synchronous_release_0
0.019791 -0.0250000004 0.000966230031 0.000257681056 synchronous_release_0
0.003672 -0.0250000004 0.0247778729 0.0247195675 synchronous_release_1
0.00305 -0.0250000004 -0.0109587304 0.0332401298 synchronous_release_0
0.044583 -0.0250000004 0.0221089106 0.0271329333 synchronous_release_0
0.010181 -0.0250000004 -0.0070814343 -0.0342761329 synchronous_release_0
0.044978 -0.0250000004 -0.000314438985 0.000949277686 synchronous_release_0
0.042377 -0.0250000004 0.034887375 -0.00280554136 synchronous_release_0
0.057027 -0.0250000004 0.0328085357 0.0121901594 synchronous_release_0
0.049746 -0.0250000004 0.0203325471 -0.0284883753 synchronous_release_0
0.04267 -0.0250000004 -0.00282410107 0.0348858776 synchronous_release_0
0.045994 -0.0250000004 -0.0180714127 0.0299737225 synchronous_release_0
0.05089 -0.0250000004 -0.00998954172 0.0335441359 synchronous_release_0
0.043062 -0.0250000004 -0.00479969926 0.0346693364 synchronous_release_0
0.044475 -0.0250000004 0.0167297281 0.0307427422 synchronous_release_0
0.010449 -0.0250000004 -0.0286457996 -0.0201101508 synchronous_release_0
0.044966 -0.0250000004 -0.0317388012 0.0147529148 synchronous_release_0
0.042266 -0.0250000004 0.028823701 -0.019854326 synchronous_release_0
0.04337 -0.0250000004 -0.000567266456 -0.000823534315 synchronous_release_0
0.050752 -0.0250000004 0.0291808302 -0.0193256087 synchronous_release_0
0.008246 -0.0250000004 0.0254382042 0.0240395043 synchronous_release_0
0.017133 -0.0250000004 0.00809971927 -0.0340498832 synchronous_release_0
0.055726 -0.0250000004 -0.0332725631 0.0108598592 synchronous_release_0
0.044483 -0.0250000004 0.0238705018 -0.0255968581 synchronous_release_0
0.042651 -0.0250000004 0.0337306111 -0.00934055014 synchronous_release_0
0.006748 -0.0250000004 0.00087420062 0.000485564903 synchronous_release_0
0.044338 -0.0250000004 0.0349951839 -0.000580606904 synchronous_release_1
0.042647 -0.0250000004 0.0349163332 -0.00241861025 synchronous_release_0
0.008063 -0.0250000004 0.0275205136 -0.0216245539 synchronous_release_0
0.044711 -0.0250000004 -0.0319260006 0.014343308 synchronous_release_0
0.02222 -0.0250000004 0.0349956625 -0.000551003226 synchronous_release_0
0.011383 -0.0250000004 0.0242001905 -0.0252853867 synchronous_release_0
0.021199 -0.0250000004 0.0325168071 0.0129482531 synchronous_release_0
0.047436 -0.0250000004 -0.0274719196 0.0216862544 synchronous_release_0
0.059802 -0.0250000004 0.0274719196 -0.0216862544 synchronous_release_0
0.0039 -0.0250000004 0.0349988418 0.000284734409 synchronous_release_0
0.050282 -0.0250000004 -0.000861929111 -0.000507028804 synchronous_release_0
0.043746 -0.0250000004 0.000925873801 0.000377832906 synchronous_release_1
0.002467 -0.0250000004 -0.00120900004 -0.0349791126 synchronous_release_0
0.029937 -0.0250000004 0.0296883001 -0.0185365811 synchronous_release_0
