0.029837 -0.0250000004 0.0077385567 -0.0341337771 synchronous_release_0
0.029827 -0.0250000004 -0.0227881257 -0.0265650395 asynchronous_release_3
0.024495 -0.0250000004 0.0257621668 0.0236919978 synchronous_release_0
0.024986 -0.0250000004 0.0349448482 -0.00196407312 synchronous_release_0
0.006598 -0.0250000004 -0.0106248432 -0.0333483539 synchronous_release_0
0.024172 -0.0250000004 -0.00377436902 0.0347958926 synchronous_release_0
0.028075 -0.0250000004 -0.0149877639 -0.0316285778 synchronous_release_0
0.025861 -0.0250000004 0.0268479798 0.022454086 asynchronous_release_0
0.022153 -0.0250000004 0.0336088577 0.00976957944 asynchronous_release_0
0.027529 -0.0250000004 -0.0336088577 -0.00976957944 synchronous_release_0
0.007583 -0.0250000004 0.0188181304 0.0295106416 synchronous_release_0
0.033309 -0.0250000004 -0.0116286475 0.0330117336 asynchronous_release_0
0.023079 -0.0250000004 -0.0160827684 0.0310860831 synchronous_release_1
0.031933 -0.0250000004 0.0187529502 0.0295521042 synchronous_release_0
0.023819 -0.0250000004 0.0178640231 0.0300977853 synchronous_release_0
0.03296 -0.0250000004 -0.0178640231 -0.0300977853 synchronous_release_0
0.04603 -0.0250000004 -0.0279772724 -0.0210302694 asynchronous_release_1
0.02345 -0.0250000004 0.0251573879 0.0243332249 synchronous_release_0
0.00325 -0.0250000004 0.0112966703 -0.0331268055 synchronous_release_0
0.026085 -0.0250000004 0.0346964866 -0.00459932784 synchronous_release_0
0.04152 -0.0250000004 -0.0349427938 -0.00200029029 asynchronous_release_0
0.024396 -0.0250000004 0.0157390947 0.0312614923 synchronous_release_0
0.037223 -0.0250000004 0.031077399 -0.0160995425 synchronous_release_0
0.046712 -0.0250000004 0.00288521212 0.0348808766 asynchronous_release_0
0.031995 -0.0250000004 -0.0348919876 -0.00274758119 synchronous_release_0
0.00363 -0.0250000004 0.0236096528 0.0258376526 synchronous_release_0
0.023783 -0.0250000004 0.0298884062 0.018212171 synchronous_release_0
0.016812 -0.0250000004 0.000735578451 -0.000677439549 asynchronous_release_0
0.043721 -0.0250000004 0.0188828095 0.0294692977 asynchronous_release_0
0.042825 -0.0250000004 0.0191120405 0.0293211512 synchronous_release_0
0.038601 -0.0250000004 0.0166730606 -0.0307735122 synchronous_release_1
0.023317 -0.0250000004 0.0238212616 -0.0256426889 synchronous_release_0
0.028976 -0.0250000004 0.0148615316 0.0316880873 synchronous_release_0
0.023518 -0.0250000004 0.0330595759 -0.0114919294 synchronous_release_0
0.004169 -0.0250000004 0.0312687499 0.0157246711 synchronous_release_0
0.006633 -0.0250000004 0.00888011747 0.0338547414 asynchronous_release_0
0.003892 -0.0250000004 -0.000455448051 0.0349970365 synchronous_release_0
0.033077 -0.0250000004 -0.0284991423 -0.0203174527 asynchronous_release_0
0.045897 -0.0250000004 0.0292939851 0.0191536534 synchronous_release_1
0.025538 -0.0250000004 0.0343571288 -0.00667740217 synchronous_release_0
0.044416 -0.0250000004 -0.000259454831 0.000965755244 synchronous_release_0
0.031989 -0.0250000004 -0.000373880266 0.000927476979 synchronous_release_0
0.007006 -0.0250000004 0.0349673151 0.00151224158 synchronous_release_1
0.029053 -0.0250000004 0.000542053003 -0.0008403443 synchronous_release_0
0.032352 -0.0250000004 0.0337084591 0.00942017981 synchronous_release_0
0.025918 -0.0250000004 0.00460510093 -0.0346957209 synchronous_release_0
0.023907 -0.0250000004 0.0234127505 0.0260162087 synchronous_release_0
0.03998 -0.0250000004 -0.0117472177 0.0329697267 asynchronous_release_2
0.011964 -0.0250000004 0.0189928031 -0.0293985277 synchronous_release_0
0.042429 -0.0250000004 0.0261647315 0.023246652 synchronous_release_0
0.024314 -0.0250000004 0.000862000654 -0.000506907164 synchronous_release_0
0.033042 -0.0250000004 0.0197468353 0.0288974479 asynchronous_release_1
0.046748 -0.0250000004 0.0193444266 -0.0291683588 asynchronous_release_0
0.014746 -0.0250000004 -0.0181874741 0.0299034411 asynchronous_release_0
0.030373 -0.0250000004 0.0151698123 -0.0315416676 synchronous_release_0
0.033602 -0.0250000004 0.0227567548 0.0265919181 synchronous_release_0
0.026804 -0.0250000004 0.0181597065 0.0299203118 synchronous_release_0
0.024963 -0.0250000004 0.0264454807 -0.022926765 synchronous_release_0
0.034239 -0.0250000004 0.00663242055 0.0343658406 synchronous_release_0
0.028214 -0.0250000004 -0.000993479881 -0.000114007574 synchronous_release_0
0.031452 -0.0250000004 0.028118126 0.0208415688 synchronous_release_0
0.023876 -0.0250000004 0.0348681258 0.00303542417 synchronous_release_0
0.025917 -0.0250000004 0.0334145811 0.01041469 synchronous_release_0
0.023838 -0.0250000004 0.0325074169 0.0129718098 synchronous_release_0
0.024768 -0.0250000004 0.00369563953 -0.0348043424 asynchronous_release_0
0.024883 -0.0250000004 0.00561849505 -0.0345460926 synchronous_release_0
0.029529 -0.0250000004 -0.0253263635 -0.0241573035 synchronous_release_0
0.041915 -0.0250000004 0.00028156064 0.000959543436 synchronous_release_0
0.029857 -0.0250000004 -0.034889441 0.00277973132 synchronous_release_0
0.023617 -0.0250000004 0.0330162545 0.0116158054 synchronous_release_0
0.003494 -0.0250000004 0.0228802818 -0.0264857076 synchronous_release_0
0.02628 -0.0250000004 -0.000371563302 -0.000928407622 synchronous_release_0
0.024482 -0.0250000004 0.0210809971 0.0279390687 synchronous_release_0
0.040487 -0.0250000004 -0.0319841674 0.0142131289 asynchronous_release_0
0.02573 -0.0250000004 0.0283010144 0.0205925371 synchronous_release_0
0.026909 -0.0250000004 0.0341423148 -0.00770080105 synchronous_release_0
0.046312 -0.0250000004 0.000819536299 0.000573027272 synchronous_release_0
0.01236 -0.0250000004 -0.0341907828 -0.00748267126 synchronous_release_0
0.027953 -0.0250000004 0.0145801729 -0.0318185254 synchronous_release_1
0.004551 -0.0250000004 0.0338308257 -0.00897079898 synchronous_release_0
0.041076 -0.0250000004 0.0349288445 0.00223065456 asynchronous_release_0
0.006048 -0.0250000004 0.0113429673 -0.0331109814 synchronous_release_0
0.02506 -0.0250000004 -0.000754554543 0.000656237337 synchronous_release_1
0.029608 -0.0250000004 0.0331652554 0.0111832835 synchronous_release_0
0.0246 -0.0250000004 -0.0175060539 -0.0303073931 asynchronous_release_3
0.028711 -0.0250000004 -0.0147176993 -0.0317551465 synchronous_release_1
0.011064 -0.0250000004 0.0339217224 -0.00862071639 synchronous_release_0
0.023875 -0.0250000004 0.0589741853 0.0140372885 synchronous_release_0
0.025021 -0.0250000004 -0.0216797915 0.0274770202 synchronous_release_0
0.027617 -0.0250000004 0.0338440997 -0.00892058948 synchronous_release_0
0.024058 -0.0250000004 0.0293190306 -0.0191152935 synchronous_release_0
0.029129 -0.0250000004 0.0311887136 0.0158828254 synchronous_release_0
0.026858 -0.0250000004 0.017689359 0.0302007712 synchronous_release_0
0.025235 -0.0250000004 0.000552576006 -0.0349956377 synchronous_release_0
0.031677 -0.0250000004 0.0301895103 -0.0177085705 asynchronous_release_1
0.024173 -0.0250000004 0.0236516325 -0.0257992302 synchronous_release_0
0.045205 -0.0250000004 -0.000664973601 0.000746866863 synchronous_release_1
0.00586 -0.0250000004 0.0349982354 -0.000351452875 synchronous_release_0
0.032993 -0.0250000004 0.034729749 -0.00434102901 synchronous_release_1
0.004443 -0.0250000004 0.0278752558 -0.0211653045 synchronous_release_0
0.033158 -0.0250000004 0.0116007204 0.0330215579 synchronous_release_0
0.025337 -0.0250000004 0.0227971478 -0.0265572975 synchronous_release_1
0.026873 -0.0250000004 0.01017382 0.0334887054 synchronous_release_0
0.025708 -0.0250000004 0.000997338839 7.29056911e-05 synchronous_release_0
0.040946 -0.0250000004 0.0289543774 0.019663266 synchronous_release_0
0.023554 -0.0250000004 0.0343267968 -0.00683161927 synchronous_release_0
0.003763 -0.0250000004 0.0308096344 -0.0166062165 synchronous_release_0
0.023181 -0.0250000004 0.000307709676 0.000951480297 asynchronous_release_1
0.024986 -0.0250000004 0.0241788664 -0.0253057784 synchronous_release_0
0.00355 -0.0250000004 0.0302089255 -0.0176754298 synchronous_release_0
0.025441 -0.0250000004 0.0182770918 0.0298487506 synchronous_release_0
0.036743 -0.0250000004 0.00378733531 -0.0347944836 synchronous_release_0
0.024402 -0.0250000004 0.0340287811 -0.0081879216 synchronous_release_0
0.030062 -0.0250000004 0.0220983535 0.0271415322 synchronous_release_0
0.039084 -0.0250000004 -0.0220983535 -0.0271415322 synchronous_release_0
0.030861 -0.0250000004 0.0349451832 -0.0019581038 synchronous_release_0
0.024837 -0.0250000004 0.034857841 0.00315133619 synchronous_release_0
0.025585 -0.0250000004 0.0158803734 -0.0311899622 asynchronous_release_2
0.031389 -0.0250000004 0.0257172849 0.0237407089 synchronous_release_2
0.003815 -0.0250000004 0.0299311822 -0.0181417842 synchronous_release_0
0.023559 -0.0250000004 0.0342443956 0.00723335103 synchronous_release_0
0.033501 -0.0250000004 0.0233864636 -0.026039841 synchronous_release_0
0.034541 -0.0250000004 0.000107421377 0.000994213583 asynchronous_release_0
0.03063 -0.0250000004 0.0339140467 -0.00865086339 synchronous_release_0
0.037667 -0.0250000004 -0.0349274341 0.00225263098 asynchronous_release_0
0.028867 -0.0250000004 -0.000420908758 -0.000907102981 synchronous_release_0
0.029226 -0.0250000004 0.0296938747 -0.0185276497 synchronous_release_0
0.046002 -0.0250000004 -0.0323215097 0.0134283288 asynchronous_release_0
0.024742 -0.0250000004 -0.004531481 0.0347054128 synchronous_release_0
0.026321 -0.0250000004 0.0343646158 0.00663876348 synchronous_release_0
0.03739 -0.0250000004 -0.0272956648 0.0219076855 asynchronous_release_0
0.024047 -0.0250000004 0.0330421724 0.0115418734 synchronous_release_0
0.009217 -0.0250000004 -0.0061577308 -0.0344540615 synchronous_release_0
0.023272 -0.0250000004 0.0329169579 0.0118942794 synchronous_release_0
0.02815 -0.0250000004 -0.000678312688 0.0349934264 synchronous_release_0
0.024064 -0.0250000004 0.0147294535 0.0317496961 synchronous_release_0
0.049118 -0.0250000004 0.0209516365 0.0280362075 asynchronous_release_0
0.023336 -0.0250000004 0.00674799707 -0.0343433332 synchronous_release_0
0.024329 -0.0250000004 0.0331161975 -0.0113277297 synchronous_release_0
0.024471 -0.0250000004 0.0342048622 0.00741804553 synchronous_release_0
0.014763 -0.0250000004 0.0277543482 -0.0213236056 synchronous_release_0
0.011242 -0.0250000004 0.0212933298 -0.0277775828 synchronous_release_0
0.033561 -0.0250000004 0.0107181568 -0.0333184801 asynchronous_release_0
0.011655 -0.0250000004 0.0121609465 0.0328193751 synchronous_release_0
0.044801 -0.0250000004 -0.0243936619 -0.02509879 asynchronous_release_0
0.024212 -0.0250000004 0.000363113245 0.000931745014 synchronous_release_0
0.023586 -0.0250000004 -0.0261879107 -0.0232205369 synchronous_release_0
0.026389 -0.0250000004 0.0261879107 0.0232205369 synchronous_release_0
0.045306 -0.0250000004 0.0323146469 -0.0134448354 asynchronous_release_0
0.026153 -0.0250000004 0.000460241305 -0.000887793862 synchronous_release_0
0.03502 -0.0250000004 0.0274642426 0.0216959761 synchronous_release_0
0.023511 -0.0250000004 0.0231175269 -0.0262788879 synchronous_release_0
0.02324 -0.0250000004 0.0328137357 -0.0121761549 synchronous_release_0
0.024194 -0.0250000004 0.0342136676 -0.00737732683 synchronous_release_0
0.028118 -0.0250000004 0.00236775195 0.0349198189 synchronous_release_0
0.038126 -0.0250000004 -0.0124280886 -0.0327191475 synchronous_release_0
0.026629 -0.0250000004 -0.00120875379 -0.0349791211 synchronous_release_0
0.025397 -0.0250000004 0.0346541175 -0.00490837484 synchronous_release_0
0.040614 -0.0250000004 0.0319407216 0.0143104963 synchronous_release_0
0.023837 -0.0250000004 0.034871605 0.00299518973 synchronous_release_0
0.030776 -0.0250000004 0.000974844958 -0.000222884069 synchronous_release_1
0.024598 -0.0250000004 0.0150049027 0.0316204506 synchronous_release_1
0.035662 -0.0250000004 0.00558202177 -0.0345520048 synchronous_release_0
0.037732 -0.0250000004 -0.0207434284 -0.0281906044 asynchronous_release_0
0.03075 -0.0250000004 -0.0324415633 0.0131356374 synchronous_release_0
0.024493 -0.0250000004 0.0230167868 -0.0263671676 synchronous_release_0
0.013193 -0.0250000004 0.0296840812 -0.0185433364 synchronous_release_0
0.038412 -0.0250000004 0.000341048643 0.000940045649 asynchronous_release_0
0.007973 -0.0250000004 0.0320638915 -0.0140323505 synchronous_release_0
0.024038 -0.0250000004 0.0298708479 -0.0182409552 synchronous_release_0
0.047926 -0.0250000004 0.00122542003 0.0349785412 synchronous_release_0
0.031851 -0.0250000004 0.0332606025 -0.0108964362 synchronous_release_1
0.026685 -0.0250000004 -0.0197339531 -0.0289062466 synchronous_release_0
0.028629 -0.0250000004 0.0260235377 0.023404604 asynchronous_release_1
0.043168 -0.0250000004 -0.028093398 0.0208748889 synchronous_release_0
0.010712 -0.0250000004 0.0199008872 -0.0287915732 synchronous_release_0
0.029346 -0.0250000004 -0.0272500075 -0.0219644506 synchronous_release_0
0.025521 -0.0250000004 -0.000348591139 -0.000937274889 synchronous_release_0
0.036959 -0.0250000004 -0.0269684179 -0.0223092903 synchronous_release_0
0.027289 -0.0250000004 0.028413271 0.0204373686 asynchronous_release_0
0.022864 -0.0250000004 0.0105904259 -0.0333592997 synchronous_release_0
0.03627 -0.0250000004 0.0235947881 0.0258512278 synchronous_release_1
0.004296 -0.0250000004 0.0152379903 0.0315087869 synchronous_release_0
0.02759 -0.0250000004 -0.0208059109 -0.0281445212 synchronous_release_2
0.036093 -0.0250000004 -0.000606141662 -0.000795356703 synchronous_release_0
0.014053 -0.0250000004 0.0340133554 -0.00825176677 asynchronous_release_0
0.038161 -0.0250000004 -0.0338999679 -0.00870587006 asynchronous_release_0
0.007783 -0.0250000004 0.0244894886 -0.0250052984 synchronous_release_0
0.02427 -0.0250000004 0.0346246378 -0.00511218721 synchronous_release_0
0.03266 -0.0250000004 0.0295869999 -0.0186978458 synchronous_release_0
0.026844 -0.0250000004 -0.0295869999 0.0186978458 synchronous_release_1
0.030562 -0.0250000004 0.008941514 0.0338385775 synchronous_release_0
0.035598 -0.0250000004 0.00324541897 0.0348492074 asynchronous_release_3
0.040519 -0.0250000004 -0.000463422106 0.00088613766 synchronous_release_0
0.026418 -0.0250000004 0.0349227488 0.00232413776 synchronous_release_0
0.004048 -0.0250000004 -0.0095083643 -0.0336836905 synchronous_release_0
0.02323 -0.0250000004 0.00328927784 0.0348450951 synchronous_release_0
0.031969 -0.0250000004 -0.0348299664 0.00344578545 asynchronous_release_0
0.039803 -0.0250000004 0.0278034835 -0.0212594992 asynchronous_release_0
0.029166 -0.0250000004 0.0171781793 -0.0304944283 asynchronous_release_0
0.006165 -0.0250000004 0.0349980392 -0.000370474462 synchronous_release_0
0.026732 -0.0250000004 0.0216882448 0.0274703483 synchronous_release_1
0.024334 -0.0250000004 -0.000791564095 0.000611086151 synchronous_release_0
0.024153 -0.0250000004 0.033396278 0.0104732334 synchronous_release_0
0.031716 -0.0250000004 0.00938657312 -0.0337178327 synchronous_release_0
0.016604 -0.0250000004 0.0306694582 0.0168636988 synchronous_release_0
0.023539 -0.0250000004 0.0346107567 0.00520533561 synchronous_release_0
0.009797 -0.0250000004 0.0250210203 -0.0244734252 synchronous_release_0
0.032619 -0.0250000004 -8.40229277e-05 0.000996463822 asynchronous_release_4
0.02809 -0.0250000004 0.0319218584 -0.0143525243 synchronous_release_0
0.009125 -0.0250000004 0.0246731305 -0.0248241139 synchronous_release_0
0.032663 -0.0250000004 0.0310558537 -0.0161410642 synchronous_release_0
0.029484 -0.0250000004 -0.0286821652 0.0200582501 asynchronous_release_0
0.026639 -0.0250000004 0.00265063799 -0.0348994859 synchronous_release_0
0.048309 -0.0250000004 0.0339614319 0.00846292767 asynchronous_release_0
0.028203 -0.0250000004 -0.000241797933 0.000970326625 synchronous_release_0
0.024263 -0.0250000004 0.0349660317 -0.00154163202 synchronous_release_0
0.020574 -0.0250000004 0.0191656762 -0.0292861206 asynchronous_release_0
0.026636 -0.0250000004 0.000399927304 0.000916546863 synchronous_release_2
0.024015 -0.0250000004 0.00454748322 -0.0347033197 synchronous_release_0
0.03736 -0.0250000004 0.0349858755 0.000994241808 synchronous_release_0
0.02339 -0.0250000004 0.0349217042 0.00233978071 synchronous_release_0
0.037777 -0.0250000004 0.01183404 0.0329386626 synchronous_release_0
0.022547 -0.0250000004 -0.034337428 0.00677798173 asynchronous_release_0
0.005971 -0.0250000004 0.031301231 -0.015659915 synchronous_release_0
0.025803 -0.0250000004 0.0311867811 -0.0158866196 synchronous_release_0
0.004018 -0.0250000004 -7.22636612e-05 0.000997385564 synchronous_release_0
0.03912 -0.0250000004 -0.0280920145 0.0208767507 synchronous_release_0
0.024382 -0.0250000004 -0.0321963923 -0.0137256082 synchronous_release_0
0.023437 -0.0250000004 0.0233585521 -0.0260648814 synchronous_release_1
0.01118 -0.0250000004 -0.0193869056 0.0291401423 synchronous_release_0
0.004385 -0.0250000004 0.0349108526 0.00249647178 synchronous_release_0
0.02318 -0.0250000004 0.0392348686 -0.0579708986 synchronous_release_0
0.023574 -0.0250000004 -6.46791145e-05 -0.0349999402 synchronous_release_0
0.02438 -0.0250000004 0.0286882175 0.0200495929 synchronous_release_0
0.040902 -0.0250000004 0.0166939055 -0.0307622093 synchronous_release_0
0.027703 -0.0250000004 0.0349627249 0.00161488982 synchronous_release_1
0.012773 -0.0250000004 -0.0278988973 -0.0211341319 asynchronous_release_0
0.026802 -0.0250000004 -0.0039256858 -0.0347791459 synchronous_release_0
0.007737 -0.0250000004 0.0247996005 0.0246977695 asynchronous_release_0
0.029728 -0.0250000004 0.0244286486 0.0250647387 synchronous_release_0
0.030135 -0.0250000004 0.0341493614 0.00766949245 synchronous_release_0
0.024777 -0.0250000004 0.0219529127 -0.0272593034 synchronous_release_0
0.024072 -0.0250000004 0.000930341652 0.000366693892 synchronous_release_0
0.027219 -0.0250000004 0.0345667482 0.00548998375 synchronous_release_0
0.047823 -0.0250000004 0.0125289087 0.0326806739 synchronous_release_0
0.026724 -0.0250000004 0.0349876982 0.000927888641 synchronous_release_2
0.030155 -0.0250000004 -0.0288306088 0.0198442937 synchronous_release_1
0.025675 -0.0250000004 0.0151745994 0.0315393648 synchronous_release_0
0.027573 -0.0250000004 0.0279163093 -0.0211111267 synchronous_release_0
0.024783 -0.0250000004 0.0302622153 0.017584036 synchronous_release_0
0.036047 -0.0250000004 0.0323750616 0.0132986987 asynchronous_release_0
0.03251 -0.0250000004 -0.0348235252 0.00351028426 synchronous_release_0
0.026801 -0.0250000004 0.0326108597 0.0127095173 synchronous_release_0
0.026448 -0.0250000004 0.017301158 -0.0304248243 synchronous_release_0
0.023578 -0.0250000004 0.028124528 0.0208329289 synchronous_release_1
0.023974 -0.0250000004 0.0303551429 0.0174231255 synchronous_release_0
0.024231 -0.0250000004 -0.0290835706 0.0194716697 synchronous_release_0
0.028841 -0.0250000004 0.0349891697 0.00087063331 synchronous_release_0
0.024734 -0.0250000004 -0.0241741954 0.0253102406 synchronous_release_0
0.036258 -0.0250000004 0.033905462 0.00868444849 synchronous_release_0
0.043306 -0.0250000004 0.0136377827 -0.0322336917 synchronous_release_0
0.008833 -0.0250000004 0.0340912868 -0.00792364601 synchronous_release_0
0.027205 -0.0250000004 -0.0284645112 0.0203659422 synchronous_release_0
0.024109 -0.0250000004 0.0300710275 0.0179090286 synchronous_release_0
0.035085 -0.0250000004 0.0572396706 0.0402941697 synchronous_release_0
0.027252 -0.0250000004 0.0318002294 0.0146200346 synchronous_release_0
0.025066 -0.0250000004 0.00526822718 0.0346012396 synchronous_release_0
0.023371 -0.0250000004 0.0229561228 -0.0264200005 synchronous_release_0
0.031555 -0.0250000004 -0.000508123195 -0.000861284401 asynchronous_release_0
0.041498 -0.0250000004 0.0232443927 -0.0261667386 synchronous_release_0
0.045018 -0.0250000004 0.00824374163 0.0340153013 asynchronous_release_0
0.024969 -0.0250000004 -0.0345350682 0.00568586558 synchronous_release_1
0.048938 -0.0250000004 -0.0326538363 0.0125986895 asynchronous_release_0
0.004632 -0.0250000004 -0.030872694 -0.0164886861 synchronous_release_0
0.0489 -0.0250000004 -0.00533678897 -0.0345907312 asynchronous_release_0
0.048509 -0.0250000004 0.00804338331 -0.0340632351 asynchronous_release_0
0.005492 -0.0250000004 0.0288723575 -0.0197835025 synchronous_release_0
0.028091 -0.0250000004 -0.0114148834 0.0330862575 synchronous_release_0
0.007057 -0.0250000004 0.0349773982 -0.00125762339 synchronous_release_0
0.019266 -0.0250000004 0.0258687504 0.0235755754 synchronous_release_1
0.02655 -0.0250000004 0.0301234909 0.0178206425 synchronous_release_0
0.023535 -0.0250000004 0.0304436045 -0.0172680903 synchronous_release_0
0.033241 -0.0250000004 9.14045751e-05 -0.00099581384 synchronous_release_0
0.024278 -0.0250000004 0.0276846302 0.0214140433 synchronous_release_0
0.024654 -0.0250000004 0.0344647046 -0.00609787985 synchronous_release_0
0.023542 -0.0250000004 0.0298223307 0.018320169 synchronous_release_1
0.016577 -0.0250000004 0.0349706898 -0.00143208069 synchronous_release_1
0.005874 -0.0250000004 0.0344216958 -0.0063361549 synchronous_release_0
0.031154 -0.0250000004 0.0274861086 -0.0216682679 synchronous_release_0
0.037633 -0.0250000004 0.0128932351 0.0325386614 synchronous_release_0
0.025472 -0.0250000004 0.0230836461 -0.0263086541 synchronous_release_0
0.02925 -0.0250000004 -0.000994655645 -0.000103247991 synchronous_release_0
0.036405 -0.0250000004 0.0269291481 -0.0223566765 synchronous_release_0
0.044297 -0.0250000004 0.0334500135 -0.0103003202 synchronous_release_1
0.025955 -0.0250000004 0.0342521228 0.00719667175 synchronous_release_0
0.003459 -0.0250000004 -0.0196311849 -0.0289761381 synchronous_release_0
0.036926 -0.0250000004 0.0349096642 -0.00251303575 synchronous_release_0
0.029074 -0.0250000004 0.013963873 -0.0320937728 synchronous_release_0
0.037439 -0.0250000004 -0.0349677046 -0.00150320734 synchronous_release_0
0.0336 -0.0250000004 0.0276269034 0.0214884669 synchronous_release_0
0.02371 -0.0250000004 0.0349077181 -0.00253992457 synchronous_release_0
0.023803 -0.0250000004 0.025579559 0.0238890386 synchronous_release_0
0.023777 -0.0250000004 -0.000635158223 0.0349942363 synchronous_release_0
0.026308 -0.0250000004 0.00979937281 0.0336001829 synchronous_release_0
0.028321 -0.0250000004 0.000973702599 -0.0349864531 asynchronous_release_0
0.027785 -0.0250000004 0.0344113793 0.00639194583 synchronous_release_0
0.033622 -0.0250000004 0.0348560527 -0.00317105461 synchronous_release_0
0.033177 -0.0250000004 0.0337896269 -0.00912475281 synchronous_release_1
0.025405 -0.0250000004 -0.0109153544 0.0332543988 synchronous_release_0
0.008653 -0.0250000004 -0.000827057116 0.000562117895 synchronous_release_0
0.023219 -0.0250000004 0.0349058997 -0.00256479367 synchronous_release_0
0.030436 -0.0250000004 -0.0117851298 -0.0329561939 synchronous_release_0
0.025437 -0.0250000004 0.0347109271 -0.00448904633 synchronous_release_0
0.035399 -0.0250000004 0.0345090293 0.00584182289 synchronous_release_0
0.013698 -0.0250000004 -0.00141841287 0.0349712468 synchronous_release_0
0.034295 -0.0250000004 0.0349327246 -0.00216904363 synchronous_release_0
0.016425 -0.0250000004 0.0214369446 -0.0276669009 synchronous_release_0
0.008518 -0.0250000004 0.0337989664 -0.00909009746 synchronous_release_1
0.026194 -0.0250000004 -0.0275311429 0.0216110197 synchronous_release_1
0.006474 -0.0250000004 0.025922786 -0.0235161469 synchronous_release_0
0.025494 -0.0250000004 0.0152936303 0.0314818181 synchronous_release_0
0.027197 -0.0250000004 -0.0125991919 -0.0326536424 synchronous_release_0
0.024261 -0.0250000004 0.0342278965 -0.00731102595 synchronous_release_0
0.036402 -0.0250000004 -0.0333629884 0.0105787998 synchronous_release_0
0.025724 -0.0250000004 0.0203288339 -0.0284910251 synchronous_release_0
0.027589 -0.0250000004 0.0339807069 -0.00838519887 synchronous_release_0
0.023501 -0.0250000004 0.0110848661 -0.0331982792 synchronous_release_0
0.028563 -0.0250000004 0.0347934412 -0.00379689966 synchronous_release_0
0.026797 -0.0250000004 -0.0206849322 -0.0282335542 synchronous_release_1
0.024472 -0.0250000004 0.0305736313 0.0170368151 synchronous_release_0
0.019775 -0.0250000004 0.0275832892 -0.0215444229 synchronous_release_1
0.023588 -0.0250000004 0.0210427601 0.0279678788 synchronous_release_0
0.027011 -0.0250000004 0.0346148801 -0.0051778444 synchronous_release_0
0.035954 -0.0250000004 0.0128232953 -0.0325662878 synchronous_release_0
0.03815 -0.0250000004 0.00223350975 -0.0349286621 asynchronous_release_0
0.024565 -0.0250000004 0.0291323538 0.0193986072 synchronous_release_0
0.036567 -0.0250000004 0.0234962366 -0.0259408339 synchronous_release_0
0.004933 -0.0250000004 0.0320528053 -0.0140576553 synchronous_release_0
0.031187 -0.0250000004 0.0327989949 -0.0122158068 synchronous_release_1
0.048418 -0.0250000004 0.0131376354 0.0324407543 asynchronous_release_0
0.024891 -0.0250000004 0.0309369759 0.0163677587 synchronous_release_1
0.043392 -0.0250000004 0.0307937352 0.0166356807 asynchronous_release_0
0.026394 -0.0250000004 0.000343061039 -0.000939313113 synchronous_release_0
0.026161 -0.0250000004 0.0349692411 -0.00146702983 synchronous_release_0
0.025898 -0.0250000004 0.0309908544 -0.0162655139 synchronous_release_0
0.024556 -0.0250000004 0.0323492003 -0.0133614834 synchronous_release_0
0.009436 -0.0250000004 -0.000238860625 0.000971053862 synchronous_release_0
0.009366 -0.0250000004 0.00310185868 -0.0348622787 synchronous_release_0
0.048402 -0.0250000004 0.0311704702 -0.0159185987 asynchronous_release_0
0.008478 -0.0250000004 0.0292372453 0.019240153 synchronous_release_0
0.023968 -0.0250000004 0.00838755322 0.0339801258 synchronous_release_0
0.026075 -0.0250000004 -0.000556835264 0.000830622952 synchronous_release_0
0.029416 -0.0250000004 0.00639734723 0.0344103756 asynchronous_release_0
0.030693 -0.0250000004 0.0206062659 -0.0282910199 synchronous_release_0
0.0316 -0.0250000004 0.033460263 0.0102669761 synchronous_release_1
0.027266 -0.0250000004 -0.0203911241 0.0284464771 synchronous_release_0
0.02411 -0.0250000004 0.0341988309 -0.00744580176 synchronous_release_0
0.023919 -0.0250000004 0.0285730536 0.020213377 synchronous_release_1
0.003286 -0.0250000004 0.0349076836 0.00254039879 synchronous_release_0
0.024367 -0.0250000004 0.0244377602 -0.0250558552 synchronous_release_0
0.028805 -0.0250000004 0.0339178872 0.00863579355 synchronous_release_0
0.029542 -0.0250000004 0.0348293759 0.00345174992 synchronous_release_0
0.046906 -0.0250000004 0.00726372271 -0.0342379662 asynchronous_release_0
0.026651 -0.0250000004 0.0332828099 -0.0108284147 synchronous_release_0
0.023939 -0.0250000004 0.019752814 0.0288933615 synchronous_release_0
0.004246 -0.0250000004 0.000629557362 -0.000776954007 synchronous_release_0
0.029257 -0.0250000004 -0.0112784001 0.0331330302 synchronous_release_0
0.023243 -0.0250000004 0.0292909711 0.0191582623 synchronous_release_0
0.025604 -0.0250000004 0.0312370274 -0.0157875939 synchronous_release_0
0.024047 -0.0250000004 0.00472837337 -0.0346791362 synchronous_release_0
0.030371 -0.0250000004 0.000120692761 0.00099268991 synchronous_release_0
0.032817 -0.0250000004 -0.00337045823 -0.0348373365 synchronous_release_0
0.037735 -0.0250000004 0.0318552475 0.0144997658 synchronous_release_0
0.049974 -0.0250000004 0.0269046231 0.0223861845 asynchronous_release_0
0.027277 -0.0250000004 0.0185218933 0.0296974657 synchronous_release_0
0.032492 -0.0250000004 0.0349797064 -0.00119169727 synchronous_release_1
0.027374 -0.0250000004 0.00038806146 -0.000921633497 synchronous_release_1
0.026583 -0.0250000004 0.034851059 0.00322547415 synchronous_release_0
0.031873 -0.0250000004 0.0328555254 0.0120629371 synchronous_release_0
0.033168 -0.0250000004 0.0215416969 -0.0275854182 asynchronous_release_0
0.02386 -0.0250000004 0.0202275606 -0.0285630144 synchronous_release_1
0.003455 -0.0250000004 0.00493794995 -0.0346499156 synchronous_release_0
0.02355 -0.0250000004 -0.00493794995 0.0346499156 synchronous_release_0
0.02843 -0.0250000004 0.0324766821 -0.0130485677 synchronous_release_0
0.004623 -0.0250000004 0.0262812879 0.0231147984 synchronous_release_0
0.024123 -0.0250000004 0.0296470981 -0.0186024077 synchronous_release_0
0.024967 -0.0250000004 0.023133711 0.0262646419 asynchronous_release_1
0.032995 -0.0250000004 -0.0204044586 0.0284369138 synchronous_release_0
0.009527 -0.0250000004 0.0183702151 -0.029791529 synchronous_release_0
0.024465 -0.0250000004 0.0341017633 0.00787843493 synchronous_release_1
0.036759 -0.0250000004 0.0226000603 0.0267252179 synchronous_release_1
0.023839 -0.0250000004 0.0297171764 -0.0184902521 synchronous_release_0
0.033977 -0.0250000004 0.0242471215 0.0252403863 synchronous_release_1
0.026741 -0.0250000004 0.00298033445 -0.0348728778 synchronous_release_0
0.049383 -0.0250000004 -0.0331882927 0.0111147301 asynchronous_release_0
0.027696 -0.0250000004 0.0349871938 -0.000946714616 synchronous_release_0
0.042385 -0.0250000004 -0.0200404957 -0.0286945732 asynchronous_release_0
0.032093 -0.0250000004 0.0348704772 -0.00300829178 synchronous_release_0
0.02963 -0.0250000004 0.000300297878 -0.000953845472 synchronous_release_0
0.044016 -0.0250000004 -0.0306432337 0.0169113047 asynchronous_release_0
0.023488 -0.0250000004 -0.000993476423 0.000114037702 synchronous_release_0
0.029167 -0.0250000004 0.0283780815 -0.0204862024 synchronous_release_0
0.024488 -0.0250000004 0.0334456688 -0.0103144188 synchronous_release_0
0.036303 -0.0250000004 0.0256553832 0.0238075894 synchronous_release_0
0.025409 -0.0250000004 0.0333330693 0.0106726983 synchronous_release_0
0.032638 -0.0250000004 0.0278163793 -0.0212426232 asynchronous_release_1
0.033424 -0.0250000004 -0.021601159 -0.0275388804 synchronous_release_0
0.039082 -0.0250000004 -0.0118633476 -0.0329281184 synchronous_release_0
0.023751 -0.0250000004 0.0302023647 0.0176866381 synchronous_release_0
0.035398 -0.0250000004 -0.00627529543 0.0344328429 synchronous_release_0
0.044205 -0.0250000004 0.0248477527 0.0246493242 synchronous_release_2
0.049687 -0.0250000004 -0.0319766129 0.0142301169 asynchronous_release_0
0.027175 -0.0250000004 -0.0261886571 0.0232196951 synchronous_release_0
0.044825 -0.0250000004 0.0222135758 0.0270473113 synchronous_release_0
0.023794 -0.0250000004 0.0345979349 -0.00528988678 asynchronous_release_1
0.045388 -0.0250000004 0.0226918735 -0.0266473053 synchronous_release_0
0.026075 -0.0250000004 0.03442318 0.00632808626 synchronous_release_1
0.01171 -0.0250000004 0.0207142031 -0.0282120859 synchronous_release_0
0.032678 -0.0250000004 0.0140752815 0.032045069 synchronous_release_0
0.024016 -0.0250000004 0.032484817 0.0130283025 synchronous_release_1
0.028873 -0.0250000004 0.0284148281 -0.0204352036 synchronous_release_0
0.030507 -0.0250000004 0.0319753183 0.0142330256 synchronous_release_0
0.025982 -0.0250000004 -0.000974232823 0.00022554469 synchronous_release_0
0.005064 -0.0250000004 0.0266969728 -0.0226334187 asynchronous_release_1
0.037883 -0.0250000004 0.0144779496 -0.0318651687 asynchronous_release_0
0.04 -0.0250000004 0.0349553399 0.00176754482 asynchronous_release_4
0.009423 -0.0250000004 0.028897062 -0.0197474001 synchronous_release_0
0.026975 -0.0250000004 -0.0349697505 0.00145483563 synchronous_release_0
0.040555 -0.0250000004 0.00871828433 -0.0338967774 asynchronous_release_0
0.049521 -0.0250000004 0.025895812 -0.0235458472 asynchronous_release_0
0.005338 -0.0250000004 0.0333392078 0.0106535074 synchronous_release_0
0.045449 -0.0250000004 -0.0281407963 0.0208109486 asynchronous_release_0
0.029323 -0.0250000004 0.0349999925 -2.28458978e-05 asynchronous_release_4
0.00346 -0.0250000004 0.0346108799 0.00520451666 synchronous_release_0
0.023854 -0.0250000004 0.0218126836 -0.0273716429 synchronous_release_0
0.023864 -0.0250000004 0.0185033364 -0.0297090313 synchronous_release_1
0.039182 -0.0250000004 0.0233333317 0.0260874612 synchronous_release_0
0.023916 -0.0250000004 0.0347059446 -0.00452740667 synchronous_release_0
0.028962 -0.0250000004 -0.0346181779 0.00515575002 synchronous_release_0
0.015766 -0.0250000004 0.0325277584 0.0129207171 synchronous_release_0
0.024641 -0.0250000004 0.0274535485 -0.0217095066 synchronous_release_0
0.024267 -0.0250000004 -0.00211371798 0.0349361159 synchronous_release_0
0.004271 -0.0250000004 0.0202568066 0.0285422807 synchronous_release_0
0.037527 -0.0250000004 -0.0344124927 -0.00638594906 synchronous_release_0
0.009823 -0.0250000004 0.0347800991 -0.00391723213 asynchronous_release_0
0.041095 -0.0250000004 0.0207824721 0.0281618333 asynchronous_release_0
0.03777 -0.0250000004 0.0276882163 -0.0214094063 synchronous_release_0
0.023447 -0.0250000004 0.0184598421 0.0297360762 synchronous_release_1
0.043634 -0.0250000004 0.0349236134 0.00231110953 asynchronous_release_0
0.025934 -0.0250000004 -0.0204095228 0.0284332794 synchronous_release_0
0.025451 -0.0250000004 0.028748338 0.0199632929 synchronous_release_0
0.024394 -0.0250000004 0.0323880853 -0.0132669488 synchronous_release_0
0.032201 -0.0250000004 0.01999756 0.0287245121 synchronous_release_0
0.024709 -0.0250000004 0.0344598418 -0.00612530043 synchronous_release_0
0.023935 -0.0250000004 -0.00374889401 0.0347986464 synchronous_release_0
0.02327 -0.0250000004 0.0168980862 0.030650525 synchronous_release_0
0.029154 -0.0250000004 -0.00852275604 -0.0339464671 synchronous_release_0
0.007431 -0.0250000004 0.0304153266 -0.0173178494 synchronous_release_0
0.034845 -0.0250000004 -0.00913841958 0.0337859333 synchronous_release_0
0.023811 -0.0250000004 8.16540636e-05 -0.0349999048 synchronous_release_0
0.024664 -0.0250000004 0.030414907 0.0173185864 asynchronous_release_0
0.024426 -0.0250000004 0.026143318 0.0232707311 synchronous_release_0
0.044475 -0.0250000004 0.0314458602 -0.015367429 asynchronous_release_1
0.026061 -0.0250000004 0.0168560522 -0.0306736614 synchronous_release_0
0.0067 -0.0250000004 0.034995041 -0.000589158241 synchronous_release_0
0.00409 -0.0250000004 0.0341987292 0.00744626881 synchronous_release_0
0.025433 -0.0250000004 0.0127679296 0.0325880342 synchronous_release_0
0.02381 -0.0250000004 0.0340190196 -0.00822838403 synchronous_release_1
0.014457 -0.0250000004 0.0166735694 -0.0307732365 asynchronous_release_0
0.030862 -0.0250000004 -0.000879235328 -0.000476387698 asynchronous_release_0
0.008394 -0.0250000004 0.0126059731 0.0326510251 synchronous_release_0
0.041095 -0.0250000004 0.0327957507 0.0122245137 synchronous_release_0
0.030399 -0.0250000004 -0.000671844655 0.0349935512 asynchronous_release_0
0.030384 -0.0250000004 0.000893251772 -0.000449556751 synchronous_release_0
0.046934 -0.0250000004 0.00263745779 0.0349004845 synchronous_release_0
0.026318 -0.0250000004 0.0312628478 -0.0157364021 synchronous_release_0
0.02456 -0.0250000004 0.0345427284 -0.0056391412 synchronous_release_0
0.034308 -0.0250000004 0.0314702386 -0.0153174437 synchronous_release_0
0.028243 -0.0250000004 0.000271256648 0.000962507055 synchronous_release_0
0.033045 -0.0250000004 0.0216551301 -0.0274964605 synchronous_release_1
0.03414 -0.0250000004 0.00776497622 -0.0341277767 synchronous_release_0
0.024275 -0.0250000004 0.0341257481 0.00777388678 synchronous_release_0
0.023906 -0.0250000004 0.0255816491 0.0238868003 synchronous_release_1
0.02704 -0.0250000004 0.0310660908 -0.0161213523 synchronous_release_0
0.008481 -0.0250000004 -0.0349999964 -1.59717852e-05 asynchronous_release_0
0.024225 -0.0250000004 0.0288712314 0.0197851458 synchronous_release_2
0.021338 -0.0250000004 0.0342869432 0.00702890651 synchronous_release_0
0.024482 -0.0250000004 0.0349388579 0.00206789915 synchronous_release_0
0.032991 -0.0250000004 0.0349140006 0.00245205197 synchronous_release_0
0.036618 -0.0250000004 -0.034713823 -0.00446659756 asynchronous_release_0
0.031033 -0.0250000004 0.0348261727 -0.00348391939 synchronous_release_0
0.047969 -0.0250000004 0.0143959237 -0.03190231 synchronous_release_0
0.011815 -0.0250000004 -0.00271156649 -0.0348948049 synchronous_release_0
0.024052 -0.0250000004 0.00271156649 0.0348948049 synchronous_release_0
0.037787 -0.0250000004 -0.0288640042 0.0197956879 synchronous_release_1
0.026731 -0.0250000004 0.0604463585 -0.00460844329 synchronous_release_0
0.033656 -0.0250000004 0.00548949495 -0.0345668258 asynchronous_release_0
0.025779 -0.0250000004 0.0065605457 0.0343796341 synchronous_release_0
0.027817 -0.0250000004 0.0299077767 0.0181803435 synchronous_release_1
0.033599 -0.0250000004 -0.0228008593 -0.0265541111 asynchronous_release_0
0.005574 -0.0250000004 0.0105414834 0.0333747978 synchronous_release_0
0.041788 -0.0250000004 -0.0344894494 -0.00595633084 asynchronous_release_0
0.02724 -0.0250000004 0.0307570382 0.0167034308 asynchronous_release_0
0.038758 -0.0250000004 0.032810268 0.012185496 synchronous_release_0
0.023746 -0.0250000004 -0.000269311981 0.000963052988 synchronous_release_0
0.027707 -0.0250000004 -0.000990763811 -0.000135598937 synchronous_release_0
0.026203 -0.0250000004 0.0306930154 0.0168207848 synchronous_release_1
0.026846 -0.0250000004 0.00428325682 -0.0347369214 synchronous_release_1
0.026912 -0.0250000004 0.0308327179 0.0165633181 synchronous_release_0
0.035887 -0.0250000004 0.00191125029 -0.0349477771 asynchronous_release_1
0.042915 -0.0250000004 0.000220492542 0.00097538866 asynchronous_release_0
0.029992 -0.0250000004 0.0343089407 -0.00692073618 synchronous_release_0
0.023269 -0.0250000004 0.0325335938 0.0129060171 synchronous_release_0
0.033604 -0.0250000004 -0.000555445537 -0.000831552918 synchronous_release_0
0.005443 -0.0250000004 0.0332560535 -0.0109103119 synchronous_release_1
0.029243 -0.0250000004 0.0328585691 0.0120546437 synchronous_release_0
0.027226 -0.0250000004 -0.000999993321 3.65487479e-06 synchronous_release_0
0.029001 -0.0250000004 0.0274669575 0.021692539 synchronous_release_0
0.023657 -0.0250000004 0.0278990828 -0.021133887 synchronous_release_0
0.027357 -0.0250000004 0.0160452236 0.0311054786 synchronous_release_0
0.025785 -0.0250000004 0.0319075973 -0.0143842008 synchronous_release_0
0.023973 -0.0250000004 0.0290072952 -0.0195851174 synchronous_release_0
0.024729 -0.0250000004 -0.000114815029 0.000993386888 synchronous_release_0
0.003546 -0.0250000004 0.0284780323 0.0203470311 synchronous_release_0
0.024348 -0.0250000004 0.0297726567 0.0184007857 synchronous_release_0
0.025896 -0.0250000004 0.0285385605 0.0202620474 asynchronous_release_0
0.023881 -0.0250000004 0.00728346393 0.0342337721 synchronous_release_0
0.025938 -0.0250000004 -0.00347823817 -0.0348267406 synchronous_release_0
0.027783 -0.0250000004 -0.0304563243 -0.0172456461 asynchronous_release_0
0.032662 -0.0250000004 0.0160786735 0.0310882013 synchronous_release_1
0.032322 -0.0250000004 0.0343287602 -0.0068217463 synchronous_release_1
0.003962 -0.0250000004 0.0166586342 -0.030781324 synchronous_release_0
0.023203 -0.0250000004 0.0349867256 -0.000963861623 synchronous_release_1
0.008861 -0.0250000004 0.0346948081 -0.00461197265 synchronous_release_0
0.040571 -0.0250000004 -0.00909091206 0.0337987473 synchronous_release_0
0.046411 -0.0250000004 0.0247251177 0.0247723344 synchronous_release_0
0.023863 -0.0250000004 0.0203446631 -0.0284797241 synchronous_release_0
0.023954 -0.0250000004 0.0187569748 0.0295495498 synchronous_release_0
0.024492 -0.0250000004 0.028482223 -0.0203411645 synchronous_release_0
0.027676 -0.0250000004 0.0305113116 -0.0171481738 synchronous_release_0
0.024753 -0.0250000004 -0.0009205971 0.000390513739 synchronous_release_0
0.034658 -0.0250000004 0.0348488241 -0.0032495319 synchronous_release_1
