0.000050 0.102
0.000100 0.087
0.000150 0.100
0.000200 0.099
0.000250 0.096
0.000300 0.092
0.000350 0.078
0.000400 0.087
0.000450 0.103
0.000500 0.119
0.000550 0.059
0.000600 0.080
0.000650 0.101
0.000700 0.131
0.000750 0.132
0.000800 0.081
0.000850 0.096
0.000900 0.120
0.000950 0.126
0.001000 0.140
0.001050 0.118
0.001100 0.123
0.001150 0.206
0.001200 0.326
0.001250 0.386
0.001300 0.386
0.001350 0.506
0.001400 0.613
0.001450 0.830
0.001500 0.948
0.001550 1.244
0.001600 1.561
0.001650 2.354
0.001700 2.598
0.001750 3.563
0.001800 4.683
0.001850 5.613
0.001900 6.729
0.001950 7.886
0.002000 9.238
0.002050 10.333
0.002100 11.162
0.002150 11.750
0.002200 13.151
0.002250 12.427
0.002300 12.574
0.002350 11.991
0.002400 11.250
0.002450 10.317
0.002500 8.739
0.002550 7.584
0.002600 6.909
0.002650 5.933
0.002700 5.136
0.002750 4.408
0.002800 4.016
0.002850 3.426
0.002900 3.048
0.002950 3.001
0.003000 2.667
0.003050 2.335
0.003100 2.242
0.003150 2.329
0.003200 2.083
0.003250 1.851
0.003300 1.863
0.003350 1.854
0.003400 1.735
0.003450 1.637
0.003500 1.628
0.003550 1.613
0.003600 1.488
0.003650 1.295
0.003700 1.525
0.003750 1.468
0.003800 1.355
0.003850 1.390
0.003900 1.233
0.003950 1.420
0.004000 1.197
0.004050 1.136
0.004100 1.218
0.004150 1.256
0.004200 1.232
0.004250 1.201
0.004300 1.229
0.004350 1.077
0.004400 1.085
0.004450 1.135
0.004500 1.122
0.004550 1.024
0.004600 1.025
0.004650 1.026
0.004700 1.016
0.004750 0.940
0.004800 1.070
0.004850 1.046
0.004900 1.068
0.004950 1.066
0.005000 0.958
0.005050 0.999
0.005100 0.942
0.005150 0.918
0.005200 1.064
0.005250 1.064
0.005300 1.002
0.005350 1.122
0.005400 0.971
0.005450 0.954
0.005500 1.003
0.005550 0.878
0.005600 0.866
0.005650 1.048
0.005700 0.978
0.005750 0.954
0.005800 0.981
0.005850 0.977
0.005900 0.885
0.005950 1.006
0.006000 0.967
0.006050 0.953
0.006100 1.022
0.006150 0.916
0.006200 0.854
0.006250 0.967
0.006300 1.001
0.006350 0.809
0.006400 0.846
0.006450 0.826
0.006500 0.848
0.006550 0.845
0.006600 0.971
0.006650 0.892
0.006700 0.766
0.006750 0.747
0.006800 0.696
0.006850 0.842
0.006900 0.859
0.006950 0.870
0.007000 0.826
0.007050 0.800
0.007100 0.841
0.007150 0.868
0.007200 0.858
0.007250 0.821
0.007300 0.876
0.007350 0.747
0.007400 0.855
0.007450 0.846
0.007500 0.864
0.007550 0.789
0.007600 0.896
0.007650 0.804
0.007700 0.854
0.007750 0.740
0.007800 0.794
0.007850 0.754
0.007900 0.775
0.007950 0.746
0.008000 0.855
0.008050 0.750
0.008100 0.845
0.008150 0.821
0.008200 0.719
0.008250 0.791
0.008300 0.777
0.008350 0.770
0.008400 0.771
0.008450 0.806
0.008500 0.671
0.008550 0.739
0.008600 0.669
0.008650 0.900
0.008700 0.758
0.008750 0.764
0.008800 0.810
0.008850 0.764
0.008900 0.817
0.008950 0.756
0.009000 0.640
0.009050 0.678
0.009100 0.766
0.009150 0.644
0.009200 0.711
0.009250 0.843
0.009300 0.713
0.009350 0.757
0.009400 0.686
0.009450 0.651
0.009500 0.736
0.009550 0.704
0.009600 0.736
0.009650 0.707
0.009700 0.636
0.009750 0.814
0.009800 0.740
0.009850 0.701
0.009900 0.625
0.009950 0.692
0.010000 0.736
0.010050 0.660
0.010100 0.781
0.010150 0.699
0.010200 0.675
0.010250 0.699
0.010300 0.584
0.010350 0.667
0.010400 0.728
0.010450 0.711
0.010500 0.667
0.010550 0.655
0.010600 0.704
0.010650 0.690
0.010700 0.766
0.010750 0.639
0.010800 0.807
0.010850 0.688
0.010900 0.631
0.010950 0.612
0.011000 0.689
0.011050 0.592
0.011100 0.777
0.011150 0.605
0.011200 0.648
0.011250 0.656
0.011300 0.582
0.011350 0.677
0.011400 0.659
0.011450 0.646
0.011500 0.686
0.011550 0.593
0.011600 0.672
0.011650 0.665
0.011700 0.685
0.011750 0.569
0.011800 0.629
0.011850 0.689
0.011900 0.572
0.011950 0.640
0.012000 0.572
0.012050 0.574
0.012100 0.557
0.012150 0.607
0.012200 0.694
0.012250 0.616
0.012300 0.805
0.012350 0.633
0.012400 0.593
0.012450 0.595
0.012500 0.571
0.012550 0.609
0.012600 0.551
0.012650 0.599
0.012700 0.645
0.012750 0.619
0.012800 0.661
0.012850 0.623
0.012900 0.610
0.012950 0.644
0.013000 0.614
0.013050 0.577
0.013100 0.598
0.013150 0.581
0.013200 0.559
0.013250 0.574
0.013300 0.604
0.013350 0.584
0.013400 0.622
0.013450 0.681
0.013500 0.578
0.013550 0.595
0.013600 0.562
0.013650 0.574
0.013700 0.468
0.013750 0.691
0.013800 0.615
0.013850 0.578
0.013900 0.507
0.013950 0.550
0.014000 0.542
0.014050 0.561
0.014100 0.528
0.014150 0.602
0.014200 0.645
0.014250 0.557
0.014300 0.553
0.014350 0.547
0.014400 0.535
0.014450 0.536
0.014500 0.598
0.014550 0.569
0.014600 0.609
0.014650 0.562
0.014700 0.543
0.014750 0.562
0.014800 0.608
0.014850 0.562
0.014900 0.603
0.014950 0.579
0.015000 0.601
0.015050 0.482
0.015100 0.514
0.015150 0.571
0.015200 0.526
0.015250 0.547
0.015300 0.620
0.015350 0.573
0.015400 0.556
0.015450 0.610
0.015500 0.482
0.015550 0.517
0.015600 0.501
0.015650 0.529
0.015700 0.535
0.015750 0.552
0.015800 0.512
0.015850 0.446
0.015900 0.582
0.015950 0.556
0.016000 0.631
0.016050 0.562
0.016100 0.478
0.016150 0.607
0.016200 0.509
0.016250 0.535
0.016300 0.499
0.016350 0.549
0.016400 0.498
0.016450 0.495
0.016500 0.525
0.016550 0.545
0.016600 0.473
0.016650 0.536
0.016700 0.518
0.016750 0.566
0.016800 0.501
0.016850 0.524
0.016900 0.553
0.016950 0.517
0.017000 0.590
0.017050 0.570
0.017100 0.548
0.017150 0.597
0.017200 0.524
0.017250 0.532
0.017300 0.527
0.017350 0.519
0.017400 0.480
0.017450 0.476
0.017500 0.516
0.017550 0.516
0.017600 0.421
0.017650 0.514
0.017700 0.568
0.017750 0.481
0.017800 0.478
0.017850 0.464
0.017900 0.513
0.017950 0.405
0.018000 0.538
0.018050 0.496
0.018100 0.548
0.018150 0.486
0.018200 0.591
0.018250 0.532
0.018300 0.559
0.018350 0.394
0.018400 0.446
0.018450 0.485
0.018500 0.501
0.018550 0.474
0.018600 0.443
0.018650 0.508
0.018700 0.515
0.018750 0.530
0.018800 0.469
0.018850 0.455
0.018900 0.495
0.018950 0.427
0.019000 0.479
0.019050 0.481
0.019100 0.439
0.019150 0.521
0.019200 0.494
0.019250 0.527
0.019300 0.532
0.019350 0.508
0.019400 0.569
0.019450 0.524
0.019500 0.532
0.019550 0.465
0.019600 0.530
0.019650 0.429
0.019700 0.418
0.019750 0.511
0.019800 0.453
0.019850 0.542
0.019900 0.454
0.019950 0.455
0.020000 0.422
0.020050 0.494
0.020100 0.489
0.020150 0.444
0.020200 0.448
0.020250 0.455
0.020300 0.377
0.020350 0.530
0.020400 0.452
0.020450 0.461
0.020500 0.449
0.020550 0.530
0.020600 0.460
0.020650 0.521
0.020700 0.470
0.020750 0.506
0.020800 0.500
0.020850 0.483
0.020900 0.486
0.020950 0.498
0.021000 0.390
0.021050 0.419
0.021100 0.533
0.021150 0.463
0.021200 0.453
0.021250 0.438
0.021300 0.472
0.021350 0.460
0.021400 0.384
0.021450 0.460
0.021500 0.498
0.021550 0.483
0.021600 0.427
0.021650 0.488
0.021700 0.544
0.021750 0.539
0.021800 0.493
0.021850 0.424
0.021900 0.447
0.021950 0.389
0.022000 0.429
0.022050 0.465
0.022100 0.434
0.022150 0.427
0.022200 0.399
0.022250 0.505
0.022300 0.420
0.022350 0.482
0.022400 0.475
0.022450 0.404
0.022500 0.376
0.022550 0.464
0.022600 0.444
0.022650 0.470
0.022700 0.472
0.022750 0.487
0.022800 0.497
0.022850 0.430
0.022900 0.427
0.022950 0.378
0.023000 0.481
0.023050 0.400
0.023100 0.392
0.023150 0.490
0.023200 0.381
0.023250 0.457
0.023300 0.387
0.023350 0.509
0.023400 0.439
0.023450 0.465
0.023500 0.441
0.023550 0.437
0.023600 0.449
0.023650 0.485
0.023700 0.567
0.023750 0.430
0.023800 0.359
0.023850 0.457
0.023900 0.461
0.023950 0.523
0.024000 0.499
0.024050 0.443
0.024100 0.479
0.024150 0.465
0.024200 0.407
0.024250 0.426
0.024300 0.351
0.024350 0.474
0.024400 0.361
0.024450 0.443
0.024500 0.433
0.024550 0.373
0.024600 0.408
0.024650 0.466
0.024700 0.416
0.024750 0.395
0.024800 0.447
0.024850 0.521
0.024900 0.422
0.024950 0.374
0.025000 0.338
0.025050 0.444
0.025100 0.341
0.025150 0.423
0.025200 0.417
0.025250 0.420
0.025300 0.353
0.025350 0.467
0.025400 0.429
0.025450 0.524
0.025500 0.330
0.025550 0.418
0.025600 0.379
0.025650 0.417
0.025700 0.381
0.025750 0.380
0.025800 0.457
0.025850 0.479
0.025900 0.391
0.025950 0.464
0.026000 0.419
0.026050 0.375
0.026100 0.410
0.026150 0.450
0.026200 0.489
0.026250 0.390
0.026300 0.360
0.026350 0.411
0.026400 0.374
0.026450 0.461
0.026500 0.340
0.026550 0.394
0.026600 0.391
0.026650 0.414
0.026700 0.460
0.026750 0.384
0.026800 0.379
0.026850 0.466
0.026900 0.387
0.026950 0.417
0.027000 0.350
0.027050 0.486
0.027100 0.442
0.027150 0.419
0.027200 0.382
0.027250 0.420
0.027300 0.347
0.027350 0.466
0.027400 0.461
0.027450 0.466
0.027500 0.345
0.027550 0.484
0.027600 0.395
0.027650 0.365
0.027700 0.387
0.027750 0.351
0.027800 0.443
0.027850 0.424
0.027900 0.317
0.027950 0.388
0.028000 0.393
0.028050 0.316
0.028100 0.401
0.028150 0.403
0.028200 0.389
0.028250 0.451
0.028300 0.457
0.028350 0.463
0.028400 0.376
0.028450 0.411
0.028500 0.344
0.028550 0.357
0.028600 0.435
0.028650 0.398
0.028700 0.429
0.028750 0.421
0.028800 0.452
0.028850 0.357
0.028900 0.448
0.028950 0.420
0.029000 0.415
0.029050 0.354
0.029100 0.389
0.029150 0.404
0.029200 0.360
0.029250 0.406
0.029300 0.399
0.029350 0.405
0.029400 0.438
0.029450 0.387
0.029500 0.388
0.029550 0.362
0.029600 0.427
0.029650 0.361
0.029700 0.344
0.029750 0.287
0.029800 0.380
0.029850 0.425
0.029900 0.415
0.029950 0.356
0.030000 0.370
0.030050 0.312
0.030100 0.460
0.030150 0.397
0.030200 0.376
0.030250 0.435
0.030300 0.395
0.030350 0.356
0.030400 0.387
0.030450 0.398
0.030500 0.361
0.030550 0.347
0.030600 0.330
0.030650 0.393
0.030700 0.397
0.030750 0.398
0.030800 0.392
0.030850 0.416
0.030900 0.392
0.030950 0.376
0.031000 0.385
0.031050 0.344
0.031100 0.406
0.031150 0.409
0.031200 0.359
0.031250 0.426
0.031300 0.360
0.031350 0.365
0.031400 0.381
0.031450 0.340
0.031500 0.403
0.031550 0.360
0.031600 0.365
0.031650 0.373
0.031700 0.421
0.031750 0.402
0.031800 0.357
0.031850 0.304
0.031900 0.356
0.031950 0.391
0.032000 0.351
0.032050 0.376
0.032100 0.381
0.032150 0.361
0.032200 0.337
0.032250 0.351
0.032300 0.448
0.032350 0.335
0.032400 0.383
0.032450 0.370
0.032500 0.454
0.032550 0.374
0.032600 0.389
0.032650 0.331
0.032700 0.393
0.032750 0.360
0.032800 0.388
0.032850 0.427
0.032900 0.282
0.032950 0.325
0.033000 0.388
0.033050 0.299
0.033100 0.385
0.033150 0.316
0.033200 0.349
0.033250 0.359
0.033300 0.370
0.033350 0.395
0.033400 0.411
0.033450 0.346
0.033500 0.340
0.033550 0.286
0.033600 0.363
0.033650 0.297
0.033700 0.392
0.033750 0.385
0.033800 0.398
0.033850 0.347
0.033900 0.366
0.033950 0.317
0.034000 0.342
0.034050 0.411
0.034100 0.366
0.034150 0.391
0.034200 0.347
0.034250 0.326
0.034300 0.372
0.034350 0.257
0.034400 0.451
0.034450 0.326
0.034500 0.350
0.034550 0.335
0.034600 0.321
0.034650 0.306
0.034700 0.339
0.034750 0.372
0.034800 0.356
0.034850 0.365
0.034900 0.328
0.034950 0.397
0.035000 0.267
0.035050 0.320
0.035100 0.335
0.035150 0.316
0.035200 0.372
0.035250 0.340
0.035300 0.371
0.035350 0.341
0.035400 0.429
0.035450 0.380
0.035500 0.347
0.035550 0.310
0.035600 0.366
0.035650 0.325
0.035700 0.342
0.035750 0.316
0.035800 0.292
0.035850 0.355
0.035900 0.320
0.035950 0.374
0.036000 0.342
0.036050 0.364
0.036100 0.279
0.036150 0.332
0.036200 0.392
0.036250 0.370
0.036300 0.398
0.036350 0.329
0.036400 0.335
0.036450 0.314
0.036500 0.321
0.036550 0.322
0.036600 0.310
0.036650 0.287
0.036700 0.332
0.036750 0.334
0.036800 0.389
0.036850 0.418
0.036900 0.369
0.036950 0.302
0.037000 0.327
0.037050 0.361
0.037100 0.282
0.037150 0.347
0.037200 0.305
0.037250 0.372
0.037300 0.311
0.037350 0.305
0.037400 0.337
0.037450 0.376
0.037500 0.341
0.037550 0.353
0.037600 0.294
0.037650 0.317
0.037700 0.294
0.037750 0.317
0.037800 0.304
0.037850 0.299
0.037900 0.324
0.037950 0.330
0.038000 0.332
0.038050 0.306
0.038100 0.296
0.038150 0.318
0.038200 0.283
0.038250 0.338
0.038300 0.253
0.038350 0.397
0.038400 0.348
0.038450 0.301
0.038500 0.333
0.038550 0.332
0.038600 0.362
0.038650 0.320
0.038700 0.316
0.038750 0.305
0.038800 0.309
0.038850 0.382
0.038900 0.368
0.038950 0.298
0.039000 0.386
0.039050 0.315
0.039100 0.415
0.039150 0.354
0.039200 0.282
0.039250 0.307
0.039300 0.316
0.039350 0.294
0.039400 0.321
0.039450 0.369
0.039500 0.313
0.039550 0.366
0.039600 0.344
0.039650 0.362
0.039700 0.315
0.039750 0.284
0.039800 0.313
0.039850 0.392
0.039900 0.351
0.039950 0.323
0.040000 0.333
0.040050 0.297
0.040100 0.341
0.040150 0.318
0.040200 0.311
0.040250 0.348
0.040300 0.348
0.040350 0.346
0.040400 0.341
0.040450 0.339
0.040500 0.295
0.040550 0.344
0.040600 0.293
0.040650 0.410
0.040700 0.276
0.040750 0.308
0.040800 0.323
0.040850 0.288
0.040900 0.406
0.040950 0.382
0.041000 0.357
0.041050 0.300
0.041100 0.431
0.041150 0.451
0.041200 0.575
0.041250 0.744
0.041300 0.787
0.041350 0.776
0.041400 1.125
0.041450 1.311
0.041500 1.459
0.041550 1.835
0.041600 2.357
0.041650 3.041
0.041700 4.061
0.041750 5.267
0.041800 6.081
0.041850 7.418
0.041900 8.734
0.041950 10.253
0.042000 11.715
0.042050 13.098
0.042100 14.371
0.042150 15.403
0.042200 16.008
0.042250 15.909
0.042300 16.423
0.042350 15.168
0.042400 14.180
0.042450 13.286
0.042500 11.719
0.042550 10.426
0.042600 9.394
0.042650 8.613
0.042700 7.221
0.042750 6.484
0.042800 6.078
0.042850 5.484
0.042900 4.987
0.042950 4.527
0.043000 4.135
0.043050 3.776
0.043100 3.248
0.043150 3.408
0.043200 3.239
0.043250 3.153
0.043300 3.005
0.043350 2.682
0.043400 2.753
0.043450 2.606
0.043500 2.398
0.043550 2.330
0.043600 2.201
0.043650 2.286
0.043700 2.234
0.043750 2.136
0.043800 2.265
0.043850 2.037
0.043900 1.939
0.043950 1.762
0.044000 1.999
0.044050 1.864
0.044100 1.858
0.044150 1.809
0.044200 1.800
0.044250 1.800
0.044300 1.863
0.044350 1.734
0.044400 1.662
0.044450 1.679
0.044500 1.703
0.044550 1.709
0.044600 1.750
0.044650 1.618
0.044700 1.643
0.044750 1.485
0.044800 1.689
0.044850 1.536
0.044900 1.441
0.044950 1.627
0.045000 1.442
0.045050 1.532
0.045100 1.575
0.045150 1.501
0.045200 1.535
0.045250 1.639
0.045300 1.431
0.045350 1.495
0.045400 1.344
0.045450 1.440
0.045500 1.337
0.045550 1.562
0.045600 1.461
0.045650 1.538
0.045700 1.413
0.045750 1.442
0.045800 1.343
0.045850 1.432
0.045900 1.504
0.045950 1.345
0.046000 1.450
0.046050 1.392
0.046100 1.325
0.046150 1.260
0.046200 1.406
0.046250 1.362
0.046300 1.379
0.046350 1.427
0.046400 1.216
0.046450 1.371
0.046500 1.271
0.046550 1.306
0.046600 1.326
0.046650 1.330
0.046700 1.231
0.046750 1.375
0.046800 1.244
0.046850 1.241
0.046900 1.450
0.046950 1.250
0.047000 1.231
0.047050 1.319
0.047100 1.214
0.047150 1.295
0.047200 1.346
0.047250 1.258
0.047300 1.175
0.047350 1.230
0.047400 1.242
0.047450 1.125
0.047500 1.304
0.047550 1.144
0.047600 1.296
0.047650 1.176
0.047700 1.128
0.047750 1.173
0.047800 1.092
0.047850 1.088
0.047900 1.165
0.047950 1.156
0.048000 1.014
0.048050 1.123
0.048100 1.139
0.048150 1.065
0.048200 1.045
0.048250 1.212
0.048300 1.194
0.048350 1.134
0.048400 1.033
0.048450 1.180
0.048500 1.123
0.048550 1.160
0.048600 1.032
0.048650 1.066
0.048700 1.090
0.048750 1.143
0.048800 1.265
0.048850 1.098
0.048900 0.962
0.048950 1.109
0.049000 1.095
0.049050 1.154
0.049100 1.111
0.049150 1.022
0.049200 1.174
0.049250 1.047
0.049300 1.093
0.049350 1.109
0.049400 0.869
0.049450 1.016
0.049500 1.137
0.049550 1.058
0.049600 1.002
0.049650 1.081
0.049700 1.070
0.049750 1.004
0.049800 1.100
0.049850 1.083
0.049900 1.179
0.049950 1.165
0.050000 1.073
0.050050 1.028
0.050100 1.016
0.050150 0.960
0.050200 1.048
0.050250 1.102
0.050300 0.985
0.050350 1.022
0.050400 1.041
0.050450 0.903
0.050500 1.125
0.050550 0.954
0.050600 1.046
0.050650 0.947
0.050700 1.043
0.050750 0.938
0.050800 1.046
0.050850 0.998
0.050900 0.934
0.050950 0.923
0.051000 0.900
0.051050 1.190
0.051100 0.885
0.051150 0.996
0.051200 0.928
0.051250 0.951
0.051300 1.057
0.051350 0.945
0.051400 0.967
0.051450 0.854
0.051500 0.845
0.051550 0.877
0.051600 0.933
0.051650 0.922
0.051700 0.919
0.051750 1.016
0.051800 0.983
0.051850 1.107
0.051900 0.902
0.051950 0.977
0.052000 0.988
0.052050 0.899
0.052100 0.977
0.052150 0.877
0.052200 0.781
0.052250 0.838
0.052300 0.904
0.052350 0.922
0.052400 0.834
0.052450 0.899
0.052500 0.878
0.052550 0.879
0.052600 0.956
0.052650 0.956
0.052700 0.875
0.052750 0.859
0.052800 1.035
0.052850 0.935
0.052900 0.956
0.052950 0.993
0.053000 0.894
0.053050 0.855
0.053100 0.771
0.053150 0.897
0.053200 0.817
0.053250 1.072
0.053300 0.849
0.053350 0.908
0.053400 0.980
0.053450 0.917
0.053500 0.886
0.053550 0.887
0.053600 0.855
0.053650 0.905
0.053700 0.984
0.053750 0.899
0.053800 0.887
0.053850 0.820
0.053900 0.816
0.053950 0.916
0.054000 0.940
0.054050 0.965
0.054100 0.986
0.054150 0.839
0.054200 0.879
0.054250 0.832
0.054300 0.845
0.054350 0.883
0.054400 0.722
0.054450 0.872
0.054500 0.905
0.054550 0.850
0.054600 0.817
0.054650 0.796
0.054700 0.870
0.054750 0.844
0.054800 0.947
0.054850 0.958
0.054900 0.977
0.054950 0.922
0.055000 0.774
0.055050 0.902
0.055100 0.833
0.055150 0.913
0.055200 0.811
0.055250 0.783
0.055300 0.765
0.055350 0.913
0.055400 0.783
0.055450 0.750
0.055500 0.788
0.055550 0.756
0.055600 0.804
0.055650 0.961
0.055700 0.935
0.055750 0.887
0.055800 0.780
0.055850 0.852
0.055900 0.814
0.055950 0.934
0.056000 0.763
0.056050 0.782
0.056100 0.856
0.056150 0.853
0.056200 0.865
0.056250 0.702
0.056300 0.779
0.056350 0.872
0.056400 0.660
0.056450 0.755
0.056500 0.849
0.056550 0.861
0.056600 0.900
0.056650 0.778
0.056700 0.835
0.056750 0.744
0.056800 0.805
0.056850 0.723
0.056900 0.688
0.056950 0.657
0.057000 0.828
0.057050 0.844
0.057100 0.675
0.057150 0.887
0.057200 0.779
0.057250 0.811
0.057300 0.754
0.057350 0.700
0.057400 0.710
0.057450 0.746
0.057500 0.766
0.057550 0.687
0.057600 0.811
0.057650 0.710
0.057700 0.732
0.057750 0.769
0.057800 0.729
0.057850 0.834
0.057900 0.840
0.057950 0.677
0.058000 0.667
0.058050 0.789
0.058100 0.704
0.058150 0.821
0.058200 0.755
0.058250 0.752
0.058300 0.814
0.058350 0.677
0.058400 0.805
0.058450 0.790
0.058500 0.689
0.058550 0.718
0.058600 0.787
0.058650 0.744
0.058700 0.778
0.058750 0.679
0.058800 0.855
0.058850 0.808
0.058900 0.847
0.058950 0.745
0.059000 0.787
0.059050 0.821
0.059100 0.736
0.059150 0.726
0.059200 0.638
0.059250 0.756
0.059300 0.729
0.059350 0.766
0.059400 0.743
0.059450 0.779
0.059500 0.743
0.059550 0.668
0.059600 0.704
0.059650 0.781
0.059700 0.710
0.059750 0.759
0.059800 0.751
0.059850 0.756
0.059900 0.847
0.059950 0.775
0.060000 0.775
0.060050 0.675
0.060100 0.710
0.060150 0.843
0.060200 0.701
0.060250 0.717
0.060300 0.658
0.060350 0.632
0.060400 0.728
0.060450 0.705
0.060500 0.648
0.060550 0.701
0.060600 0.699
0.060650 0.781
0.060700 0.713
0.060750 0.740
0.060800 0.640
0.060850 0.773
0.060900 0.698
0.060950 0.724
0.061000 0.701
0.061050 0.648
0.061100 0.598
0.061150 0.646
0.061200 0.652
0.061250 0.778
0.061300 0.702
0.061350 0.769
0.061400 0.694
0.061450 0.623
0.061500 0.676
0.061550 0.646
0.061600 0.634
0.061650 0.752
0.061700 0.598
0.061750 0.709
0.061800 0.654
0.061850 0.605
0.061900 0.629
0.061950 0.757
0.062000 0.710
0.062050 0.684
0.062100 0.644
0.062150 0.723
0.062200 0.627
0.062250 0.706
0.062300 0.685
0.062350 0.649
0.062400 0.696
0.062450 0.564
0.062500 0.710
0.062550 0.675
0.062600 0.638
0.062650 0.627
0.062700 0.640
0.062750 0.742
0.062800 0.606
0.062850 0.736
0.062900 0.771
0.062950 0.643
0.063000 0.693
0.063050 0.746
0.063100 0.675
0.063150 0.750
0.063200 0.711
0.063250 0.604
0.063300 0.578
0.063350 0.576
0.063400 0.685
0.063450 0.608
0.063500 0.591
0.063550 0.713
0.063600 0.700
0.063650 0.636
0.063700 0.647
0.063750 0.610
0.063800 0.668
0.063850 0.713
0.063900 0.694
0.063950 0.632
0.064000 0.739
0.064050 0.620
0.064100 0.563
0.064150 0.653
0.064200 0.628
0.064250 0.554
0.064300 0.677
0.064350 0.587
0.064400 0.733
0.064450 0.707
0.064500 0.681
0.064550 0.624
0.064600 0.599
0.064650 0.710
0.064700 0.569
0.064750 0.588
0.064800 0.601
0.064850 0.654
0.064900 0.735
0.064950 0.674
0.065000 0.604
0.065050 0.555
0.065100 0.677
0.065150 0.595
0.065200 0.649
0.065250 0.568
0.065300 0.650
0.065350 0.713
0.065400 0.633
0.065450 0.575
0.065500 0.599
0.065550 0.625
0.065600 0.633
0.065650 0.636
0.065700 0.604
0.065750 0.627
0.065800 0.603
0.065850 0.614
0.065900 0.585
0.065950 0.647
0.066000 0.607
0.066050 0.650
0.066100 0.632
0.066150 0.613
0.066200 0.614
0.066250 0.542
0.066300 0.701
0.066350 0.587
0.066400 0.568
0.066450 0.627
0.066500 0.604
0.066550 0.617
0.066600 0.550
0.066650 0.614
0.066700 0.568
0.066750 0.585
0.066800 0.599
0.066850 0.646
0.066900 0.580
0.066950 0.574
0.067000 0.648
0.067050 0.660
0.067100 0.536
0.067150 0.554
0.067200 0.714
0.067250 0.599
0.067300 0.596
0.067350 0.553
0.067400 0.517
0.067450 0.707
0.067500 0.489
0.067550 0.555
0.067600 0.772
0.067650 0.548
0.067700 0.567
0.067750 0.668
0.067800 0.632
0.067850 0.606
0.067900 0.682
0.067950 0.559
0.068000 0.575
0.068050 0.593
0.068100 0.578
0.068150 0.597
0.068200 0.569
0.068250 0.582
0.068300 0.620
0.068350 0.626
0.068400 0.610
0.068450 0.677
0.068500 0.696
0.068550 0.548
0.068600 0.694
0.068650 0.561
0.068700 0.549
0.068750 0.604
0.068800 0.634
0.068850 0.519
0.068900 0.651
0.068950 0.661
0.069000 0.547
0.069050 0.611
0.069100 0.559
0.069150 0.578
0.069200 0.719
0.069250 0.592
0.069300 0.633
0.069350 0.580
0.069400 0.617
0.069450 0.645
0.069500 0.603
0.069550 0.723
0.069600 0.691
0.069650 0.620
0.069700 0.582
0.069750 0.653
0.069800 0.566
0.069850 0.557
0.069900 0.561
0.069950 0.559
0.070000 0.582
0.070050 0.491
0.070100 0.550
0.070150 0.622
0.070200 0.563
0.070250 0.522
0.070300 0.620
0.070350 0.599
0.070400 0.509
0.070450 0.640
0.070500 0.606
0.070550 0.539
0.070600 0.517
0.070650 0.518
0.070700 0.594
0.070750 0.578
0.070800 0.605
0.070850 0.573
0.070900 0.614
0.070950 0.635
0.071000 0.542
0.071050 0.522
0.071100 0.569
0.071150 0.603
0.071200 0.491
0.071250 0.513
0.071300 0.551
0.071350 0.627
0.071400 0.497
0.071450 0.474
0.071500 0.605
0.071550 0.607
0.071600 0.477
0.071650 0.523
0.071700 0.488
0.071750 0.675
0.071800 0.435
0.071850 0.581
0.071900 0.531
0.071950 0.583
0.072000 0.489
0.072050 0.463
0.072100 0.549
0.072150 0.621
0.072200 0.624
0.072250 0.573
0.072300 0.621
0.072350 0.524
0.072400 0.514
0.072450 0.531
0.072500 0.578
0.072550 0.507
0.072600 0.636
0.072650 0.532
0.072700 0.572
0.072750 0.507
0.072800 0.543
0.072850 0.463
0.072900 0.493
0.072950 0.553
0.073000 0.681
0.073050 0.555
0.073100 0.514
0.073150 0.498
0.073200 0.572
0.073250 0.495
0.073300 0.543
0.073350 0.606
0.073400 0.482
0.073450 0.567
0.073500 0.470
0.073550 0.520
0.073600 0.552
0.073650 0.517
0.073700 0.500
0.073750 0.552
0.073800 0.577
0.073850 0.460
0.073900 0.510
0.073950 0.567
0.074000 0.501
0.074050 0.491
0.074100 0.543
0.074150 0.517
0.074200 0.529
0.074250 0.493
0.074300 0.537
0.074350 0.511
0.074400 0.664
0.074450 0.537
0.074500 0.541
0.074550 0.614
0.074600 0.473
0.074650 0.476
0.074700 0.532
0.074750 0.553
0.074800 0.538
0.074850 0.537
0.074900 0.563
0.074950 0.467
0.075000 0.459
0.075050 0.519
0.075100 0.516
0.075150 0.585
0.075200 0.475
0.075250 0.568
0.075300 0.506
0.075350 0.612
0.075400 0.523
0.075450 0.595
0.075500 0.624
0.075550 0.599
0.075600 0.504
0.075650 0.605
0.075700 0.476
0.075750 0.532
0.075800 0.530
0.075850 0.576
0.075900 0.514
0.075950 0.550
0.076000 0.495
0.076050 0.515
0.076100 0.472
0.076150 0.501
0.076200 0.555
0.076250 0.485
0.076300 0.513
0.076350 0.569
0.076400 0.633
0.076450 0.537
0.076500 0.550
0.076550 0.559
0.076600 0.595
0.076650 0.571
0.076700 0.470
0.076750 0.534
0.076800 0.539
0.076850 0.539
0.076900 0.485
0.076950 0.553
0.077000 0.575
0.077050 0.443
0.077100 0.406
0.077150 0.575
0.077200 0.520
0.077250 0.572
0.077300 0.505
0.077350 0.492
0.077400 0.489
0.077450 0.597
0.077500 0.543
0.077550 0.509
0.077600 0.489
0.077650 0.505
0.077700 0.444
0.077750 0.488
0.077800 0.573
0.077850 0.454
0.077900 0.484
0.077950 0.495
0.078000 0.453
0.078050 0.501
0.078100 0.567
0.078150 0.465
0.078200 0.508
0.078250 0.460
0.078300 0.556
0.078350 0.574
0.078400 0.465
0.078450 0.582
0.078500 0.501
0.078550 0.503
0.078600 0.469
0.078650 0.520
0.078700 0.633
0.078750 0.551
0.078800 0.483
0.078850 0.521
0.078900 0.575
0.078950 0.509
0.079000 0.458
0.079050 0.376
0.079100 0.545
0.079150 0.477
0.079200 0.498
0.079250 0.500
0.079300 0.498
0.079350 0.494
0.079400 0.469
0.079450 0.400
0.079500 0.517
0.079550 0.491
0.079600 0.543
0.079650 0.527
0.079700 0.472
0.079750 0.536
0.079800 0.419
0.079850 0.552
0.079900 0.454
0.079950 0.475
0.080000 0.541
