0.023839 -0.0250000004 0.0259044463 0.0235363477 synchronous_release_0
0.028012 -0.0250000004 -0.0326775693 0.0125370039 synchronous_release_0
0.032685 -0.0250000004 0.000629460091 -0.000777032814 synchronous_release_1
0.008076 -0.0250000004 0.0101500819 -0.0334959078 synchronous_release_0
0.026344 -0.0250000004 0.0259077314 0.0235327315 synchronous_release_0
0.027158 -0.0250000004 -0.0317657604 0.0146947768 synchronous_release_0
0.024899 -0.0250000004 -0.0338728301 0.00881086721 synchronous_release_0
0.033411 -0.0250000004 0.0338728301 -0.00881086721 synchronous_release_0
0.008005 -0.0250000004 0.0349064266 0.00255761231 synchronous_release_0
0.026193 -0.0250000004 0.0349044674 0.0025842133 synchronous_release_0
0.025105 -0.0250000004 0.0232198575 0.0261885131 synchronous_release_0
0.030788 -0.0250000004 0.0319041904 -0.0143917558 synchronous_release_0
0.015028 -0.0250000004 -0.0144725764 0.0318676095 synchronous_release_0
0.034554 -0.0250000004 0.0296421755 -0.0186102506 synchronous_release_0
0.00611 -0.0250000004 -0.0336866488 0.00949787835 synchronous_release_0
0.005782 -0.0250000004 0.0241382411 -0.0253445323 synchronous_release_0
0.024039 -0.0250000004 2.89010317e-05 -0.000999582278 synchronous_release_0
0.005522 -0.0250000004 0.0349846965 0.00103489633 synchronous_release_1
0.036134 -0.0250000004 0.00457499444 0.0346997035 synchronous_release_0
0.038464 -0.0250000004 -0.0289518628 0.0196669683 synchronous_release_0
0.026937 -0.0250000004 0.0346584024 -0.00487802656 synchronous_release_0
0.034773 -0.0250000004 -0.000949566178 -0.000313566697 synchronous_release_0
0.034937 -0.0250000004 0.0345425817 -0.00564004005 synchronous_release_0
0.037055 -0.0250000004 -0.00618278728 0.0344495739 synchronous_release_0
0.003666 -0.0250000004 -0.0185878715 0.0296562141 synchronous_release_0
0.004785 -0.0250000004 0.00940106239 0.0337137958 synchronous_release_0
0.022475 -0.0250000004 0.0338975348 0.00871533904 synchronous_release_0
0.024427 -0.0250000004 0.0185747502 -0.0296644342 synchronous_release_0
0.011639 -0.0250000004 0.0301445004 0.0177850807 synchronous_release_0
0.037801 -0.0250000004 -0.000330081549 0.0349984435 synchronous_release_0
0.023975 -0.0250000004 -0.0285519288 0.0202432054 synchronous_release_0
0.024552 -0.0250000004 -0.000996962178 -7.78871983e-05 synchronous_release_0
0.00395 -0.0250000004 0.0336238307 -0.00971792201 synchronous_release_0
0.027417 -0.0250000004 0.024834619 -0.0246625566 synchronous_release_1
0.024223 -0.0250000004 0.0338086052 0.0090541823 synchronous_release_0
0.018868 -0.0250000004 0.0251051849 0.0243870804 synchronous_release_0
0.02368 -0.0250000004 0.0243128979 0.0251770331 synchronous_release_0
0.03453 -0.0250000004 0.00964750126 -0.0336441038 synchronous_release_1
0.025022 -0.0250000004 -0.0108597392 0.0332726023 synchronous_release_0
0.038638 -0.0250000004 0.0233850493 0.0260411112 synchronous_release_0
0.023617 -0.0250000004 -0.0247500458 -0.0247474288 synchronous_release_0
0.035019 -0.0250000004 0.0317521919 -0.0147240724 synchronous_release_1
0.027296 -0.0250000004 0.000941652483 -0.000336586693 synchronous_release_1
0.027595 -0.0250000004 0.0280684927 0.0209083647 synchronous_release_1
0.028905 -0.0250000004 0.0175093856 -0.0303054684 synchronous_release_0
0.031065 -0.0250000004 -0.0392154616 0.0462292935 synchronous_release_0
0.025243 -0.0250000004 0.030881047 -0.0164730366 synchronous_release_0
0.026258 -0.0250000004 0.0296093242 0.0186624735 synchronous_release_0
0.023916 -0.0250000004 0.0592186485 0.037324947 synchronous_release_1
0.023485 -0.0250000004 0.0347594912 -0.00409606756 synchronous_release_1
0.037096 -0.0250000004 0.0282122639 0.0207139606 synchronous_release_0
0.023617 -0.0250000004 0.0341039016 -0.0078691736 synchronous_release_0
0.011149 -0.0250000004 0.0319044524 -0.014391175 synchronous_release_0
0.032436 -0.0250000004 0.0346356332 -0.00503715299 synchronous_release_0
0.034388 -0.0250000004 0.000989639429 -0.000143575071 synchronous_release_0
0.030441 -0.0250000004 0.0349966507 0.000484188478 synchronous_release_0
0.026009 -0.0250000004 0.0253263635 0.0241573035 synchronous_release_0
0.024524 -0.0250000004 0.0349845717 -0.00103910702 synchronous_release_1
0.025074 -0.0250000004 0.0347652957 -0.00404650638 synchronous_release_1
0.034293 -0.0250000004 0.0262603367 -0.0231385979 synchronous_release_0
0.028359 -0.0250000004 0.0345169172 0.00579503442 synchronous_release_1
0.027576 -0.0250000004 0.0144555133 -0.0318753531 synchronous_release_0
0.037344 -0.0250000004 0.0270805388 0.0221730562 synchronous_release_0
0.033573 -0.0250000004 0.00502512728 0.03463738 synchronous_release_0
0.023487 -0.0250000004 0.0119543691 -0.0328951829 synchronous_release_0
0.025017 -0.0250000004 0.0274726936 0.0216852739 synchronous_release_1
0.024465 -0.0250000004 -0.0235490991 0.0258928548 synchronous_release_0
0.036524 -0.0250000004 0.0106493205 0.0333405455 synchronous_release_0
0.030476 -0.0250000004 0.0287912205 -0.0199013976 synchronous_release_0
0.048116 -0.0250000004 0.0296631691 -0.0185767703 synchronous_release_0
0.023759 -0.0250000004 0.0341225207 0.00778804096 synchronous_release_0
0.022296 -0.0250000004 0.0341961795 -0.00745796934 synchronous_release_0
0.02352 -0.0250000004 0.034981859 0.00112673982 synchronous_release_0
0.023546 -0.0250000004 0.0281212019 -0.0208374184 synchronous_release_0
0.024462 -0.0250000004 0.034627813 -0.00509063512 synchronous_release_0
0.031398 -0.0250000004 0.0307666651 0.0166856921 synchronous_release_0
0.011165 -0.0250000004 0.00568442243 0.0345353057 synchronous_release_0
0.006332 -0.0250000004 0.0335235082 -0.0100585484 synchronous_release_0
0.004243 -0.0250000004 0.0203647651 0.0284653534 synchronous_release_0
0.028737 -0.0250000004 0.0259879182 0.0234441487 synchronous_release_0
0.023994 -0.0250000004 0.0342367106 -0.00726963866 synchronous_release_0
0.026305 -0.0250000004 -0.0165259359 0.0308527704 synchronous_release_1
0.026177 -0.0250000004 0.0349097706 0.00251155602 synchronous_release_0
0.023451 -0.0250000004 0.0196299566 -0.0289769702 synchronous_release_1
0.006566 -0.0250000004 0.00345950338 0.0348286066 synchronous_release_0
0.023716 -0.0250000004 0.0318922098 0.0144182855 synchronous_release_0
0.025732 -0.0250000004 0.0279292841 0.0210939586 synchronous_release_0
0.029003 -0.0250000004 0.0348078049 -0.00366288348 synchronous_release_0
0.023912 -0.0250000004 0.00324673519 0.0348490848 synchronous_release_0
0.023479 -0.0250000004 0.0311159891 -0.0160248315 synchronous_release_0
0.027468 -0.0250000004 -0.00168008341 0.0349596527 synchronous_release_0
0.012632 -0.0250000004 0.0325545096 0.0128531671 synchronous_release_0
0.029232 -0.0250000004 0.0344317345 -0.00628137374 synchronous_release_0
0.004641 -0.0250000004 -0.0147674747 -0.0317320294 synchronous_release_0
0.024068 -0.0250000004 0.0200970062 -0.0286550229 synchronous_release_1
0.027995 -0.0250000004 0.00545113352 -0.0345728961 synchronous_release_0
0.020856 -0.0250000004 0.0319478757 0.0142945179 synchronous_release_0
0.024829 -0.0250000004 -0.0131752681 -0.0324254886 synchronous_release_0
0.030295 -0.0250000004 0.0044603656 0.0347146243 synchronous_release_0
0.032995 -0.0250000004 0.0137743093 0.0321755871 synchronous_release_1
0.023788 -0.0250000004 0.0336711011 0.00955285035 synchronous_release_0
0.026932 -0.0250000004 0.0173427609 0.030401129 synchronous_release_1
0.032341 -0.0250000004 0.0334330031 -0.0103553997 synchronous_release_0
0.024091 -0.0250000004 0.000902674205 0.000430324622 synchronous_release_0
0.024276 -0.0250000004 0.0140881619 0.0320394084 synchronous_release_0
0.023423 -0.0250000004 0.0699925266 0.00102284908 synchronous_release_1
0.045801 -0.0250000004 0.0264720757 0.0228960522 synchronous_release_0
0.027052 -0.0250000004 0.0115705364 0.0330321463 synchronous_release_1
0.036123 -0.0250000004 0.000988092371 0.000153861839 synchronous_release_1
0.008304 -0.0250000004 -0.000265618674 -0.000964078171 synchronous_release_0
0.026404 -0.0250000004 0.0341893796 0.00748908042 synchronous_release_1
0.024229 -0.0250000004 0.0199225559 -0.0287765836 synchronous_release_0
0.00387 -0.0250000004 0.0307915538 0.0166397179 synchronous_release_0
0.03449 -0.0250000004 0.0274403516 -0.0217261847 synchronous_release_2
0.023717 -0.0250000004 0.0143272449 0.0319332124 synchronous_release_1
0.027099 -0.0250000004 -0.0056549733 -0.0345401401 synchronous_release_0
0.031687 -0.0250000004 0.0338016368 -0.00908016239 synchronous_release_0
0.043261 -0.0250000004 -0.0191168377 0.0293180237 synchronous_release_0
0.005343 -0.0250000004 0.00665198553 0.0343620589 synchronous_release_0
0.027296 -0.0250000004 -0.00665198553 -0.0343620589 synchronous_release_0
0.02381 -0.0250000004 0.0347102151 -0.00449454858 synchronous_release_1
0.029896 -0.0250000004 -0.00209393228 -0.0349373074 synchronous_release_0
0.029493 -0.0250000004 0.0348520051 0.0032152359 synchronous_release_1
0.024563 -0.0250000004 -0.0213316074 -0.0277481986 synchronous_release_0
0.0256 -0.0250000004 0.0105931495 -0.033358435 synchronous_release_0
0.028696 -0.0250000004 -0.00425116354 -0.0347408637 synchronous_release_0
0.023475 -0.0250000004 0.0302013379 -0.0176883914 synchronous_release_0
0.026112 -0.0250000004 0.0536993276 0.0281315165 synchronous_release_0
0.00637 -0.0250000004 0.0287650134 0.0199392578 synchronous_release_1
0.014234 -0.0250000004 0.019822712 0.0288454518 synchronous_release_0
0.036231 -0.0250000004 0.0190472154 0.0293633034 synchronous_release_1
0.025706 -0.0250000004 0.0342754669 0.00708465752 synchronous_release_0
0.036898 -0.0250000004 -0.00540622886 -0.0603802343 synchronous_release_0
0.023523 -0.0250000004 0.0307046293 0.0167995756 synchronous_release_0
0.034195 -0.0250000004 -0.0296055952 -0.0186683887 synchronous_release_0
0.023721 -0.0250000004 0.0289626799 0.0196510349 synchronous_release_0
0.02371 -0.0250000004 0.0269393494 -0.0223443831 synchronous_release_0
0.029902 -0.0250000004 -0.0210582207 0.0568467355 synchronous_release_1
0.030172 -0.0250000004 0.0340955324 0.00790535695 synchronous_release_0
0.018199 -0.0250000004 0.0171269787 -0.0305232141 synchronous_release_0
0.027391 -0.0250000004 0.0301118567 0.0178402939 synchronous_release_0
0.025365 -0.0250000004 0.0248691291 0.024627757 synchronous_release_0
0.025231 -0.0250000004 0.0579287693 -0.0178677834 synchronous_release_0
0.003338 -0.0250000004 0.0165083752 0.0308621702 synchronous_release_0
0.028336 -0.0250000004 0.0348685779 -0.00303022649 synchronous_release_0
0.026233 -0.0250000004 0.0132070581 -0.0324125534 synchronous_release_0
0.024605 -0.0250000004 0.0317132856 0.0148076845 synchronous_release_0
0.039114 -0.0250000004 0.0188159834 0.0295120106 synchronous_release_0
0.026491 -0.0250000004 0.0340638882 -0.00804061692 synchronous_release_1
0.023791 -0.0250000004 0.0110597678 -0.033206649 synchronous_release_0
0.023383 -0.0250000004 -0.0339801353 0.0083875149 synchronous_release_0
0.035917 -0.0250000004 -0.0242538686 -0.0252339029 synchronous_release_0
0.023975 -0.0250000004 0.0215099192 0.0276102042 synchronous_release_0
0.031841 -0.0250000004 -0.0331571673 -0.0112072414 synchronous_release_0
0.023643 -0.0250000004 0.0257412301 0.0237147438 synchronous_release_0
0.033565 -0.0250000004 -0.027806929 0.0212549923 synchronous_release_1
0.033632 -0.0250000004 0.0337227402 0.00936892715 synchronous_release_0
0.03276 -0.0250000004 0.00789532479 -0.0340978569 synchronous_release_0
0.025629 -0.0250000004 0.0339086569 -0.00867196549 synchronous_release_2
0.036043 -0.0250000004 -0.00169019496 0.0349591653 synchronous_release_0
0.025222 -0.0250000004 0.0299416234 -0.0181245466 synchronous_release_0
0.006568 -0.0250000004 0.0254240811 -0.0240544404 synchronous_release_0
0.025975 -0.0250000004 0.0166212347 0.030801535 synchronous_release_0
0.024514 -0.0250000004 -0.0164506834 -0.0308929606 synchronous_release_0
0.025649 -0.0250000004 -0.0280202541 -0.0209729674 synchronous_release_0
0.033635 -0.0250000004 0.0328720429 0.0120178532 synchronous_release_1
0.025096 -0.0250000004 0.00982945891 0.0335913938 synchronous_release_0
0.023765 -0.0250000004 0.0349997772 -0.000124894728 synchronous_release_1
0.041792 -0.0250000004 0.000927107914 -0.000374794498 synchronous_release_0
0.027417 -0.0250000004 -0.0340024277 -0.00829668064 synchronous_release_0
0.029904 -0.0250000004 -0.000971527894 0.000236925202 synchronous_release_0
0.024738 -0.0250000004 -0.016599122 0.0308134573 synchronous_release_0
0.027587 -0.0250000004 0.0250738941 0.0244192513 synchronous_release_0
0.026988 -0.0250000004 0.0336805993 -0.00951930828 synchronous_release_0
0.030303 -0.0250000004 0.0340368157 0.00815445765 synchronous_release_0
0.039604 -0.0250000004 -0.000232984504 0.000972480447 synchronous_release_0
0.048495 -0.0250000004 0.0335637133 0.00992356527 synchronous_release_0
0.004134 -0.0250000004 0.0349878151 -0.000923467319 synchronous_release_0
0.03026 -0.0250000004 -0.0324495069 -0.0131160016 synchronous_release_0
0.003713 -0.0250000004 0.0346166258 -0.00516616099 synchronous_release_0
0.024475 -0.0250000004 0.0268990363 0.0223928973 synchronous_release_0
0.024956 -0.0250000004 0.0294715721 0.0188792594 synchronous_release_1
0.032687 -0.0250000004 0.0183792292 -0.0297859688 synchronous_release_1
0.028332 -0.0250000004 -0.0310463493 0.0161593377 synchronous_release_1
0.031364 -0.0250000004 0.0179808659 -0.0300281278 synchronous_release_0
0.026478 -0.0250000004 0.0062082224 -0.0344449993 synchronous_release_0
0.023582 -0.0250000004 0.0267261332 0.0225989779 synchronous_release_1
0.026465 -0.0250000004 -0.0206538089 0.0282563299 synchronous_release_0
0.025528 -0.0250000004 0.0282382603 0.020678507 synchronous_release_0
0.037832 -0.0250000004 0.000994122981 0.000108256636 synchronous_release_0
0.032558 -0.0250000004 0.033309644 -0.010745586 synchronous_release_0
0.041744 -0.0250000004 0.0346258958 0.0051036597 synchronous_release_0
0.025531 -0.0250000004 0.0163855588 -0.0309275519 synchronous_release_0
0.024529 -0.0250000004 0.0349838941 -0.00106167537 synchronous_release_0
0.024984 -0.0250000004 0.0285182097 -0.0202906805 synchronous_release_0
0.027269 -0.0250000004 -0.00442369255 0.0347193166 synchronous_release_0
0.02959 -0.0250000004 0.0197098702 0.0289226731 synchronous_release_1
0.032873 -0.0250000004 0.0273814346 -0.0218003908 synchronous_release_0
0.025906 -0.0250000004 0.00419335086 -0.0347478893 synchronous_release_1
0.0317 -0.0250000004 -0.000994833876 0.000101516305 synchronous_release_0
0.009323 -0.0250000004 0.0338830626 0.00877143494 synchronous_release_0
0.026832 -0.0250000004 0.0306714668 -0.0168600452 synchronous_release_0
0.024629 -0.0250000004 0.0321787564 0.0137669037 synchronous_release_1
0.024262 -0.0250000004 0.0317716741 0.0146819865 synchronous_release_0
0.029759 -0.0250000004 0.0325701427 0.0128135009 synchronous_release_1
0.027854 -0.0250000004 -0.000194809737 -0.00098084105 synchronous_release_0
0.026525 -0.0250000004 0.0324988501 0.0129932576 synchronous_release_0
0.02364 -0.0250000004 0.000463781906 -0.000885949402 synchronous_release_0
0.024688 -0.0250000004 -0.0303064669 0.0175076574 synchronous_release_0
0.025427 -0.0250000004 0.0244962216 -0.0249987026 synchronous_release_0
0.032942 -0.0250000004 0.0349844994 -0.00104153866 synchronous_release_0
0.029722 -0.0250000004 0.0168204013 0.0306932256 synchronous_release_1
0.032248 -0.0250000004 0.0292492281 0.0192219316 synchronous_release_0
0.024809 -0.0250000004 0.034950864 0.0018539436 synchronous_release_0
0.027646 -0.0250000004 -0.0239349722 -0.0255365837 synchronous_release_0
0.023946 -0.0250000004 0.0599695109 0.00886892126 synchronous_release_0
0.0238 -0.0250000004 -0.00291160479 -0.0348786834 synchronous_release_0
0.024441 -0.0250000004 -0.00573293234 0.0345272861 synchronous_release_0
0.029393 -0.0250000004 0.00489392022 -0.0346561617 synchronous_release_1
0.046019 -0.0250000004 0.0324600766 -0.0130898216 synchronous_release_1
0.029193 -0.0250000004 -0.0200873582 -0.0571970108 synchronous_release_0
0.024905 -0.0250000004 -0.00205458432 0.0349396434 synchronous_release_0
0.032247 -0.0250000004 0.0254074521 -0.024072004 synchronous_release_1
0.025916 -0.0250000004 0.000213476772 0.034999349 synchronous_release_1
0.030867 -0.0250000004 0.0303878209 -0.0173660687 synchronous_release_1
0.024318 -0.0250000004 0.0297514462 -0.0184350603 synchronous_release_0
0.023948 -0.0250000004 0.0326183061 -0.0126903943 synchronous_release_0
0.036886 -0.0250000004 0.0272993569 0.0219030846 synchronous_release_0
0.023975 -0.0250000004 0.0077083262 0.0341406167 synchronous_release_0
0.028185 -0.0250000004 0.000999669867 2.56935096e-05 synchronous_release_0
0.028151 -0.0250000004 0.0152789362 -0.0314889521 synchronous_release_0
0.003703 -0.0250000004 0.0312471839 0.0157674823 synchronous_release_0
0.025134 -0.0250000004 0.0261439774 0.0232699902 synchronous_release_0
0.025099 -0.0250000004 0.0345728945 0.00545114343 synchronous_release_1
0.023429 -0.0250000004 0.0288759811 0.0197782132 synchronous_release_0
0.027677 -0.0250000004 0.0316652077 0.0149102187 synchronous_release_0
0.008603 -0.0250000004 0.00182409348 0.0349524346 synchronous_release_0
0.025479 -0.0250000004 0.0253880899 0.0240924239 synchronous_release_0
0.024008 -0.0250000004 0.000982038336 0.000188681497 synchronous_release_0
0.041539 -0.0250000004 0.0163294861 0.0309571944 synchronous_release_0
0.008262 -0.0250000004 0.0343434295 -0.00674750705 synchronous_release_0
0.027418 -0.0250000004 -0.00754484128 0.0341771176 synchronous_release_0
0.035986 -0.0250000004 0.0258258315 0.023622583 synchronous_release_1
0.024352 -0.0250000004 0.0346903198 0.00464561234 synchronous_release_1
0.024616 -0.0250000004 0.0173792297 0.0303802958 synchronous_release_0
0.004691 -0.0250000004 0.0074577915 -0.0341962183 synchronous_release_0
0.012144 -0.0250000004 0.0349985412 -0.000319556061 synchronous_release_0
0.028386 -0.0250000004 0.0349994598 0.000194462017 synchronous_release_0
0.023961 -0.0250000004 -0.02264289 -0.0266889403 synchronous_release_0
0.027007 -0.0250000004 -0.0344347453 0.00626484782 synchronous_release_0
0.030767 -0.0250000004 -0.000941536802 -0.000336910151 synchronous_release_0
0.03554 -0.0250000004 0.0336726976 0.00954722131 synchronous_release_0
0.041035 -0.0250000004 0.0207909784 0.0281555539 synchronous_release_0
0.024074 -0.0250000004 0.021802891 0.0273794438 synchronous_release_0
0.027642 -0.0250000004 0.0345451946 -0.00562401376 synchronous_release_0
0.023595 -0.0250000004 0.0230601527 -0.0263292491 synchronous_release_0
0.003356 -0.0250000004 0.0309695637 0.0163060149 synchronous_release_0
0.024167 -0.0250000004 0.0307057572 0.016797514 synchronous_release_1
0.003616 -0.0250000004 0.0239090371 -0.0255608675 synchronous_release_0
0.033902 -0.0250000004 0.0117612157 -0.0329647358 synchronous_release_0
0.02335 -0.0250000004 0.0336737268 0.00954359087 synchronous_release_0
0.022921 -0.0250000004 0.00367932075 0.0348060713 synchronous_release_0
0.032865 -0.0250000004 0.0272399449 0.0219769289 synchronous_release_0
0.026895 -0.0250000004 0.0210252846 0.0279810187 synchronous_release_0
0.026052 -0.0250000004 0.00204088939 0.0349404461 synchronous_release_0
0.023864 -0.0250000004 0.0142922557 -0.0319488877 synchronous_release_0
0.030887 -0.0250000004 0.0341445702 -0.00769079497 synchronous_release_0
0.025616 -0.0250000004 0.0304226369 0.0173050039 synchronous_release_0
0.024382 -0.0250000004 0.0321949442 -0.0137290047 synchronous_release_0
0.025714 -0.0250000004 0.034770525 0.00400132337 synchronous_release_0
0.023929 -0.0250000004 0.0299329908 0.0181387999 synchronous_release_0
0.023093 -0.0250000004 0.0349573049 0.00172824497 synchronous_release_0
0.0303 -0.0250000004 -0.0349320619 0.00217969123 synchronous_release_0
0.006263 -0.0250000004 0.0343142777 -0.00689422545 synchronous_release_0
0.024011 -0.0250000004 -0.000971014083 -0.000239022281 synchronous_release_0
0.026723 -0.0250000004 0.0336151901 -0.00974776859 synchronous_release_0
0.025103 -0.0250000004 0.0222039198 -0.0270552388 synchronous_release_0
0.036441 -0.0250000004 0.0286769737 -0.0200656717 synchronous_release_1
0.027434 -0.0250000004 0.0291508352 -0.0193708236 synchronous_release_1
0.023443 -0.0250000004 0.0219923571 -0.0272274903 synchronous_release_0
0.024247 -0.0250000004 0.0348695629 0.00301887073 synchronous_release_0
0.024056 -0.0250000004 -0.00740812334 -0.0342070126 synchronous_release_0
0.003678 -0.0250000004 0.0182946616 -0.0298379851 synchronous_release_0
0.034904 -0.0250000004 0.0268532887 -0.0224477368 synchronous_release_0
0.028155 -0.0250000004 0.0326730877 0.0125486788 synchronous_release_0
0.023638 -0.0250000004 0.00348285334 -0.0348262793 synchronous_release_0
0.027367 -0.0250000004 -0.02263532 -0.0266953608 synchronous_release_1
0.032359 -0.0250000004 -0.0133971572 0.0323344426 synchronous_release_0
0.03801 -0.0250000004 0.000190149845 -0.00098175508 synchronous_release_0
0.025141 -0.0250000004 0.034997148 0.000446800559 synchronous_release_0
0.023444 -0.0250000004 0.0340972083 0.00789812531 synchronous_release_2
0.025199 -0.0250000004 0.0348528622 -0.00320593154 synchronous_release_0
0.025075 -0.0250000004 0.0344993721 0.00589858688 synchronous_release_0
0.030441 -0.0250000004 -0.00169018478 0.0349591658 synchronous_release_0
0.048256 -0.0250000004 -0.000995649081 -9.31821208e-05 synchronous_release_1
0.004164 -0.0250000004 0.0326076252 0.0127178135 synchronous_release_0
0.028104 -0.0250000004 0.0303490324 -0.017433767 synchronous_release_0
0.029295 -0.0250000004 -7.64310498e-05 0.0349999165 synchronous_release_0
0.039281 -0.0250000004 0.0328373681 -0.012112277 synchronous_release_0
0.025632 -0.0250000004 -0.0264863315 0.0228795595 synchronous_release_1
0.02808 -0.0250000004 0.0121811323 -0.0328118883 synchronous_release_0
0.023538 -0.0250000004 0.0154091563 0.031425434 synchronous_release_0
0.024352 -0.0250000004 0.0349721093 0.00139698525 synchronous_release_0
0.02384 -0.0250000004 0.020972156 -0.0280208614 synchronous_release_0
0.025362 -0.0250000004 -0.0335250987 0.0100532461 synchronous_release_0
0.026944 -0.0250000004 0.0340972133 0.00789810392 synchronous_release_0
0.023284 -0.0250000004 0.0244871187 0.0250076192 synchronous_release_0
0.038445 -0.0250000004 -0.0127337571 0.0326014023 synchronous_release_0
0.025782 -0.0250000004 0.0349466606 -0.00193155737 synchronous_release_0
0.027177 -0.0250000004 0.0278072119 0.0212546223 synchronous_release_1
0.025201 -0.0250000004 0.033017563 -0.0116120856 synchronous_release_0
0.028003 -0.0250000004 0.0321525359 0.0138280308 synchronous_release_1
0.036586 -0.0250000004 0.019806135 -0.0288568365 synchronous_release_0
0.010298 -0.0250000004 0.00515790324 -0.0346178572 synchronous_release_0
0.039553 -0.0250000004 0.0119252551 -0.0329057486 synchronous_release_0
0.025696 -0.0250000004 0.026764462 -0.0225535712 synchronous_release_0
0.027079 -0.0250000004 0.0300050649 0.0180193253 synchronous_release_0
0.007115 -0.0250000004 0.0124308248 0.032718108 synchronous_release_0
0.017287 -0.0250000004 0.000915644973 -0.000401987913 synchronous_release_0
0.029555 -0.0250000004 0.0311095832 -0.0160372639 synchronous_release_0
0.004051 -0.0250000004 0.0345688022 -0.00547703491 synchronous_release_1
0.035133 -0.0250000004 0.0294172943 0.0189637231 synchronous_release_0
0.024562 -0.0250000004 0.021682346 -0.0274750045 synchronous_release_1
0.023378 -0.0250000004 0.014891511 -0.0316740099 synchronous_release_0
0.026109 -0.0250000004 -0.0184979998 -0.0297123544 synchronous_release_0
0.030501 -0.0250000004 0.022786126 -0.0265667548 synchronous_release_0
0.024622 -0.0250000004 0.0697675761 0.00569958979 synchronous_release_0
0.025677 -0.0250000004 0.0248874422 -0.0246092507 synchronous_release_1
0.028318 -0.0250000004 -0.0224075111 0.0268868638 synchronous_release_0
0.030921 -0.0250000004 0.0213971244 0.0276977087 synchronous_release_0
0.023366 -0.0250000004 0.011383195 -0.0330971732 synchronous_release_0
0.028842 -0.0250000004 0.0241354994 0.0253471432 synchronous_release_0
0.032716 -0.0250000004 -0.0141859966 0.0319962107 synchronous_release_0
0.005628 -0.0250000004 0.00884795734 0.0338631607 synchronous_release_0
0.023947 -0.0250000004 0.00098091876 0.000194418071 synchronous_release_0
0.042375 -0.0250000004 0.000989356885 -0.000145509295 synchronous_release_0
0.007068 -0.0250000004 0.0265488903 0.0228069381 synchronous_release_0
0.003499 -0.0250000004 0.0349424986 0.00200544115 synchronous_release_0
0.025047 -0.0250000004 6.26807292e-05 -0.00099803363 synchronous_release_1
0.036357 -0.0250000004 0.00495040825 0.0346481379 synchronous_release_0
0.006735 -0.0250000004 0.0167687382 -0.0307214814 synchronous_release_1
0.044758 -0.0250000004 0.00994479577 0.0335574289 synchronous_release_0
0.025423 -0.0250000004 0.0340339838 0.00816626869 synchronous_release_1
0.024512 -0.0250000004 0.0245341549 -0.0249614752 synchronous_release_0
0.025607 -0.0250000004 0.0185607348 0.0296732055 synchronous_release_0
0.023057 -0.0250000004 0.034826915 0.00347649101 synchronous_release_0
0.023595 -0.0250000004 -0.0248660273 -0.0246308889 synchronous_release_0
0.02849 -0.0250000004 0.0192748044 -0.0292144128 synchronous_release_0
0.024099 -0.0250000004 0.0175138301 -0.0303029001 synchronous_release_0
0.029247 -0.0250000004 0.0349289535 -0.00222894778 synchronous_release_0
0.023474 -0.0250000004 0.0349060392 -0.00256289488 synchronous_release_0
0.025877 -0.0250000004 0.0246913614 -0.0248059806 synchronous_release_1
0.040629 -0.0250000004 -0.000173043937 -0.0349995722 synchronous_release_0
0.023171 -0.0250000004 0.0264022007 0.0229765924 synchronous_release_0
0.023454 -0.0250000004 0.0348965936 0.002688449 synchronous_release_0
0.02361 -0.0250000004 0.0347339181 0.0043075436 synchronous_release_0
0.02619 -0.0250000004 -0.0299209094 0.0181587219 synchronous_release_0
0.013572 -0.0250000004 -0.0193642437 0.0291552065 synchronous_release_0
0.031423 -0.0250000004 0.0217031304 -0.0274585894 synchronous_release_0
0.028359 -0.0250000004 -0.000946439583 -0.000322880963 synchronous_release_0
0.026474 -0.0250000004 0.0349470908 0.00192375855 synchronous_release_1
0.031536 -0.0250000004 0.0342642774 0.00713857792 synchronous_release_0
0.006663 -0.0250000004 0.0325914093 0.0127593118 synchronous_release_0
0.025379 -0.0250000004 0.00524581652 0.0346046443 synchronous_release_0
0.00838 -0.0250000004 0.0141599216 0.0320077587 synchronous_release_0
0.004711 -0.0250000004 0.0335392667 0.0100058779 synchronous_release_0
0.024488 -0.0250000004 -0.00789260843 0.0340984858 synchronous_release_0
0.043125 -0.0250000004 0.0255838507 0.0238844423 synchronous_release_0
0.047572 -0.0250000004 0.0309880991 0.0162707625 synchronous_release_0
0.025835 -0.0250000004 0.0202264268 0.0285638173 synchronous_release_0
0.029351 -0.0250000004 -0.0112287017 0.0331499059 synchronous_release_0
0.025914 -0.0250000004 -0.026258927 -0.0231401978 synchronous_release_0
0.02373 -0.0250000004 -0.000999810034 1.94909306e-05 synchronous_release_0
0.029701 -0.0250000004 0.0338740782 0.0088060674 synchronous_release_0
0.024284 -0.0250000004 0.0306933824 -0.0168201152 synchronous_release_0
0.033089 -0.0250000004 0.00523349129 0.0346065105 synchronous_release_0
0.041636 -0.0250000004 -0.0273533716 0.0218355917 synchronous_release_0
0.0242 -0.0250000004 -0.0323264325 0.0134164735 synchronous_release_0
0.02541 -0.0250000004 0.0298782525 0.018228824 synchronous_release_1
0.023413 -0.0250000004 0.000877500951 -0.000479574897 synchronous_release_0
0.013687 -0.0250000004 0.000992245581 -0.000124292824 synchronous_release_0
0.038659 -0.0250000004 0.0236690635 -0.0257832394 synchronous_release_0
0.028624 -0.0250000004 0.0585680643 0.0156455056 synchronous_release_0
0.023735 -0.0250000004 -0.013629568 0.0322371661 synchronous_release_0
0.024332 -0.0250000004 0.0166102169 0.0308074779 synchronous_release_1
0.024157 -0.0250000004 0.0340618084 -0.00804942282 synchronous_release_1
0.024698 -0.0250000004 0.0206393094 -0.0282669225 synchronous_release_0
0.023926 -0.0250000004 -0.00134550647 0.0349741278 synchronous_release_1
0.02784 -0.0250000004 0.00252298119 -0.0349089468 synchronous_release_0
0.034457 -0.0250000004 -0.0112795248 -0.0331326474 synchronous_release_1
0.025453 -0.0250000004 0.0194015036 0.029130425 synchronous_release_0
0.041319 -0.0250000004 0.0244429117 0.0250508296 synchronous_release_1
0.031404 -0.0250000004 -0.0207646225 0.0281749969 synchronous_release_0
0.03398 -0.0250000004 0.0338115824 -0.00904305804 synchronous_release_1
