#Seconds VDCC_Ca_flux
0 0
1e-05 0
2e-05 0
3e-05 0
4e-05 0
5e-05 0
6e-05 0
7e-05 0
8e-05 0
9e-05 0
0.0001 0
0.00011 0
0.00012 0
0.00013 0
0.00014 0
0.00015 0
0.00016 0
0.00017 0
0.00018 0
0.00019 0
0.0002 0
0.00021 0
0.00022 0
0.00023 0
0.00024 0
0.00025 0
0.00026 0
0.00027 0
0.00028 0
0.00029 0
0.0003 0
0.00031 0
0.00032 0
0.00033 0
0.00034 0
0.00035 0
0.00036 0
0.00037 0
0.00038 0
0.00039 0
0.0004 0
0.00041 0
0.00042 0
0.00043 0
0.00044 0
0.00045 0
0.00046 0
0.00047 0
0.00048 0
0.00049 0
0.0005 0
0.00051 0
0.00052 0
0.00053 0
0.00054 0
0.00055 0
0.00056 0
0.00057 0
0.00058 0
0.00059 0
0.0006 0
0.00061 0
0.00062 0
0.00063 0
0.00064 0
0.00065 0
0.00066 0
0.00067 0
0.00068 0
0.00069 0
0.0007 0
0.00071 0
0.00072 0
0.00073 0
0.00074 0
0.00075 0
0.00076 0
0.00077 0
0.00078 0
0.00079 0
0.0008 0
0.00081 0
0.00082 0
0.00083 0
0.00084 0
0.00085 0
0.00086 0
0.00087 0
0.00088 0
0.00089 0
0.0009 0
0.00091 0
0.00092 0
0.00093 0
0.00094 0
0.00095 0
0.00096 0
0.00097 0
0.00098 0
0.00099 0
0.001 0
0.00101 0
0.00102 0
0.00103 0
0.00104 0
0.00105 0
0.00106 0
0.00107 0
0.00108 0
0.00109 0
0.0011 0
0.00111 0
0.00112 0
0.00113 0
0.00114 0
0.00115 0
0.00116 0
0.00117 0
0.00118 0
0.00119 0
0.0012 0
0.00121 0
0.00122 0
0.00123 0
0.00124 0
0.00125 0
0.00126 0
0.00127 0
0.00128 0
0.00129 0
0.0013 0
0.00131 0
0.00132 0
0.00133 0
0.00134 0
0.00135 0
0.00136 0
0.00137 0
0.00138 0
0.00139 0
0.0014 0
0.00141 0
0.00142 0
0.00143 0
0.00144 0
0.00145 0
0.00146 0
0.00147 0
0.00148 0
0.00149 0
0.0015 0
0.00151 0
0.00152 0
0.00153 0
0.00154 0
0.00155 0
0.00156 0
0.00157 0
0.00158 0
0.00159 0
0.0016 0
0.00161 0
0.00162 0
0.00163 0
0.00164 0
0.00165 0
0.00166 0
0.00167 0
0.00168 0
0.00169 0
0.0017 0
0.00171 0
0.00172 0
0.00173 0
0.00174 0
0.00175 0
0.00176 0
0.00177 0
0.00178 0
0.00179 0
0.0018 0
0.00181 0
0.00182 0
0.00183 0
0.00184 0
0.00185 0
0.00186 0
0.00187 0
0.00188 0
0.00189 0
0.0019 0
0.00191 0
0.00192 0
0.00193 0
0.00194 0
0.00195 0
0.00196 0
0.00197 0
0.00198 3
0.00199 4
0.002 7
0.00201 10
0.00202 13
0.00203 15
0.00204 17
0.00205 18
0.00206 22
0.00207 28
0.00208 34
0.00209 41
0.0021 43
0.00211 47
0.00212 53
0.00213 54
0.00214 57
0.00215 59
0.00216 65
0.00217 69
0.00218 71
0.00219 73
0.0022 81
0.00221 88
0.00222 100
0.00223 113
0.00224 122
0.00225 128
0.00226 136
0.00227 144
0.00228 152
0.00229 161
0.0023 164
0.00231 173
0.00232 183
0.00233 192
0.00234 200
0.00235 209
0.00236 215
0.00237 225
0.00238 239
0.00239 256
0.0024 268
0.00241 275
0.00242 291
0.00243 306
0.00244 328
0.00245 340
0.00246 360
0.00247 384
0.00248 415
0.00249 433
0.0025 463
0.00251 484
0.00252 505
0.00253 543
0.00254 575
0.00255 604
0.00256 632
0.00257 659
0.00258 700
0.00259 730
0.0026 766
0.00261 801
0.00262 847
0.00263 896
0.00264 936
0.00265 985
0.00266 1029
0.00267 1075
0.00268 1121
0.00269 1175
0.0027 1223
0.00271 1267
0.00272 1330
0.00273 1395
0.00274 1448
0.00275 1520
0.00276 1594
0.00277 1651
0.00278 1725
0.00279 1808
0.0028 1868
0.00281 1924
0.00282 1997
0.00283 2092
0.00284 2171
0.00285 2249
0.00286 2335
0.00287 2398
0.00288 2481
0.00289 2559
0.0029 2637
0.00291 2714
0.00292 2801
0.00293 2913
0.00294 3016
0.00295 3104
0.00296 3188
0.00297 3266
0.00298 3379
0.00299 3472
0.003 3564
0.00301 3657
0.00302 3750
0.00303 3842
0.00304 3917
0.00305 4006
0.00306 4107
0.00307 4191
0.00308 4282
0.00309 4368
0.0031 4437
0.00311 4528
0.00312 4605
0.00313 4685
0.00314 4785
0.00315 4863
0.00316 4944
0.00317 5017
0.00318 5095
0.00319 5161
0.0032 5226
0.00321 5289
0.00322 5365
0.00323 5448
0.00324 5528
0.00325 5594
0.00326 5668
0.00327 5730
0.00328 5798
0.00329 5857
0.0033 5922
0.00331 5974
0.00332 6027
0.00333 6075
0.00334 6117
0.00335 6161
0.00336 6197
0.00337 6244
0.00338 6291
0.00339 6331
0.0034 6363
0.00341 6393
0.00342 6418
0.00343 6437
0.00344 6457
0.00345 6476
0.00346 6485
0.00347 6505
0.00348 6515
0.00349 6526
0.0035 6534
0.00351 6545
0.00352 6549
0.00353 6549
0.00354 6549
0.00355 6549
0.00356 6549
0.00357 6549
0.00358 6549
0.00359 6549
0.0036 6549
0.00361 6549
0.00362 6549
0.00363 6549
0.00364 6549
0.00365 6549
0.00366 6549
0.00367 6549
0.00368 6549
0.00369 6549
0.0037 6549
0.00371 6549
0.00372 6549
0.00373 6549
0.00374 6549
0.00375 6549
0.00376 6549
0.00377 6549
0.00378 6549
0.00379 6549
0.0038 6549
0.00381 6549
0.00382 6549
0.00383 6549
0.00384 6549
0.00385 6549
0.00386 6549
0.00387 6549
0.00388 6549
0.00389 6549
0.0039 6549
0.00391 6549
0.00392 6549
0.00393 6549
0.00394 6549
0.00395 6549
0.00396 6549
0.00397 6549
0.00398 6549
0.00399 6549
0.004 6549
0.00401 6549
0.00402 6549
0.00403 6549
0.00404 6549
0.00405 6549
0.00406 6549
0.00407 6549
0.00408 6549
0.00409 6549
0.0041 6549
0.00411 6549
0.00412 6549
0.00413 6549
0.00414 6549
0.00415 6549
0.00416 6549
0.00417 6549
0.00418 6549
0.00419 6549
0.0042 6549
0.00421 6549
0.00422 6549
0.00423 6549
0.00424 6549
0.00425 6549
0.00426 6549
0.00427 6549
0.00428 6549
0.00429 6549
0.0043 6549
0.00431 6549
0.00432 6549
0.00433 6549
0.00434 6549
0.00435 6549
0.00436 6549
0.00437 6549
0.00438 6549
0.00439 6549
0.0044 6549
0.00441 6549
0.00442 6549
0.00443 6549
0.00444 6549
0.00445 6549
0.00446 6549
0.00447 6549
0.00448 6549
0.00449 6549
0.0045 6549
0.00451 6549
0.00452 6549
0.00453 6549
0.00454 6549
0.00455 6549
0.00456 6549
0.00457 6549
0.00458 6549
0.00459 6549
0.0046 6549
0.00461 6549
0.00462 6549
0.00463 6549
0.00464 6549
0.00465 6549
0.00466 6549
0.00467 6549
0.00468 6549
0.00469 6549
0.0047 6549
0.00471 6549
0.00472 6549
0.00473 6549
0.00474 6549
0.00475 6549
0.00476 6549
0.00477 6549
0.00478 6549
0.00479 6549
0.0048 6549
0.00481 6549
0.00482 6549
0.00483 6549
0.00484 6549
0.00485 6549
0.00486 6549
0.00487 6549
0.00488 6549
0.00489 6549
0.0049 6549
0.00491 6549
0.00492 6549
0.00493 6549
0.00494 6549
0.00495 6549
0.00496 6549
0.00497 6549
0.00498 6549
0.00499 6549
0.005 6549
0.00501 6549
0.00502 6549
0.00503 6549
0.00504 6549
0.00505 6549
0.00506 6549
0.00507 6549
0.00508 6549
0.00509 6549
0.0051 6549
0.00511 6549
0.00512 6549
0.00513 6549
0.00514 6549
0.00515 6549
0.00516 6549
0.00517 6549
0.00518 6549
0.00519 6549
0.0052 6549
0.00521 6549
0.00522 6549
0.00523 6549
0.00524 6549
0.00525 6549
0.00526 6549
0.00527 6549
0.00528 6549
0.00529 6549
0.0053 6549
0.00531 6549
0.00532 6549
0.00533 6549
0.00534 6549
0.00535 6549
0.00536 6549
0.00537 6549
0.00538 6549
0.00539 6549
0.0054 6549
0.00541 6549
0.00542 6549
0.00543 6549
0.00544 6549
0.00545 6549
0.00546 6549
0.00547 6549
0.00548 6549
0.00549 6549
0.0055 6549
0.00551 6549
0.00552 6549
0.00553 6549
0.00554 6549
0.00555 6549
0.00556 6549
0.00557 6549
0.00558 6549
0.00559 6549
0.0056 6549
0.00561 6549
0.00562 6549
0.00563 6549
0.00564 6549
0.00565 6549
0.00566 6549
0.00567 6549
0.00568 6549
0.00569 6549
0.0057 6549
0.00571 6549
0.00572 6549
0.00573 6549
0.00574 6549
0.00575 6549
0.00576 6549
0.00577 6549
0.00578 6549
0.00579 6549
0.0058 6549
0.00581 6549
0.00582 6549
0.00583 6549
0.00584 6549
0.00585 6549
0.00586 6549
0.00587 6549
0.00588 6549
0.00589 6549
0.0059 6549
0.00591 6549
0.00592 6549
0.00593 6549
0.00594 6549
0.00595 6549
0.00596 6549
0.00597 6549
0.00598 6549
0.00599 6549
0.006 6549
0.00601 6549
0.00602 6549
0.00603 6549
0.00604 6549
0.00605 6549
0.00606 6549
0.00607 6549
0.00608 6549
0.00609 6549
0.0061 6549
0.00611 6549
0.00612 6549
0.00613 6549
0.00614 6549
0.00615 6549
0.00616 6549
0.00617 6549
0.00618 6549
0.00619 6549
0.0062 6549
0.00621 6549
0.00622 6549
0.00623 6549
0.00624 6549
0.00625 6549
0.00626 6549
0.00627 6549
0.00628 6549
0.00629 6549
0.0063 6549
0.00631 6549
0.00632 6549
0.00633 6549
0.00634 6549
0.00635 6549
0.00636 6549
0.00637 6549
0.00638 6549
0.00639 6549
0.0064 6549
0.00641 6549
0.00642 6549
0.00643 6549
0.00644 6549
0.00645 6549
0.00646 6549
0.00647 6549
0.00648 6549
0.00649 6549
0.0065 6549
0.00651 6549
0.00652 6549
0.00653 6549
0.00654 6549
0.00655 6549
0.00656 6549
0.00657 6549
0.00658 6549
0.00659 6549
0.0066 6549
0.00661 6549
0.00662 6549
0.00663 6549
0.00664 6549
0.00665 6549
0.00666 6549
0.00667 6549
0.00668 6549
0.00669 6549
0.0067 6549
0.00671 6549
0.00672 6549
0.00673 6549
0.00674 6549
0.00675 6549
0.00676 6549
0.00677 6549
0.00678 6549
0.00679 6549
0.0068 6549
0.00681 6549
0.00682 6549
0.00683 6549
0.00684 6549
0.00685 6549
0.00686 6549
0.00687 6549
0.00688 6549
0.00689 6549
0.0069 6549
0.00691 6549
0.00692 6549
0.00693 6549
0.00694 6549
0.00695 6549
0.00696 6549
0.00697 6549
0.00698 6549
0.00699 6549
0.007 6549
0.00701 6549
0.00702 6549
0.00703 6549
0.00704 6549
0.00705 6549
0.00706 6549
0.00707 6549
0.00708 6549
0.00709 6549
0.0071 6549
0.00711 6549
0.00712 6549
0.00713 6549
0.00714 6549
0.00715 6549
0.00716 6549
0.00717 6549
0.00718 6549
0.00719 6549
0.0072 6549
0.00721 6549
0.00722 6549
0.00723 6549
0.00724 6549
0.00725 6549
0.00726 6549
0.00727 6549
0.00728 6549
0.00729 6549
0.0073 6549
0.00731 6549
0.00732 6549
0.00733 6549
0.00734 6549
0.00735 6549
0.00736 6549
0.00737 6549
0.00738 6549
0.00739 6549
0.0074 6549
0.00741 6549
0.00742 6549
0.00743 6549
0.00744 6549
0.00745 6549
0.00746 6549
0.00747 6549
0.00748 6549
0.00749 6549
0.0075 6549
0.00751 6549
0.00752 6549
0.00753 6549
0.00754 6549
0.00755 6549
0.00756 6549
0.00757 6549
0.00758 6549
0.00759 6549
0.0076 6549
0.00761 6549
0.00762 6549
0.00763 6549
0.00764 6549
0.00765 6549
0.00766 6549
0.00767 6549
0.00768 6549
0.00769 6549
0.0077 6549
0.00771 6549
0.00772 6549
0.00773 6549
0.00774 6549
0.00775 6549
0.00776 6549
0.00777 6549
0.00778 6549
0.00779 6549
0.0078 6549
0.00781 6549
0.00782 6549
0.00783 6549
0.00784 6549
0.00785 6549
0.00786 6549
0.00787 6549
0.00788 6549
0.00789 6549
0.0079 6549
0.00791 6549
0.00792 6549
0.00793 6549
0.00794 6549
0.00795 6549
0.00796 6549
0.00797 6549
0.00798 6549
0.00799 6549
0.008 6549
0.00801 6549
0.00802 6549
0.00803 6549
0.00804 6549
0.00805 6549
0.00806 6549
0.00807 6549
0.00808 6549
0.00809 6549
0.0081 6549
0.00811 6549
0.00812 6549
0.00813 6549
0.00814 6549
0.00815 6549
0.00816 6549
0.00817 6549
0.00818 6549
0.00819 6549
0.0082 6549
0.00821 6549
0.00822 6549
0.00823 6549
0.00824 6549
0.00825 6549
0.00826 6549
0.00827 6549
0.00828 6549
0.00829 6549
0.0083 6549
0.00831 6549
0.00832 6549
0.00833 6549
0.00834 6549
0.00835 6549
0.00836 6549
0.00837 6549
0.00838 6549
0.00839 6549
0.0084 6549
0.00841 6549
0.00842 6549
0.00843 6549
0.00844 6549
0.00845 6549
0.00846 6549
0.00847 6549
0.00848 6549
0.00849 6549
0.0085 6549
0.00851 6549
0.00852 6549
0.00853 6549
0.00854 6549
0.00855 6549
0.00856 6549
0.00857 6549
0.00858 6549
0.00859 6549
0.0086 6549
0.00861 6549
0.00862 6549
0.00863 6549
0.00864 6549
0.00865 6549
0.00866 6549
0.00867 6549
0.00868 6549
0.00869 6549
0.0087 6549
0.00871 6549
0.00872 6549
0.00873 6549
0.00874 6549
0.00875 6549
0.00876 6549
0.00877 6549
0.00878 6549
0.00879 6549
0.0088 6549
0.00881 6549
0.00882 6549
0.00883 6549
0.00884 6549
0.00885 6549
0.00886 6549
0.00887 6549
0.00888 6549
0.00889 6549
0.0089 6549
0.00891 6549
0.00892 6549
0.00893 6549
0.00894 6549
0.00895 6549
0.00896 6549
0.00897 6549
0.00898 6549
0.00899 6549
0.009 6549
0.00901 6549
0.00902 6549
0.00903 6549
0.00904 6549
0.00905 6549
0.00906 6549
0.00907 6549
0.00908 6549
0.00909 6549
0.0091 6549
0.00911 6549
0.00912 6549
0.00913 6549
0.00914 6549
0.00915 6549
0.00916 6549
0.00917 6549
0.00918 6549
0.00919 6549
0.0092 6549
0.00921 6549
0.00922 6549
0.00923 6549
0.00924 6549
0.00925 6549
0.00926 6549
0.00927 6549
0.00928 6549
0.00929 6549
0.0093 6549
0.00931 6549
0.00932 6549
0.00933 6549
0.00934 6549
0.00935 6549
0.00936 6549
0.00937 6549
0.00938 6549
0.00939 6549
0.0094 6549
0.00941 6549
0.00942 6549
0.00943 6549
0.00944 6549
0.00945 6549
0.00946 6549
0.00947 6549
0.00948 6549
0.00949 6549
0.0095 6549
0.00951 6549
0.00952 6549
0.00953 6549
0.00954 6549
0.00955 6549
0.00956 6549
0.00957 6549
0.00958 6549
0.00959 6549
0.0096 6549
0.00961 6549
0.00962 6549
0.00963 6549
0.00964 6549
0.00965 6549
0.00966 6549
0.00967 6549
0.00968 6549
0.00969 6549
0.0097 6549
0.00971 6549
0.00972 6549
0.00973 6549
0.00974 6549
0.00975 6549
0.00976 6549
0.00977 6549
0.00978 6549
0.00979 6549
0.0098 6549
0.00981 6549
0.00982 6549
0.00983 6549
0.00984 6549
0.00985 6549
0.00986 6549
0.00987 6549
0.00988 6549
0.00989 6549
0.0099 6549
0.00991 6549
0.00992 6549
0.00993 6549
0.00994 6549
0.00995 6549
0.00996 6549
0.00997 6549
0.00998 6549
0.00999 6549
0.01 6549
0.01001 6549
0.01002 6549
0.01003 6549
0.01004 6549
0.01005 6549
0.01006 6549
0.01007 6549
0.01008 6549
0.01009 6549
0.0101 6549
0.01011 6549
0.01012 6549
0.01013 6549
0.01014 6549
0.01015 6549
0.01016 6549
0.01017 6549
0.01018 6549
0.01019 6549
0.0102 6549
0.01021 6549
0.01022 6549
0.01023 6549
0.01024 6549
0.01025 6549
0.01026 6549
0.01027 6549
0.01028 6549
0.01029 6549
0.0103 6549
0.01031 6549
0.01032 6549
0.01033 6549
0.01034 6549
0.01035 6549
0.01036 6549
0.01037 6549
0.01038 6549
0.01039 6549
0.0104 6549
0.01041 6549
0.01042 6549
0.01043 6549
0.01044 6549
0.01045 6549
0.01046 6549
0.01047 6549
0.01048 6549
0.01049 6549
0.0105 6549
0.01051 6549
0.01052 6549
0.01053 6549
0.01054 6549
0.01055 6549
0.01056 6549
0.01057 6549
0.01058 6549
0.01059 6549
0.0106 6549
0.01061 6549
0.01062 6549
0.01063 6549
0.01064 6549
0.01065 6549
0.01066 6549
0.01067 6549
0.01068 6549
0.01069 6549
0.0107 6549
0.01071 6549
0.01072 6549
0.01073 6549
0.01074 6549
0.01075 6549
0.01076 6549
0.01077 6549
0.01078 6549
0.01079 6549
0.0108 6549
0.01081 6549
0.01082 6549
0.01083 6549
0.01084 6549
0.01085 6549
0.01086 6549
0.01087 6549
0.01088 6549
0.01089 6549
0.0109 6549
0.01091 6549
0.01092 6549
0.01093 6549
0.01094 6549
0.01095 6549
0.01096 6549
0.01097 6549
0.01098 6549
0.01099 6549
0.011 6549
0.01101 6549
0.01102 6549
0.01103 6549
0.01104 6549
0.01105 6549
0.01106 6549
0.01107 6549
0.01108 6549
0.01109 6549
0.0111 6549
0.01111 6549
0.01112 6549
0.01113 6549
0.01114 6549
0.01115 6549
0.01116 6549
0.01117 6549
0.01118 6549
0.01119 6549
0.0112 6549
0.01121 6549
0.01122 6549
0.01123 6549
0.01124 6549
0.01125 6549
0.01126 6549
0.01127 6549
0.01128 6549
0.01129 6549
0.0113 6549
0.01131 6549
0.01132 6549
0.01133 6549
0.01134 6549
0.01135 6549
0.01136 6549
0.01137 6549
0.01138 6549
0.01139 6549
0.0114 6549
0.01141 6549
0.01142 6549
0.01143 6549
0.01144 6549
0.01145 6549
0.01146 6549
0.01147 6549
0.01148 6549
0.01149 6549
0.0115 6549
0.01151 6549
0.01152 6549
0.01153 6549
0.01154 6549
0.01155 6549
0.01156 6549
0.01157 6549
0.01158 6549
0.01159 6549
0.0116 6549
0.01161 6549
0.01162 6549
0.01163 6549
0.01164 6549
0.01165 6549
0.01166 6549
0.01167 6549
0.01168 6549
0.01169 6549
0.0117 6549
0.01171 6549
0.01172 6549
0.01173 6549
0.01174 6549
0.01175 6549
0.01176 6549
0.01177 6549
0.01178 6549
0.01179 6549
0.0118 6549
0.01181 6549
0.01182 6549
0.01183 6549
0.01184 6549
0.01185 6549
0.01186 6549
0.01187 6549
0.01188 6549
0.01189 6549
0.0119 6549
0.01191 6549
0.01192 6549
0.01193 6549
0.01194 6549
0.01195 6549
0.01196 6549
0.01197 6549
0.01198 6549
0.01199 6549
0.012 6549
0.01201 6549
0.01202 6549
0.01203 6549
0.01204 6549
0.01205 6549
0.01206 6549
0.01207 6549
0.01208 6549
0.01209 6549
0.0121 6549
0.01211 6549
0.01212 6549
0.01213 6549
0.01214 6549
0.01215 6549
0.01216 6549
0.01217 6549
0.01218 6549
0.01219 6549
0.0122 6549
0.01221 6549
0.01222 6549
0.01223 6549
0.01224 6549
0.01225 6549
0.01226 6549
0.01227 6549
0.01228 6549
0.01229 6549
0.0123 6549
0.01231 6549
0.01232 6549
0.01233 6549
0.01234 6549
0.01235 6549
0.01236 6549
0.01237 6549
0.01238 6549
0.01239 6549
0.0124 6549
0.01241 6549
0.01242 6549
0.01243 6549
0.01244 6549
0.01245 6549
0.01246 6549
0.01247 6549
0.01248 6549
0.01249 6549
0.0125 6549
0.01251 6549
0.01252 6549
0.01253 6549
0.01254 6549
0.01255 6549
0.01256 6549
0.01257 6549
0.01258 6549
0.01259 6549
0.0126 6549
0.01261 6549
0.01262 6549
0.01263 6549
0.01264 6549
0.01265 6549
0.01266 6549
0.01267 6549
0.01268 6549
0.01269 6549
0.0127 6549
0.01271 6549
0.01272 6549
0.01273 6549
0.01274 6549
0.01275 6549
0.01276 6549
0.01277 6549
0.01278 6549
0.01279 6549
0.0128 6549
0.01281 6549
0.01282 6549
0.01283 6549
0.01284 6549
0.01285 6549
0.01286 6549
0.01287 6549
0.01288 6549
0.01289 6549
0.0129 6549
0.01291 6549
0.01292 6549
0.01293 6549
0.01294 6549
0.01295 6549
0.01296 6549
0.01297 6549
0.01298 6549
0.01299 6549
0.013 6549
0.01301 6549
0.01302 6549
0.01303 6549
0.01304 6549
0.01305 6549
0.01306 6549
0.01307 6549
0.01308 6549
0.01309 6549
0.0131 6549
0.01311 6549
0.01312 6549
0.01313 6549
0.01314 6549
0.01315 6549
0.01316 6549
0.01317 6549
0.01318 6549
0.01319 6549
0.0132 6549
0.01321 6549
0.01322 6549
0.01323 6549
0.01324 6549
0.01325 6549
0.01326 6549
0.01327 6549
0.01328 6549
0.01329 6549
0.0133 6549
0.01331 6549
0.01332 6549
0.01333 6549
0.01334 6549
0.01335 6549
0.01336 6549
0.01337 6549
0.01338 6549
0.01339 6549
0.0134 6549
0.01341 6549
0.01342 6549
0.01343 6549
0.01344 6549
0.01345 6549
0.01346 6549
0.01347 6549
0.01348 6549
0.01349 6549
0.0135 6549
0.01351 6549
0.01352 6549
0.01353 6549
0.01354 6549
0.01355 6549
0.01356 6549
0.01357 6549
0.01358 6549
0.01359 6549
0.0136 6549
0.01361 6549
0.01362 6549
0.01363 6549
0.01364 6549
0.01365 6549
0.01366 6549
0.01367 6549
0.01368 6549
0.01369 6549
0.0137 6549
0.01371 6549
0.01372 6549
0.01373 6549
0.01374 6549
0.01375 6549
0.01376 6549
0.01377 6549
0.01378 6549
0.01379 6549
0.0138 6549
0.01381 6549
0.01382 6549
0.01383 6549
0.01384 6549
0.01385 6549
0.01386 6549
0.01387 6549
0.01388 6549
0.01389 6549
0.0139 6549
0.01391 6549
0.01392 6549
0.01393 6549
0.01394 6549
0.01395 6549
0.01396 6549
0.01397 6549
0.01398 6549
0.01399 6549
0.014 6549
0.01401 6549
0.01402 6549
0.01403 6549
0.01404 6549
0.01405 6549
0.01406 6549
0.01407 6549
0.01408 6549
0.01409 6549
0.0141 6549
0.01411 6549
0.01412 6549
0.01413 6549
0.01414 6549
0.01415 6549
0.01416 6549
0.01417 6549
0.01418 6549
0.01419 6549
0.0142 6549
0.01421 6549
0.01422 6549
0.01423 6549
0.01424 6549
0.01425 6549
0.01426 6549
0.01427 6549
0.01428 6549
0.01429 6549
0.0143 6549
0.01431 6549
0.01432 6549
0.01433 6549
0.01434 6549
0.01435 6549
0.01436 6549
0.01437 6549
0.01438 6549
0.01439 6549
0.0144 6549
0.01441 6549
0.01442 6549
0.01443 6549
0.01444 6549
0.01445 6549
0.01446 6549
0.01447 6549
0.01448 6549
0.01449 6549
0.0145 6549
0.01451 6549
0.01452 6549
0.01453 6549
0.01454 6549
0.01455 6549
0.01456 6549
0.01457 6549
0.01458 6549
0.01459 6549
0.0146 6549
0.01461 6549
0.01462 6549
0.01463 6549
0.01464 6549
0.01465 6549
0.01466 6549
0.01467 6549
0.01468 6549
0.01469 6549
0.0147 6549
0.01471 6549
0.01472 6549
0.01473 6549
0.01474 6549
0.01475 6549
0.01476 6549
0.01477 6549
0.01478 6549
0.01479 6549
0.0148 6549
0.01481 6549
0.01482 6549
0.01483 6549
0.01484 6549
0.01485 6549
0.01486 6549
0.01487 6549
0.01488 6549
0.01489 6549
0.0149 6549
0.01491 6549
0.01492 6549
0.01493 6549
0.01494 6549
0.01495 6549
0.01496 6549
0.01497 6549
0.01498 6549
0.01499 6549
0.015 6549
0.01501 6549
0.01502 6549
0.01503 6549
0.01504 6549
0.01505 6549
0.01506 6549
0.01507 6549
0.01508 6549
0.01509 6549
0.0151 6549
0.01511 6549
0.01512 6549
0.01513 6549
0.01514 6549
0.01515 6549
0.01516 6549
0.01517 6549
0.01518 6549
0.01519 6549
0.0152 6549
0.01521 6549
0.01522 6549
0.01523 6549
0.01524 6549
0.01525 6549
0.01526 6549
0.01527 6549
0.01528 6549
0.01529 6549
0.0153 6549
0.01531 6549
0.01532 6549
0.01533 6549
0.01534 6549
0.01535 6549
0.01536 6549
0.01537 6549
0.01538 6549
0.01539 6549
0.0154 6549
0.01541 6549
0.01542 6549
0.01543 6549
0.01544 6549
0.01545 6549
0.01546 6549
0.01547 6549
0.01548 6549
0.01549 6549
0.0155 6549
0.01551 6549
0.01552 6549
0.01553 6549
0.01554 6549
0.01555 6549
0.01556 6549
0.01557 6549
0.01558 6549
0.01559 6549
0.0156 6549
0.01561 6549
0.01562 6549
0.01563 6549
0.01564 6549
0.01565 6549
0.01566 6549
0.01567 6549
0.01568 6549
0.01569 6549
0.0157 6549
0.01571 6549
0.01572 6549
0.01573 6549
0.01574 6549
0.01575 6549
0.01576 6549
0.01577 6549
0.01578 6549
0.01579 6549
0.0158 6549
0.01581 6549
0.01582 6549
0.01583 6549
0.01584 6549
0.01585 6549
0.01586 6549
0.01587 6549
0.01588 6549
0.01589 6549
0.0159 6549
0.01591 6549
0.01592 6549
0.01593 6549
0.01594 6549
0.01595 6549
0.01596 6549
0.01597 6549
0.01598 6549
0.01599 6549
0.016 6549
0.01601 6549
0.01602 6549
0.01603 6549
0.01604 6549
0.01605 6549
0.01606 6549
0.01607 6549
0.01608 6549
0.01609 6549
0.0161 6549
0.01611 6549
0.01612 6549
0.01613 6549
0.01614 6549
0.01615 6549
0.01616 6549
0.01617 6549
0.01618 6549
0.01619 6549
0.0162 6549
0.01621 6549
0.01622 6549
0.01623 6549
0.01624 6549
0.01625 6549
0.01626 6549
0.01627 6549
0.01628 6549
0.01629 6549
0.0163 6549
0.01631 6549
0.01632 6549
0.01633 6549
0.01634 6549
0.01635 6549
0.01636 6549
0.01637 6549
0.01638 6549
0.01639 6549
0.0164 6549
0.01641 6549
0.01642 6549
0.01643 6549
0.01644 6549
0.01645 6549
0.01646 6549
0.01647 6549
0.01648 6549
0.01649 6549
0.0165 6549
0.01651 6549
0.01652 6549
0.01653 6549
0.01654 6549
0.01655 6549
0.01656 6549
0.01657 6549
0.01658 6549
0.01659 6549
0.0166 6549
0.01661 6549
0.01662 6549
0.01663 6549
0.01664 6549
0.01665 6549
0.01666 6549
0.01667 6549
0.01668 6549
0.01669 6549
0.0167 6549
0.01671 6549
0.01672 6549
0.01673 6549
0.01674 6549
0.01675 6549
0.01676 6549
0.01677 6549
0.01678 6549
0.01679 6549
0.0168 6549
0.01681 6549
0.01682 6549
0.01683 6549
0.01684 6549
0.01685 6549
0.01686 6549
0.01687 6549
0.01688 6549
0.01689 6549
0.0169 6549
0.01691 6549
0.01692 6549
0.01693 6549
0.01694 6549
0.01695 6549
0.01696 6549
0.01697 6549
0.01698 6549
0.01699 6549
0.017 6549
0.01701 6549
0.01702 6549
0.01703 6549
0.01704 6549
0.01705 6549
0.01706 6549
0.01707 6549
0.01708 6549
0.01709 6549
0.0171 6549
0.01711 6549
0.01712 6549
0.01713 6549
0.01714 6549
0.01715 6549
0.01716 6549
0.01717 6549
0.01718 6549
0.01719 6549
0.0172 6549
0.01721 6549
0.01722 6549
0.01723 6549
0.01724 6549
0.01725 6549
0.01726 6549
0.01727 6549
0.01728 6549
0.01729 6549
0.0173 6549
0.01731 6549
0.01732 6549
0.01733 6549
0.01734 6549
0.01735 6549
0.01736 6549
0.01737 6549
0.01738 6549
0.01739 6549
0.0174 6549
0.01741 6549
0.01742 6549
0.01743 6549
0.01744 6549
0.01745 6549
0.01746 6549
0.01747 6549
0.01748 6549
0.01749 6549
0.0175 6549
0.01751 6549
0.01752 6549
0.01753 6549
0.01754 6549
0.01755 6549
0.01756 6549
0.01757 6549
0.01758 6549
0.01759 6549
0.0176 6549
0.01761 6549
0.01762 6549
0.01763 6549
0.01764 6549
0.01765 6549
0.01766 6549
0.01767 6549
0.01768 6549
0.01769 6549
0.0177 6549
0.01771 6549
0.01772 6549
0.01773 6549
0.01774 6549
0.01775 6549
0.01776 6549
0.01777 6549
0.01778 6549
0.01779 6549
0.0178 6549
0.01781 6549
0.01782 6549
0.01783 6549
0.01784 6549
0.01785 6549
0.01786 6549
0.01787 6549
0.01788 6549
0.01789 6549
0.0179 6549
0.01791 6549
0.01792 6549
0.01793 6549
0.01794 6549
0.01795 6549
0.01796 6549
0.01797 6549
0.01798 6549
0.01799 6549
0.018 6549
0.01801 6549
0.01802 6549
0.01803 6549
0.01804 6549
0.01805 6549
0.01806 6549
0.01807 6549
0.01808 6549
0.01809 6549
0.0181 6549
0.01811 6549
0.01812 6549
0.01813 6549
0.01814 6549
0.01815 6549
0.01816 6549
0.01817 6549
0.01818 6549
0.01819 6549
0.0182 6549
0.01821 6549
0.01822 6549
0.01823 6549
0.01824 6549
0.01825 6549
0.01826 6549
0.01827 6549
0.01828 6549
0.01829 6549
0.0183 6549
0.01831 6549
0.01832 6549
0.01833 6549
0.01834 6549
0.01835 6549
0.01836 6549
0.01837 6549
0.01838 6549
0.01839 6549
0.0184 6549
0.01841 6549
0.01842 6549
0.01843 6549
0.01844 6549
0.01845 6549
0.01846 6549
0.01847 6549
0.01848 6549
0.01849 6549
0.0185 6549
0.01851 6549
0.01852 6549
0.01853 6549
0.01854 6549
0.01855 6549
0.01856 6549
0.01857 6549
0.01858 6549
0.01859 6549
0.0186 6549
0.01861 6549
0.01862 6549
0.01863 6549
0.01864 6549
0.01865 6549
0.01866 6549
0.01867 6549
0.01868 6549
0.01869 6549
0.0187 6549
0.01871 6549
0.01872 6549
0.01873 6549
0.01874 6549
0.01875 6549
0.01876 6549
0.01877 6549
0.01878 6549
0.01879 6549
0.0188 6549
0.01881 6549
0.01882 6549
0.01883 6549
0.01884 6549
0.01885 6549
0.01886 6549
0.01887 6549
0.01888 6549
0.01889 6549
0.0189 6549
0.01891 6549
0.01892 6549
0.01893 6549
0.01894 6549
0.01895 6549
0.01896 6549
0.01897 6549
0.01898 6549
0.01899 6549
0.019 6549
0.01901 6549
0.01902 6549
0.01903 6549
0.01904 6549
0.01905 6549
0.01906 6549
0.01907 6549
0.01908 6549
0.01909 6549
0.0191 6549
0.01911 6549
0.01912 6549
0.01913 6549
0.01914 6549
0.01915 6549
0.01916 6549
0.01917 6549
0.01918 6549
0.01919 6549
0.0192 6549
0.01921 6549
0.01922 6549
0.01923 6549
0.01924 6549
0.01925 6549
0.01926 6549
0.01927 6549
0.01928 6549
0.01929 6549
0.0193 6549
0.01931 6549
0.01932 6549
0.01933 6549
0.01934 6549
0.01935 6549
0.01936 6549
0.01937 6549
0.01938 6549
0.01939 6549
0.0194 6549
0.01941 6549
0.01942 6549
0.01943 6549
0.01944 6549
0.01945 6549
0.01946 6549
0.01947 6549
0.01948 6549
0.01949 6549
0.0195 6549
0.01951 6549
0.01952 6549
0.01953 6549
0.01954 6549
0.01955 6549
0.01956 6549
0.01957 6549
0.01958 6549
0.01959 6549
0.0196 6549
0.01961 6549
0.01962 6549
0.01963 6549
0.01964 6549
0.01965 6549
0.01966 6549
0.01967 6549
0.01968 6549
0.01969 6549
0.0197 6549
0.01971 6549
0.01972 6549
0.01973 6549
0.01974 6549
0.01975 6549
0.01976 6549
0.01977 6549
0.01978 6549
0.01979 6549
0.0198 6549
0.01981 6549
0.01982 6549
0.01983 6549
0.01984 6549
0.01985 6549
0.01986 6549
0.01987 6549
0.01988 6549
0.01989 6549
0.0199 6549
0.01991 6549
0.01992 6549
0.01993 6549
0.01994 6549
0.01995 6549
0.01996 6549
0.01997 6549
0.01998 6549
0.01999 6549
0.02 6549
0.02001 6549
0.02002 6549
0.02003 6549
0.02004 6549
0.02005 6549
0.02006 6549
0.02007 6549
0.02008 6549
0.02009 6549
0.0201 6549
0.02011 6549
0.02012 6549
0.02013 6549
0.02014 6549
0.02015 6549
0.02016 6549
0.02017 6549
0.02018 6549
0.02019 6549
0.0202 6549
0.02021 6549
0.02022 6549
0.02023 6549
0.02024 6549
0.02025 6549
0.02026 6549
0.02027 6549
0.02028 6549
0.02029 6549
0.0203 6549
0.02031 6549
0.02032 6549
0.02033 6549
0.02034 6549
0.02035 6549
0.02036 6549
0.02037 6549
0.02038 6549
0.02039 6549
0.0204 6549
0.02041 6549
0.02042 6549
0.02043 6549
0.02044 6549
0.02045 6549
0.02046 6549
0.02047 6549
0.02048 6549
0.02049 6549
0.0205 6549
0.02051 6549
0.02052 6549
0.02053 6549
0.02054 6549
0.02055 6549
0.02056 6549
0.02057 6549
0.02058 6549
0.02059 6549
0.0206 6549
0.02061 6549
0.02062 6549
0.02063 6549
0.02064 6549
0.02065 6549
0.02066 6549
0.02067 6549
0.02068 6549
0.02069 6549
0.0207 6549
0.02071 6549
0.02072 6549
0.02073 6549
0.02074 6549
0.02075 6549
0.02076 6549
0.02077 6549
0.02078 6549
0.02079 6549
0.0208 6549
0.02081 6549
0.02082 6549
0.02083 6549
0.02084 6549
0.02085 6549
0.02086 6549
0.02087 6549
0.02088 6549
0.02089 6549
0.0209 6549
0.02091 6549
0.02092 6549
0.02093 6549
0.02094 6549
0.02095 6549
0.02096 6549
0.02097 6549
0.02098 6549
0.02099 6549
0.021 6549
0.02101 6549
0.02102 6549
0.02103 6549
0.02104 6549
0.02105 6549
0.02106 6549
0.02107 6549
0.02108 6549
0.02109 6549
0.0211 6549
0.02111 6549
0.02112 6549
0.02113 6549
0.02114 6549
0.02115 6549
0.02116 6549
0.02117 6549
0.02118 6549
0.02119 6549
0.0212 6549
0.02121 6549
0.02122 6549
0.02123 6549
0.02124 6549
0.02125 6549
0.02126 6549
0.02127 6549
0.02128 6549
0.02129 6549
0.0213 6549
0.02131 6549
0.02132 6549
0.02133 6549
0.02134 6549
0.02135 6549
0.02136 6549
0.02137 6549
0.02138 6549
0.02139 6549
0.0214 6549
0.02141 6549
0.02142 6549
0.02143 6549
0.02144 6549
0.02145 6549
0.02146 6549
0.02147 6549
0.02148 6549
0.02149 6549
0.0215 6549
0.02151 6549
0.02152 6549
0.02153 6549
0.02154 6549
0.02155 6549
0.02156 6549
0.02157 6549
0.02158 6549
0.02159 6549
0.0216 6549
0.02161 6549
0.02162 6549
0.02163 6549
0.02164 6549
0.02165 6549
0.02166 6549
0.02167 6549
0.02168 6549
0.02169 6549
0.0217 6549
0.02171 6549
0.02172 6549
0.02173 6549
0.02174 6549
0.02175 6549
0.02176 6549
0.02177 6549
0.02178 6549
0.02179 6549
0.0218 6549
0.02181 6549
0.02182 6549
0.02183 6549
0.02184 6550
0.02185 6553
0.02186 6557
0.02187 6560
0.02188 6563
0.02189 6564
0.0219 6564
0.02191 6565
0.02192 6565
0.02193 6565
0.02194 6565
0.02195 6565
0.02196 6565
0.02197 6565
0.02198 6565
0.02199 6565
0.022 6565
0.02201 6565
0.02202 6567
0.02203 6570
0.02204 6574
0.02205 6578
0.02206 6579
0.02207 6586
0.02208 6591
0.02209 6593
0.0221 6600
0.02211 6605
0.02212 6610
0.02213 6620
0.02214 6630
0.02215 6635
0.02216 6642
0.02217 6644
0.02218 6653
0.02219 6663
0.0222 6666
0.02221 6677
0.02222 6689
0.02223 6697
0.02224 6705
0.02225 6713
0.02226 6723
0.02227 6735
0.02228 6747
0.02229 6756
0.0223 6765
0.02231 6777
0.02232 6789
0.02233 6802
0.02234 6811
0.02235 6831
0.02236 6838
0.02237 6846
0.02238 6861
0.02239 6871
0.0224 6883
0.02241 6899
0.02242 6910
0.02243 6932
0.02244 6951
0.02245 6957
0.02246 6979
0.02247 6998
0.02248 7018
0.02249 7040
0.0225 7067
0.02251 7099
0.02252 7117
0.02253 7145
0.02254 7177
0.02255 7206
0.02256 7229
0.02257 7259
0.02258 7288
0.02259 7321
0.0226 7373
0.02261 7402
0.02262 7445
0.02263 7488
0.02264 7533
0.02265 7574
0.02266 7622
0.02267 7669
0.02268 7710
0.02269 7765
0.0227 7822
0.02271 7872
0.02272 7932
0.02273 7983
0.02274 8049
0.02275 8119
0.02276 8186
0.02277 8254
0.02278 8321
0.02279 8398
0.0228 8464
0.02281 8537
0.02282 8613
0.02283 8661
0.02284 8748
0.02285 8834
0.02286 8919
0.02287 8989
0.02288 9082
0.02289 9188
0.0229 9266
0.02291 9362
0.02292 9452
0.02293 9546
0.02294 9647
0.02295 9748
0.02296 9829
0.02297 9935
0.02298 10020
0.02299 10120
0.023 10212
0.02301 10316
0.02302 10408
0.02303 10486
0.02304 10587
0.02305 10668
0.02306 10759
0.02307 10838
0.02308 10947
0.02309 11034
0.0231 11106
0.02311 11185
0.02312 11303
0.02313 11384
0.02314 11479
0.02315 11563
0.02316 11645
0.02317 11724
0.02318 11818
0.02319 11907
0.0232 11974
0.02321 12071
0.02322 12146
0.02323 12215
0.02324 12295
0.02325 12373
0.02326 12460
0.02327 12522
0.02328 12599
0.02329 12676
0.0233 12748
0.02331 12820
0.02332 12881
0.02333 12939
0.02334 12995
0.02335 13060
0.02336 13121
0.02337 13160
0.02338 13216
0.02339 13265
0.0234 13314
0.02341 13368
0.02342 13411
0.02343 13458
0.02344 13494
0.02345 13536
0.02346 13560
0.02347 13591
0.02348 13607
0.02349 13626
0.0235 13636
0.02351 13660
0.02352 13673
0.02353 13687
0.02354 13695
0.02355 13707
0.02356 13714
0.02357 13720
0.02358 13725
0.02359 13732
0.0236 13738
0.02361 13740
0.02362 13741
0.02363 13744
0.02364 13744
0.02365 13744
0.02366 13744
0.02367 13744
0.02368 13744
0.02369 13744
0.0237 13744
0.02371 13744
0.02372 13744
0.02373 13744
0.02374 13744
0.02375 13744
0.02376 13744
0.02377 13744
0.02378 13744
0.02379 13744
0.0238 13744
0.02381 13744
0.02382 13744
0.02383 13744
0.02384 13744
0.02385 13744
0.02386 13744
0.02387 13744
0.02388 13744
0.02389 13744
0.0239 13744
0.02391 13744
0.02392 13744
0.02393 13744
0.02394 13744
0.02395 13744
0.02396 13744
0.02397 13744
0.02398 13744
0.02399 13744
0.024 13744
0.02401 13744
0.02402 13744
0.02403 13744
0.02404 13744
0.02405 13744
0.02406 13744
0.02407 13744
0.02408 13744
0.02409 13744
0.0241 13744
0.02411 13744
0.02412 13744
0.02413 13744
0.02414 13744
0.02415 13744
0.02416 13744
0.02417 13744
0.02418 13744
0.02419 13744
0.0242 13744
0.02421 13744
0.02422 13744
0.02423 13744
0.02424 13744
0.02425 13744
0.02426 13744
0.02427 13744
0.02428 13744
0.02429 13744
0.0243 13744
0.02431 13744
0.02432 13744
0.02433 13744
0.02434 13744
0.02435 13744
0.02436 13744
0.02437 13744
0.02438 13744
0.02439 13744
0.0244 13744
0.02441 13744
0.02442 13744
0.02443 13744
0.02444 13744
0.02445 13744
0.02446 13744
0.02447 13744
0.02448 13744
0.02449 13744
0.0245 13744
0.02451 13744
0.02452 13744
0.02453 13744
0.02454 13744
0.02455 13744
0.02456 13744
0.02457 13744
0.02458 13744
0.02459 13744
0.0246 13744
0.02461 13744
0.02462 13744
0.02463 13744
0.02464 13744
0.02465 13744
0.02466 13744
0.02467 13744
0.02468 13744
0.02469 13744
0.0247 13744
0.02471 13744
0.02472 13744
0.02473 13744
0.02474 13744
0.02475 13744
0.02476 13744
0.02477 13744
0.02478 13744
0.02479 13744
0.0248 13744
0.02481 13744
0.02482 13744
0.02483 13744
0.02484 13744
0.02485 13744
0.02486 13744
0.02487 13744
0.02488 13744
0.02489 13744
0.0249 13744
0.02491 13744
0.02492 13744
0.02493 13744
0.02494 13744
0.02495 13744
0.02496 13744
0.02497 13744
0.02498 13744
0.02499 13744
0.025 13744
0.02501 13744
0.02502 13744
0.02503 13744
0.02504 13744
0.02505 13744
0.02506 13744
0.02507 13744
0.02508 13744
0.02509 13744
0.0251 13744
0.02511 13744
0.02512 13744
0.02513 13744
0.02514 13744
0.02515 13744
0.02516 13744
0.02517 13744
0.02518 13744
0.02519 13744
0.0252 13744
0.02521 13744
0.02522 13744
0.02523 13744
0.02524 13744
0.02525 13744
0.02526 13744
0.02527 13744
0.02528 13744
0.02529 13744
0.0253 13744
0.02531 13744
0.02532 13744
0.02533 13744
0.02534 13744
0.02535 13744
0.02536 13744
0.02537 13744
0.02538 13744
0.02539 13744
0.0254 13744
0.02541 13744
0.02542 13744
0.02543 13744
0.02544 13744
0.02545 13744
0.02546 13744
0.02547 13744
0.02548 13744
0.02549 13744
0.0255 13744
0.02551 13744
0.02552 13744
0.02553 13744
0.02554 13744
0.02555 13744
0.02556 13744
0.02557 13744
0.02558 13744
0.02559 13744
0.0256 13744
0.02561 13744
0.02562 13744
0.02563 13744
0.02564 13744
0.02565 13744
0.02566 13744
0.02567 13744
0.02568 13744
0.02569 13744
0.0257 13744
0.02571 13744
0.02572 13744
0.02573 13744
0.02574 13744
0.02575 13744
0.02576 13744
0.02577 13744
0.02578 13744
0.02579 13744
0.0258 13744
0.02581 13744
0.02582 13744
0.02583 13744
0.02584 13744
0.02585 13744
0.02586 13744
0.02587 13744
0.02588 13744
0.02589 13744
0.0259 13744
0.02591 13744
0.02592 13744
0.02593 13744
0.02594 13744
0.02595 13744
0.02596 13744
0.02597 13744
0.02598 13744
0.02599 13744
0.026 13744
0.02601 13744
0.02602 13744
0.02603 13744
0.02604 13744
0.02605 13744
0.02606 13744
0.02607 13744
0.02608 13744
0.02609 13744
0.0261 13744
0.02611 13744
0.02612 13744
0.02613 13744
0.02614 13744
0.02615 13744
0.02616 13744
0.02617 13744
0.02618 13744
0.02619 13744
0.0262 13744
0.02621 13744
0.02622 13744
0.02623 13744
0.02624 13744
0.02625 13744
0.02626 13744
0.02627 13744
0.02628 13744
0.02629 13744
0.0263 13744
0.02631 13744
0.02632 13744
0.02633 13744
0.02634 13744
0.02635 13744
0.02636 13744
0.02637 13744
0.02638 13744
0.02639 13744
0.0264 13744
0.02641 13744
0.02642 13744
0.02643 13744
0.02644 13744
0.02645 13744
0.02646 13744
0.02647 13744
0.02648 13744
0.02649 13744
0.0265 13744
0.02651 13744
0.02652 13744
0.02653 13744
0.02654 13744
0.02655 13744
0.02656 13744
0.02657 13744
0.02658 13744
0.02659 13744
0.0266 13744
0.02661 13744
0.02662 13744
0.02663 13744
0.02664 13744
0.02665 13744
0.02666 13744
0.02667 13744
0.02668 13744
0.02669 13744
0.0267 13744
0.02671 13744
0.02672 13744
0.02673 13744
0.02674 13744
0.02675 13744
0.02676 13744
0.02677 13744
0.02678 13744
0.02679 13744
0.0268 13744
0.02681 13744
0.02682 13744
0.02683 13744
0.02684 13744
0.02685 13744
0.02686 13744
0.02687 13744
0.02688 13744
0.02689 13744
0.0269 13744
0.02691 13744
0.02692 13744
0.02693 13744
0.02694 13744
0.02695 13744
0.02696 13744
0.02697 13744
0.02698 13744
0.02699 13744
0.027 13744
0.02701 13744
0.02702 13744
0.02703 13744
0.02704 13744
0.02705 13744
0.02706 13744
0.02707 13744
0.02708 13744
0.02709 13744
0.0271 13744
0.02711 13744
0.02712 13744
0.02713 13744
0.02714 13744
0.02715 13744
0.02716 13744
0.02717 13744
0.02718 13744
0.02719 13744
0.0272 13744
0.02721 13744
0.02722 13744
0.02723 13744
0.02724 13744
0.02725 13744
0.02726 13744
0.02727 13744
0.02728 13744
0.02729 13744
0.0273 13744
0.02731 13744
0.02732 13744
0.02733 13744
0.02734 13744
0.02735 13744
0.02736 13744
0.02737 13744
0.02738 13744
0.02739 13744
0.0274 13744
0.02741 13744
0.02742 13744
0.02743 13744
0.02744 13744
0.02745 13744
0.02746 13744
0.02747 13744
0.02748 13744
0.02749 13744
0.0275 13744
0.02751 13744
0.02752 13744
0.02753 13744
0.02754 13744
0.02755 13744
0.02756 13744
0.02757 13744
0.02758 13744
0.02759 13744
0.0276 13744
0.02761 13744
0.02762 13744
0.02763 13744
0.02764 13744
0.02765 13744
0.02766 13744
0.02767 13744
0.02768 13744
0.02769 13744
0.0277 13744
0.02771 13744
0.02772 13744
0.02773 13744
0.02774 13744
0.02775 13744
0.02776 13744
0.02777 13744
0.02778 13744
0.02779 13744
0.0278 13744
0.02781 13744
0.02782 13744
0.02783 13744
0.02784 13744
0.02785 13744
0.02786 13744
0.02787 13744
0.02788 13744
0.02789 13744
0.0279 13744
0.02791 13744
0.02792 13744
0.02793 13744
0.02794 13744
0.02795 13744
0.02796 13744
0.02797 13744
0.02798 13744
0.02799 13744
0.028 13744
0.02801 13744
0.02802 13744
0.02803 13744
0.02804 13744
0.02805 13744
0.02806 13744
0.02807 13744
0.02808 13744
0.02809 13744
0.0281 13744
0.02811 13744
0.02812 13744
0.02813 13744
0.02814 13744
0.02815 13744
0.02816 13744
0.02817 13744
0.02818 13744
0.02819 13744
0.0282 13744
0.02821 13744
0.02822 13744
0.02823 13744
0.02824 13744
0.02825 13744
0.02826 13744
0.02827 13744
0.02828 13744
0.02829 13744
0.0283 13744
0.02831 13744
0.02832 13744
0.02833 13744
0.02834 13744
0.02835 13744
0.02836 13744
0.02837 13744
0.02838 13744
0.02839 13744
0.0284 13744
0.02841 13744
0.02842 13744
0.02843 13744
0.02844 13744
0.02845 13744
0.02846 13744
0.02847 13744
0.02848 13744
0.02849 13744
0.0285 13744
0.02851 13744
0.02852 13744
0.02853 13744
0.02854 13744
0.02855 13744
0.02856 13744
0.02857 13744
0.02858 13744
0.02859 13744
0.0286 13744
0.02861 13744
0.02862 13744
0.02863 13744
0.02864 13744
0.02865 13744
0.02866 13744
0.02867 13744
0.02868 13744
0.02869 13744
0.0287 13744
0.02871 13744
0.02872 13744
0.02873 13744
0.02874 13744
0.02875 13744
0.02876 13744
0.02877 13744
0.02878 13744
0.02879 13744
0.0288 13744
0.02881 13744
0.02882 13744
0.02883 13744
0.02884 13744
0.02885 13744
0.02886 13744
0.02887 13744
0.02888 13744
0.02889 13744
0.0289 13744
0.02891 13744
0.02892 13744
0.02893 13744
0.02894 13744
0.02895 13744
0.02896 13744
0.02897 13744
0.02898 13744
0.02899 13744
0.029 13744
0.02901 13744
0.02902 13744
0.02903 13744
0.02904 13744
0.02905 13744
0.02906 13744
0.02907 13744
0.02908 13744
0.02909 13744
0.0291 13744
0.02911 13744
0.02912 13744
0.02913 13744
0.02914 13744
0.02915 13744
0.02916 13744
0.02917 13744
0.02918 13744
0.02919 13744
0.0292 13744
0.02921 13744
0.02922 13744
0.02923 13744
0.02924 13744
0.02925 13744
0.02926 13744
0.02927 13744
0.02928 13744
0.02929 13744
0.0293 13744
0.02931 13744
0.02932 13744
0.02933 13744
0.02934 13744
0.02935 13744
0.02936 13744
0.02937 13744
0.02938 13744
0.02939 13744
0.0294 13744
0.02941 13744
0.02942 13744
0.02943 13744
0.02944 13744
0.02945 13744
0.02946 13744
0.02947 13744
0.02948 13744
0.02949 13744
0.0295 13744
0.02951 13744
0.02952 13744
0.02953 13744
0.02954 13744
0.02955 13744
0.02956 13744
0.02957 13744
0.02958 13744
0.02959 13744
0.0296 13744
0.02961 13744
0.02962 13744
0.02963 13744
0.02964 13744
0.02965 13744
0.02966 13744
0.02967 13744
0.02968 13744
0.02969 13744
0.0297 13744
0.02971 13744
0.02972 13744
0.02973 13744
0.02974 13744
0.02975 13744
0.02976 13744
0.02977 13744
0.02978 13744
0.02979 13744
0.0298 13744
0.02981 13744
0.02982 13744
0.02983 13744
0.02984 13744
0.02985 13744
0.02986 13744
0.02987 13744
0.02988 13744
0.02989 13744
0.0299 13744
0.02991 13744
0.02992 13744
0.02993 13744
0.02994 13744
0.02995 13744
0.02996 13744
0.02997 13744
0.02998 13744
0.02999 13744
0.03 13744
0.03001 13744
0.03002 13744
0.03003 13744
0.03004 13744
0.03005 13744
0.03006 13744
0.03007 13744
0.03008 13744
0.03009 13744
0.0301 13744
0.03011 13744
0.03012 13744
0.03013 13744
0.03014 13744
0.03015 13744
0.03016 13744
0.03017 13744
0.03018 13744
0.03019 13744
0.0302 13744
0.03021 13744
0.03022 13744
0.03023 13744
0.03024 13744
0.03025 13744
0.03026 13744
0.03027 13744
0.03028 13744
0.03029 13744
0.0303 13744
0.03031 13744
0.03032 13744
0.03033 13744
0.03034 13744
0.03035 13744
0.03036 13744
0.03037 13744
0.03038 13744
0.03039 13744
0.0304 13744
0.03041 13744
0.03042 13744
0.03043 13744
0.03044 13744
0.03045 13744
0.03046 13744
0.03047 13744
0.03048 13744
0.03049 13744
0.0305 13744
0.03051 13744
0.03052 13744
0.03053 13744
0.03054 13744
0.03055 13744
0.03056 13744
0.03057 13744
0.03058 13744
0.03059 13744
0.0306 13744
0.03061 13744
0.03062 13744
0.03063 13744
0.03064 13744
0.03065 13744
0.03066 13744
0.03067 13744
0.03068 13744
0.03069 13744
0.0307 13744
0.03071 13744
0.03072 13744
0.03073 13744
0.03074 13744
0.03075 13744
0.03076 13744
0.03077 13744
0.03078 13744
0.03079 13744
0.0308 13744
0.03081 13744
0.03082 13744
0.03083 13744
0.03084 13744
0.03085 13744
0.03086 13744
0.03087 13744
0.03088 13744
0.03089 13744
0.0309 13744
0.03091 13744
0.03092 13744
0.03093 13744
0.03094 13744
0.03095 13744
0.03096 13744
0.03097 13744
0.03098 13744
0.03099 13744
0.031 13744
0.03101 13744
0.03102 13744
0.03103 13744
0.03104 13744
0.03105 13744
0.03106 13744
0.03107 13744
0.03108 13744
0.03109 13744
0.0311 13744
0.03111 13744
0.03112 13744
0.03113 13744
0.03114 13744
0.03115 13744
0.03116 13744
0.03117 13744
0.03118 13744
0.03119 13744
0.0312 13744
0.03121 13744
0.03122 13744
0.03123 13744
0.03124 13744
0.03125 13744
0.03126 13744
0.03127 13744
0.03128 13744
0.03129 13744
0.0313 13744
0.03131 13744
0.03132 13744
0.03133 13744
0.03134 13744
0.03135 13744
0.03136 13744
0.03137 13744
0.03138 13744
0.03139 13744
0.0314 13744
0.03141 13744
0.03142 13744
0.03143 13744
0.03144 13744
0.03145 13744
0.03146 13744
0.03147 13744
0.03148 13744
0.03149 13744
0.0315 13744
0.03151 13744
0.03152 13744
0.03153 13744
0.03154 13744
0.03155 13744
0.03156 13744
0.03157 13744
0.03158 13744
0.03159 13744
0.0316 13744
0.03161 13744
0.03162 13744
0.03163 13744
0.03164 13744
0.03165 13744
0.03166 13744
0.03167 13744
0.03168 13744
0.03169 13744
0.0317 13744
0.03171 13744
0.03172 13744
0.03173 13744
0.03174 13744
0.03175 13744
0.03176 13744
0.03177 13744
0.03178 13744
0.03179 13744
0.0318 13744
0.03181 13744
0.03182 13744
0.03183 13744
0.03184 13744
0.03185 13744
0.03186 13744
0.03187 13744
0.03188 13744
0.03189 13744
0.0319 13744
0.03191 13744
0.03192 13744
0.03193 13744
0.03194 13744
0.03195 13744
0.03196 13744
0.03197 13744
0.03198 13744
0.03199 13744
0.032 13744
0.03201 13744
0.03202 13744
0.03203 13744
0.03204 13744
0.03205 13744
0.03206 13744
0.03207 13744
0.03208 13744
0.03209 13744
0.0321 13744
0.03211 13744
0.03212 13744
0.03213 13744
0.03214 13744
0.03215 13744
0.03216 13744
0.03217 13744
0.03218 13744
0.03219 13744
0.0322 13744
0.03221 13744
0.03222 13744
0.03223 13744
0.03224 13744
0.03225 13744
0.03226 13744
0.03227 13744
0.03228 13744
0.03229 13744
0.0323 13744
0.03231 13744
0.03232 13744
0.03233 13744
0.03234 13744
0.03235 13744
0.03236 13744
0.03237 13744
0.03238 13744
0.03239 13744
0.0324 13744
0.03241 13744
0.03242 13744
0.03243 13744
0.03244 13744
0.03245 13744
0.03246 13744
0.03247 13744
0.03248 13744
0.03249 13744
0.0325 13744
0.03251 13744
0.03252 13744
0.03253 13744
0.03254 13744
0.03255 13744
0.03256 13744
0.03257 13744
0.03258 13744
0.03259 13744
0.0326 13744
0.03261 13744
0.03262 13744
0.03263 13744
0.03264 13744
0.03265 13744
0.03266 13744
0.03267 13744
0.03268 13744
0.03269 13744
0.0327 13744
0.03271 13744
0.03272 13744
0.03273 13744
0.03274 13744
0.03275 13744
0.03276 13744
0.03277 13744
0.03278 13744
0.03279 13744
0.0328 13744
0.03281 13744
0.03282 13744
0.03283 13744
0.03284 13744
0.03285 13744
0.03286 13744
0.03287 13744
0.03288 13744
0.03289 13744
0.0329 13744
0.03291 13744
0.03292 13744
0.03293 13744
0.03294 13744
0.03295 13744
0.03296 13744
0.03297 13744
0.03298 13744
0.03299 13744
0.033 13744
0.03301 13744
0.03302 13744
0.03303 13744
0.03304 13744
0.03305 13744
0.03306 13744
0.03307 13744
0.03308 13744
0.03309 13744
0.0331 13744
0.03311 13744
0.03312 13744
0.03313 13744
0.03314 13744
0.03315 13744
0.03316 13744
0.03317 13744
0.03318 13744
0.03319 13744
0.0332 13744
0.03321 13744
0.03322 13744
0.03323 13744
0.03324 13744
0.03325 13744
0.03326 13744
0.03327 13744
0.03328 13744
0.03329 13744
0.0333 13744
0.03331 13744
0.03332 13744
0.03333 13744
0.03334 13744
0.03335 13744
0.03336 13744
0.03337 13744
0.03338 13744
0.03339 13744
0.0334 13744
0.03341 13744
0.03342 13744
0.03343 13744
0.03344 13744
0.03345 13744
0.03346 13744
0.03347 13744
0.03348 13744
0.03349 13744
0.0335 13744
0.03351 13744
0.03352 13744
0.03353 13744
0.03354 13744
0.03355 13744
0.03356 13744
0.03357 13744
0.03358 13744
0.03359 13744
0.0336 13744
0.03361 13744
0.03362 13744
0.03363 13744
0.03364 13744
0.03365 13744
0.03366 13744
0.03367 13744
0.03368 13744
0.03369 13744
0.0337 13744
0.03371 13744
0.03372 13744
0.03373 13744
0.03374 13744
0.03375 13744
0.03376 13744
0.03377 13744
0.03378 13744
0.03379 13744
0.0338 13744
0.03381 13744
0.03382 13744
0.03383 13744
0.03384 13744
0.03385 13744
0.03386 13744
0.03387 13744
0.03388 13744
0.03389 13744
0.0339 13744
0.03391 13744
0.03392 13744
0.03393 13744
0.03394 13744
0.03395 13744
0.03396 13744
0.03397 13744
0.03398 13744
0.03399 13744
0.034 13744
0.03401 13744
0.03402 13744
0.03403 13744
0.03404 13744
0.03405 13744
0.03406 13744
0.03407 13744
0.03408 13744
0.03409 13744
0.0341 13744
0.03411 13744
0.03412 13744
0.03413 13744
0.03414 13744
0.03415 13744
0.03416 13744
0.03417 13744
0.03418 13744
0.03419 13744
0.0342 13744
0.03421 13744
0.03422 13744
0.03423 13744
0.03424 13744
0.03425 13744
0.03426 13744
0.03427 13744
0.03428 13744
0.03429 13744
0.0343 13744
0.03431 13744
0.03432 13744
0.03433 13744
0.03434 13744
0.03435 13744
0.03436 13744
0.03437 13744
0.03438 13744
0.03439 13744
0.0344 13744
0.03441 13744
0.03442 13744
0.03443 13744
0.03444 13744
0.03445 13744
0.03446 13744
0.03447 13744
0.03448 13744
0.03449 13744
0.0345 13744
0.03451 13744
0.03452 13744
0.03453 13744
0.03454 13744
0.03455 13744
0.03456 13744
0.03457 13744
0.03458 13744
0.03459 13744
0.0346 13744
0.03461 13744
0.03462 13744
0.03463 13744
0.03464 13744
0.03465 13744
0.03466 13744
0.03467 13744
0.03468 13744
0.03469 13744
0.0347 13744
0.03471 13744
0.03472 13744
0.03473 13744
0.03474 13744
0.03475 13744
0.03476 13744
0.03477 13744
0.03478 13744
0.03479 13744
0.0348 13744
0.03481 13744
0.03482 13744
0.03483 13744
0.03484 13744
0.03485 13744
0.03486 13744
0.03487 13744
0.03488 13744
0.03489 13744
0.0349 13744
0.03491 13744
0.03492 13744
0.03493 13744
0.03494 13744
0.03495 13744
0.03496 13744
0.03497 13744
0.03498 13744
0.03499 13744
0.035 13744
0.03501 13744
0.03502 13744
0.03503 13744
0.03504 13744
0.03505 13744
0.03506 13744
0.03507 13744
0.03508 13744
0.03509 13744
0.0351 13744
0.03511 13744
0.03512 13744
0.03513 13744
0.03514 13744
0.03515 13744
0.03516 13744
0.03517 13744
0.03518 13744
0.03519 13744
0.0352 13744
0.03521 13744
0.03522 13744
0.03523 13744
0.03524 13744
0.03525 13744
0.03526 13744
0.03527 13744
0.03528 13744
0.03529 13744
0.0353 13744
0.03531 13744
0.03532 13744
0.03533 13744
0.03534 13744
0.03535 13744
0.03536 13744
0.03537 13744
0.03538 13744
0.03539 13744
0.0354 13744
0.03541 13744
0.03542 13744
0.03543 13744
0.03544 13744
0.03545 13744
0.03546 13744
0.03547 13744
0.03548 13744
0.03549 13744
0.0355 13744
0.03551 13744
0.03552 13744
0.03553 13744
0.03554 13744
0.03555 13744
0.03556 13744
0.03557 13744
0.03558 13744
0.03559 13744
0.0356 13744
0.03561 13744
0.03562 13744
0.03563 13744
0.03564 13744
0.03565 13744
0.03566 13744
0.03567 13744
0.03568 13744
0.03569 13744
0.0357 13744
0.03571 13744
0.03572 13744
0.03573 13744
0.03574 13744
0.03575 13744
0.03576 13744
0.03577 13744
0.03578 13744
0.03579 13744
0.0358 13744
0.03581 13744
0.03582 13744
0.03583 13744
0.03584 13744
0.03585 13744
0.03586 13744
0.03587 13744
0.03588 13744
0.03589 13744
0.0359 13744
0.03591 13744
0.03592 13744
0.03593 13744
0.03594 13744
0.03595 13744
0.03596 13744
0.03597 13744
0.03598 13744
0.03599 13744
0.036 13744
0.03601 13744
0.03602 13744
0.03603 13744
0.03604 13744
0.03605 13744
0.03606 13744
0.03607 13744
0.03608 13744
0.03609 13744
0.0361 13744
0.03611 13744
0.03612 13744
0.03613 13744
0.03614 13744
0.03615 13744
0.03616 13744
0.03617 13744
0.03618 13744
0.03619 13744
0.0362 13744
0.03621 13744
0.03622 13744
0.03623 13744
0.03624 13744
0.03625 13744
0.03626 13744
0.03627 13744
0.03628 13744
0.03629 13744
0.0363 13744
0.03631 13744
0.03632 13744
0.03633 13744
0.03634 13744
0.03635 13744
0.03636 13744
0.03637 13744
0.03638 13744
0.03639 13744
0.0364 13744
0.03641 13744
0.03642 13744
0.03643 13744
0.03644 13744
0.03645 13744
0.03646 13744
0.03647 13744
0.03648 13744
0.03649 13744
0.0365 13744
0.03651 13744
0.03652 13744
0.03653 13744
0.03654 13744
0.03655 13744
0.03656 13744
0.03657 13744
0.03658 13744
0.03659 13744
0.0366 13744
0.03661 13744
0.03662 13744
0.03663 13744
0.03664 13744
0.03665 13744
0.03666 13744
0.03667 13744
0.03668 13744
0.03669 13744
0.0367 13744
0.03671 13744
0.03672 13744
0.03673 13744
0.03674 13744
0.03675 13744
0.03676 13744
0.03677 13744
0.03678 13744
0.03679 13744
0.0368 13744
0.03681 13744
0.03682 13744
0.03683 13744
0.03684 13744
0.03685 13744
0.03686 13744
0.03687 13744
0.03688 13744
0.03689 13744
0.0369 13744
0.03691 13744
0.03692 13744
0.03693 13744
0.03694 13744
0.03695 13744
0.03696 13744
0.03697 13744
0.03698 13744
0.03699 13744
0.037 13744
0.03701 13744
0.03702 13744
0.03703 13744
0.03704 13744
0.03705 13744
0.03706 13744
0.03707 13744
0.03708 13744
0.03709 13744
0.0371 13744
0.03711 13744
0.03712 13744
0.03713 13744
0.03714 13744
0.03715 13744
0.03716 13744
0.03717 13744
0.03718 13744
0.03719 13744
0.0372 13744
0.03721 13744
0.03722 13744
0.03723 13744
0.03724 13744
0.03725 13744
0.03726 13744
0.03727 13744
0.03728 13744
0.03729 13744
0.0373 13744
0.03731 13744
0.03732 13744
0.03733 13744
0.03734 13744
0.03735 13744
0.03736 13744
0.03737 13744
0.03738 13744
0.03739 13744
0.0374 13744
0.03741 13744
0.03742 13744
0.03743 13744
0.03744 13744
0.03745 13744
0.03746 13744
0.03747 13744
0.03748 13744
0.03749 13744
0.0375 13744
0.03751 13744
0.03752 13744
0.03753 13744
0.03754 13744
0.03755 13744
0.03756 13744
0.03757 13744
0.03758 13744
0.03759 13744
0.0376 13744
0.03761 13744
0.03762 13744
0.03763 13744
0.03764 13744
0.03765 13744
0.03766 13744
0.03767 13744
0.03768 13744
0.03769 13744
0.0377 13744
0.03771 13744
0.03772 13744
0.03773 13744
0.03774 13744
0.03775 13744
0.03776 13744
0.03777 13744
0.03778 13744
0.03779 13744
0.0378 13744
0.03781 13744
0.03782 13744
0.03783 13744
0.03784 13744
0.03785 13744
0.03786 13744
0.03787 13744
0.03788 13744
0.03789 13744
0.0379 13744
0.03791 13744
0.03792 13744
0.03793 13744
0.03794 13744
0.03795 13744
0.03796 13744
0.03797 13744
0.03798 13744
0.03799 13744
0.038 13744
0.03801 13744
0.03802 13744
0.03803 13744
0.03804 13744
0.03805 13744
0.03806 13744
0.03807 13744
0.03808 13744
0.03809 13744
0.0381 13744
0.03811 13744
0.03812 13744
0.03813 13744
0.03814 13744
0.03815 13744
0.03816 13744
0.03817 13744
0.03818 13744
0.03819 13744
0.0382 13744
0.03821 13744
0.03822 13744
0.03823 13744
0.03824 13744
0.03825 13744
0.03826 13744
0.03827 13744
0.03828 13744
0.03829 13744
0.0383 13744
0.03831 13744
0.03832 13744
0.03833 13744
0.03834 13744
0.03835 13744
0.03836 13744
0.03837 13744
0.03838 13744
0.03839 13744
0.0384 13744
0.03841 13744
0.03842 13744
0.03843 13744
0.03844 13744
0.03845 13744
0.03846 13744
0.03847 13744
0.03848 13744
0.03849 13744
0.0385 13744
0.03851 13744
0.03852 13744
0.03853 13744
0.03854 13744
0.03855 13744
0.03856 13744
0.03857 13744
0.03858 13744
0.03859 13744
0.0386 13744
0.03861 13744
0.03862 13744
0.03863 13744
0.03864 13744
0.03865 13744
0.03866 13744
0.03867 13744
0.03868 13744
0.03869 13744
0.0387 13744
0.03871 13744
0.03872 13744
0.03873 13744
0.03874 13744
0.03875 13744
0.03876 13744
0.03877 13744
0.03878 13744
0.03879 13744
0.0388 13744
0.03881 13744
0.03882 13744
0.03883 13744
0.03884 13744
0.03885 13744
0.03886 13744
0.03887 13744
0.03888 13744
0.03889 13744
0.0389 13744
0.03891 13744
0.03892 13744
0.03893 13744
0.03894 13744
0.03895 13744
0.03896 13744
0.03897 13744
0.03898 13744
0.03899 13744
0.039 13744
0.03901 13744
0.03902 13744
0.03903 13744
0.03904 13744
0.03905 13744
0.03906 13744
0.03907 13744
0.03908 13744
0.03909 13744
0.0391 13744
0.03911 13744
0.03912 13744
0.03913 13744
0.03914 13744
0.03915 13744
0.03916 13744
0.03917 13744
0.03918 13744
0.03919 13744
0.0392 13744
0.03921 13744
0.03922 13744
0.03923 13744
0.03924 13744
0.03925 13744
0.03926 13744
0.03927 13744
0.03928 13744
0.03929 13744
0.0393 13744
0.03931 13744
0.03932 13744
0.03933 13744
0.03934 13744
0.03935 13744
0.03936 13744
0.03937 13744
0.03938 13744
0.03939 13744
0.0394 13744
0.03941 13744
0.03942 13744
0.03943 13744
0.03944 13744
0.03945 13744
0.03946 13744
0.03947 13744
0.03948 13744
0.03949 13744
0.0395 13744
0.03951 13744
0.03952 13744
0.03953 13744
0.03954 13744
0.03955 13744
0.03956 13744
0.03957 13744
0.03958 13744
0.03959 13744
0.0396 13744
0.03961 13744
0.03962 13744
0.03963 13744
0.03964 13744
0.03965 13744
0.03966 13744
0.03967 13744
0.03968 13744
0.03969 13744
0.0397 13744
0.03971 13744
0.03972 13744
0.03973 13744
0.03974 13744
0.03975 13744
0.03976 13744
0.03977 13744
0.03978 13744
0.03979 13744
0.0398 13744
0.03981 13744
0.03982 13744
0.03983 13744
0.03984 13744
0.03985 13744
0.03986 13744
0.03987 13744
0.03988 13744
0.03989 13744
0.0399 13744
0.03991 13744
0.03992 13744
0.03993 13744
0.03994 13744
0.03995 13744
0.03996 13744
0.03997 13744
0.03998 13744
0.03999 13744
0.04 13744
0.04001 13744
0.04002 13744
0.04003 13744
0.04004 13744
0.04005 13744
0.04006 13744
0.04007 13744
0.04008 13744
0.04009 13744
0.0401 13744
0.04011 13744
0.04012 13744
0.04013 13744
0.04014 13744
0.04015 13744
0.04016 13744
0.04017 13744
0.04018 13744
0.04019 13744
0.0402 13744
0.04021 13744
0.04022 13744
0.04023 13744
0.04024 13744
0.04025 13744
0.04026 13744
0.04027 13744
0.04028 13744
0.04029 13744
0.0403 13744
0.04031 13744
0.04032 13744
0.04033 13744
0.04034 13744
0.04035 13744
0.04036 13744
0.04037 13744
0.04038 13744
0.04039 13744
0.0404 13744
0.04041 13744
0.04042 13744
0.04043 13744
0.04044 13744
0.04045 13744
0.04046 13744
0.04047 13744
0.04048 13744
0.04049 13744
0.0405 13744
0.04051 13744
0.04052 13744
0.04053 13744
0.04054 13744
0.04055 13744
0.04056 13744
0.04057 13744
0.04058 13744
0.04059 13744
0.0406 13744
0.04061 13744
0.04062 13744
0.04063 13744
0.04064 13744
0.04065 13744
0.04066 13744
0.04067 13744
0.04068 13744
0.04069 13744
0.0407 13744
0.04071 13744
0.04072 13744
0.04073 13744
0.04074 13744
0.04075 13744
0.04076 13744
0.04077 13744
0.04078 13744
0.04079 13744
0.0408 13744
0.04081 13744
0.04082 13744
0.04083 13744
0.04084 13744
0.04085 13744
0.04086 13744
0.04087 13744
0.04088 13744
0.04089 13744
0.0409 13744
0.04091 13744
0.04092 13744
0.04093 13744
0.04094 13744
0.04095 13744
0.04096 13744
0.04097 13744
0.04098 13744
0.04099 13744
0.041 13744
0.04101 13744
0.04102 13744
0.04103 13744
0.04104 13744
0.04105 13744
0.04106 13744
0.04107 13744
0.04108 13744
0.04109 13744
0.0411 13744
0.04111 13744
0.04112 13744
0.04113 13744
0.04114 13744
0.04115 13744
0.04116 13744
0.04117 13744
0.04118 13744
0.04119 13744
0.0412 13744
0.04121 13744
0.04122 13744
0.04123 13744
0.04124 13744
0.04125 13744
0.04126 13744
0.04127 13744
0.04128 13744
0.04129 13744
0.0413 13744
0.04131 13744
0.04132 13744
0.04133 13744
0.04134 13744
0.04135 13744
0.04136 13744
0.04137 13744
0.04138 13744
0.04139 13744
0.0414 13744
0.04141 13744
0.04142 13744
0.04143 13744
0.04144 13744
0.04145 13744
0.04146 13744
0.04147 13744
0.04148 13744
0.04149 13744
0.0415 13744
0.04151 13744
0.04152 13744
0.04153 13744
0.04154 13744
0.04155 13744
0.04156 13744
0.04157 13744
0.04158 13744
0.04159 13744
0.0416 13744
0.04161 13744
0.04162 13744
0.04163 13744
0.04164 13744
0.04165 13744
0.04166 13744
0.04167 13744
0.04168 13744
0.04169 13744
0.0417 13744
0.04171 13744
0.04172 13744
0.04173 13744
0.04174 13744
0.04175 13744
0.04176 13744
0.04177 13744
0.04178 13744
0.04179 13744
0.0418 13744
0.04181 13744
0.04182 13744
0.04183 13744
0.04184 13744
0.04185 13744
0.04186 13744
0.04187 13744
0.04188 13744
0.04189 13744
0.0419 13744
0.04191 13744
0.04192 13744
0.04193 13744
0.04194 13744
0.04195 13744
0.04196 13744
0.04197 13744
0.04198 13744
0.04199 13744
0.042 13744
0.04201 13744
0.04202 13744
0.04203 13744
0.04204 13744
0.04205 13744
0.04206 13744
0.04207 13744
0.04208 13744
0.04209 13744
0.0421 13744
0.04211 13744
0.04212 13744
0.04213 13744
0.04214 13744
0.04215 13744
0.04216 13744
0.04217 13744
0.04218 13744
0.04219 13744
0.0422 13744
0.04221 13744
0.04222 13744
0.04223 13744
0.04224 13744
0.04225 13744
0.04226 13744
0.04227 13744
0.04228 13744
0.04229 13744
0.0423 13744
0.04231 13744
0.04232 13744
0.04233 13744
0.04234 13744
0.04235 13744
0.04236 13744
0.04237 13744
0.04238 13744
0.04239 13744
0.0424 13744
0.04241 13744
0.04242 13744
0.04243 13744
0.04244 13744
0.04245 13744
0.04246 13744
0.04247 13744
0.04248 13744
0.04249 13744
0.0425 13744
0.04251 13744
0.04252 13744
0.04253 13744
0.04254 13744
0.04255 13744
0.04256 13744
0.04257 13744
0.04258 13744
0.04259 13744
0.0426 13744
0.04261 13744
0.04262 13744
0.04263 13744
0.04264 13744
0.04265 13744
0.04266 13744
0.04267 13744
0.04268 13744
0.04269 13744
0.0427 13744
0.04271 13744
0.04272 13744
0.04273 13744
0.04274 13744
0.04275 13744
0.04276 13744
0.04277 13744
0.04278 13744
0.04279 13744
0.0428 13744
0.04281 13744
0.04282 13744
0.04283 13744
0.04284 13744
0.04285 13744
0.04286 13744
0.04287 13744
0.04288 13744
0.04289 13744
0.0429 13744
0.04291 13744
0.04292 13744
0.04293 13744
0.04294 13744
0.04295 13744
0.04296 13744
0.04297 13744
0.04298 13744
0.04299 13744
0.043 13744
0.04301 13744
0.04302 13744
0.04303 13744
0.04304 13744
0.04305 13744
0.04306 13744
0.04307 13744
0.04308 13744
0.04309 13744
0.0431 13744
0.04311 13744
0.04312 13744
0.04313 13744
0.04314 13744
0.04315 13744
0.04316 13744
0.04317 13744
0.04318 13744
0.04319 13744
0.0432 13744
0.04321 13744
0.04322 13744
0.04323 13744
0.04324 13744
0.04325 13744
0.04326 13744
0.04327 13744
0.04328 13744
0.04329 13744
0.0433 13744
0.04331 13744
0.04332 13744
0.04333 13744
0.04334 13744
0.04335 13744
0.04336 13744
0.04337 13744
0.04338 13744
0.04339 13744
0.0434 13744
0.04341 13744
0.04342 13744
0.04343 13744
0.04344 13744
0.04345 13744
0.04346 13744
0.04347 13744
0.04348 13744
0.04349 13744
0.0435 13744
0.04351 13744
0.04352 13744
0.04353 13744
0.04354 13744
0.04355 13744
0.04356 13744
0.04357 13744
0.04358 13744
0.04359 13744
0.0436 13744
0.04361 13744
0.04362 13744
0.04363 13744
0.04364 13744
0.04365 13744
0.04366 13744
0.04367 13744
0.04368 13744
0.04369 13744
0.0437 13744
0.04371 13744
0.04372 13744
0.04373 13744
0.04374 13744
0.04375 13744
0.04376 13744
0.04377 13744
0.04378 13744
0.04379 13744
0.0438 13744
0.04381 13744
0.04382 13744
0.04383 13744
0.04384 13744
0.04385 13744
0.04386 13744
0.04387 13744
0.04388 13744
0.04389 13744
0.0439 13744
0.04391 13744
0.04392 13744
0.04393 13744
0.04394 13744
0.04395 13744
0.04396 13744
0.04397 13744
0.04398 13744
0.04399 13744
0.044 13744
0.04401 13744
0.04402 13744
0.04403 13744
0.04404 13744
0.04405 13744
0.04406 13744
0.04407 13744
0.04408 13744
0.04409 13744
0.0441 13744
0.04411 13744
0.04412 13744
0.04413 13744
0.04414 13744
0.04415 13744
0.04416 13744
0.04417 13744
0.04418 13744
0.04419 13744
0.0442 13744
0.04421 13744
0.04422 13744
0.04423 13744
0.04424 13744
0.04425 13744
0.04426 13744
0.04427 13744
0.04428 13744
0.04429 13744
0.0443 13744
0.04431 13744
0.04432 13744
0.04433 13744
0.04434 13744
0.04435 13744
0.04436 13744
0.04437 13744
0.04438 13744
0.04439 13744
0.0444 13744
0.04441 13744
0.04442 13744
0.04443 13744
0.04444 13744
0.04445 13744
0.04446 13744
0.04447 13744
0.04448 13744
0.04449 13744
0.0445 13744
0.04451 13744
0.04452 13744
0.04453 13744
0.04454 13744
0.04455 13744
0.04456 13744
0.04457 13744
0.04458 13744
0.04459 13744
0.0446 13744
0.04461 13744
0.04462 13744
0.04463 13744
0.04464 13744
0.04465 13744
0.04466 13744
0.04467 13744
0.04468 13744
0.04469 13744
0.0447 13744
0.04471 13744
0.04472 13744
0.04473 13744
0.04474 13744
0.04475 13744
0.04476 13744
0.04477 13744
0.04478 13744
0.04479 13744
0.0448 13744
0.04481 13744
0.04482 13744
0.04483 13744
0.04484 13744
0.04485 13744
0.04486 13744
0.04487 13744
0.04488 13744
0.04489 13744
0.0449 13744
0.04491 13744
0.04492 13744
0.04493 13744
0.04494 13744
0.04495 13744
0.04496 13744
0.04497 13744
0.04498 13744
0.04499 13744
0.045 13744
0.04501 13744
0.04502 13744
0.04503 13744
0.04504 13744
0.04505 13744
0.04506 13744
0.04507 13744
0.04508 13744
0.04509 13744
0.0451 13744
0.04511 13744
0.04512 13744
0.04513 13744
0.04514 13744
0.04515 13744
0.04516 13744
0.04517 13744
0.04518 13744
0.04519 13744
0.0452 13744
0.04521 13744
0.04522 13744
0.04523 13744
0.04524 13744
0.04525 13744
0.04526 13744
0.04527 13744
0.04528 13744
0.04529 13744
0.0453 13744
0.04531 13744
0.04532 13744
0.04533 13744
0.04534 13744
0.04535 13744
0.04536 13744
0.04537 13744
0.04538 13744
0.04539 13744
0.0454 13744
0.04541 13744
0.04542 13744
0.04543 13744
0.04544 13744
0.04545 13744
0.04546 13744
0.04547 13744
0.04548 13744
0.04549 13744
0.0455 13744
0.04551 13744
0.04552 13744
0.04553 13744
0.04554 13744
0.04555 13744
0.04556 13744
0.04557 13744
0.04558 13744
0.04559 13744
0.0456 13744
0.04561 13744
0.04562 13744
0.04563 13744
0.04564 13744
0.04565 13744
0.04566 13744
0.04567 13744
0.04568 13744
0.04569 13744
0.0457 13744
0.04571 13744
0.04572 13744
0.04573 13744
0.04574 13744
0.04575 13744
0.04576 13744
0.04577 13744
0.04578 13744
0.04579 13744
0.0458 13744
0.04581 13744
0.04582 13744
0.04583 13744
0.04584 13744
0.04585 13744
0.04586 13744
0.04587 13744
0.04588 13744
0.04589 13744
0.0459 13744
0.04591 13744
0.04592 13744
0.04593 13744
0.04594 13744
0.04595 13744
0.04596 13744
0.04597 13744
0.04598 13744
0.04599 13744
0.046 13744
0.04601 13744
0.04602 13744
0.04603 13744
0.04604 13744
0.04605 13744
0.04606 13744
0.04607 13744
0.04608 13744
0.04609 13744
0.0461 13744
0.04611 13744
0.04612 13744
0.04613 13744
0.04614 13744
0.04615 13744
0.04616 13744
0.04617 13744
0.04618 13744
0.04619 13744
0.0462 13744
0.04621 13744
0.04622 13744
0.04623 13744
0.04624 13744
0.04625 13744
0.04626 13744
0.04627 13744
0.04628 13744
0.04629 13744
0.0463 13744
0.04631 13744
0.04632 13744
0.04633 13744
0.04634 13744
0.04635 13744
0.04636 13744
0.04637 13744
0.04638 13744
0.04639 13744
0.0464 13744
0.04641 13744
0.04642 13744
0.04643 13744
0.04644 13744
0.04645 13744
0.04646 13744
0.04647 13744
0.04648 13744
0.04649 13744
0.0465 13744
0.04651 13744
0.04652 13744
0.04653 13744
0.04654 13744
0.04655 13744
0.04656 13744
0.04657 13744
0.04658 13744
0.04659 13744
0.0466 13744
0.04661 13744
0.04662 13744
0.04663 13744
0.04664 13744
0.04665 13744
0.04666 13744
0.04667 13744
0.04668 13744
0.04669 13744
0.0467 13744
0.04671 13744
0.04672 13744
0.04673 13744
0.04674 13744
0.04675 13744
0.04676 13744
0.04677 13744
0.04678 13744
0.04679 13744
0.0468 13744
0.04681 13744
0.04682 13744
0.04683 13744
0.04684 13744
0.04685 13744
0.04686 13744
0.04687 13744
0.04688 13744
0.04689 13744
0.0469 13744
0.04691 13744
0.04692 13744
0.04693 13744
0.04694 13744
0.04695 13744
0.04696 13744
0.04697 13744
0.04698 13744
0.04699 13744
0.047 13744
0.04701 13744
0.04702 13744
0.04703 13744
0.04704 13744
0.04705 13744
0.04706 13744
0.04707 13744
0.04708 13744
0.04709 13744
0.0471 13744
0.04711 13744
0.04712 13744
0.04713 13744
0.04714 13744
0.04715 13744
0.04716 13744
0.04717 13744
0.04718 13744
0.04719 13744
0.0472 13744
0.04721 13744
0.04722 13744
0.04723 13744
0.04724 13744
0.04725 13744
0.04726 13744
0.04727 13744
0.04728 13744
0.04729 13744
0.0473 13744
0.04731 13744
0.04732 13744
0.04733 13744
0.04734 13744
0.04735 13744
0.04736 13744
0.04737 13744
0.04738 13744
0.04739 13744
0.0474 13744
0.04741 13744
0.04742 13744
0.04743 13744
0.04744 13744
0.04745 13744
0.04746 13744
0.04747 13744
0.04748 13744
0.04749 13744
0.0475 13744
0.04751 13744
0.04752 13744
0.04753 13744
0.04754 13744
0.04755 13744
0.04756 13744
0.04757 13744
0.04758 13744
0.04759 13744
0.0476 13744
0.04761 13744
0.04762 13744
0.04763 13744
0.04764 13744
0.04765 13744
0.04766 13744
0.04767 13744
0.04768 13744
0.04769 13744
0.0477 13744
0.04771 13744
0.04772 13744
0.04773 13744
0.04774 13744
0.04775 13744
0.04776 13744
0.04777 13744
0.04778 13744
0.04779 13744
0.0478 13744
0.04781 13744
0.04782 13744
0.04783 13744
0.04784 13744
0.04785 13744
0.04786 13744
0.04787 13744
0.04788 13744
0.04789 13744
0.0479 13744
0.04791 13744
0.04792 13744
0.04793 13744
0.04794 13744
0.04795 13744
0.04796 13744
0.04797 13744
0.04798 13744
0.04799 13744
0.048 13744
0.04801 13744
0.04802 13744
0.04803 13744
0.04804 13744
0.04805 13744
0.04806 13744
0.04807 13744
0.04808 13744
0.04809 13744
0.0481 13744
0.04811 13744
0.04812 13744
0.04813 13744
0.04814 13744
0.04815 13744
0.04816 13744
0.04817 13744
0.04818 13744
0.04819 13744
0.0482 13744
0.04821 13744
0.04822 13744
0.04823 13744
0.04824 13744
0.04825 13744
0.04826 13744
0.04827 13744
0.04828 13744
0.04829 13744
0.0483 13744
0.04831 13744
0.04832 13744
0.04833 13744
0.04834 13744
0.04835 13744
0.04836 13744
0.04837 13744
0.04838 13744
0.04839 13744
0.0484 13744
0.04841 13744
0.04842 13744
0.04843 13744
0.04844 13744
0.04845 13744
0.04846 13744
0.04847 13744
0.04848 13744
0.04849 13744
0.0485 13744
0.04851 13744
0.04852 13744
0.04853 13744
0.04854 13744
0.04855 13744
0.04856 13744
0.04857 13744
0.04858 13744
0.04859 13744
0.0486 13744
0.04861 13744
0.04862 13744
0.04863 13744
0.04864 13744
0.04865 13744
0.04866 13744
0.04867 13744
0.04868 13744
0.04869 13744
0.0487 13744
0.04871 13744
0.04872 13744
0.04873 13744
0.04874 13744
0.04875 13744
0.04876 13744
0.04877 13744
0.04878 13744
0.04879 13744
0.0488 13744
0.04881 13744
0.04882 13744
0.04883 13744
0.04884 13744
0.04885 13744
0.04886 13744
0.04887 13744
0.04888 13744
0.04889 13744
0.0489 13744
0.04891 13744
0.04892 13744
0.04893 13744
0.04894 13744
0.04895 13744
0.04896 13744
0.04897 13744
0.04898 13744
0.04899 13744
0.049 13744
0.04901 13744
0.04902 13744
0.04903 13744
0.04904 13744
0.04905 13744
0.04906 13744
0.04907 13744
0.04908 13744
0.04909 13744
0.0491 13744
0.04911 13744
0.04912 13744
0.04913 13744
0.04914 13744
0.04915 13744
0.04916 13744
0.04917 13744
0.04918 13744
0.04919 13744
0.0492 13744
0.04921 13744
0.04922 13744
0.04923 13744
0.04924 13744
0.04925 13744
0.04926 13744
0.04927 13744
0.04928 13744
0.04929 13744
0.0493 13744
0.04931 13744
0.04932 13744
0.04933 13744
0.04934 13744
0.04935 13744
0.04936 13744
0.04937 13744
0.04938 13744
0.04939 13744
0.0494 13744
0.04941 13744
0.04942 13744
0.04943 13744
0.04944 13744
0.04945 13744
0.04946 13744
0.04947 13744
0.04948 13744
0.04949 13744
0.0495 13744
0.04951 13744
0.04952 13744
0.04953 13744
0.04954 13744
0.04955 13744
0.04956 13744
0.04957 13744
0.04958 13744
0.04959 13744
0.0496 13744
0.04961 13744
0.04962 13744
0.04963 13744
0.04964 13744
0.04965 13744
0.04966 13744
0.04967 13744
0.04968 13744
0.04969 13744
0.0497 13744
0.04971 13744
0.04972 13744
0.04973 13744
0.04974 13744
0.04975 13744
0.04976 13744
0.04977 13744
0.04978 13744
0.04979 13744
0.0498 13744
0.04981 13744
0.04982 13744
0.04983 13744
0.04984 13744
0.04985 13744
0.04986 13744
0.04987 13744
0.04988 13744
0.04989 13744
0.0499 13744
0.04991 13744
0.04992 13744
0.04993 13744
0.04994 13744
0.04995 13744
0.04996 13744
0.04997 13744
0.04998 13744
0.04999 13744
0.05 13744
