0.042792 -0.0250000004 0.0157054933 0.0312783868 synchronous_release_0
0.047276 -0.0250000004 0.0192351309 -0.0292405496 synchronous_release_1
0.049374 -0.0250000004 0.0342742365 -0.00709060721 synchronous_release_0
0.002359 -0.0250000004 0.034732281 -0.00432072417 synchronous_release_0
0.045772 -0.0250000004 0.0334987354 0.0101407459 synchronous_release_0
0.043618 -0.0250000004 0.0300082718 -0.0180139841 synchronous_release_0
0.063865 -0.0250000004 -0.0218264449 -0.0273606707 synchronous_release_0
0.043092 -0.0250000004 0.0346082584 -0.00522192043 synchronous_release_1
0.003562 -0.0250000004 0.000979701718 -0.000200460827 synchronous_release_0
0.042801 -0.0250000004 -0.00701612895 -0.0342895601 synchronous_release_0
0.043499 -0.0250000004 -0.0344824041 -0.00599698297 synchronous_release_1
0.042893 -0.0250000004 0.0148948376 0.0316724456 synchronous_release_0
0.045698 -0.0250000004 0.000994280289 0.000106802187 synchronous_release_0
0.047216 -0.0250000004 0.0301687564 0.0177439041 synchronous_release_0
0.05187 -0.0250000004 0.0347419027 -0.00424266348 synchronous_release_2
0.003199 -0.0250000004 -0.0147313055 -0.0317488368 synchronous_release_0
0.013453 -0.0250000004 0.0201296465 -0.0286321032 synchronous_release_0
0.002877 -0.0250000004 0.0304748774 -0.0172128395 synchronous_release_0
0.057568 -0.0250000004 -0.030144195 -0.0177855983 synchronous_release_1
0.044313 -0.0250000004 0.019255354 0.0292272363 synchronous_release_0
0.051602 -0.0250000004 -0.00250885727 -0.0349099647 synchronous_release_0
0.043183 -0.0250000004 0.000140112517 0.000990135588 synchronous_release_0
0.058322 -0.0250000004 0.0346547456 -0.0049039381 synchronous_release_0
0.043397 -0.0250000004 0.0318946638 -0.0144128562 synchronous_release_0
0.036391 -0.0250000004 0.0346785505 -0.00473266678 synchronous_release_0
0.043168 -0.0250000004 -0.000135219051 -0.000990815729 synchronous_release_0
0.055588 -0.0250000004 0.0214378849 0.0276661723 synchronous_release_0
0.059037 -0.0250000004 -0.0346785505 0.00473266678 synchronous_release_0
0.042533 -0.0250000004 0.000342967618 0.000939347227 synchronous_release_0
0.044292 -0.0250000004 0.000868456239 -0.000495765833 synchronous_release_0
0.042547 -0.0250000004 -0.0216827216 0.0274747081 synchronous_release_0
0.048025 -0.0250000004 0.0129524344 0.0325151417 synchronous_release_1
0.050966 -0.0250000004 0.032751602 0.0123423079 synchronous_release_0
0.054151 -0.0250000004 0.0281468491 0.0208027615 synchronous_release_0
0.042539 -0.0250000004 0.0319816923 0.0142186974 synchronous_release_0
0.051833 -0.0250000004 0.0356587853 0.0490250041 synchronous_release_0
0.04646 -0.0250000004 0.00813209345 -0.0340421659 synchronous_release_0
0.017494 -0.0250000004 0.0314868813 -0.0152832035 synchronous_release_0
0.04803 -0.0250000004 0.0289790831 0.0196268373 synchronous_release_0
0.045437 -0.0250000004 -0.000422490542 0.000906367333 synchronous_release_0
0.0459 -0.0250000004 0.0325252286 -0.0129270841 synchronous_release_1
0.050464 -0.0250000004 0.00506743113 -0.0346312163 synchronous_release_1
0.004192 -0.0250000004 -0.000975423163 -0.00022033986 synchronous_release_0
0.043776 -0.0250000004 0.034522936 0.00575907025 synchronous_release_1
0.063637 -0.0250000004 0.0222489691 -0.0270182045 synchronous_release_1
0.052191 -0.0250000004 -0.0262027796 -0.023203757 synchronous_release_0
0.009881 -0.0250000004 8.43355343e-05 0.0349998984 synchronous_release_0
0.025794 -0.0250000004 -7.28174845e-05 0.0349999243 synchronous_release_0
0.048161 -0.0250000004 0.0302744148 0.0175630239 synchronous_release_1
0.049859 -0.0250000004 0.0240776675 -0.0254020851 synchronous_release_0
0.052771 -0.0250000004 0.033692177 -0.00947824922 synchronous_release_1
0.003336 -0.0250000004 0.0340428615 -0.00812918065 synchronous_release_0
0.048518 -0.0250000004 0.0240615077 0.0254173926 synchronous_release_1
0.048987 -0.0250000004 0.000988325662 -0.000152356115 synchronous_release_0
0.002488 -0.0250000004 0.000915640783 0.000401997459 synchronous_release_0
0.007227 -0.0250000004 0.0207189307 0.0282086141 synchronous_release_0
0.046416 -0.0250000004 -0.0207189307 -0.0282086141 synchronous_release_0
0.04265 -0.0250000004 0.0319415744 -0.0143085928 synchronous_release_1
0.042903 -0.0250000004 0.00909737628 0.0337970079 synchronous_release_0
0.043101 -0.0250000004 -0.000370736178 -0.000928738223 synchronous_release_0
0.044723 -0.0250000004 0.0129622666 0.0325112234 synchronous_release_1
0.04361 -0.0250000004 0.034930571 -0.00220345348 synchronous_release_0
0.044116 -0.0250000004 0.0337116026 0.00940892382 synchronous_release_0
0.076919 -0.0250000004 0.0250041684 -0.0244906424 synchronous_release_0
0.048545 -0.0250000004 0.0255019806 0.0239718373 synchronous_release_0
0.056819 -0.0250000004 0.0335112104 -0.0100994444 synchronous_release_0
0.042854 -0.0250000004 -0.0255019806 -0.0239718373 synchronous_release_1
0.002936 -0.0250000004 -0.00913458225 -0.033786971 synchronous_release_0
0.042591 -0.0250000004 0.000483743166 -0.000875210003 synchronous_release_0
0.046692 -0.0250000004 0.0306323501 0.0169310108 synchronous_release_0
0.044137 -0.0250000004 0.0230600027 0.0263293805 synchronous_release_1
0.005377 -0.0250000004 0.0015150889 -0.0349671918 synchronous_release_0
0.00304 -0.0250000004 0.0349432694 0.00199196473 synchronous_release_0
0.020215 -0.0250000004 -0.000836165047 -0.000548477907 synchronous_release_0
0.045646 -0.0250000004 0.025845783 0.0236007522 synchronous_release_0
0.043134 -0.0250000004 0.0333617424 -0.0105827285 synchronous_release_1
0.006887 -0.0250000004 0.0339937728 -0.00833207109 synchronous_release_0
0.046608 -0.0250000004 -0.000722098151 0.000691790618 synchronous_release_0
0.043213 -0.0250000004 0.0224070594 -0.0268872402 synchronous_release_0
0.042247 -0.0250000004 0.0327565566 0.0123291524 synchronous_release_0
0.053284 -0.0250000004 0.00570091907 0.0345325864 synchronous_release_1
0.042944 -0.0250000004 -0.0252728208 -0.024213313 synchronous_release_0
0.046328 -0.0250000004 0.0252728208 0.024213313 synchronous_release_0
0.042862 -0.0250000004 0.0338998461 0.00870634458 synchronous_release_0
0.048372 -0.0250000004 -0.0175231381 -0.0302975185 synchronous_release_0
0.043532 -0.0250000004 0.000995386243 -9.59490917e-05 synchronous_release_0
0.043378 -0.0250000004 0.000999964086 8.47504957e-06 synchronous_release_0
0.04498 -0.0250000004 -0.000296626735 0.034998743 synchronous_release_0
0.00239 -0.0250000004 0.0315952071 0.0150579843 synchronous_release_0
0.043793 -0.0250000004 -0.0315952071 -0.0150579843 synchronous_release_0
0.004123 -0.0250000004 0.023964957 0.0255084464 synchronous_release_0
0.013376 -0.0250000004 0.0101084841 -0.0335084847 synchronous_release_0
0.065996 -0.0250000004 -0.0101084841 0.0335084847 synchronous_release_0
0.042465 -0.0250000004 0.0340734411 -0.00800003839 synchronous_release_1
0.010489 -0.0250000004 0.0301388566 0.0177946431 synchronous_release_0
0.051314 -0.0250000004 -0.0304800413 0.0172036939 synchronous_release_0
0.00339 -0.0250000004 0.0304800413 -0.0172036939 synchronous_release_1
0.042637 -0.0250000004 0.0349999495 5.94731233e-05 synchronous_release_0
0.049877 -0.0250000004 0.0174484695 0.0303405819 synchronous_release_0
0.056119 -0.0250000004 0.0345426211 -0.0056397983 synchronous_release_0
0.045736 -0.0250000004 -0.000986024118 -0.000166602635 synchronous_release_0
0.026085 -0.0250000004 0.0210061677 -0.0279953731 synchronous_release_0
0.047176 -0.0250000004 0.00111704375 0.0349821699 synchronous_release_0
0.008367 -0.0250000004 0.0213324271 0.0277475684 synchronous_release_0
0.05452 -0.0250000004 0.0234970528 -0.0259400947 synchronous_release_0
0.043035 -0.0250000004 0.00593445414 0.0344932204 synchronous_release_0
0.050624 -0.0250000004 0.0269047781 -0.0223859982 synchronous_release_0
0.042271 -0.0250000004 0.0311674075 -0.0159245946 synchronous_release_0
0.06849 -0.0250000004 -0.0293748072 -0.0190294693 synchronous_release_1
0.004495 -0.0250000004 0.0349574165 -0.00172598758 synchronous_release_0
0.047889 -0.0250000004 -0.0114925575 -0.0330593576 synchronous_release_0
0.042759 -0.0250000004 0.0323191902 0.0134339103 synchronous_release_1
0.04263 -0.0250000004 -0.0100840587 0.0335158434 synchronous_release_1
0.043606 -0.0250000004 -0.0129141731 -0.0325303571 synchronous_release_0
0.042612 -0.0250000004 0.00970728758 -0.0336269024 synchronous_release_0
0.042277 -0.0250000004 -0.024268108 -0.0252202089 synchronous_release_1
0.051673 -0.0250000004 0.000960768641 0.000277351074 synchronous_release_1
0.042476 -0.0250000004 0.0340503958 -0.00809756407 synchronous_release_0
0.042452 -0.0250000004 0.030838405 0.0165527271 synchronous_release_0
0.006175 -0.0250000004 0.0346734207 0.00477010415 synchronous_release_0
0.054612 -0.0250000004 0.000926089008 -0.000377305114 synchronous_release_0
0.06262 -0.0250000004 0.0325800215 -0.0127883618 synchronous_release_0
0.043063 -0.0250000004 0.0114976473 0.0330575877 synchronous_release_0
0.051391 -0.0250000004 0.0228798871 -0.0264860485 synchronous_release_0
0.042911 -0.0250000004 0.0300178746 -0.0179979778 synchronous_release_0
0.048305 -0.0250000004 0.000577768732 0.0349952309 synchronous_release_0
0.002878 -0.0250000004 0.0239885128 0.0254862954 synchronous_release_0
0.045544 -0.0250000004 0.0100775229 -0.0335178092 synchronous_release_1
0.042855 -0.0250000004 0.0182751815 0.0298499203 synchronous_release_0
0.045078 -0.0250000004 0.03498838 -0.000901811336 synchronous_release_0
0.045097 -0.0250000004 -0.00156877096 -0.0349648246 synchronous_release_1
0.043008 -0.0250000004 -0.0217521504 0.027419773 synchronous_release_1
0.058982 -0.0250000004 -0.0346117169 -0.00519894719 synchronous_release_0
0.044275 -0.0250000004 0.000782147215 0.00062309368 synchronous_release_1
0.043178 -0.0250000004 0.0218082788 -0.0273751525 synchronous_release_2
0.048996 -0.0250000004 -0.000765135234 0.000643869609 synchronous_release_1
0.060501 -0.0250000004 -0.0119242111 0.0329061269 synchronous_release_1
0.063561 -0.0250000004 0.0246684082 0.0248288066 synchronous_release_0
0.042441 -0.0250000004 0.0349335866 -0.00215511634 synchronous_release_1
0.055009 -0.0250000004 0.0175738938 -0.0302681062 synchronous_release_0
0.043614 -0.0250000004 0.015370053 -0.0314445777 synchronous_release_1
0.060876 -0.0250000004 0.0245600968 0.0249359508 synchronous_release_0
0.061707 -0.0250000004 -0.00931511847 0.0337376432 synchronous_release_0
0.043583 -0.0250000004 0.0338752153 -0.00880169236 synchronous_release_1
0.042744 -0.0250000004 0.0266179326 0.0227263209 synchronous_release_0
0.044917 -0.0250000004 -0.000333961297 -0.000942586788 synchronous_release_1
0.06577 -0.0250000004 -0.0325914617 -0.0127591781 synchronous_release_1
0.042892 -0.0250000004 -0.00712244981 -0.0342676335 synchronous_release_0
0.044025 -0.0250000004 0.0261154163 -0.0233020392 synchronous_release_0
0.049831 -0.0250000004 0.0227087701 0.0266329075 synchronous_release_0
0.058043 -0.0250000004 0.0117103894 -0.0329828255 synchronous_release_0
0.064868 -0.0250000004 -0.0227087701 -0.0266329075 synchronous_release_0
0.043059 -0.0250000004 -0.0344191595 0.00634991806 synchronous_release_1
0.045447 -0.0250000004 -0.00840472248 -0.0339758832 synchronous_release_0
0.044028 -0.0250000004 0.0245298976 0.0249656589 synchronous_release_0
0.049098 -0.0250000004 -0.00935594604 0.0337263439 synchronous_release_0
0.002678 -0.0250000004 0.0172212919 -0.0304701018 synchronous_release_0
0.042824 -0.0250000004 0.0177772363 0.0301491272 synchronous_release_0
0.048191 -0.0250000004 -0.0177772363 -0.0301491272 synchronous_release_0
0.045937 -0.0250000004 0.0234750231 -0.0259600326 synchronous_release_0
0.054439 -0.0250000004 -0.0107445362 -0.0333099826 synchronous_release_0
0.062611 -0.0250000004 0.0107445362 0.0333099826 synchronous_release_0
0.042371 -0.0250000004 0.0348062473 0.00367765566 synchronous_release_0
0.044422 -0.0250000004 -0.0142181804 -0.0319819222 synchronous_release_0
0.046593 -0.0250000004 0.000808693329 0.000588230482 synchronous_release_0
0.042317 -0.0250000004 0.015069244 -0.0315898383 synchronous_release_0
0.055532 -0.0250000004 -0.0109000434 0.0332594205 synchronous_release_1
0.020906 -0.0250000004 0.0102477214 0.0334661651 synchronous_release_0
0.04229 -0.0250000004 -0.0102477214 -0.0334661651 synchronous_release_0
0.04644 -0.0250000004 0.0341064098 0.0078582955 synchronous_release_0
0.002393 -0.0250000004 0.000302808893 -0.0349986901 synchronous_release_0
0.042918 -0.0250000004 -0.000507473864 0.00086166715 synchronous_release_0
0.048587 -0.0250000004 -0.000302808893 0.0349986901 synchronous_release_0
0.005987 -0.0250000004 -0.00319404844 -0.0348539532 synchronous_release_0
0.011069 -0.0250000004 0.0317814331 0.0146608495 synchronous_release_0
0.048311 -0.0250000004 0.0285873847 -0.0201931037 synchronous_release_0
0.044113 -0.0250000004 0.0260620422 0.0233617199 synchronous_release_0
0.043107 -0.0250000004 0.0344011037 -0.00644701965 synchronous_release_0
0.053419 -0.0250000004 0.0116172691 -0.0330157396 synchronous_release_0
0.002418 -0.0250000004 -0.00541930473 -0.0345778995 synchronous_release_0
0.042973 -0.0250000004 0.0326549918 0.0125956942 synchronous_release_1
0.002841 -0.0250000004 0.00932942692 0.0337336893 synchronous_release_0
0.043248 -0.0250000004 0.0245495184 -0.0249463654 synchronous_release_0
0.06235 -0.0250000004 -0.00932942692 -0.0337336893 synchronous_release_0
0.044567 -0.0250000004 -0.0245495184 0.0249463654 synchronous_release_1
0.016012 -0.0250000004 0.0338483581 -0.00890441758 synchronous_release_0
0.00354 -0.0250000004 0.0310083996 -0.0162320409 synchronous_release_0
0.003099 -0.0250000004 -0.026506908 0.0228557176 synchronous_release_0
0.044677 -0.0250000004 0.00654017808 0.0343835145 synchronous_release_0
0.042777 -0.0250000004 0.0257034748 -0.02375566 synchronous_release_1
0.049545 -0.0250000004 0.00671643912 0.0343495189 synchronous_release_0
0.051804 -0.0250000004 0.0154899677 0.0313856799 synchronous_release_0
0.060913 -0.0250000004 0.0194358122 -0.0291075455 synchronous_release_0
0.042588 -0.0250000004 -0.00140821498 -0.034971659 synchronous_release_0
0.00612 -0.0250000004 -0.000751103369 0.000660184618 synchronous_release_0
0.042535 -0.0250000004 0.0311855492 0.0158890378 synchronous_release_0
0.043335 -0.0250000004 0.0112533453 -0.0331415482 synchronous_release_0
0.047516 -0.0250000004 0.0348613637 0.00311212474 synchronous_release_0
0.04646 -0.0250000004 8.89178497e-05 -0.000996038963 synchronous_release_1
0.002799 -0.0250000004 0.0273822484 -0.0217993686 synchronous_release_0
0.038285 -0.0250000004 -0.0325699312 -0.0128140384 synchronous_release_0
0.046282 -0.0250000004 0.0325699312 0.0128140384 synchronous_release_1
0.003619 -0.0250000004 0.0222521629 0.0270155741 synchronous_release_0
0.057831 -0.0250000004 -0.0345222549 0.00576315134 synchronous_release_0
0.043183 -0.0250000004 -0.00950551802 0.0336844939 synchronous_release_0
0.05202 -0.0250000004 0.000946379633 -0.000323056636 synchronous_release_1
0.008126 -0.0250000004 0.0276530203 0.0214548472 synchronous_release_1
0.042308 -0.0250000004 0.0283928953 0.0204656663 synchronous_release_0
0.048311 -0.0250000004 0.0319202345 -0.0143561355 synchronous_release_0
0.014351 -0.0250000004 0.0317698184 0.0146860014 synchronous_release_0
0.042874 -0.0250000004 0.0286033595 -0.0201704691 synchronous_release_0
0.042551 -0.0250000004 0.0272608516 0.0219509902 synchronous_release_0
0.048474 -0.0250000004 -0.0053796894 0.0345840851 synchronous_release_0
0.005483 -0.0250000004 0.000748757671 -0.000662843835 synchronous_release_0
0.047415 -0.0250000004 -0.0345817709 -0.00539454548 synchronous_release_0
0.051707 -0.0250000004 0.0605335852 0.00326880221 synchronous_release_0
0.05423 -0.0250000004 0.0293231707 0.0191089419 synchronous_release_0
0.003859 -0.0250000004 0.0161728247 -0.0310393257 synchronous_release_0
0.047353 -0.0250000004 -0.0254008241 0.0240789978 synchronous_release_0
0.042673 -0.0250000004 0.0349224794 0.00232818298 synchronous_release_0
0.064145 -0.0250000004 0.0154449741 0.0314078458 synchronous_release_0
0.073131 -0.0250000004 -0.0349224794 -0.00232818298 synchronous_release_0
0.013891 -0.0250000004 0.016876073 0.0306626509 synchronous_release_0
0.058201 -0.0250000004 0.0349926711 0.000716217508 synchronous_release_2
0.011071 -0.0250000004 0.0158961297 0.0311819348 synchronous_release_0
0.042259 -0.0250000004 -0.00178144933 -0.034954634 synchronous_release_0
0.044572 -0.0250000004 0.0293808764 -0.0190200974 synchronous_release_1
0.044359 -0.0250000004 0.0064441304 0.0344016451 synchronous_release_0
0.047977 -0.0250000004 -0.0064441304 -0.0344016451 synchronous_release_0
0.04863 -0.0250000004 0.0290799464 -0.0194770818 synchronous_release_1
0.047736 -0.0250000004 0.0345049746 0.00586572498 synchronous_release_0
0.006471 -0.0250000004 0.0345933073 0.00532006457 synchronous_release_0
0.04848 -0.0250000004 -0.0219039647 0.0272986507 synchronous_release_0
0.002434 -0.0250000004 0.000852961395 -0.000521974002 synchronous_release_0
0.053032 -0.0250000004 0.0167194733 -0.0307483205 synchronous_release_0
0.042566 -0.0250000004 0.0341284805 -0.00776188247 synchronous_release_0
0.053304 -0.0250000004 0.0304005289 0.0173438128 synchronous_release_0
0.044244 -0.0250000004 0.0302204469 -0.0176557239 synchronous_release_1
0.002808 -0.0250000004 0.0282948456 0.0206010124 synchronous_release_0
0.049338 -0.0250000004 0.0319884229 -0.0142035489 synchronous_release_1
0.003923 -0.0250000004 0.0189326324 -0.0294373136 synchronous_release_0
0.044513 -0.0250000004 0.0349597776 0.00167748383 synchronous_release_1
0.043367 -0.0250000004 -0.00723424061 -0.0342442077 synchronous_release_0
0.002448 -0.0250000004 0.0349854519 -0.00100903655 synchronous_release_0
0.007552 -0.0250000004 0.0166188747 -0.0308028084 synchronous_release_0
0.046553 -0.0250000004 0.0322749193 0.0135399256 synchronous_release_1
0.043358 -0.0250000004 0.00680528691 -0.0343320269 synchronous_release_0
0.051069 -0.0250000004 0.0331350509 -0.0112724621 synchronous_release_0
0.002569 -0.0250000004 0.0333370072 -0.0106603918 synchronous_release_0
0.043278 -0.0250000004 -0.0333370072 0.0106603918 synchronous_release_0
0.023164 -0.0250000004 0.0211680661 0.0278731588 synchronous_release_0
0.042496 -0.0250000004 -0.0135548305 0.0322686623 synchronous_release_0
0.067182 -0.0250000004 -0.000125585817 -0.00099208276 synchronous_release_0
0.046807 -0.0250000004 -0.0342797728 -0.00706379327 synchronous_release_1
0.043828 -0.0250000004 0.0339439055 0.00853295267 synchronous_release_0
0.046984 -0.0250000004 -0.000243798648 0.000969825871 synchronous_release_0
0.00255 -0.0250000004 0.0226623283 -0.0266724367 synchronous_release_0
0.041985 -0.0250000004 0.0344301719 0.00628993364 synchronous_release_0
0.002621 -0.0250000004 0.0338400319 -0.00893600812 synchronous_release_1
0.079165 -0.0250000004 0.0344080077 0.00641007068 synchronous_release_0
0.049516 -0.0250000004 0.0227552879 -0.0265931734 synchronous_release_1
0.006814 -0.0250000004 0.0244440831 -0.0250496866 synchronous_release_0
0.012465 -0.0250000004 0.0339157065 0.00864435363 synchronous_release_0
0.044204 -0.0250000004 0.0123607765 0.0327446363 synchronous_release_0
0.007616 -0.0250000004 0.0311652717 0.015928774 synchronous_release_0
0.021966 -0.0250000004 0.00178791295 0.034954304 synchronous_release_0
0.042895 -0.0250000004 0.021443266 0.0276620018 synchronous_release_0
0.052268 -0.0250000004 0.0132343633 -0.032401414 synchronous_release_0
0.009275 -0.0250000004 0.0346776293 -0.00473941222 synchronous_release_1
0.043052 -0.0250000004 -0.0108896951 0.0332628102 synchronous_release_0
0.04545 -0.0250000004 0.000912664033 -0.000408710609 synchronous_release_0
0.063515 -0.0250000004 0.034816094 0.00358323862 synchronous_release_0
0.055932 -0.0250000004 0.0290886287 0.0194641127 synchronous_release_1
0.00299 -0.0250000004 -0.00345207466 -0.0348293437 synchronous_release_0
0.044122 -0.0250000004 0.0318891337 0.0144250875 synchronous_release_0
0.042552 -0.0250000004 0.0281336493 0.0208206095 synchronous_release_0
0.018714 -0.0250000004 0.0342110341 -0.00738952965 synchronous_release_0
0.013229 -0.0250000004 0.0321844847 -0.0137535065 synchronous_release_0
0.048163 -0.0250000004 -0.0280031284 -0.0209958281 synchronous_release_0
0.061277 -0.0250000004 0.0280031284 0.0209958281 synchronous_release_0
0.002478 -0.0250000004 0.0175270207 0.0302952726 synchronous_release_0
0.043054 -0.0250000004 0.0197870972 0.0288698941 synchronous_release_0
0.002963 -0.0250000004 0.0139010026 -0.0321210542 synchronous_release_0
0.009551 -0.0250000004 0.0347681503 -0.00402190569 synchronous_release_0
0.003917 -0.0250000004 0.0253882322 -0.024092274 synchronous_release_0
0.042708 -0.0250000004 0.0349999952 -1.83383188e-05 synchronous_release_1
0.043697 -0.0250000004 0.0233055629 -0.0261122718 synchronous_release_0
0.003157 -0.0250000004 -0.00637030964 -0.0344153913 synchronous_release_0
0.045324 -0.0250000004 0.0343011886 0.00695905614 synchronous_release_0
0.043902 -0.0250000004 -0.00841693706 0.0339728593 synchronous_release_1
0.002529 -0.0250000004 0.0336798925 -0.00952180871 synchronous_release_0
0.003286 -0.0250000004 0.0250860745 0.0244067381 synchronous_release_0
0.047498 -0.0250000004 -0.0250860745 -0.0244067381 synchronous_release_0
0.003869 -0.0250000004 -0.000610223563 -0.03499468 synchronous_release_0
0.046008 -0.0250000004 0.000938968958 0.000344001885 synchronous_release_0
0.057425 -0.0250000004 -0.0037437506 -0.0347992002 synchronous_release_0
0.053737 -0.0250000004 -0.00989451861 -0.0335722877 synchronous_release_0
0.046699 -0.0250000004 0.0269455087 0.022336955 synchronous_release_0
0.044318 -0.0250000004 0.0249397096 -0.02455628 synchronous_release_0
0.052807 -0.0250000004 0.0337362171 0.00932028203 synchronous_release_0
0.057942 -0.0250000004 0.0241053687 0.0253757995 synchronous_release_1
0.019427 -0.0250000004 0.000996463697 -8.40244016e-05 synchronous_release_0
0.051089 -0.0250000004 0.0287332736 -0.019984969 synchronous_release_0
0.055372 -0.0250000004 -0.0287332736 0.019984969 synchronous_release_0
0.042251 -0.0250000004 -0.00294085406 -0.0348762294 synchronous_release_1
0.060707 -0.0250000004 0.0316741277 0.0148912604 synchronous_release_1
0.042413 -0.0250000004 0.000998919989 -4.64634926e-05 synchronous_release_0
0.043121 -0.0250000004 0.0310912641 0.01607275 synchronous_release_0
0.049184 -0.0250000004 0.00162622224 0.0349621996 synchronous_release_0
0.054607 -0.0250000004 -0.0310912641 -0.01607275 synchronous_release_0
0.056419 -0.0250000004 -0.000866273774 0.000499569564 synchronous_release_0
0.043342 -0.0250000004 -0.0349963425 0.000505978238 synchronous_release_0
0.041831 -0.0250000004 0.00989665213 0.0335716588 synchronous_release_0
0.055345 -0.0250000004 -0.0241255833 0.0253565816 synchronous_release_0
0.055472 -0.0250000004 0.0340222355 0.00821507726 synchronous_release_1
0.046466 -0.0250000004 -0.0348745428 -0.00296078793 synchronous_release_0
0.042551 -0.0250000004 0.020001389 -0.028721846 synchronous_release_2
0.005989 -0.0250000004 0.0331481559 0.0112338667 synchronous_release_0
0.016961 -0.0250000004 0.0348477437 0.00326109738 synchronous_release_0
0.002423 -0.0250000004 0.0145996787 0.03180958 synchronous_release_1
0.042653 -0.0250000004 0.0332381583 -0.0109647085 synchronous_release_0
0.004768 -0.0250000004 0.0342994745 -0.00696749936 synchronous_release_0
0.026596 -0.0250000004 0.0338557019 -0.00887645461 synchronous_release_0
0.046437 -0.0250000004 -0.0297359432 0.0184600564 synchronous_release_1
0.043122 -0.0250000004 0.000974715817 0.000223448153 synchronous_release_0
0.043558 -0.0250000004 0.0334548457 -0.0102846146 synchronous_release_0
0.042881 -0.0250000004 0.0315570354 0.0151378174 synchronous_release_1
0.042682 -0.0250000004 0.0343941189 -0.00648417945 synchronous_release_0
0.022322 -0.0250000004 -0.0318850594 -0.0144340911 synchronous_release_0
0.043014 -0.0250000004 -0.00344224019 -0.034830317 synchronous_release_0
0.047396 -0.0250000004 -0.0284428193 0.0203962259 synchronous_release_0
0.00312 -0.0250000004 0.0349755774 -0.00130728284 synchronous_release_0
0.047896 -0.0250000004 -0.0186199288 -0.0296360971 synchronous_release_0
0.052979 -0.0250000004 -0.0163556485 0.0309433799 synchronous_release_0
0.043089 -0.0250000004 0.033789511 0.00912518204 synchronous_release_0
0.05311 -0.0250000004 -0.00409984317 -0.0347590461 synchronous_release_0
0.056099 -0.0250000004 -0.0321521385 -0.0138289547 synchronous_release_0
0.048281 -0.0250000004 -0.0308748032 0.0164847363 synchronous_release_0
0.045942 -0.0250000004 -0.000943076105 0.000332576999 synchronous_release_0
0.012421 -0.0250000004 0.011640195 0.0330076637 synchronous_release_1
0.002698 -0.0250000004 0.0253366968 0.0241464655 synchronous_release_0
0.061321 -0.0250000004 -0.0155308258 -0.0313654818 synchronous_release_0
0.059178 -0.0250000004 0.0269443769 -0.0223383203 synchronous_release_1
0.045003 -0.0250000004 0.0152130099 0.0315208555 synchronous_release_1
0.043876 -0.0250000004 0.00202295475 -0.034941489 synchronous_release_1
0.042151 -0.0250000004 0.0345472736 -0.00561122834 synchronous_release_0
0.046405 -0.0250000004 -0.000774662927 0.000632374375 synchronous_release_0
0.054541 -0.0250000004 0.0221331031 0.0271132024 synchronous_release_0
0.04475 -0.0250000004 0.0187994029 0.0295225753 synchronous_release_0
0.013 -0.0250000004 0.00131310631 0.0349753592 synchronous_release_0
0.046742 -0.0250000004 0.0148588972 -0.0316893227 synchronous_release_1
0.046668 -0.0250000004 0.0349077976 -0.00253883161 synchronous_release_0
0.05296 -0.0250000004 -0.0332269806 0.0109985345 synchronous_release_0
0.056974 -0.0250000004 -0.00708848 0.0342746765 synchronous_release_0
0.064879 -0.0250000004 -0.0261385006 -0.023276142 synchronous_release_0
0.019555 -0.0250000004 0.00708848 -0.0342746765 synchronous_release_1
0.039313 -0.0250000004 0.0261385006 0.023276142 synchronous_release_1
0.051146 -0.0250000004 0.0332269806 -0.0109985345 synchronous_release_2
0.005194 -0.0250000004 0.0217001411 0.0274609518 synchronous_release_0
0.002561 -0.0250000004 0.0338729002 -0.00881059756 synchronous_release_0
0.054673 -0.0250000004 -0.013145071 -0.032437742 synchronous_release_0
0.058453 -0.0250000004 0.0349050619 0.00257617093 synchronous_release_1
0.042737 -0.0250000004 0.0234063733 -0.0260219463 synchronous_release_0
0.060983 -0.0250000004 0.0108324799 0.033281487 synchronous_release_0
0.002408 -0.0250000004 0.000780954421 0.000624588018 synchronous_release_0
0.004396 -0.0250000004 0.0127411325 0.0325985205 synchronous_release_0
0.004681 -0.0250000004 -0.00586400595 -0.0345052668 synchronous_release_0
0.052975 -0.0250000004 0.0299154719 -0.0181676784 synchronous_release_0
0.042956 -0.0250000004 0.034426984 -0.00630735874 synchronous_release_0
0.044985 -0.0250000004 0.0117511591 -0.0329683221 synchronous_release_0
0.002509 -0.0250000004 0.028313968 -0.0205747227 synchronous_release_0
0.043008 -0.0250000004 0.00366124851 0.034807977 synchronous_release_0
0.014432 -0.0250000004 0.0310316644 -0.01618752 synchronous_release_0
0.045801 -0.0250000004 0.0338552183 -0.00887829887 synchronous_release_0
0.062062 -0.0250000004 0.0246164415 0.0248803297 synchronous_release_0
0.042788 -0.0250000004 0.0296730634 -0.0185609619 synchronous_release_0
0.048204 -0.0250000004 -0.000590216174 0.000807245234 synchronous_release_0
0.002891 -0.0250000004 -0.00801197507 0.0340706363 synchronous_release_0
0.042573 -0.0250000004 0.025500049 0.0239738921 synchronous_release_0
0.04314 -0.0250000004 0.0349802185 0.00117656752 synchronous_release_0
0.056048 -0.0250000004 0.0348127583 0.00361550272 synchronous_release_0
0.067244 -0.0250000004 0.0205374964 -0.0283409817 synchronous_release_1
0.002929 -0.0250000004 0.0320029755 0.0141707289 synchronous_release_0
0.042917 -0.0250000004 0.028273699 -0.0206300253 synchronous_release_0
0.051246 -0.0250000004 0.000984450112 0.000175664389 synchronous_release_0
0.006478 -0.0250000004 0.0343257653 -0.00683680008 synchronous_release_0
0.015307 -0.0250000004 0.0221866585 0.0270693957 synchronous_release_0
0.042824 -0.0250000004 -0.0221866585 -0.0270693957 synchronous_release_0
0.046898 -0.0250000004 -0.0123494551 0.0327489077 synchronous_release_0
0.042879 -0.0250000004 0.0120579176 0.0328573679 synchronous_release_0
0.043519 -0.0250000004 -0.0344842741 -0.00598622094 synchronous_release_0
0.003021 -0.0250000004 0.0155952103 0.0313335191 synchronous_release_0
0.044461 -0.0250000004 0.0347711006 0.00399631855 synchronous_release_0
0.045596 -0.0250000004 0.0340522343 -0.00808982952 synchronous_release_0
0.053737 -0.0250000004 0.000231137986 0.000972920979 synchronous_release_0
0.007902 -0.0250000004 0.0204451493 0.0284076727 synchronous_release_0
0.043826 -0.0250000004 0.0348243409 -0.00350218229 synchronous_release_0
0.047564 -0.0250000004 -0.0348243409 0.00350218229 synchronous_release_0
0.050036 -0.0250000004 0.0143791916 -0.031909855 synchronous_release_0
0.04233 -0.0250000004 0.0222967511 -0.026978786 synchronous_release_1
0.055131 -0.0250000004 0.0122159385 0.0327989458 synchronous_release_1
0.052554 -0.0250000004 0.0347874429 0.00385146896 synchronous_release_0
0.003071 -0.0250000004 0.0135253569 0.0322810273 synchronous_release_0
0.047176 -0.0250000004 -0.0135253569 -0.0322810273 synchronous_release_0
0.042758 -0.0250000004 -0.000790543717 -0.000612405611 synchronous_release_1
0.042617 -0.0250000004 0.0221938028 0.0270635385 synchronous_release_0
0.006096 -0.0250000004 -0.0269454914 0.0223369759 synchronous_release_0
0.011704 -0.0250000004 0.0222227433 -0.0270397796 synchronous_release_0
0.046223 -0.0250000004 0.0292042953 -0.0192901305 synchronous_release_0
0.04249 -0.0250000004 0.0202809609 -0.0285251227 synchronous_release_0
0.051658 -0.0250000004 -0.000909325392 0.000416085726 synchronous_release_0
0.005474 -0.0250000004 0.0283753189 -0.0204900287 synchronous_release_1
0.048157 -0.0250000004 0.0341175874 -0.00780962429 synchronous_release_1
0.008363 -0.0250000004 0.0152100874 0.0315222658 synchronous_release_0
0.043182 -0.0250000004 -0.0152100874 -0.0315222658 synchronous_release_0
0.050709 -0.0250000004 0.000826670143 0.000562686835 synchronous_release_0
0.043435 -0.0250000004 0.0293051642 0.0191365449 synchronous_release_0
0.009225 -0.0250000004 0.0036031742 0.0348140365 synchronous_release_1
0.044424 -0.0250000004 -0.0036031742 -0.0348140365 synchronous_release_1
0.06375 -0.0250000004 0.0249032921 0.0245932113 synchronous_release_1
0.043262 -0.0250000004 0.0295916614 0.0186904676 synchronous_release_1
0.048775 -0.0250000004 0.00139058902 -0.0349723643 synchronous_release_1
0.006968 -0.0250000004 0.0338528956 -0.00888715131 synchronous_release_0
0.043934 -0.0250000004 -0.00922994901 0.0337610433 synchronous_release_0
0.042979 -0.0250000004 0.00474056887 -0.0346774712 synchronous_release_0
0.044019 -0.0250000004 0.0223261822 -0.0269544354 synchronous_release_0
0.042486 -0.0250000004 0.00137136267 -0.0349731235 synchronous_release_0
0.004748 -0.0250000004 -0.0282596116 0.0206493184 synchronous_release_0
0.042883 -0.0250000004 0.0290579503 0.0195098827 synchronous_release_0
0.043005 -0.0250000004 0.032526284 -0.0129244283 synchronous_release_0
0.046318 -0.0250000004 0.0274560253 0.0217063741 synchronous_release_1
0.052771 -0.0250000004 0.00507025873 -0.0346308024 synchronous_release_1
0.042944 -0.0250000004 0.0333340523 0.0106696279 synchronous_release_1
0.005937 -0.0250000004 0.0349995776 0.000171957009 synchronous_release_1
0.04233 -0.0250000004 0.0341187543 -0.00780452459 synchronous_release_0
0.058255 -0.0250000004 0.057937048 0.0178409211 synchronous_release_0
0.043092 -0.0250000004 -0.0261945355 0.0232130633 synchronous_release_0
0.044207 -0.0250000004 0.0332003703 0.0110786016 synchronous_release_0
0.002734 -0.0250000004 0.0349666329 -0.00152793447 synchronous_release_0
0.013041 -0.0250000004 -0.0313338005 0.0155946447 synchronous_release_0
0.002685 -0.0250000004 -2.6402056e-05 -0.000999651405 synchronous_release_0
0.008238 -0.0250000004 0.0182941694 0.0298382869 synchronous_release_0
0.042832 -0.0250000004 0.0349877992 -0.000924071959 synchronous_release_1
0.042778 -0.0250000004 0.0205703197 -0.028317167 synchronous_release_0
0.044812 -0.0250000004 -0.00537825822 -0.0345843077 synchronous_release_0
0.010294 -0.0250000004 0.0326400181 0.0126344456 synchronous_release_1
0.003196 -0.0250000004 0.0305938194 0.0170005357 synchronous_release_0
0.047531 -0.0250000004 -0.0305938194 -0.0170005357 synchronous_release_0
0.00223 -0.0250000004 0.0159487453 -0.0311550561 synchronous_release_0
0.029493 -0.0250000004 0.0190066974 0.0293895467 synchronous_release_0
0.043024 -0.0250000004 -0.0349554427 0.00176550943 synchronous_release_0
0.056649 -0.0250000004 0.000890144461 0.000455678439 synchronous_release_0
0.04238 -0.0250000004 0.0196869041 -0.0289383104 synchronous_release_0
0.042372 -0.0250000004 0.00465096471 0.0346896026 synchronous_release_0
0.057664 -0.0250000004 0.02306563 -0.0560622575 synchronous_release_1
0.046606 -0.0250000004 3.0338885e-05 0.00099953967 synchronous_release_0
0.050655 -0.0250000004 0.0165723456 -0.0308278666 synchronous_release_1
0.005796 -0.0250000004 -0.0249639296 -0.0245316575 synchronous_release_0
0.043955 -0.0250000004 -0.0223171167 -0.0269619417 synchronous_release_0
0.060883 -0.0250000004 -0.000937376025 -0.000348319088 synchronous_release_0
0.049127 -0.0250000004 0.0223171167 0.0269619417 synchronous_release_1
0.054819 -0.0250000004 0.0347072446 -0.00451742978 synchronous_release_0
0.043134 -0.0250000004 -0.0102503133 0.0334653713 synchronous_release_0
0.05364 -0.0250000004 0.034249862 -0.0072074235 synchronous_release_0
0.042667 -0.0250000004 -0.0349076153 0.00254133698 synchronous_release_0
0.043323 -0.0250000004 -0.0123133772 -0.0327624899 synchronous_release_0
0.048913 -0.0250000004 0.0345298371 0.00571754746 synchronous_release_1
0.048026 -0.0250000004 0.0204271101 -0.028420647 synchronous_release_0
0.042271 -0.0250000004 0.0334712422 0.0102311262 synchronous_release_1
0.04282 -0.0250000004 0.0248003649 -0.0246970019 synchronous_release_0
0.049983 -0.0250000004 0.0341784958 -0.00753859547 synchronous_release_0
0.002352 -0.0250000004 0.00954857169 0.0336723147 synchronous_release_0
0.01528 -0.0250000004 0.0229935268 -0.0263874539 synchronous_release_0
0.046947 -0.0250000004 -0.0343489688 -0.00671925143 synchronous_release_0
0.002445 -0.0250000004 -0.00611662051 -0.0344613835 synchronous_release_0
0.010782 -0.0250000004 0.0349143074 0.00244767958 synchronous_release_0
0.042581 -0.0250000004 0.000828938212 0.000559340183 synchronous_release_1
0.047957 -0.0250000004 0.022952818 0.0264228717 synchronous_release_1
0.056958 -0.0250000004 -0.000740809125 -0.0349921591 synchronous_release_0
0.044021 -0.0250000004 -0.000683167722 0.000730261504 synchronous_release_0
0.049304 -0.0250000004 0.0255591526 0.0239108703 synchronous_release_0
0.053603 -0.0250000004 0.00927540257 -0.0337485838 synchronous_release_0
0.009056 -0.0250000004 0.0114477412 0.0330749032 synchronous_release_0
0.042668 -0.0250000004 0.0458396716 -0.0529029726 synchronous_release_0
0.042314 -0.0250000004 0.0071139237 -0.0342694046 synchronous_release_0
0.043059 -0.0250000004 0.0234484043 -0.0259840785 synchronous_release_0
0.014257 -0.0250000004 -0.0234484043 0.0259840785 synchronous_release_1
0.042341 -0.0250000004 -0.0195902156 0.0290038524 synchronous_release_0
0.048379 -0.0250000004 0.0348005376 -0.00373129793 synchronous_release_0
0.003044 -0.0250000004 0.0223365427 -0.0269458505 synchronous_release_0
0.044158 -0.0250000004 0.0283717414 -0.0204949821 synchronous_release_0
0.050327 -0.0250000004 0.0341659838 -0.00759510046 synchronous_release_1
0.004571 -0.0250000004 0.0325109952 0.0129628389 synchronous_release_0
0.043039 -0.0250000004 -0.00502934979 -0.0346367672 synchronous_release_0
0.046938 -0.0250000004 0.000217868748 -0.000975978078 synchronous_release_0
0.044496 -0.0250000004 0.0342632562 -0.00714347762 synchronous_release_0
0.043177 -0.0250000004 0.0279126919 0.0211159095 synchronous_release_0
0.005654 -0.0250000004 0.0253414154 -0.0241415133 synchronous_release_0
0.051124 -0.0250000004 0.0255005348 0.0239733754 synchronous_release_0
0.011373 -0.0250000004 0.0260414922 -0.0233846249 synchronous_release_0
0.042357 -0.0250000004 0.00723093314 0.0342449063 synchronous_release_0
0.045794 -0.0250000004 -0.0221506124 0.0270988998 synchronous_release_0
0.042298 -0.0250000004 0.00367971027 -0.0348060301 synchronous_release_0
0.043508 -0.0250000004 0.0319827614 -0.0142162925 synchronous_release_0
0.045907 -0.0250000004 -0.00367971027 0.0348060301 synchronous_release_0
0.042379 -0.0250000004 0.0346893428 0.00465290175 synchronous_release_0
0.011237 -0.0250000004 0.0319017336 -0.0143972009 synchronous_release_0
0.048937 -0.0250000004 0.0330801876 0.011432462 synchronous_release_0
0.048471 -0.0250000004 0.0310400689 -0.0161713984 synchronous_release_0
0.005362 -0.0250000004 0.00173994149 0.0349567247 synchronous_release_0
0.043081 -0.0250000004 -0.00173994149 -0.0349567247 synchronous_release_0
0.047844 -0.0250000004 0.0311433824 0.0159715288 synchronous_release_0
0.045527 -0.0250000004 0.000271194916 -0.00096252445 synchronous_release_0
0.010754 -0.0250000004 0.0312140937 0.0158328883 synchronous_release_0
0.046588 -0.0250000004 -0.0293187303 0.019115754 synchronous_release_1
0.042781 -0.0250000004 0.0332667587 0.0108776267 synchronous_release_0
0.051257 -0.0250000004 -0.0260536804 0.0233710448 synchronous_release_0
0.043708 -0.0250000004 0.0347576439 -0.00411171349 synchronous_release_0
0.052329 -0.0250000004 0.0138179736 -0.0321568594 synchronous_release_0
0.066152 -0.0250000004 0.0057662571 0.0345217363 synchronous_release_0
0.043241 -0.0250000004 0.0314852232 -0.015286619 synchronous_release_0
0.045662 -0.0250000004 0.028981212 0.0196236936 synchronous_release_0
0.070588 -0.0250000004 -0.00749486278 -0.0341881124 synchronous_release_0
0.010933 -0.0250000004 0.00653408403 0.0343846731 synchronous_release_0
0.043807 -0.0250000004 -7.95424845e-05 -0.000996831477 synchronous_release_0
0.071193 -0.0250000004 -0.0198555543 -0.0288228549 synchronous_release_0
0.002691 -0.0250000004 0.0297136036 0.0184959931 synchronous_release_0
0.008982 -0.0250000004 0.0322435631 -0.0136144276 synchronous_release_0
0.020108 -0.0250000004 0.030812887 0.0166001805 synchronous_release_0
0.042659 -0.0250000004 0.0297826215 -0.0183846527 synchronous_release_0
0.042646 -0.0250000004 0.0349288629 0.00223036694 synchronous_release_1
0.010581 -0.0250000004 0.0221902138 -0.0270664813 synchronous_release_0
0.003571 -0.0250000004 -0.0208971921 -0.0280768118 synchronous_release_0
0.028815 -0.0250000004 0.0138666363 -0.0321359051 synchronous_release_0
0.047686 -0.0250000004 0.0118999541 0.0329149068 synchronous_release_0
0.058918 -0.0250000004 -0.0225551684 0.026763116 synchronous_release_1
0.047371 -0.0250000004 0.0349999383 6.57267711e-05 synchronous_release_0
0.054264 -0.0250000004 0.0112856201 -0.0331305717 synchronous_release_0
0.042906 -0.0250000004 0.00226592591 -0.0349265741 synchronous_release_0
0.043309 -0.0250000004 0.0234243996 0.0659643654 synchronous_release_1
0.042637 -0.0250000004 0.0111011794 -0.0331928278 synchronous_release_0
0.06013 -0.0250000004 0.000748866208 -0.000662721211 synchronous_release_0
0.043996 -0.0250000004 -0.000739297187 0.00067337929 synchronous_release_1
0.051455 -0.0250000004 0.0264942528 0.0228703863 synchronous_release_0
0.044644 -0.0250000004 0.0330534619 -0.0115095028 synchronous_release_1
0.043095 -0.0250000004 0.0328511602 -0.0120748197 synchronous_release_0
0.042562 -0.0250000004 0.00736532961 0.0342162523 synchronous_release_0
0.049925 -0.0250000004 0.0224077562 -0.0268866596 synchronous_release_0
0.005324 -0.0250000004 0.0342934578 -0.00699705303 synchronous_release_0
0.042018 -0.0250000004 0.0232063546 0.0262004791 synchronous_release_1
0.042921 -0.0250000004 -0.0339748505 -0.00840889629 synchronous_release_0
0.003761 -0.0250000004 2.08154039e-05 -0.0349999938 synchronous_release_0
0.042345 -0.0250000004 0.0289383164 -0.0196868952 synchronous_release_0
0.005688 -0.0250000004 0.0199527718 0.0287556412 synchronous_release_0
0.052513 -0.0250000004 -0.0348880082 0.00279765684 synchronous_release_0
0.00262 -0.0250000004 0.0344120181 -0.00638850598 synchronous_release_0
0.043984 -0.0250000004 -0.0204801012 -0.028382485 synchronous_release_0
0.009199 -0.0250000004 -0.0195363656 -0.0290401518 synchronous_release_1
0.041876 -0.0250000004 0.0331116545 -0.0113410024 synchronous_release_0
0.029776 -0.0250000004 -0.0133973148 -0.0323343773 synchronous_release_0
0.007717 -0.0250000004 0.0329227371 0.0118782734 synchronous_release_0
0.045023 -0.0250000004 -0.0329227371 -0.0118782734 synchronous_release_0
0.050035 -0.0250000004 0.0267482551 -0.02257279 synchronous_release_0
0.005143 -0.0250000004 0.0349409125 -0.00203288736 synchronous_release_0
0.04669 -0.0250000004 -0.0157099242 0.0312761616 synchronous_release_1
0.008437 -0.0250000004 0.0196045093 -0.0289941928 synchronous_release_0
0.006334 -0.0250000004 0.0133817531 -0.0323408207 synchronous_release_0
0.013847 -0.0250000004 0.0320853701 0.0139831693 synchronous_release_0
0.00429 -0.0250000004 -0.019328434 0.0291789588 synchronous_release_0
0.042324 -0.0250000004 0.0349339366 0.00214943547 synchronous_release_0
0.002358 -0.0250000004 0.00810487946 0.0340486553 synchronous_release_0
0.003249 -0.0250000004 -0.000239947231 -0.000970785932 synchronous_release_0
0.042343 -0.0250000004 0.0339775076 -0.00839815309 synchronous_release_0
0.042616 -0.0250000004 0.0320838363 -0.0139866883 synchronous_release_0
0.050379 -0.0250000004 -0.00392909075 0.0347787614 synchronous_release_1
0.043153 -0.0250000004 0.0155239159 0.0313689024 synchronous_release_0
0.042876 -0.0250000004 -0.00637303718 -0.0344148863 synchronous_release_1
0.002964 -0.0250000004 0.00141118531 -0.0349715392 synchronous_release_0
0.007922 -0.0250000004 0.0295806487 0.0187078919 synchronous_release_0
0.046993 -0.0250000004 -0.000999186835 -4.03195802e-05 synchronous_release_0
0.046211 -0.0250000004 -0.000999996971 2.46125193e-06 synchronous_release_1
0.043202 -0.0250000004 0.0349573753 -0.00172682116 synchronous_release_0
0.052396 -0.0250000004 0.00088963959 0.000456663333 synchronous_release_0
0.002632 -0.0250000004 0.027861804 -0.0211830091 synchronous_release_1
0.044002 -0.0250000004 0.0192698338 -0.0292176916 synchronous_release_0
0.045596 -0.0250000004 -0.00083479119 -0.000550566681 synchronous_release_0
0.002787 -0.0250000004 0.0153817794 0.0314388432 synchronous_release_0
0.008991 -0.0250000004 0.03448248 -0.00599654698 synchronous_release_0
0.053701 -0.0250000004 -0.00684336928 0.0343244563 synchronous_release_0
0.05091 -0.0250000004 -0.000544679679 0.0349957615 synchronous_release_1
0.00838 -0.0250000004 -0.0347348721 0.0042998443 synchronous_release_0
0.042289 -0.0250000004 0.0346283323 -0.00508710177 synchronous_release_1
0.054322 -0.0250000004 -0.0318171169 0.0145832462 synchronous_release_0
0.058047 -0.0250000004 -0.000578937383 0.000815372005 synchronous_release_0
0.071471 -0.0250000004 -0.0285380202 -0.0202628084 synchronous_release_0
0.043 -0.0250000004 0.0318171169 -0.0145832462 synchronous_release_1
0.0578 -0.0250000004 -0.00327909676 0.0348460546 synchronous_release_1
0.060765 -0.0250000004 0.0285380202 0.0202628084 synchronous_release_1
0.042838 -0.0250000004 0.0309185594 -0.0164025207 synchronous_release_0
0.042482 -0.0250000004 0.0132839657 -0.0323811096 synchronous_release_0
0.053532 -0.0250000004 0.0214008806 0.0276948065 synchronous_release_0
0.006728 -0.0250000004 0.0346848463 -0.00468630303 synchronous_release_1
0.044345 -0.0250000004 -0.00416353239 0.0347514748 synchronous_release_0
0.007752 -0.0250000004 0.0272504082 0.0219639534 synchronous_release_0
0.003553 -0.0250000004 -0.00301894914 -0.0348695561 synchronous_release_0
0.011175 -0.0250000004 -0.000572836135 -0.000819669911 synchronous_release_0
0.012339 -0.0250000004 -0.00609799779 0.0344646837 synchronous_release_0
0.064379 -0.0250000004 0.0267982927 0.0225133629 synchronous_release_0
0.005391 -0.0250000004 -0.00557432404 -0.0345532475 synchronous_release_0
0.042748 -0.0250000004 -0.0271368281 0.02210413 synchronous_release_0
0.055711 -0.0250000004 0.0349615523 -0.0016400805 synchronous_release_0
0.05453 -0.0250000004 0.0226533827 -0.0266800347 synchronous_release_0
0.052907 -0.0250000004 -0.0216311575 0.0275153235 synchronous_release_0
0.0553 -0.0250000004 -0.0346445479 -0.00497547014 synchronous_release_0
0.060136 -0.0250000004 0.0216311575 -0.0275153235 synchronous_release_0
0.060617 -0.0250000004 -0.0007861521 -0.000618033071 synchronous_release_0
0.058586 -0.0250000004 0.0346445479 0.00497547014 synchronous_release_1
0.004958 -0.0250000004 -0.000632106412 0.000774881594 synchronous_release_0
0.06269 -0.0250000004 0.0337107126 -0.00941211221 synchronous_release_0
0.043814 -0.0250000004 0.000184651051 -0.000982804146 synchronous_release_0
0.052329 -0.0250000004 0.0343981451 0.00646278679 synchronous_release_0
0.046302 -0.0250000004 0.0158808994 -0.0311896943 synchronous_release_0
0.04295 -0.0250000004 0.0314579858 0.0153425921 synchronous_release_0
0.002527 -0.0250000004 0.0326947694 0.0124920796 synchronous_release_0
0.046688 -0.0250000004 -0.00552892646 -0.0345605407 synchronous_release_2
0.002543 -0.0250000004 0.029117791 -0.0194204595 synchronous_release_0
0.002624 -0.0250000004 0.0341213657 -0.00779309961 synchronous_release_0
0.053723 -0.0250000004 0.0238097051 0.0256534197 synchronous_release_0
0.043539 -0.0250000004 0.0216715233 0.027483542 synchronous_release_0
0.053667 -0.0250000004 -0.0216715233 -0.027483542 synchronous_release_0
0.045425 -0.0250000004 -0.00769857801 0.0341428162 synchronous_release_0
0.04612 -0.0250000004 -0.0300966748 0.0178658939 synchronous_release_0
0.043928 -0.0250000004 0.0311889912 0.0158822803 synchronous_release_1
0.047195 -0.0250000004 0.0322237292 -0.0136613058 synchronous_release_1
0.050686 -0.0250000004 0.0129693983 0.032508379 synchronous_release_0
0.060229 -0.0250000004 0.000785314797 0.000619096656 synchronous_release_0
0.04382 -0.0250000004 -0.021668383 0.0274860179 synchronous_release_1
0.064872 -0.0250000004 -0.0346377812 -0.00502236114 synchronous_release_1
0.072301 -0.0250000004 0.021668383 -0.0274860179 synchronous_release_1
0.042801 -0.0250000004 0.0325302895 0.0129143434 synchronous_release_0
0.052263 -0.0250000004 -0.0274492942 0.0217148854 synchronous_release_0
0.003401 -0.0250000004 0.0348044685 0.00369445198 synchronous_release_0
0.043091 -0.0250000004 0.014202745 0.0319887798 synchronous_release_0
0.046519 -0.0250000004 -0.014202745 -0.0319887798 synchronous_release_0
0.043629 -0.0250000004 0.0295349358 0.0187799779 synchronous_release_0
0.003106 -0.0250000004 -0.00256388239 -0.0349059666 synchronous_release_0
0.047296 -0.0250000004 -0.0167293511 0.0307429474 synchronous_release_0
0.003077 -0.0250000004 0.017686329 0.0302025457 synchronous_release_0
0.008539 -0.0250000004 -0.0349993363 0.000215537329 synchronous_release_0
0.053662 -0.0250000004 -0.0173130074 0.030418083 synchronous_release_0
0.04482 -0.0250000004 0.00410858502 0.0347580139 synchronous_release_0
0.018485 -0.0250000004 -0.0329524392 0.0117956241 synchronous_release_0
0.042015 -0.0250000004 0.0329524392 -0.0117956241 synchronous_release_1
0.003118 -0.0250000004 0.0308915073 -0.0164534123 synchronous_release_0
0.052003 -0.0250000004 -0.0120944971 0.0328439209 synchronous_release_0
0.046609 -0.0250000004 0.0344909184 -0.00594781873 synchronous_release_1
0.047731 -0.0250000004 -0.0213442378 -0.0277384843 synchronous_release_0
0.043062 -0.0250000004 0.0213442378 0.0277384843 synchronous_release_1
0.008122 -0.0250000004 0.0320605023 0.0140400922 synchronous_release_0
0.04301 -0.0250000004 0.00387117462 0.0347852556 synchronous_release_0
0.054751 -0.0250000004 0.0281893277 -0.0207451634 synchronous_release_0
0.04557 -0.0250000004 0.0270814202 0.0221719796 synchronous_release_0
0.007155 -0.0250000004 0.034938089 -0.0020808499 synchronous_release_0
0.042884 -0.0250000004 -0.0156669756 0.0312976976 synchronous_release_0
0.002663 -0.0250000004 0.000894514769 0.000447038396 synchronous_release_0
0.042502 -0.0250000004 0.0339026631 -0.00869536859 synchronous_release_2
0.006733 -0.0250000004 -0.0349890154 -0.000876811413 synchronous_release_0
0.043017 -0.0250000004 0.0182538487 -0.0298629705 synchronous_release_0
0.002668 -0.0250000004 0.0162670671 -0.0309900391 synchronous_release_0
0.007704 -0.0250000004 0.0349716947 -0.00140732618 synchronous_release_0
0.042751 -0.0250000004 -0.0187046276 -0.029582713 synchronous_release_1
0.043573 -0.0250000004 -0.000915952333 -0.000401287084 synchronous_release_0
0.042536 -0.0250000004 0.0347921179 -0.00380900685 synchronous_release_0
0.013711 -0.0250000004 0.0242431284 -0.0252442216 synchronous_release_0
0.054501 -0.0250000004 0.0314460235 -0.0153670949 synchronous_release_1
0.046694 -0.0250000004 0.0102973364 -0.0334509322 synchronous_release_0
0.042947 -0.0250000004 0.034935023 -0.00213170513 synchronous_release_0
0.047775 -0.0250000004 0.0193136223 0.0291887649 synchronous_release_1
0.06658 -0.0250000004 -0.0193136223 -0.0291887649 synchronous_release_1
0.00536 -0.0250000004 0.0338609906 0.00885625846 synchronous_release_0
0.002644 -0.0250000004 0.0348953031 0.00270514728 synchronous_release_0
0.002618 -0.0250000004 0.0345496917 0.00559632047 synchronous_release_0
0.022685 -0.0250000004 0.0124282902 0.0327190709 synchronous_release_0
0.00844 -0.0250000004 0.000934830598 -0.000355094005 synchronous_release_1
0.009187 -0.0250000004 -0.0252813443 -0.0242044134 synchronous_release_0
0.016115 -0.0250000004 0.000279773706 0.000960065973 synchronous_release_0
0.054429 -0.0250000004 0.0336023091 -0.00979207971 synchronous_release_0
0.002313 -0.0250000004 0.0242987617 -0.0251906765 synchronous_release_0
0.005604 -0.0250000004 0.0321680098 -0.0137919957 synchronous_release_0
0.05036 -0.0250000004 -9.81100846e-06 0.0349999986 synchronous_release_0
0.042597 -0.0250000004 0.0339703727 -0.00842696738 synchronous_release_0
0.007266 -0.0250000004 0.0297893596 -0.0183737327 synchronous_release_0
0.005895 -0.0250000004 0.0323905393 -0.0132609563 synchronous_release_0
0.010562 -0.0250000004 0.0303740372 -0.0173901658 synchronous_release_0
0.050516 -0.0250000004 -0.0340248121 0.00820439872 synchronous_release_1
0.045942 -0.0250000004 0.00660371649 0.0343713679 synchronous_release_0
0.049815 -0.0250000004 -0.0264646195 0.0229046702 synchronous_release_0
0.043336 -0.0250000004 0.033068336 0.0114666977 synchronous_release_1
0.050738 -0.0250000004 -0.0341064102 0.00785829374 synchronous_release_1
0.028997 -0.0250000004 0.0330970553 -0.0113835376 synchronous_release_0
0.005511 -0.0250000004 0.0349151142 0.0024361446 synchronous_release_0
0.044761 -0.0250000004 0.0195673202 -0.0290193036 synchronous_release_1
0.04335 -0.0250000004 0.000449802435 -0.000893128081 synchronous_release_0
0.044329 -0.0250000004 0.0154036326 -0.0314281419 synchronous_release_1
0.002687 -0.0250000004 0.0180117307 -0.0300096244 synchronous_release_0
0.049572 -0.0250000004 0.0080141439 -0.0340701262 synchronous_release_1
0.044973 -0.0250000004 0.0226606545 -0.0266738587 synchronous_release_0
0.046651 -0.0250000004 -0.011769912 -0.0329616318 synchronous_release_0
0.042725 -0.0250000004 0.011769912 0.0329616318 synchronous_release_1
0.047706 -0.0250000004 0.0336599136 -0.00959219543 synchronous_release_0
0.045551 -0.0250000004 0.0308068177 -0.0166114414 synchronous_release_0
0.047382 -0.0250000004 0.00101747857 -0.0349852074 synchronous_release_1
0.075648 -0.0250000004 0.0192999291 -0.0291978207 synchronous_release_0
0.042258 -0.0250000004 0.000448524968 -0.000893770302 synchronous_release_0
0.042564 -0.0250000004 -0.00187638292 0.0349496665 synchronous_release_1
0.01288 -0.0250000004 0.0298649065 0.0182506811 synchronous_release_0
0.045387 -0.0250000004 0.000926934123 -0.000375224108 synchronous_release_0
0.044087 -0.0250000004 0.0329373196 -0.0118377774 synchronous_release_1
0.058489 -0.0250000004 -0.00833412916 -0.0339932683 synchronous_release_0
0.042964 -0.0250000004 0.0336060985 0.00977906659 synchronous_release_1
0.044547 -0.0250000004 0.0320640677 0.0140319478 synchronous_release_0
0.009432 -0.0250000004 0.0269345971 -0.0223501113 synchronous_release_0
0.044512 -0.0250000004 0.0135980238 -0.0322504845 synchronous_release_0
0.003781 -0.0250000004 -0.0286286745 0.0201345225 synchronous_release_0
0.01904 -0.0250000004 0.0194385745 0.0291057008 synchronous_release_0
0.042157 -0.0250000004 0.0349255636 -0.00228144893 synchronous_release_0
0.048418 -0.0250000004 0.0154869891 -0.0313871498 synchronous_release_1
0.043048 -0.0250000004 0.0205769217 -0.02831237 synchronous_release_1
0.045487 -0.0250000004 -0.017213185 -0.0304746823 synchronous_release_0
0.006128 -0.0250000004 0.0344691356 0.00607278308 synchronous_release_0
0.017527 -0.0250000004 0.034493306 0.00593395641 synchronous_release_0
0.043355 -0.0250000004 0.000169541612 -0.00098552303 synchronous_release_0
0.04629 -0.0250000004 0.0087445299 0.0338900162 synchronous_release_0
0.009925 -0.0250000004 -0.00953628933 -0.0336757953 synchronous_release_0
0.042386 -0.0250000004 0.0259242145 0.0235145721 synchronous_release_1
0.004063 -0.0250000004 0.0290421639 0.0195333745 synchronous_release_0
0.002754 -0.0250000004 0.0336382967 -0.00966772956 synchronous_release_0
0.043094 -0.0250000004 -0.018307396 -0.0298301735 synchronous_release_1
0.063961 -0.0250000004 0.0349808574 -0.00115741793 synchronous_release_0
0.054938 -0.0250000004 0.018492782 0.0297156022 synchronous_release_1
0.00987 -0.0250000004 0.0166763786 -0.0307717142 synchronous_release_0
0.042388 -0.0250000004 0.0349872755 -0.000943689606 synchronous_release_0
0.057827 -0.0250000004 0.00304314047 0.0348674532 synchronous_release_0
0.047728 -0.0250000004 0.02867453 -0.0200691636 synchronous_release_1
0.042884 -0.0250000004 0.0337722752 -0.00918876647 synchronous_release_0
0.048701 -0.0250000004 0.0248438428 0.024653265 synchronous_release_0
0.056238 -0.0250000004 -0.0248438428 -0.024653265 synchronous_release_0
0.043322 -0.0250000004 -0.0216958912 0.0274643097 synchronous_release_1
0.056556 -0.0250000004 0.0169696773 -0.0306109466 synchronous_release_0
0.054806 -0.0250000004 -0.0349565306 -0.00174383754 synchronous_release_0
0.005711 -0.0250000004 0.0349983422 -0.000340646783 synchronous_release_0
0.045266 -0.0250000004 -0.0172041624 0.0304797769 synchronous_release_1
0.014683 -0.0250000004 0.0291291099 -0.019403478 synchronous_release_0
0.043092 -0.0250000004 0.00448198516 -0.0347118396 synchronous_release_0
0.045326 -0.0250000004 0.0245158822 0.024979422 synchronous_release_1
0.004124 -0.0250000004 0.0312752806 -0.015711678 synchronous_release_0
0.002387 -0.0250000004 0.0294023317 -0.0189869136 synchronous_release_0
0.003001 -0.0250000004 0.0343251852 0.00683971209 synchronous_release_0
0.045477 -0.0250000004 0.0184556926 -0.0297386518 synchronous_release_0
0.043214 -0.0250000004 0.01779 0.0301415975 synchronous_release_0
0.05364 -0.0250000004 0.0349983891 -0.000335793133 synchronous_release_0
0.042858 -0.0250000004 0.013603039 -0.0322483694 synchronous_release_1
0.042526 -0.0250000004 0.0153965698 -0.0314316025 synchronous_release_0
0.006742 -0.0250000004 0.0232587653 -0.0261539641 synchronous_release_0
0.042578 -0.0250000004 -0.0342793799 -0.00706569958 synchronous_release_0
0.042811 -0.0250000004 0.0313277562 0.0156067835 synchronous_release_0
0.042865 -0.0250000004 0.0248212983 -0.024675963 synchronous_release_0
0.004508 -0.0250000004 0.0320090103 -0.0141570923 synchronous_release_0
0.046648 -0.0250000004 0.030112245 0.0178396384 synchronous_release_0
0.051213 -0.0250000004 -0.000393457571 0.0349977884 synchronous_release_0
0.00412 -0.0250000004 0.00429559461 -0.0347353979 synchronous_release_0
0.047511 -0.0250000004 0.0322295343 -0.0136476049 synchronous_release_0
0.05059 -0.0250000004 0.017997438 0.0300181982 synchronous_release_0
0.042599 -0.0250000004 0.0126231542 -0.0326443866 synchronous_release_0
0.051655 -0.0250000004 0.0345824452 -0.00539022111 synchronous_release_0
0.006948 -0.0250000004 -0.0123887068 0.0327340792 synchronous_release_0
0.04369 -0.0250000004 -0.0345428976 0.00563810476 synchronous_release_0
0.048831 -0.0250000004 0.0345428976 -0.00563810476 synchronous_release_0
0.002558 -0.0250000004 0.023225082 0.0261838799 synchronous_release_0
0.002642 -0.0250000004 0.0279332924 0.0210886504 synchronous_release_0
0.006139 -0.0250000004 0.0322299532 -0.0136466157 synchronous_release_0
0.058015 -0.0250000004 -0.00429666072 0.034735266 synchronous_release_0
0.044205 -0.0250000004 8.45217218e-06 -0.034999999 synchronous_release_0
0.053516 -0.0250000004 -0.0303151143 0.0174926797 synchronous_release_0
0.003422 -0.0250000004 -0.0279662801 -0.0210448848 synchronous_release_0
0.006783 -0.0250000004 0.0279662801 0.0210448848 synchronous_release_0
0.049149 -0.0250000004 0.000992627184 0.000121207567 synchronous_release_0
0.006136 -0.0250000004 0.0244625169 -0.0250316853 synchronous_release_0
0.044106 -0.0250000004 0.00944681693 0.0337010037 synchronous_release_0
0.045711 -0.0250000004 -0.00944681693 -0.0337010037 synchronous_release_0
0.044996 -0.0250000004 0.0346921312 0.00463206606 synchronous_release_0
0.044824 -0.0250000004 0.0305792195 0.0170267829 synchronous_release_0
0.00239 -0.0250000004 0.00288355946 -0.0348810132 synchronous_release_0
0.006547 -0.0250000004 -0.00288355946 0.0348810132 synchronous_release_0
0.042555 -0.0250000004 0.0316496233 -0.0149432709 synchronous_release_0
0.047769 -0.0250000004 -0.00057871717 -0.000815528318 synchronous_release_1
0.043286 -0.0250000004 -0.0212552172 0.0278067571 synchronous_release_0
0.042549 -0.0250000004 0.0306192102 -0.0169547624 synchronous_release_0
0.044122 -0.0250000004 -0.00062635019 0.0349943951 synchronous_release_1
0.043522 -0.0250000004 -0.000539961194 -0.000841689912 synchronous_release_0
0.045522 -0.0250000004 0.0293793948 -0.0190223858 synchronous_release_0
0.00554 -0.0250000004 0.0111395984 0.033179954 synchronous_release_0
0.007732 -0.0250000004 -0.0231648839 0.0262371522 synchronous_release_0
0.046789 -0.0250000004 0.0231648839 -0.0262371522 synchronous_release_1
0.053635 -0.0250000004 -0.0281929537 -0.0207402353 synchronous_release_0
0.008394 -0.0250000004 0.0320580475 -0.0140456965 synchronous_release_1
0.049208 -0.0250000004 0.022824186 -0.0265340636 synchronous_release_0
0.06881 -0.0250000004 -0.0115670802 -0.0330333567 synchronous_release_0
0.071693 -0.0250000004 -0.0343912662 -0.00649929311 synchronous_release_0
0.010323 -0.0250000004 0.0343912662 0.00649929311 synchronous_release_1
0.068052 -0.0250000004 -0.022824186 0.0265340636 synchronous_release_1
0.007996 -0.0250000004 -0.0315422932 -0.0151685115 synchronous_release_0
0.017871 -0.0250000004 0.0289074629 -0.0197321714 synchronous_release_0
0.042814 -0.0250000004 0.0315422932 0.0151685115 synchronous_release_0
0.043123 -0.0250000004 0.0303641742 -0.0174073814 synchronous_release_0
0.050564 -0.0250000004 -0.000106852572 0.0349998369 synchronous_release_0
0.043251 -0.0250000004 0.0207466186 -0.0281882567 synchronous_release_0
0.053964 -0.0250000004 0.0331702924 -0.0111683349 synchronous_release_0
0.048974 -0.0250000004 -0.0331702924 0.0111683349 synchronous_release_1
0.045811 -0.0250000004 0.0345037042 0.00587319297 synchronous_release_0
0.004389 -0.0250000004 0.0323228465 0.0134251106 synchronous_release_0
0.044605 -0.0250000004 -0.000383574589 0.0009235099 synchronous_release_0
0.055111 -0.0250000004 0.0045349364 0.0347049615 synchronous_release_0
0.043018 -0.0250000004 -0.00173865643 0.0349567887 synchronous_release_0
0.044726 -0.0250000004 0.0130921643 -0.0324591317 synchronous_release_1
0.04272 -0.0250000004 0.0229519175 -0.0264236539 synchronous_release_0
0.00419 -0.0250000004 0.0338433307 -0.00892350643 synchronous_release_1
0.042675 -0.0250000004 0.0697576455 -0.00581987114 synchronous_release_0
0.054688 -0.0250000004 0.0348788227 -0.00290993557 synchronous_release_0
0.056918 -0.0250000004 0.0462219936 0.0392240654 synchronous_release_0
0.042191 -0.0250000004 0.0293653413 0.0190440734 synchronous_release_0
0.006901 -0.0250000004 0.033256626 0.0109085666 synchronous_release_0
0.042419 -0.0250000004 0.0225910855 0.0267328049 synchronous_release_0
0.051296 -0.0250000004 0.0344468309 -0.00619805148 synchronous_release_1
0.044511 -0.0250000004 0.00217410202 -0.0349324102 synchronous_release_0
0.045495 -0.0250000004 0.0120606617 -0.0328563607 synchronous_release_1
0.047955 -0.0250000004 0.0344847739 -0.00598334099 synchronous_release_1
0.004671 -0.0250000004 0.0231369896 -0.0262617538 synchronous_release_0
0.059905 -0.0250000004 0.0343118407 0.00690634383 synchronous_release_0
0.048993 -0.0250000004 0.0331111975 -0.0113423366 synchronous_release_0
0.048149 -0.0250000004 0.0129123064 -0.0325310981 synchronous_release_0
0.054483 -0.0250000004 0.0314720378 -0.0153137466 synchronous_release_0
0.044298 -0.0250000004 0.034521378 -0.00576840189 synchronous_release_0
0.045833 -0.0250000004 -0.0122651064 0.0327805913 synchronous_release_1
0.010341 -0.0250000004 0.0345085942 -0.00584439279 synchronous_release_0
0.043634 -0.0250000004 0.0012345505 -0.0349782202 synchronous_release_0
0.044613 -0.0250000004 -0.00265505257 0.0348991504 synchronous_release_0
0.042859 -0.0250000004 0.0317325045 -0.0147664537 synchronous_release_0
0.053368 -0.0250000004 0.00057422652 -0.000818696466 synchronous_release_1
0.055 -0.0250000004 -0.0317325045 0.0147664537 synchronous_release_1
0.059228 -0.0250000004 -0.0313683174 -0.0155250978 synchronous_release_0
0.046424 -0.0250000004 0.0116175953 0.0330156248 synchronous_release_0
0.050027 -0.0250000004 0.0174472756 -0.0303412685 synchronous_release_1
0.048942 -0.0250000004 0.0274717721 0.0216864413 synchronous_release_0
0.006101 -0.0250000004 0.00643648682 -0.034403076 synchronous_release_0
0.003047 -0.0250000004 0.0602515601 -0.00668950751 synchronous_release_0
0.042399 -0.0250000004 0.032149698 -0.0138346276 synchronous_release_0
0.043059 -0.0250000004 0.00409371005 -0.034759769 synchronous_release_0
0.045247 -0.0250000004 0.00404533857 0.0347654316 synchronous_release_0
0.052839 -0.0250000004 -0.000396552853 0.000918011893 synchronous_release_0
0.043423 -0.0250000004 0.0022878258 -0.0349251464 synchronous_release_0
0.042464 -0.0250000004 0.027561814 -0.0215718893 synchronous_release_0
0.055543 -0.0250000004 0.0250111042 -0.0244835591 synchronous_release_0
0.066283 -0.0250000004 -0.000968629462 0.000248509489 synchronous_release_1
0.061209 -0.0250000004 -0.00486461164 -0.0346602878 synchronous_release_0
0.049104 -0.0250000004 0.0163514669 0.0309455898 synchronous_release_0
0.042503 -0.0250000004 0.0272614639 0.0219502297 synchronous_release_0
0.056335 -0.0250000004 0.0326401885 -0.0126340054 synchronous_release_1
