0.000050 0.068
0.000100 0.076
0.000150 0.089
0.000200 0.109
0.000250 0.100
0.000300 0.146
0.000350 0.083
0.000400 0.116
0.000450 0.064
0.000500 0.105
0.000550 0.079
0.000600 0.091
0.000650 0.112
0.000700 0.100
0.000750 0.118
0.000800 0.077
0.000850 0.132
0.000900 0.091
0.000950 0.150
0.001000 0.117
0.001050 0.136
0.001100 0.130
0.001150 0.142
0.001200 0.219
0.001250 0.257
0.001300 0.245
0.001350 0.278
0.001400 0.439
0.001450 0.479
0.001500 0.534
0.001550 0.705
0.001600 0.999
0.001650 1.211
0.001700 1.703
0.001750 2.065
0.001800 2.609
0.001850 3.071
0.001900 3.590
0.001950 4.622
0.002000 5.092
0.002050 5.547
0.002100 6.161
0.002150 6.467
0.002200 6.606
0.002250 6.517
0.002300 6.445
0.002350 6.318
0.002400 5.714
0.002450 4.999
0.002500 4.464
0.002550 3.724
0.002600 3.088
0.002650 3.015
0.002700 2.354
0.002750 2.053
0.002800 1.758
0.002850 1.618
0.002900 1.592
0.002950 1.208
0.003000 1.254
0.003050 1.204
0.003100 1.060
0.003150 1.017
0.003200 0.987
0.003250 0.980
0.003300 0.902
0.003350 1.039
0.003400 0.766
0.003450 0.773
0.003500 0.785
0.003550 0.770
0.003600 0.775
0.003650 0.743
0.003700 0.732
0.003750 0.710
0.003800 0.685
0.003850 0.672
0.003900 0.762
0.003950 0.705
0.004000 0.689
0.004050 0.756
0.004100 0.715
0.004150 0.688
0.004200 0.788
0.004250 0.656
0.004300 0.636
0.004350 0.617
0.004400 0.510
0.004450 0.598
0.004500 0.553
0.004550 0.559
0.004600 0.517
0.004650 0.681
0.004700 0.617
0.004750 0.607
0.004800 0.567
0.004850 0.639
0.004900 0.619
0.004950 0.613
0.005000 0.508
0.005050 0.608
0.005100 0.564
0.005150 0.545
0.005200 0.585
0.005250 0.602
0.005300 0.672
0.005350 0.585
0.005400 0.595
0.005450 0.508
0.005500 0.619
0.005550 0.611
0.005600 0.536
0.005650 0.614
0.005700 0.480
0.005750 0.522
0.005800 0.568
0.005850 0.539
0.005900 0.463
0.005950 0.614
0.006000 0.513
0.006050 0.459
0.006100 0.559
0.006150 0.532
0.006200 0.468
0.006250 0.556
0.006300 0.455
0.006350 0.518
0.006400 0.569
0.006450 0.500
0.006500 0.493
0.006550 0.529
0.006600 0.553
0.006650 0.473
0.006700 0.479
0.006750 0.555
0.006800 0.482
0.006850 0.438
0.006900 0.559
0.006950 0.547
0.007000 0.492
0.007050 0.582
0.007100 0.508
0.007150 0.541
0.007200 0.509
0.007250 0.509
0.007300 0.424
0.007350 0.448
0.007400 0.495
0.007450 0.520
0.007500 0.455
0.007550 0.491
0.007600 0.560
0.007650 0.510
0.007700 0.485
0.007750 0.470
0.007800 0.475
0.007850 0.402
0.007900 0.487
0.007950 0.500
0.008000 0.490
0.008050 0.426
0.008100 0.586
0.008150 0.450
0.008200 0.449
0.008250 0.418
0.008300 0.468
0.008350 0.447
0.008400 0.442
0.008450 0.485
0.008500 0.435
0.008550 0.470
0.008600 0.425
0.008650 0.482
0.008700 0.515
0.008750 0.433
0.008800 0.473
0.008850 0.479
0.008900 0.438
0.008950 0.450
0.009000 0.451
0.009050 0.405
0.009100 0.453
0.009150 0.477
0.009200 0.516
0.009250 0.481
0.009300 0.502
0.009350 0.351
0.009400 0.516
0.009450 0.429
0.009500 0.463
0.009550 0.392
0.009600 0.517
0.009650 0.440
0.009700 0.553
0.009750 0.407
0.009800 0.425
0.009850 0.379
0.009900 0.496
0.009950 0.521
0.010000 0.335
0.010050 0.370
0.010100 0.437
0.010150 0.470
0.010200 0.368
0.010250 0.398
0.010300 0.479
0.010350 0.413
0.010400 0.477
0.010450 0.408
0.010500 0.389
0.010550 0.488
0.010600 0.482
0.010650 0.440
0.010700 0.468
0.010750 0.477
0.010800 0.469
0.010850 0.443
0.010900 0.387
0.010950 0.505
0.011000 0.505
0.011050 0.400
0.011100 0.449
0.011150 0.437
0.011200 0.449
0.011250 0.474
0.011300 0.399
0.011350 0.388
0.011400 0.426
0.011450 0.442
0.011500 0.419
0.011550 0.415
0.011600 0.372
0.011650 0.392
0.011700 0.385
0.011750 0.429
0.011800 0.391
0.011850 0.435
0.011900 0.438
0.011950 0.475
0.012000 0.371
0.012050 0.396
0.012100 0.427
0.012150 0.399
0.012200 0.426
0.012250 0.399
0.012300 0.421
0.012350 0.559
0.012400 0.430
0.012450 0.434
0.012500 0.492
0.012550 0.386
0.012600 0.383
0.012650 0.328
0.012700 0.359
0.012750 0.339
0.012800 0.408
0.012850 0.456
0.012900 0.421
0.012950 0.366
0.013000 0.434
0.013050 0.355
0.013100 0.414
0.013150 0.418
0.013200 0.444
0.013250 0.387
0.013300 0.375
0.013350 0.399
0.013400 0.367
0.013450 0.316
0.013500 0.402
0.013550 0.400
0.013600 0.330
0.013650 0.427
0.013700 0.419
0.013750 0.414
0.013800 0.431
0.013850 0.439
0.013900 0.401
0.013950 0.388
0.014000 0.391
0.014050 0.466
0.014100 0.416
0.014150 0.369
0.014200 0.366
0.014250 0.477
0.014300 0.455
0.014350 0.374
0.014400 0.435
0.014450 0.344
0.014500 0.411
0.014550 0.419
0.014600 0.328
0.014650 0.380
0.014700 0.382
0.014750 0.376
0.014800 0.490
0.014850 0.421
0.014900 0.374
0.014950 0.413
0.015000 0.408
0.015050 0.331
0.015100 0.380
0.015150 0.400
0.015200 0.345
0.015250 0.409
0.015300 0.389
0.015350 0.378
0.015400 0.382
0.015450 0.364
0.015500 0.426
0.015550 0.446
0.015600 0.368
0.015650 0.303
0.015700 0.348
0.015750 0.385
0.015800 0.383
0.015850 0.336
0.015900 0.370
0.015950 0.360
0.016000 0.298
0.016050 0.294
0.016100 0.357
0.016150 0.428
0.016200 0.346
0.016250 0.365
0.016300 0.365
0.016350 0.349
0.016400 0.360
0.016450 0.331
0.016500 0.400
0.016550 0.340
0.016600 0.348
0.016650 0.339
0.016700 0.360
0.016750 0.363
0.016800 0.313
0.016850 0.319
0.016900 0.323
0.016950 0.391
0.017000 0.328
0.017050 0.321
0.017100 0.392
0.017150 0.359
0.017200 0.334
0.017250 0.283
0.017300 0.355
0.017350 0.392
0.017400 0.299
0.017450 0.295
0.017500 0.375
0.017550 0.430
0.017600 0.365
0.017650 0.311
0.017700 0.376
0.017750 0.340
0.017800 0.374
0.017850 0.309
0.017900 0.356
0.017950 0.328
0.018000 0.379
0.018050 0.318
0.018100 0.278
0.018150 0.401
0.018200 0.385
0.018250 0.369
0.018300 0.360
0.018350 0.320
0.018400 0.387
0.018450 0.324
0.018500 0.356
0.018550 0.360
0.018600 0.386
0.018650 0.265
0.018700 0.351
0.018750 0.303
0.018800 0.354
0.018850 0.386
0.018900 0.340
0.018950 0.314
0.019000 0.313
0.019050 0.274
0.019100 0.341
0.019150 0.294
0.019200 0.366
0.019250 0.320
0.019300 0.291
0.019350 0.244
0.019400 0.275
0.019450 0.327
0.019500 0.344
0.019550 0.293
0.019600 0.349
0.019650 0.340
0.019700 0.321
0.019750 0.319
0.019800 0.286
0.019850 0.304
0.019900 0.357
0.019950 0.350
0.020000 0.345
0.020050 0.312
0.020100 0.331
0.020150 0.302
0.020200 0.312
0.020250 0.339
0.020300 0.288
0.020350 0.299
0.020400 0.342
0.020450 0.351
0.020500 0.313
0.020550 0.302
0.020600 0.400
0.020650 0.261
0.020700 0.384
0.020750 0.305
0.020800 0.301
0.020850 0.302
0.020900 0.347
0.020950 0.310
0.021000 0.295
0.021050 0.317
0.021100 0.342
0.021150 0.297
0.021200 0.307
0.021250 0.312
0.021300 0.333
0.021350 0.363
0.021400 0.240
0.021450 0.379
0.021500 0.283
0.021550 0.316
0.021600 0.338
0.021650 0.257
0.021700 0.331
0.021750 0.363
0.021800 0.304
0.021850 0.382
0.021900 0.294
0.021950 0.330
0.022000 0.325
0.022050 0.296
0.022100 0.289
0.022150 0.331
0.022200 0.329
0.022250 0.301
0.022300 0.253
0.022350 0.225
0.022400 0.294
0.022450 0.330
0.022500 0.277
0.022550 0.334
0.022600 0.303
0.022650 0.254
0.022700 0.282
0.022750 0.296
0.022800 0.272
0.022850 0.328
0.022900 0.334
0.022950 0.358
0.023000 0.315
0.023050 0.339
0.023100 0.293
0.023150 0.272
0.023200 0.329
0.023250 0.353
0.023300 0.370
0.023350 0.299
0.023400 0.314
0.023450 0.379
0.023500 0.369
0.023550 0.342
0.023600 0.321
0.023650 0.302
0.023700 0.230
0.023750 0.280
0.023800 0.259
0.023850 0.367
0.023900 0.287
0.023950 0.344
0.024000 0.318
0.024050 0.261
0.024100 0.318
0.024150 0.299
0.024200 0.334
0.024250 0.255
0.024300 0.264
0.024350 0.390
0.024400 0.345
0.024450 0.278
0.024500 0.364
0.024550 0.237
0.024600 0.302
0.024650 0.280
0.024700 0.358
0.024750 0.326
0.024800 0.301
0.024850 0.314
0.024900 0.332
0.024950 0.264
0.025000 0.302
0.025050 0.273
0.025100 0.235
0.025150 0.265
0.025200 0.266
0.025250 0.303
0.025300 0.294
0.025350 0.299
0.025400 0.262
0.025450 0.233
0.025500 0.276
0.025550 0.286
0.025600 0.248
0.025650 0.268
0.025700 0.312
0.025750 0.384
0.025800 0.298
0.025850 0.270
0.025900 0.312
0.025950 0.289
0.026000 0.299
0.026050 0.311
0.026100 0.302
0.026150 0.282
0.026200 0.272
0.026250 0.365
0.026300 0.283
0.026350 0.294
0.026400 0.373
0.026450 0.278
0.026500 0.252
0.026550 0.391
0.026600 0.303
0.026650 0.310
0.026700 0.260
0.026750 0.283
0.026800 0.270
0.026850 0.261
0.026900 0.274
0.026950 0.256
0.027000 0.275
0.027050 0.265
0.027100 0.294
0.027150 0.266
0.027200 0.278
0.027250 0.314
0.027300 0.266
0.027350 0.276
0.027400 0.273
0.027450 0.275
0.027500 0.308
0.027550 0.265
0.027600 0.236
0.027650 0.297
0.027700 0.323
0.027750 0.338
0.027800 0.296
0.027850 0.257
0.027900 0.227
0.027950 0.305
0.028000 0.269
0.028050 0.250
0.028100 0.355
0.028150 0.318
0.028200 0.299
0.028250 0.312
0.028300 0.311
0.028350 0.301
0.028400 0.346
0.028450 0.281
0.028500 0.243
0.028550 0.217
0.028600 0.266
0.028650 0.238
0.028700 0.276
0.028750 0.235
0.028800 0.344
0.028850 0.325
0.028900 0.227
0.028950 0.312
0.029000 0.267
0.029050 0.298
0.029100 0.303
0.029150 0.255
0.029200 0.271
0.029250 0.271
0.029300 0.345
0.029350 0.292
0.029400 0.279
0.029450 0.270
0.029500 0.245
0.029550 0.253
0.029600 0.257
0.029650 0.264
0.029700 0.304
0.029750 0.284
0.029800 0.246
0.029850 0.233
0.029900 0.263
0.029950 0.285
0.030000 0.244
0.030050 0.254
0.030100 0.243
0.030150 0.196
0.030200 0.285
0.030250 0.226
0.030300 0.274
0.030350 0.279
0.030400 0.219
0.030450 0.288
0.030500 0.238
0.030550 0.231
0.030600 0.284
0.030650 0.336
0.030700 0.280
0.030750 0.251
0.030800 0.277
0.030850 0.262
0.030900 0.326
0.030950 0.316
0.031000 0.260
0.031050 0.235
0.031100 0.217
0.031150 0.225
0.031200 0.253
0.031250 0.260
0.031300 0.284
0.031350 0.281
0.031400 0.243
0.031450 0.257
0.031500 0.296
0.031550 0.206
0.031600 0.263
0.031650 0.257
0.031700 0.286
0.031750 0.255
0.031800 0.253
0.031850 0.219
0.031900 0.246
0.031950 0.212
0.032000 0.235
0.032050 0.217
0.032100 0.267
0.032150 0.254
0.032200 0.271
0.032250 0.280
0.032300 0.293
0.032350 0.219
0.032400 0.253
0.032450 0.276
0.032500 0.282
0.032550 0.319
0.032600 0.255
0.032650 0.215
0.032700 0.273
0.032750 0.252
0.032800 0.291
0.032850 0.286
0.032900 0.335
0.032950 0.238
0.033000 0.195
0.033050 0.265
0.033100 0.290
0.033150 0.247
0.033200 0.308
0.033250 0.271
0.033300 0.305
0.033350 0.217
0.033400 0.219
0.033450 0.291
0.033500 0.248
0.033550 0.261
0.033600 0.319
0.033650 0.299
0.033700 0.254
0.033750 0.288
0.033800 0.252
0.033850 0.250
0.033900 0.218
0.033950 0.231
0.034000 0.206
0.034050 0.241
0.034100 0.228
0.034150 0.266
0.034200 0.255
0.034250 0.231
0.034300 0.283
0.034350 0.303
0.034400 0.219
0.034450 0.252
0.034500 0.243
0.034550 0.304
0.034600 0.325
0.034650 0.289
0.034700 0.253
0.034750 0.251
0.034800 0.206
0.034850 0.221
0.034900 0.231
0.034950 0.270
0.035000 0.254
0.035050 0.212
0.035100 0.292
0.035150 0.241
0.035200 0.278
0.035250 0.182
0.035300 0.254
0.035350 0.245
0.035400 0.260
0.035450 0.229
0.035500 0.294
0.035550 0.217
0.035600 0.201
0.035650 0.244
0.035700 0.274
0.035750 0.284
0.035800 0.299
0.035850 0.279
0.035900 0.209
0.035950 0.283
0.036000 0.228
0.036050 0.226
0.036100 0.197
0.036150 0.270
0.036200 0.259
0.036250 0.229
0.036300 0.254
0.036350 0.249
0.036400 0.256
0.036450 0.235
0.036500 0.241
0.036550 0.266
0.036600 0.222
0.036650 0.340
0.036700 0.292
0.036750 0.263
0.036800 0.263
0.036850 0.213
0.036900 0.249
0.036950 0.265
0.037000 0.247
0.037050 0.314
0.037100 0.234
0.037150 0.289
0.037200 0.252
0.037250 0.280
0.037300 0.256
0.037350 0.272
0.037400 0.328
0.037450 0.267
0.037500 0.222
0.037550 0.256
0.037600 0.259
0.037650 0.247
0.037700 0.253
0.037750 0.267
0.037800 0.260
0.037850 0.251
0.037900 0.206
0.037950 0.225
0.038000 0.332
0.038050 0.238
0.038100 0.214
0.038150 0.241
0.038200 0.225
0.038250 0.305
0.038300 0.263
0.038350 0.238
0.038400 0.246
0.038450 0.258
0.038500 0.271
0.038550 0.260
0.038600 0.236
0.038650 0.251
0.038700 0.227
0.038750 0.248
0.038800 0.267
0.038850 0.236
0.038900 0.183
0.038950 0.322
0.039000 0.268
0.039050 0.242
0.039100 0.229
0.039150 0.250
0.039200 0.212
0.039250 0.251
0.039300 0.251
0.039350 0.245
0.039400 0.289
0.039450 0.256
0.039500 0.228
0.039550 0.273
0.039600 0.254
0.039650 0.251
0.039700 0.251
0.039750 0.214
0.039800 0.305
0.039850 0.248
0.039900 0.253
0.039950 0.251
0.040000 0.307
0.040050 0.239
0.040100 0.223
0.040150 0.245
0.040200 0.235
0.040250 0.290
0.040300 0.241
0.040350 0.181
0.040400 0.219
0.040450 0.211
0.040500 0.268
0.040550 0.212
0.040600 0.326
0.040650 0.235
0.040700 0.219
0.040750 0.201
0.040800 0.217
0.040850 0.228
0.040900 0.208
0.040950 0.228
0.041000 0.228
0.041050 0.290
0.041100 0.324
0.041150 0.354
0.041200 0.311
0.041250 0.381
0.041300 0.429
0.041350 0.446
0.041400 0.515
0.041450 0.752
0.041500 0.801
0.041550 1.019
0.041600 1.309
0.041650 1.632
0.041700 2.276
0.041750 2.522
0.041800 3.490
0.041850 3.933
0.041900 4.718
0.041950 5.199
0.042000 6.097
0.042050 6.714
0.042100 7.404
0.042150 7.612
0.042200 7.874
0.042250 8.047
0.042300 7.815
0.042350 7.315
0.042400 6.855
0.042450 6.296
0.042500 5.091
0.042550 4.850
0.042600 4.273
0.042650 3.536
0.042700 3.193
0.042750 2.888
0.042800 2.529
0.042850 2.424
0.042900 2.067
0.042950 1.935
0.043000 1.646
0.043050 1.711
0.043100 1.524
0.043150 1.531
0.043200 1.327
0.043250 1.332
0.043300 1.354
0.043350 1.443
0.043400 1.135
0.043450 1.332
0.043500 1.253
0.043550 1.216
0.043600 1.113
0.043650 1.194
0.043700 1.034
0.043750 1.054
0.043800 1.196
0.043850 1.067
0.043900 0.926
0.043950 0.893
0.044000 1.142
0.044050 0.955
0.044100 1.043
0.044150 1.012
0.044200 0.889
0.044250 0.964
0.044300 1.010
0.044350 0.922
0.044400 1.011
0.044450 1.039
0.044500 0.961
0.044550 1.043
0.044600 0.884
0.044650 0.839
0.044700 0.836
0.044750 0.886
0.044800 0.850
0.044850 0.927
0.044900 0.848
0.044950 0.917
0.045000 0.833
0.045050 0.747
0.045100 0.887
0.045150 0.791
0.045200 0.812
0.045250 0.900
0.045300 0.843
0.045350 0.842
0.045400 0.769
0.045450 0.755
0.045500 0.778
0.045550 0.827
0.045600 0.774
0.045650 0.884
0.045700 0.764
0.045750 0.713
0.045800 0.749
0.045850 0.854
0.045900 0.783
0.045950 0.845
0.046000 0.760
0.046050 0.763
0.046100 0.806
0.046150 0.777
0.046200 0.858
0.046250 0.688
0.046300 0.695
0.046350 0.800
0.046400 0.730
0.046450 0.786
0.046500 0.762
0.046550 0.808
0.046600 0.796
0.046650 0.745
0.046700 0.773
0.046750 0.793
0.046800 0.857
0.046850 0.723
0.046900 0.726
0.046950 0.746
0.047000 0.809
0.047050 0.783
0.047100 0.694
0.047150 0.723
0.047200 0.697
0.047250 0.816
0.047300 0.621
0.047350 0.747
0.047400 0.717
0.047450 0.734
0.047500 0.718
0.047550 0.646
0.047600 0.773
0.047650 0.606
0.047700 0.757
0.047750 0.672
0.047800 0.691
0.047850 0.751
0.047900 0.691
0.047950 0.774
0.048000 0.694
0.048050 0.690
0.048100 0.608
0.048150 0.651
0.048200 0.623
0.048250 0.566
0.048300 0.635
0.048350 0.647
0.048400 0.719
0.048450 0.698
0.048500 0.627
0.048550 0.635
0.048600 0.686
0.048650 0.710
0.048700 0.708
0.048750 0.628
0.048800 0.628
0.048850 0.746
0.048900 0.592
0.048950 0.716
0.049000 0.546
0.049050 0.582
0.049100 0.672
0.049150 0.620
0.049200 0.658
0.049250 0.655
0.049300 0.673
0.049350 0.763
0.049400 0.668
0.049450 0.655
0.049500 0.625
0.049550 0.607
0.049600 0.630
0.049650 0.620
0.049700 0.683
0.049750 0.555
0.049800 0.711
0.049850 0.639
0.049900 0.652
0.049950 0.495
0.050000 0.601
0.050050 0.652
0.050100 0.650
0.050150 0.646
0.050200 0.525
0.050250 0.633
0.050300 0.582
0.050350 0.717
0.050400 0.533
0.050450 0.592
0.050500 0.659
0.050550 0.626
0.050600 0.664
0.050650 0.574
0.050700 0.585
0.050750 0.592
0.050800 0.693
0.050850 0.621
0.050900 0.581
0.050950 0.602
0.051000 0.605
0.051050 0.650
0.051100 0.647
0.051150 0.639
0.051200 0.644
0.051250 0.631
0.051300 0.623
0.051350 0.603
0.051400 0.560
0.051450 0.611
0.051500 0.588
0.051550 0.609
0.051600 0.660
0.051650 0.503
0.051700 0.585
0.051750 0.669
0.051800 0.535
0.051850 0.565
0.051900 0.551
0.051950 0.569
0.052000 0.648
0.052050 0.510
0.052100 0.591
0.052150 0.675
0.052200 0.645
0.052250 0.556
0.052300 0.653
0.052350 0.658
0.052400 0.531
0.052450 0.589
0.052500 0.585
0.052550 0.536
0.052600 0.521
0.052650 0.567
0.052700 0.597
0.052750 0.577
0.052800 0.512
0.052850 0.613
0.052900 0.636
0.052950 0.514
0.053000 0.692
0.053050 0.548
0.053100 0.631
0.053150 0.596
0.053200 0.571
0.053250 0.503
0.053300 0.483
0.053350 0.546
0.053400 0.475
0.053450 0.540
0.053500 0.578
0.053550 0.616
0.053600 0.433
0.053650 0.511
0.053700 0.450
0.053750 0.533
0.053800 0.590
0.053850 0.492
0.053900 0.542
0.053950 0.571
0.054000 0.500
0.054050 0.568
0.054100 0.609
0.054150 0.614
0.054200 0.534
0.054250 0.569
0.054300 0.546
0.054350 0.630
0.054400 0.580
0.054450 0.487
0.054500 0.524
0.054550 0.484
0.054600 0.509
0.054650 0.457
0.054700 0.492
0.054750 0.515
0.054800 0.524
0.054850 0.554
0.054900 0.634
0.054950 0.537
0.055000 0.443
0.055050 0.460
0.055100 0.643
0.055150 0.479
0.055200 0.526
0.055250 0.572
0.055300 0.531
0.055350 0.497
0.055400 0.561
0.055450 0.556
0.055500 0.567
0.055550 0.504
0.055600 0.543
0.055650 0.537
0.055700 0.549
0.055750 0.526
0.055800 0.510
0.055850 0.540
0.055900 0.582
0.055950 0.436
0.056000 0.543
0.056050 0.516
0.056100 0.537
0.056150 0.499
0.056200 0.534
0.056250 0.648
0.056300 0.517
0.056350 0.591
0.056400 0.564
0.056450 0.423
0.056500 0.518
0.056550 0.469
0.056600 0.540
0.056650 0.574
0.056700 0.530
0.056750 0.466
0.056800 0.501
0.056850 0.419
0.056900 0.532
0.056950 0.562
0.057000 0.453
0.057050 0.535
0.057100 0.489
0.057150 0.539
0.057200 0.493
0.057250 0.553
0.057300 0.477
0.057350 0.431
0.057400 0.542
0.057450 0.543
0.057500 0.475
0.057550 0.556
0.057600 0.527
0.057650 0.554
0.057700 0.497
0.057750 0.486
0.057800 0.394
0.057850 0.425
0.057900 0.492
0.057950 0.523
0.058000 0.492
0.058050 0.553
0.058100 0.432
0.058150 0.498
0.058200 0.462
0.058250 0.450
0.058300 0.444
0.058350 0.513
0.058400 0.434
0.058450 0.450
0.058500 0.484
0.058550 0.479
0.058600 0.483
0.058650 0.519
0.058700 0.422
0.058750 0.435
0.058800 0.508
0.058850 0.559
0.058900 0.443
0.058950 0.606
0.059000 0.495
0.059050 0.521
0.059100 0.450
0.059150 0.450
0.059200 0.449
0.059250 0.549
0.059300 0.493
0.059350 0.491
0.059400 0.455
0.059450 0.486
0.059500 0.425
0.059550 0.427
0.059600 0.467
0.059650 0.405
0.059700 0.463
0.059750 0.507
0.059800 0.471
0.059850 0.588
0.059900 0.469
0.059950 0.524
0.060000 0.485
0.060050 0.471
0.060100 0.516
0.060150 0.538
0.060200 0.527
0.060250 0.439
0.060300 0.465
0.060350 0.469
0.060400 0.458
0.060450 0.496
0.060500 0.479
0.060550 0.532
0.060600 0.446
0.060650 0.516
0.060700 0.497
0.060750 0.501
0.060800 0.480
0.060850 0.466
0.060900 0.534
0.060950 0.438
0.061000 0.428
0.061050 0.489
0.061100 0.469
0.061150 0.396
0.061200 0.504
0.061250 0.404
0.061300 0.474
0.061350 0.534
0.061400 0.491
0.061450 0.463
0.061500 0.455
0.061550 0.403
0.061600 0.500
0.061650 0.423
0.061700 0.418
0.061750 0.412
0.061800 0.457
0.061850 0.513
0.061900 0.526
0.061950 0.450
0.062000 0.398
0.062050 0.392
0.062100 0.502
0.062150 0.402
0.062200 0.485
0.062250 0.488
0.062300 0.422
0.062350 0.400
0.062400 0.414
0.062450 0.356
0.062500 0.424
0.062550 0.455
0.062600 0.438
0.062650 0.397
0.062700 0.391
0.062750 0.405
0.062800 0.465
0.062850 0.518
0.062900 0.460
0.062950 0.375
0.063000 0.367
0.063050 0.447
0.063100 0.411
0.063150 0.473
0.063200 0.425
0.063250 0.415
0.063300 0.400
0.063350 0.437
0.063400 0.382
0.063450 0.437
0.063500 0.512
0.063550 0.388
0.063600 0.409
0.063650 0.397
0.063700 0.445
0.063750 0.457
0.063800 0.448
0.063850 0.441
0.063900 0.396
0.063950 0.357
0.064000 0.413
0.064050 0.404
0.064100 0.376
0.064150 0.442
0.064200 0.352
0.064250 0.475
0.064300 0.405
0.064350 0.431
0.064400 0.400
0.064450 0.393
0.064500 0.388
0.064550 0.434
0.064600 0.512
0.064650 0.408
0.064700 0.471
0.064750 0.358
0.064800 0.382
0.064850 0.429
0.064900 0.432
0.064950 0.391
0.065000 0.440
0.065050 0.475
0.065100 0.445
0.065150 0.419
0.065200 0.501
0.065250 0.466
0.065300 0.384
0.065350 0.415
0.065400 0.408
0.065450 0.409
0.065500 0.421
0.065550 0.377
0.065600 0.497
0.065650 0.431
0.065700 0.420
0.065750 0.434
0.065800 0.337
0.065850 0.447
0.065900 0.437
0.065950 0.376
0.066000 0.357
0.066050 0.421
0.066100 0.438
0.066150 0.513
0.066200 0.380
0.066250 0.421
0.066300 0.369
0.066350 0.451
0.066400 0.439
0.066450 0.447
0.066500 0.394
0.066550 0.395
0.066600 0.449
0.066650 0.409
0.066700 0.446
0.066750 0.400
0.066800 0.484
0.066850 0.421
0.066900 0.396
0.066950 0.489
0.067000 0.411
0.067050 0.425
0.067100 0.493
0.067150 0.387
0.067200 0.326
0.067250 0.358
0.067300 0.432
0.067350 0.374
0.067400 0.431
0.067450 0.376
0.067500 0.405
0.067550 0.422
0.067600 0.304
0.067650 0.420
0.067700 0.387
0.067750 0.334
0.067800 0.424
0.067850 0.369
0.067900 0.343
0.067950 0.402
0.068000 0.451
0.068050 0.391
0.068100 0.302
0.068150 0.348
0.068200 0.365
0.068250 0.398
0.068300 0.380
0.068350 0.409
0.068400 0.385
0.068450 0.391
0.068500 0.336
0.068550 0.442
0.068600 0.371
0.068650 0.340
0.068700 0.522
0.068750 0.391
0.068800 0.364
0.068850 0.424
0.068900 0.383
0.068950 0.375
0.069000 0.376
0.069050 0.368
0.069100 0.390
0.069150 0.387
0.069200 0.389
0.069250 0.363
0.069300 0.395
0.069350 0.385
0.069400 0.372
0.069450 0.366
0.069500 0.418
0.069550 0.352
0.069600 0.424
0.069650 0.358
0.069700 0.354
0.069750 0.384
0.069800 0.415
0.069850 0.424
0.069900 0.315
0.069950 0.415
0.070000 0.424
0.070050 0.400
0.070100 0.444
0.070150 0.383
0.070200 0.453
0.070250 0.393
0.070300 0.355
0.070350 0.393
0.070400 0.341
0.070450 0.433
0.070500 0.349
0.070550 0.379
0.070600 0.424
0.070650 0.400
0.070700 0.312
0.070750 0.401
0.070800 0.334
0.070850 0.373
0.070900 0.370
0.070950 0.377
0.071000 0.317
0.071050 0.302
0.071100 0.385
0.071150 0.343
0.071200 0.345
0.071250 0.397
0.071300 0.325
0.071350 0.487
0.071400 0.406
0.071450 0.366
0.071500 0.351
0.071550 0.361
0.071600 0.404
0.071650 0.380
0.071700 0.350
0.071750 0.384
0.071800 0.408
0.071850 0.303
0.071900 0.440
0.071950 0.376
0.072000 0.330
0.072050 0.337
0.072100 0.361
0.072150 0.389
0.072200 0.406
0.072250 0.399
0.072300 0.323
0.072350 0.283
0.072400 0.347
0.072450 0.382
0.072500 0.330
0.072550 0.366
0.072600 0.366
0.072650 0.382
0.072700 0.373
0.072750 0.363
0.072800 0.335
0.072850 0.408
0.072900 0.389
0.072950 0.366
0.073000 0.367
0.073050 0.352
0.073100 0.407
0.073150 0.342
0.073200 0.379
0.073250 0.359
0.073300 0.415
0.073350 0.393
0.073400 0.411
0.073450 0.353
0.073500 0.353
0.073550 0.364
0.073600 0.418
0.073650 0.344
0.073700 0.352
0.073750 0.372
0.073800 0.407
0.073850 0.413
0.073900 0.382
0.073950 0.369
0.074000 0.431
0.074050 0.330
0.074100 0.391
0.074150 0.391
0.074200 0.326
0.074250 0.320
0.074300 0.399
0.074350 0.419
0.074400 0.384
0.074450 0.269
0.074500 0.384
0.074550 0.336
0.074600 0.393
0.074650 0.358
0.074700 0.346
0.074750 0.360
0.074800 0.319
0.074850 0.396
0.074900 0.351
0.074950 0.334
0.075000 0.378
0.075050 0.342
0.075100 0.430
0.075150 0.330
0.075200 0.406
0.075250 0.389
0.075300 0.392
0.075350 0.367
0.075400 0.421
0.075450 0.347
0.075500 0.396
0.075550 0.360
0.075600 0.410
0.075650 0.366
0.075700 0.374
0.075750 0.266
0.075800 0.353
0.075850 0.371
0.075900 0.318
0.075950 0.356
0.076000 0.320
0.076050 0.394
0.076100 0.396
0.076150 0.378
0.076200 0.382
0.076250 0.372
0.076300 0.344
0.076350 0.392
0.076400 0.382
0.076450 0.341
0.076500 0.374
0.076550 0.327
0.076600 0.370
0.076650 0.330
0.076700 0.433
0.076750 0.383
0.076800 0.362
0.076850 0.405
0.076900 0.320
0.076950 0.328
0.077000 0.408
0.077050 0.347
0.077100 0.400
0.077150 0.419
0.077200 0.374
0.077250 0.332
0.077300 0.353
0.077350 0.315
0.077400 0.359
0.077450 0.323
0.077500 0.427
0.077550 0.392
0.077600 0.334
0.077650 0.328
0.077700 0.371
0.077750 0.293
0.077800 0.422
0.077850 0.296
0.077900 0.293
0.077950 0.383
0.078000 0.363
0.078050 0.267
0.078100 0.319
0.078150 0.381
0.078200 0.275
0.078250 0.337
0.078300 0.334
0.078350 0.273
0.078400 0.309
0.078450 0.281
0.078500 0.372
0.078550 0.390
0.078600 0.356
0.078650 0.302
0.078700 0.313
0.078750 0.354
0.078800 0.323
0.078850 0.336
0.078900 0.367
0.078950 0.354
0.079000 0.331
0.079050 0.395
0.079100 0.328
0.079150 0.295
0.079200 0.311
0.079250 0.325
0.079300 0.396
0.079350 0.285
0.079400 0.347
0.079450 0.315
0.079500 0.349
0.079550 0.312
0.079600 0.387
0.079650 0.389
0.079700 0.347
0.079750 0.357
0.079800 0.334
0.079850 0.360
0.079900 0.344
0.079950 0.353
0.080000 0.434
