0 0.05573
5e-05 0.06023
0.0001 0.09242
0.00015 0.083768
0.0002 0.094152
0.00025 0.086884
0.0003 0.089651
0.00035 0.087925
0.0004 0.089301
0.00045 0.093809
0.0005 0.079955
0.00055 0.079271
0.0006 0.093119
0.00065 0.103841
0.0007 0.068879
0.00075 0.088617
0.0008 0.124274
0.00085 0.11041
0.0009 0.129474
0.00095 0.10279
0.001 0.116996
0.00105 0.153356
0.0011 0.218759
0.00115 0.198005
0.0012 0.246459
0.00125 0.212519
0.0013 0.376957
0.00135 0.466949
0.0014 0.485325
0.00145 0.633085
0.0015 0.762924
0.00155 0.912086
0.0016 1.37075
0.00165 1.71792
0.0017 1.98688
0.00175 2.55145
0.0018 3.06964
0.00185 3.73044
0.0019 4.31648
0.00195 4.88482
0.002 5.5882
0.00205 5.7336
0.0021 6.58616
0.00215 6.52903
0.0022 6.65333
0.00225 6.62978
0.0023 6.53594
0.00235 5.84819
0.0024 5.0818
0.00245 4.48571
0.0025 3.81771
0.00255 3.27105
0.0026 2.68266
0.00265 2.57122
0.0027 2.01286
0.00275 1.739
0.0028 1.60579
0.00285 1.47943
0.0029 1.38287
0.00295 1.14681
0.003 1.27379
0.00305 1.03639
0.0031 1.10249
0.00315 0.960884
0.0032 0.915593
0.00325 0.943577
0.0033 0.790239
0.00335 0.814183
0.0034 0.765629
0.00345 0.956077
0.0035 0.774009
0.00355 0.808973
0.0036 0.772933
0.00365 0.795057
0.0037 0.772613
0.00375 0.666717
0.0038 0.754947
0.00385 0.789219
0.0039 0.65491
0.00395 0.664972
0.004 0.684682
0.00405 0.691902
0.0041 0.633488
0.00415 0.663892
0.0042 0.679456
0.00425 0.625126
0.0043 0.679507
0.00435 0.692331
0.0044 0.619226
0.00445 0.62584
0.0045 0.624797
0.00455 0.668805
0.0046 0.634153
0.00465 0.555909
0.0047 0.619866
0.00475 0.627996
0.0048 0.563798
0.00485 0.544894
0.0049 0.535176
0.00495 0.582816
0.005 0.591219
0.00505 0.507549
0.0051 0.619244
0.00515 0.553848
0.0052 0.559345
0.00525 0.563125
0.0053 0.634222
0.00535 0.55384
0.0054 0.559022
0.00545 0.588076
0.0055 0.595341
0.00555 0.522757
0.0056 0.566219
0.00565 0.568809
0.0057 0.602984
0.00575 0.500816
0.0058 0.577439
0.00585 0.570359
0.0059 0.501293
0.00595 0.530993
0.006 0.588384
0.00605 0.474998
0.0061 0.539542
0.00615 0.474288
0.0062 0.536488
0.00625 0.527906
0.0063 0.537932
0.00635 0.500462
0.0064 0.517841
0.00645 0.572939
0.0065 0.545852
0.00655 0.549656
0.0066 0.504701
0.00665 0.550345
0.0067 0.507876
0.00675 0.452438
0.0068 0.49423
0.00685 0.519234
0.0069 0.545834
0.00695 0.589594
0.007 0.428766
0.00705 0.543438
0.0071 0.50617
0.00715 0.459374
0.0072 0.514597
0.00725 0.541377
0.0073 0.479069
0.00735 0.519257
0.0074 0.499202
0.00745 0.58661
0.0075 0.485675
0.00755 0.589597
0.0076 0.549621
0.00765 0.518237
0.0077 0.48809
0.00775 0.579344
0.0078 0.526182
0.00785 0.46597
0.0079 0.437825
0.00795 0.456979
0.008 0.588058
0.00805 0.444058
0.0081 0.503374
0.00815 0.50915
0.0082 0.45477
0.00825 0.506762
0.0083 0.452781
0.00835 0.558055
0.0084 0.512901
0.00845 0.501561
0.0085 0.478506
0.00855 0.495236
0.0086 0.482272
0.00865 0.528876
0.0087 0.503945
0.00875 0.500863
0.0088 0.426855
0.00885 0.534857
0.0089 0.512513
0.00895 0.550727
0.009 0.52759
0.00905 0.427534
0.0091 0.451273
0.00915 0.489859
0.0092 0.525104
0.00925 0.41649
0.0093 0.465532
0.00935 0.472034
0.0094 0.436206
0.00945 0.461838
0.0095 0.496372
0.00955 0.470096
0.0096 0.494828
0.00965 0.478512
0.0097 0.473917
0.00975 0.507747
0.0098 0.422201
0.00985 0.496795
0.0099 0.527232
0.00995 0.4672
0.01 0.481106
0.01005 0.46661
0.0101 0.485059
0.01015 0.483861
0.0102 0.457294
0.01025 0.488086
0.0103 0.517534
0.01035 0.518354
0.0104 0.442543
0.01045 0.499473
0.0105 0.430896
0.01055 0.451716
0.0106 0.47226
0.01065 0.53232
0.0107 0.492448
0.01075 0.482528
0.0108 0.370754
0.01085 0.475928
0.0109 0.463484
0.01095 0.430026
0.011 0.455176
0.01105 0.54755
0.0111 0.458369
0.01115 0.486977
0.0112 0.464273
0.01125 0.428435
0.0113 0.424408
0.01135 0.462564
0.0114 0.494866
0.01145 0.439552
0.0115 0.449398
0.01155 0.470096
0.0116 0.425639
0.01165 0.495785
0.0117 0.474292
0.01175 0.445488
0.0118 0.414941
0.01185 0.418803
0.0119 0.412965
0.01195 0.424383
0.012 0.481542
0.01205 0.470732
0.0121 0.513046
0.01215 0.461008
0.0122 0.402977
0.01225 0.403809
0.0123 0.46299
0.01235 0.44928
0.0124 0.465573
0.01245 0.464103
0.0125 0.397394
0.01255 0.497002
0.0126 0.426559
0.01265 0.403575
0.0127 0.459665
0.01275 0.398441
0.0128 0.425458
0.01285 0.435804
0.0129 0.423258
0.01295 0.455584
0.013 0.340856
0.01305 0.425012
0.0131 0.471515
0.01315 0.442817
0.0132 0.422835
0.01325 0.414099
0.0133 0.465909
0.01335 0.520213
0.0134 0.481544
0.01345 0.40332
0.0135 0.386315
0.01355 0.450213
0.0136 0.41275
0.01365 0.422308
0.0137 0.446029
0.01375 0.444925
0.0138 0.409768
0.01385 0.514094
0.0139 0.419256
0.01395 0.443262
0.014 0.509144
0.01405 0.469162
0.0141 0.474907
0.01415 0.488975
0.0142 0.480132
0.01425 0.40258
0.0143 0.475775
0.01435 0.407205
0.0144 0.482156
0.01445 0.466274
0.0145 0.410384
0.01455 0.492058
0.0146 0.448316
0.01465 0.42708
0.0147 0.362877
0.01475 0.441311
0.0148 0.386623
0.01485 0.475043
0.0149 0.476176
0.01495 0.430842
0.015 0.435644
0.01505 0.405184
0.0151 0.416865
0.01515 0.392815
0.0152 0.522882
0.01525 0.398744
0.0153 0.421687
0.01535 0.444571
0.0154 0.454105
0.01545 0.423143
0.0155 0.442284
0.01555 0.357424
0.0156 0.438911
0.01565 0.423865
0.0157 0.369321
0.01575 0.402127
0.0158 0.453972
0.01585 0.39662
0.0159 0.418177
0.01595 0.460439
0.016 0.386595
0.01605 0.494975
0.0161 0.45936
0.01615 0.40075
0.0162 0.458615
0.01625 0.410433
0.0163 0.42232
0.01635 0.412032
0.0164 0.418119
0.01645 0.428241
0.0165 0.418945
0.01655 0.479967
0.0166 0.432335
0.01665 0.418023
0.0167 0.37077
0.01675 0.356376
0.0168 0.366812
0.01685 0.423668
0.0169 0.461387
0.01695 0.387597
0.017 0.427406
0.01705 0.450826
0.0171 0.358877
0.01715 0.411307
0.0172 0.396939
0.01725 0.395957
0.0173 0.430378
0.01735 0.354798
0.0174 0.454129
0.01745 0.366383
0.0175 0.440061
0.01755 0.439763
0.0176 0.377349
0.01765 0.446461
0.0177 0.377016
0.01775 0.414154
0.0178 0.491963
0.01785 0.393589
0.0179 0.40282
0.01795 0.456424
0.018 0.446232
0.01805 0.462032
0.0181 0.376336
0.01815 0.34782
0.0182 0.4472
0.01825 0.42517
0.0183 0.435268
0.01835 0.425958
0.0184 0.399242
0.01845 0.401922
0.0185 0.426898
0.01855 0.38513
0.0186 0.437407
0.01865 0.380911
0.0187 0.448849
0.01875 0.410561
0.0188 0.414203
0.01885 0.447371
0.0189 0.437988
0.01895 0.435762
0.019 0.404574
0.01905 0.387668
0.0191 0.367961
0.01915 0.378065
0.0192 0.440237
0.01925 0.441147
0.0193 0.418081
0.01935 0.349839
0.0194 0.369384
0.01945 0.437844
0.0195 0.404402
0.01955 0.428338
0.0196 0.34125
0.01965 0.377224
0.0197 0.377146
0.01975 0.403612
0.0198 0.397737
0.01985 0.382277
0.0199 0.409405
0.01995 0.413949
0.02 0.451821
0.02005 0.450591
0.0201 0.39818
0.02015 0.35872
0.0202 0.382158
0.02025 0.383858
0.0203 0.430352
0.02035 0.417632
0.0204 0.441229
0.02045 0.299779
0.0205 0.408424
0.02055 0.475028
0.0206 0.382296
0.02065 0.371698
0.0207 0.395479
0.02075 0.372851
0.0208 0.335475
0.02085 0.400251
0.0209 0.432822
0.02095 0.433716
0.021 0.410628
0.02105 0.423676
0.0211 0.402563
0.02115 0.453389
0.0212 0.388984
0.02125 0.409758
0.0213 0.4119
0.02135 0.39395
0.0214 0.338989
0.02145 0.433723
0.0215 0.428275
0.02155 0.419773
0.0216 0.429839
0.02165 0.409603
0.0217 0.50712
0.02175 0.382958
0.0218 0.434058
0.02185 0.381712
0.0219 0.457642
0.02195 0.40078
0.022 0.388519
0.02205 0.299717
0.0221 0.40657
0.02215 0.369414
0.0222 0.413895
0.02225 0.355659
0.0223 0.385992
0.02235 0.378906
0.0224 0.387047
0.02245 0.437101
0.0225 0.348589
0.02255 0.425379
0.0226 0.411182
0.02265 0.41415
0.0227 0.392575
0.02275 0.403241
0.0228 0.440491
0.02285 0.428529
0.0229 0.419249
0.02295 0.338155
0.023 0.413279
0.02305 0.424221
0.0231 0.364402
0.02315 0.376586
0.0232 0.350262
0.02325 0.422568
0.0233 0.440709
0.02335 0.388773
0.0234 0.457981
0.02345 0.420479
0.0235 0.350244
0.02355 0.39332
0.0236 0.360998
0.02365 0.433706
0.0237 0.383857
0.02375 0.448891
0.0238 0.418942
0.02385 0.318544
0.0239 0.369365
0.02395 0.318273
0.024 0.35393
0.02405 0.403314
0.0241 0.38491
0.02415 0.392534
0.0242 0.391967
0.02425 0.386057
0.0243 0.346514
0.02435 0.377982
0.0244 0.401827
0.02445 0.445915
0.0245 0.438724
0.02455 0.319318
0.0246 0.423997
0.02465 0.362843
0.0247 0.370623
0.02475 0.365561
0.0248 0.44745
0.02485 0.323668
0.0249 0.373795
0.02495 0.418231
0.025 0.339694
0.02505 0.390208
0.0251 0.300694
0.02515 0.349252
0.0252 0.449617
0.02525 0.406375
0.0253 0.418144
0.02535 0.362424
0.0254 0.339974
0.02545 0.330658
0.0255 0.354509
0.02555 0.382091
0.0256 0.474992
0.02565 0.399336
0.0257 0.425727
0.02575 0.403773
0.0258 0.395655
0.02585 0.385423
0.0259 0.386555
0.02595 0.437099
0.026 0.425941
0.02605 0.495633
0.0261 0.378496
0.02615 0.32357
0.0262 0.335535
0.02625 0.465399
0.0263 0.38521
0.02635 0.432344
0.0264 0.406749
0.02645 0.377303
0.0265 0.326455
0.02655 0.343421
0.0266 0.373281
0.02665 0.449773
0.0267 0.341055
0.02675 0.407003
0.0268 0.363778
0.02685 0.371426
0.0269 0.369959
0.02695 0.381989
0.027 0.367582
0.02705 0.348764
0.0271 0.430302
0.02715 0.34692
0.0272 0.389522
0.02725 0.36739
0.0273 0.351158
0.02735 0.40663
0.0274 0.343278
0.02745 0.368684
0.0275 0.460354
0.02755 0.36264
0.0276 0.434169
0.02765 0.375347
0.0277 0.36394
0.02775 0.392508
0.0278 0.403411
0.02785 0.323423
0.0279 0.409032
0.02795 0.415026
0.028 0.426105
0.02805 0.439495
0.0281 0.371888
0.02815 0.3936
0.0282 0.392267
0.02825 0.379611
0.0283 0.446839
0.02835 0.386059
0.0284 0.375033
0.02845 0.350843
0.0285 0.43502
0.02855 0.311436
0.0286 0.391768
0.02865 0.35256
0.0287 0.347651
0.02875 0.395713
0.0288 0.381714
0.02885 0.331232
0.0289 0.363289
0.02895 0.390297
0.029 0.475549
0.02905 0.366857
0.0291 0.384118
0.02915 0.395048
0.0292 0.381468
0.02925 0.356688
0.0293 0.390485
0.02935 0.365659
0.0294 0.310671
0.02945 0.327387
0.0295 0.367242
0.02955 0.383624
0.0296 0.409581
0.02965 0.408943
0.0297 0.36725
0.02975 0.395082
0.0298 0.316792
0.02985 0.398376
0.0299 0.378544
0.02995 0.468416
0.03 0.306922
0.03005 0.304154
0.0301 0.353838
0.03015 0.385654
0.0302 0.355317
0.03025 0.396341
0.0303 0.408436
0.03035 0.406002
0.0304 0.393206
0.03045 0.43647
0.0305 0.424349
0.03055 0.331387
0.0306 0.331148
0.03065 0.409504
0.0307 0.417522
0.03075 0.352894
0.0308 0.405801
0.03085 0.347111
0.0309 0.34323
0.03095 0.422414
0.031 0.403246
0.03105 0.34418
0.0311 0.414416
0.03115 0.40325
0.0312 0.432033
0.03125 0.352659
0.0313 0.351909
0.03135 0.414587
0.0314 0.372525
0.03145 0.409645
0.0315 0.323269
0.03155 0.412181
0.0316 0.330609
0.03165 0.378623
0.0317 0.401468
0.03175 0.391352
0.0318 0.334053
0.03185 0.414295
0.0319 0.31472
0.03195 0.3222
0.032 0.298951
0.03205 0.371255
0.0321 0.361597
0.03215 0.404061
0.0322 0.388676
0.03225 0.332524
0.0323 0.327874
0.03235 0.326446
0.0324 0.393809
0.03245 0.310037
0.0325 0.366497
0.03255 0.407573
0.0326 0.379623
0.03265 0.389479
0.0327 0.360083
0.03275 0.341051
0.0328 0.321278
0.03285 0.356032
0.0329 0.349431
0.03295 0.407483
0.033 0.350788
0.03305 0.375926
0.0331 0.350793
0.03315 0.392613
0.0332 0.38741
0.03325 0.398836
0.0333 0.324273
0.03335 0.368949
0.0334 0.364323
0.03345 0.308759
0.0335 0.352928
0.03355 0.339506
0.0336 0.412171
0.03365 0.423155
0.0337 0.39639
0.03375 0.436432
0.0338 0.378489
0.03385 0.474197
0.0339 0.376816
0.03395 0.423166
0.034 0.35872
0.03405 0.44676
0.0341 0.390394
0.03415 0.352934
0.0342 0.417377
0.03425 0.384007
0.0343 0.33744
0.03435 0.340896
0.0344 0.472524
0.03445 0.421188
0.0345 0.393124
0.03455 0.33726
0.0346 0.378869
0.03465 0.355425
0.0347 0.449337
0.03475 0.420465
0.0348 0.424926
0.03485 0.388226
0.0349 0.361855
0.03495 0.375273
0.035 0.308837
0.03505 0.358651
0.0351 0.448049
0.03515 0.432231
0.0352 0.386032
0.03525 0.37635
0.0353 0.420361
0.03535 0.425621
0.0354 0.437995
0.03545 0.397883
0.0355 0.395286
0.03555 0.354944
0.0356 0.392864
0.03565 0.390962
0.0357 0.404069
0.03575 0.321289
0.0358 0.337827
0.03585 0.342231
0.0359 0.362474
0.03595 0.372724
0.036 0.3549
0.03605 0.349278
0.0361 0.345804
0.03615 0.401686
0.0362 0.358477
0.03625 0.356473
0.0363 0.388632
0.03635 0.345942
0.0364 0.35994
0.03645 0.384948
0.0365 0.480968
0.03655 0.325576
0.0366 0.371856
0.03665 0.362544
0.0367 0.377451
0.03675 0.396101
0.0368 0.355132
0.03685 0.367134
0.0369 0.316372
0.03695 0.413406
0.037 0.349298
0.03705 0.368036
0.0371 0.400226
0.03715 0.288956
0.0372 0.413404
0.03725 0.341412
0.0373 0.440195
0.03735 0.350133
0.0374 0.369814
0.03745 0.350576
0.0375 0.407865
0.03755 0.366873
0.0376 0.419091
0.03765 0.382547
0.0377 0.402484
0.03775 0.346146
0.0378 0.369071
0.03785 0.326143
0.0379 0.390825
0.03795 0.361525
0.038 0.444739
0.03805 0.395695
0.0381 0.400632
0.03815 0.32537
0.0382 0.310249
0.03825 0.408439
0.0383 0.450258
0.03835 0.479954
0.0384 0.395955
0.03845 0.353979
0.0385 0.355788
0.03855 0.40161
0.0386 0.343257
0.03865 0.408519
0.0387 0.356236
0.03875 0.351864
0.0388 0.35447
0.03885 0.3991
0.0389 0.347308
0.03895 0.451318
0.039 0.344079
0.03905 0.367023
0.0391 0.324285
0.03915 0.358217
0.0392 0.352246
0.03925 0.313242
0.0393 0.351217
0.03935 0.354667
0.0394 0.326572
0.03945 0.391592
0.0395 0.327928
0.03955 0.338472
0.0396 0.363332
0.03965 0.357322
0.0397 0.335391
0.03975 0.333279
0.0398 0.351086
0.03985 0.39769
0.0399 0.316631
0.03995 0.358469
0.04 0.373232
0.04005 0.314268
0.0401 0.36349
0.04015 0.416918
0.0402 0.391657
0.04025 0.319555
0.0403 0.387604
0.04035 0.31774
0.0404 0.297776
0.04045 0.38385
0.0405 0.354272
0.04055 0.373306
0.0406 0.355827
0.04065 0.370845
0.0407 0.362285
0.04075 0.360223
0.0408 0.420247
0.04085 0.392149
0.0409 0.404899
0.04095 0.432457
0.041 0.3969
0.04105 0.376832
0.0411 0.449691
0.04115 0.364609
0.0412 0.360893
0.04125 0.394335
0.0413 0.333622
0.04135 0.327338
0.0414 0.37326
0.04145 0.39113
0.0415 0.380812
0.04155 0.369626
0.0416 0.318417
0.04165 0.272863
0.0417 0.400827
0.04175 0.321925
0.0418 0.369128
0.04185 0.388848
0.0419 0.318867
0.04195 0.361197
0.042 0.402839
0.04205 0.293913
0.0421 0.370903
0.04215 0.313129
0.0422 0.432601
0.04225 0.330847
0.0423 0.338843
0.04235 0.295141
0.0424 0.398163
0.04245 0.337501
0.0425 0.347259
0.04255 0.416693
0.0426 0.344775
0.04265 0.346903
0.0427 0.360155
0.04275 0.399991
0.0428 0.373122
0.04285 0.34616
0.0429 0.338862
0.04295 0.31262
0.043 0.347419
0.04305 0.390961
0.0431 0.339726
0.04315 0.36521
0.0432 0.357049
0.04325 0.466637
0.0433 0.34425
0.04335 0.358584
0.0434 0.330388
0.04345 0.336896
0.0435 0.358235
0.04355 0.404065
0.0436 0.388944
0.04365 0.345804
0.0437 0.378642
0.04375 0.361662
0.0438 0.279727
0.04385 0.392429
0.0439 0.37191
0.04395 0.359242
0.044 0.352699
0.04405 0.402583
0.0441 0.310475
0.04415 0.337395
0.0442 0.379453
0.04425 0.356977
0.0443 0.384098
0.04435 0.375792
0.0444 0.361236
0.04445 0.371552
0.0445 0.322207
0.04455 0.321757
0.0446 0.398998
0.04465 0.399616
0.0447 0.404712
0.04475 0.344418
0.0448 0.343125
0.04485 0.305909
0.0449 0.377349
0.04495 0.364429
0.045 0.358675
0.04505 0.379963
0.0451 0.374233
0.04515 0.408261
0.0452 0.344663
0.04525 0.371455
0.0453 0.386546
0.04535 0.360828
0.0454 0.325936
0.04545 0.33006
0.0455 0.361529
0.04555 0.383071
0.0456 0.361774
0.04565 0.337666
0.0457 0.372955
0.04575 0.357065
0.0458 0.396144
0.04585 0.369256
0.0459 0.369851
0.04595 0.464289
0.046 0.384046
0.04605 0.347798
0.0461 0.318817
0.04615 0.358119
0.0462 0.378125
0.04625 0.353749
0.0463 0.322806
0.04635 0.441172
0.0464 0.377838
0.04645 0.36917
0.0465 0.385612
0.04655 0.3378
0.0466 0.362609
0.04665 0.385631
0.0467 0.323643
0.04675 0.367225
0.0468 0.364098
0.04685 0.312186
0.0469 0.425373
0.04695 0.391343
0.047 0.315801
0.04705 0.373783
0.0471 0.365941
0.04715 0.393947
0.0472 0.403143
0.04725 0.363177
0.0473 0.398845
0.04735 0.389123
0.0474 0.412586
0.04745 0.375324
0.0475 0.362671
0.04755 0.382347
0.0476 0.363966
0.04765 0.436158
0.0477 0.349093
0.04775 0.413759
0.0478 0.358047
0.04785 0.423827
0.0479 0.337333
0.04795 0.354249
0.048 0.379868
0.04805 0.373822
0.0481 0.312867
0.04815 0.380899
0.0482 0.361329
0.04825 0.419945
0.0483 0.387846
0.04835 0.37404
0.0484 0.368913
0.04845 0.348251
0.0485 0.340149
0.04855 0.408811
0.0486 0.394981
0.04865 0.451237
0.0487 0.386767
0.04875 0.350403
0.0488 0.36864
0.04885 0.401604
0.0489 0.370056
0.04895 0.444252
0.049 0.393108
0.04905 0.381088
0.0491 0.270732
0.04915 0.326336
0.0492 0.327936
0.04925 0.435044
0.0493 0.384559
0.04935 0.355657
0.0494 0.408755
0.04945 0.370935
0.0495 0.362731
0.04955 0.418983
0.0496 0.386036
0.04965 0.394738
0.0497 0.336802
0.04975 0.378292
0.0498 0.391992
0.04985 0.368808
0.0499 0.379521
0.04995 0.329267
0.05 0.397982
0.05005 0.342656
0.0501 0.375429
0.05015 0.322961
0.0502 0.402997
0.05025 0.421907
0.0503 0.389517
0.05035 0.420535
0.0504 0.394133
0.05045 0.373713
0.0505 0.382552
0.05055 0.373202
0.0506 0.40941
0.05065 0.379816
0.0507 0.41205
0.05075 0.37834
0.0508 0.37199
0.05085 0.372748
0.0509 0.380642
0.05095 0.39468
0.051 0.387319
0.05105 0.346211
0.0511 0.340788
0.05115 0.385526
0.0512 0.367871
0.05125 0.410699
0.0513 0.379709
0.05135 0.335265
0.0514 0.383302
0.05145 0.37586
0.0515 0.465311
0.05155 0.333143
0.0516 0.314221
0.05165 0.367625
0.0517 0.373575
0.05175 0.401299
0.0518 0.372069
0.05185 0.394655
0.0519 0.379903
0.05195 0.425429
0.052 0.368028
0.05205 0.368814
0.0521 0.371689
0.05215 0.411113
0.0522 0.368096
0.05225 0.352152
0.0523 0.394795
0.05235 0.326473
0.0524 0.33768
0.05245 0.37097
0.0525 0.39805
0.05255 0.343152
0.0526 0.335483
0.05265 0.380493
0.0527 0.361277
0.05275 0.336727
0.0528 0.364958
0.05285 0.331906
0.0529 0.362301
0.05295 0.420343
0.053 0.376694
0.05305 0.405138
0.0531 0.317796
0.05315 0.379168
0.0532 0.365099
0.05325 0.365915
0.0533 0.380605
0.05335 0.370773
0.0534 0.29036
0.05345 0.433352
0.0535 0.390392
0.05355 0.34088
0.0536 0.333077
0.05365 0.341363
0.0537 0.380848
0.05375 0.370948
0.0538 0.326557
0.05385 0.366127
0.0539 0.377754
0.05395 0.415334
0.054 0.402212
0.05405 0.390136
0.0541 0.348786
0.05415 0.422226
0.0542 0.35916
0.05425 0.33393
0.0543 0.352111
0.05435 0.372519
0.0544 0.402785
0.05445 0.442945
0.0545 0.393754
0.05455 0.35644
0.0546 0.366023
0.05465 0.341719
0.0547 0.362244
0.05475 0.363098
0.0548 0.385895
0.05485 0.380207
0.0549 0.373405
0.05495 0.273085
0.055 0.431227
0.05505 0.344055
0.0551 0.327238
0.05515 0.36116
0.0552 0.31893
0.05525 0.345158
0.0553 0.358174
0.05535 0.34685
0.0554 0.348804
0.05545 0.371854
0.0555 0.374969
0.05555 0.370309
0.0556 0.431304
0.05565 0.398888
0.0557 0.361925
0.05575 0.387359
0.0558 0.342491
0.05585 0.325453
0.0559 0.303894
0.05595 0.397638
0.056 0.370566
0.05605 0.361374
0.0561 0.329698
0.05615 0.393478
0.0562 0.389929
0.05625 0.367229
0.0563 0.400819
0.05635 0.357795
0.0564 0.388042
0.05645 0.36978
0.0565 0.348077
0.05655 0.386313
0.0566 0.369134
0.05665 0.383662
0.0567 0.366449
0.05675 0.359415
0.0568 0.305746
0.05685 0.385082
0.0569 0.318836
0.05695 0.365276
0.057 0.327405
0.05705 0.437895
0.0571 0.470952
0.05715 0.461768
0.0572 0.348365
0.05725 0.392813
0.0573 0.359382
0.05735 0.327012
0.0574 0.343965
0.05745 0.320713
0.0575 0.386028
0.05755 0.425018
0.0576 0.377635
0.05765 0.343977
0.0577 0.318317
0.05775 0.344611
0.0578 0.420725
0.05785 0.301335
0.0579 0.310285
0.05795 0.370299
0.058 0.319013
0.05805 0.395415
0.0581 0.32664
0.05815 0.370596
0.0582 0.420491
0.05825 0.329429
0.0583 0.374672
0.05835 0.38032
0.0584 0.349744
0.05845 0.33196
0.0585 0.399614
0.05855 0.373682
0.0586 0.359414
0.05865 0.35098
0.0587 0.349575
0.05875 0.315239
0.0588 0.407932
0.05885 0.361858
0.0589 0.374617
0.05895 0.326049
0.059 0.395458
0.05905 0.322022
0.0591 0.334759
0.05915 0.329769
0.0592 0.366242
0.05925 0.370786
0.0593 0.397895
0.05935 0.321717
0.0594 0.382082
0.05945 0.395
0.0595 0.349592
0.05955 0.35771
0.0596 0.415955
0.05965 0.350171
0.0597 0.277052
0.05975 0.393914
0.0598 0.3794
0.05985 0.285782
0.0599 0.382571
0.05995 0.359603
0.06 0.417045
0.06005 0.386885
0.0601 0.330184
0.06015 0.437086
0.0602 0.29241
0.06025 0.390986
0.0603 0.372729
0.06035 0.361675
0.0604 0.361475
0.06045 0.356435
0.0605 0.392557
0.06055 0.383925
0.0606 0.363142
0.06065 0.322884
0.0607 0.380942
0.06075 0.329704
0.0608 0.391521
0.06085 0.369449
0.0609 0.342447
0.06095 0.339779
0.061 0.363967
0.06105 0.380883
0.0611 0.374604
0.06115 0.305886
0.0612 0.36685
0.06125 0.351952
0.0613 0.377509
0.06135 0.416637
0.0614 0.351396
0.06145 0.321666
0.0615 0.37311
0.06155 0.376632
0.0616 0.388794
0.06165 0.335584
0.0617 0.381045
0.06175 0.337625
0.0618 0.404193
0.06185 0.333505
0.0619 0.359288
0.06195 0.434734
0.062 0.358961
0.06205 0.382365
0.0621 0.402097
0.06215 0.327333
0.0622 0.390584
0.06225 0.391688
0.0623 0.32421
0.06235 0.296506
0.0624 0.411122
0.06245 0.364764
0.0625 0.375841
0.06255 0.358149
0.0626 0.357957
0.06265 0.364035
0.0627 0.387698
0.06275 0.35741
0.0628 0.368531
0.06285 0.335649
0.0629 0.397114
0.06295 0.376826
0.063 0.330009
0.06305 0.329775
0.0631 0.362379
0.06315 0.377365
0.0632 0.356967
0.06325 0.355511
0.0633 0.322377
0.06335 0.427377
0.0634 0.41334
0.06345 0.42594
0.0635 0.314012
0.06355 0.382444
0.0636 0.335195
0.06365 0.304397
0.0637 0.379352
0.06375 0.384304
0.0638 0.33308
0.06385 0.37503
0.0639 0.303248
0.06395 0.382338
0.064 0.346324
0.06405 0.41535
0.0641 0.398577
0.06415 0.322701
0.0642 0.323748
0.06425 0.386526
0.0643 0.417276
0.06435 0.442946
0.0644 0.409382
0.06445 0.34349
0.0645 0.428492
0.06455 0.341856
0.0646 0.390784
0.06465 0.379008
0.0647 0.42548
0.06475 0.3295
0.0648 0.39672
0.06485 0.340786
0.0649 0.404231
0.06495 0.401523
0.065 0.391003
0.06505 0.351815
0.0651 0.385505
0.06515 0.376241
0.0652 0.370871
0.06525 0.387691
0.0653 0.399322
0.06535 0.438448
0.0654 0.389961
0.06545 0.425203
0.0655 0.405464
0.06555 0.368624
0.0656 0.393411
0.06565 0.410371
0.0657 0.43526
0.06575 0.324658
0.0658 0.36921
0.06585 0.395412
0.0659 0.407165
0.06595 0.411025
0.066 0.384511
0.06605 0.347361
0.0661 0.397445
0.06615 0.352315
0.0662 0.377308
0.06625 0.493852
0.0663 0.447439
0.06635 0.390297
0.0664 0.39416
0.06645 0.460542
0.0665 0.477827
0.06655 0.473839
0.0666 0.447181
0.06665 0.348427
0.0667 0.317536
0.06675 0.337344
0.0668 0.403992
0.06685 0.411918
0.0669 0.367641
0.06695 0.315225
0.067 0.392769
0.06705 0.326893
0.0671 0.372339
0.06715 0.482399
0.0672 0.45417
0.06725 0.393574
0.0673 0.408275
0.06735 0.401441
0.0674 0.373008
0.06745 0.426862
0.0675 0.399776
0.06755 0.449694
0.0676 0.410425
0.06765 0.333157
0.0677 0.427803
0.06775 0.475199
0.0678 0.44128
0.06785 0.325806
0.0679 0.371798
0.06795 0.359412
0.068 0.368775
0.06805 0.361815
0.0681 0.399819
0.06815 0.305599
0.0682 0.443222
0.06825 0.403568
0.0683 0.350157
0.06835 0.407437
0.0684 0.366275
0.06845 0.372973
0.0685 0.353637
0.06855 0.389139
0.0686 0.467282
0.06865 0.43705
0.0687 0.408127
0.06875 0.317221
0.0688 0.339031
0.06885 0.399473
0.0689 0.443499
0.06895 0.335821
0.069 0.363247
0.06905 0.419755
0.0691 0.386491
0.06915 0.398827
0.0692 0.3641
0.06925 0.386124
0.0693 0.351329
0.06935 0.377531
0.0694 0.331562
0.06945 0.443954
0.0695 0.424444
0.06955 0.38958
0.0696 0.41454
0.06965 0.39634
0.0697 0.350201
0.06975 0.425415
0.0698 0.34293
0.06985 0.388884
0.0699 0.392967
0.06995 0.425059
0.07 0.461423
0.07005 0.382901
0.0701 0.395406
0.07015 0.374242
0.0702 0.414853
0.07025 0.358537
0.0703 0.358381
0.07035 0.437073
0.0704 0.37926
0.07045 0.465144
0.0705 0.386124
0.07055 0.369064
0.0706 0.398597
0.07065 0.422537
0.0707 0.389928
0.07075 0.37849
0.0708 0.412372
0.07085 0.374008
0.0709 0.420703
0.07095 0.403597
0.071 0.372245
0.07105 0.424725
0.0711 0.401897
0.07115 0.373325
0.0712 0.376043
0.07125 0.388749
0.0713 0.43573
0.07135 0.402842
0.0714 0.397036
0.07145 0.404088
0.0715 0.358208
0.07155 0.385264
0.0716 0.319232
0.07165 0.39933
0.0717 0.430806
0.07175 0.384804
0.0718 0.320025
0.07185 0.344267
0.0719 0.374316
0.07195 0.379948
0.072 0.423058
0.07205 0.41002
0.0721 0.352222
0.07215 0.37228
0.0722 0.35192
0.07225 0.366222
0.0723 0.400812
0.07235 0.38045
0.0724 0.375985
0.07245 0.383111
0.0725 0.382997
0.07255 0.397403
0.0726 0.40748
0.07265 0.391406
0.0727 0.280724
0.07275 0.33871
0.0728 0.408472
0.07285 0.334036
0.0729 0.364495
0.07295 0.383337
0.073 0.427055
0.07305 0.463553
0.0731 0.384549
0.07315 0.362479
0.0732 0.341829
0.07325 0.438417
0.0733 0.329823
0.07335 0.375147
0.0734 0.452882
0.07345 0.392596
0.0735 0.433686
0.07355 0.37918
0.0736 0.401159
0.07365 0.367171
0.0737 0.430464
0.07375 0.334478
0.0738 0.360888
0.07385 0.316408
0.0739 0.370931
0.07395 0.360445
0.074 0.404735
0.07405 0.431331
0.0741 0.34379
0.07415 0.423764
0.0742 0.330155
0.07425 0.374555
0.0743 0.390792
0.07435 0.337126
0.0744 0.392049
0.07445 0.374073
0.0745 0.382899
0.07455 0.381299
0.0746 0.369245
0.07465 0.430373
0.0747 0.357074
0.07475 0.389844
0.0748 0.376273
0.07485 0.424093
0.0749 0.400057
0.07495 0.369973
0.075 0.338328
0.07505 0.41176
0.0751 0.395159
0.07515 0.386045
0.0752 0.464203
0.07525 0.461193
0.0753 0.331589
0.07535 0.464119
0.0754 0.370563
0.07545 0.426311
0.0755 0.352224
0.07555 0.356614
0.0756 0.332266
0.07565 0.374486
0.0757 0.363765
0.07575 0.377279
0.0758 0.40599
0.07585 0.360376
0.0759 0.413407
0.07595 0.402703
0.076 0.402625
0.07605 0.362975
0.0761 0.338477
0.07615 0.406895
0.0762 0.368698
0.07625 0.399096
0.0763 0.420392
0.07635 0.408114
0.0764 0.311717
0.07645 0.403321
0.0765 0.386404
0.07655 0.383242
0.0766 0.335617
0.07665 0.464309
0.0767 0.427473
0.07675 0.396709
0.0768 0.335145
0.07685 0.418033
0.0769 0.3518
0.07695 0.396318
0.077 0.394693
0.07705 0.320591
0.0771 0.402188
0.07715 0.425272
0.0772 0.415956
0.07725 0.381886
0.0773 0.353938
0.07735 0.32284
0.0774 0.369132
0.07745 0.441864
0.0775 0.382902
0.07755 0.44333
0.0776 0.440202
0.07765 0.35626
0.0777 0.345241
0.07775 0.391773
0.0778 0.405698
0.07785 0.400954
0.0779 0.389965
0.07795 0.460075
0.078 0.378903
0.07805 0.399105
0.0781 0.444354
0.07815 0.316086
0.0782 0.436407
0.07825 0.333021
0.0783 0.386137
0.07835 0.436219
0.0784 0.35617
0.07845 0.469078
0.0785 0.371688
0.07855 0.407732
0.0786 0.384071
0.07865 0.393419
0.0787 0.35711
0.07875 0.416868
0.0788 0.383697
0.07885 0.372555
0.0789 0.394551
0.07895 0.380249
0.079 0.403864
0.07905 0.42436
0.0791 0.438563
0.07915 0.343497
0.0792 0.417846
0.07925 0.446342
0.0793 0.37015
0.07935 0.451026
0.0794 0.438304
0.07945 0.387398
0.0795 0.365034
0.07955 0.341036
0.0796 0.382306
0.07965 0.385398
0.0797 0.428371
0.07975 0.474617
0.0798 0.396384
0.07985 0.397904
0.0799 0.472981
0.07995 0.439399
0.08 0.388143
0.08005 0.426503
0.0801 0.448905
0.08015 0.339821
0.0802 0.347698
0.08025 0.357196
0.0803 0.40528
0.08035 0.32803
0.0804 0.432453
0.08045 0.393781
0.0805 0.387257
0.08055 0.396841
0.0806 0.432251
0.08065 0.366045
0.0807 0.385311
0.08075 0.407845
0.0808 0.381911
0.08085 0.368873
0.0809 0.384953
0.08095 0.386483
0.081 0.358838
0.08105 0.37818
0.0811 0.392689
0.08115 0.374745
0.0812 0.402268
0.08125 0.400574
0.0813 0.376099
0.08135 0.354835
0.0814 0.375886
0.08145 0.437726
0.0815 0.46706
0.08155 0.4328
0.0816 0.385413
0.08165 0.382057
0.0817 0.43592
0.08175 0.365546
0.0818 0.398174
0.08185 0.37517
0.0819 0.422601
0.08195 0.465199
0.082 0.424184
0.08205 0.392946
0.0821 0.369866
0.08215 0.389488
0.0822 0.359796
0.08225 0.415642
0.0823 0.381005
0.08235 0.460017
0.0824 0.349538
0.08245 0.402208
0.0825 0.441766
0.08255 0.464876
0.0826 0.398766
0.08265 0.479742
0.0827 0.431775
0.08275 0.382065
0.0828 0.486366
0.08285 0.333866
0.0829 0.42994
0.08295 0.356868
0.083 0.398273
0.08305 0.423133
0.0831 0.328302
0.08315 0.39138
0.0832 0.417942
0.08325 0.397904
0.0833 0.421172
0.08335 0.35441
0.0834 0.335929
0.08345 0.344135
0.0835 0.412512
0.08355 0.37902
0.0836 0.430791
0.08365 0.429087
0.0837 0.469255
0.08375 0.440779
0.0838 0.336787
0.08385 0.439003
0.0839 0.37686
0.08395 0.479246
0.084 0.331346
0.08405 0.393432
0.0841 0.447214
0.08415 0.384896
0.0842 0.399977
0.08425 0.357761
0.0843 0.436934
0.08435 0.360952
0.0844 0.403065
0.08445 0.473983
0.0845 0.34718
0.08455 0.40458
0.0846 0.379125
0.08465 0.363789
0.0847 0.377241
0.08475 0.419549
0.0848 0.402537
0.08485 0.390589
0.0849 0.388814
0.08495 0.356436
0.085 0.378433
0.08505 0.368131
0.0851 0.407198
0.08515 0.42759
0.0852 0.408803
0.08525 0.418985
0.0853 0.362612
0.08535 0.350548
0.0854 0.488855
0.08545 0.379455
0.0855 0.405032
0.08555 0.415246
0.0856 0.368949
0.08565 0.413413
0.0857 0.416795
0.08575 0.420183
0.0858 0.342878
0.08585 0.34962
0.0859 0.404506
0.08595 0.435408
0.086 0.357941
0.08605 0.454261
0.0861 0.421524
0.08615 0.399074
0.0862 0.43006
0.08625 0.449018
0.0863 0.379932
0.08635 0.37639
0.0864 0.424712
0.08645 0.384888
0.0865 0.400387
0.08655 0.388201
0.0866 0.384659
0.08665 0.372441
0.0867 0.361937
0.08675 0.431271
0.0868 0.398242
0.08685 0.410344
0.0869 0.375514
0.08695 0.411964
0.087 0.417139
0.08705 0.448453
0.0871 0.434503
0.08715 0.446689
0.0872 0.446681
0.08725 0.359373
0.0873 0.415169
0.08735 0.409881
0.0874 0.409831
0.08745 0.425531
0.0875 0.481531
0.08755 0.436011
0.0876 0.446509
0.08765 0.446501
0.0877 0.402618
0.08775 0.4289
0.0878 0.376162
0.08785 0.416508
0.0879 0.423502
0.08795 0.404108
0.088 0.360027
0.08805 0.333491
0.0881 0.410927
0.08815 0.343847
0.0882 0.442563
0.08825 0.386039
0.0883 0.394798
0.08835 0.385892
0.0884 0.39643
0.08845 0.447696
0.0885 0.373308
0.08855 0.390938
0.0886 0.387322
0.08865 0.3837
0.0887 0.408472
0.08875 0.348038
0.0888 0.403007
0.08885 0.424287
0.0889 0.422476
0.08895 0.466942
0.089 0.415309
0.08905 0.395665
0.0891 0.377771
0.08915 0.393743
0.0892 0.381182
0.08925 0.382888
0.0893 0.384597
0.08935 0.416705
0.0894 0.463179
0.08945 0.379061
0.0895 0.386143
0.08955 0.405781
0.0896 0.470277
0.08965 0.373421
0.0897 0.384103
0.08975 0.385823
0.0898 0.376764
0.08985 0.482762
0.0899 0.407238
0.08995 0.425188
0.09 0.416153
0.09005 0.423321
0.0901 0.408865
0.09015 0.374541
0.0902 0.403335
0.09025 0.410505
0.0903 0.412266
0.09035 0.406798
0.0904 0.379613
0.09045 0.354193
0.0905 0.406604
0.09055 0.368502
0.0906 0.411922
0.09065 0.40825
0.0907 0.351937
0.09075 0.382699
0.0908 0.398976
0.09085 0.446186
0.0909 0.44618
0.09095 0.336974
0.091 0.411509
0.09105 0.391423
0.0911 0.446047
0.09115 0.342073
0.0912 0.374803
0.09125 0.358285
0.0913 0.383761
0.09135 0.471431
0.0914 0.387319
0.09145 0.434829
0.0915 0.412839
0.09155 0.341349
0.0916 0.480537
0.09165 0.443889
0.0917 0.403511
0.09175 0.326347
0.0918 0.364788
0.09185 0.427186
0.0919 0.348083
0.09195 0.377411
0.092 0.368126
0.09205 0.458294
0.0921 0.557824
0.09215 0.386448
0.0922 0.441728
0.09225 0.434334
0.0923 0.371518
0.09235 0.351104
0.0924 0.369486
0.09245 0.313898
0.0925 0.367429
0.09255 0.380303
0.0926 0.420993
0.09265 0.374611
0.0927 0.389369
0.09275 0.404151
0.0928 0.405958
0.09285 0.389188
0.0929 0.409571
0.09295 0.387207
0.093 0.392722
0.09305 0.418728
0.0931 0.387023
0.09315 0.448467
0.0932 0.385055
0.09325 0.482017
0.0933 0.373765
0.09335 0.338191
0.0934 0.373582
0.09345 0.5044
0.0935 0.463296
0.09355 0.459566
0.0936 0.4371
0.09365 0.352756
0.0937 0.397652
0.09375 0.328184
0.0938 0.440674
0.09385 0.459444
0.0939 0.352351
0.09395 0.461287
0.094 0.414274
0.09405 0.387888
0.0941 0.449961
0.09415 0.466917
0.0942 0.37457
0.09425 0.446158
0.0943 0.448041
0.09435 0.448039
0.0944 0.448037
0.09445 0.389445
0.0945 0.442329
0.09455 0.395021
0.0946 0.425251
0.09465 0.394921
0.0947 0.472558
0.09475 0.406222
0.0948 0.354957
0.09485 0.464941
0.0949 0.370007
0.09495 0.430723
0.095 0.392683
0.09505 0.392623
0.0951 0.459168
0.09515 0.356362
0.0952 0.361979
0.09525 0.430503
0.0953 0.455274
0.09535 0.367512
0.0954 0.445695
0.09545 0.390301
0.0955 0.439925
0.09555 0.424619
0.0956 0.380594
0.09565 0.349898
0.0957 0.416819
0.09575 0.380381
0.0958 0.428234
0.09585 0.414786
0.0959 0.432021
0.09595 0.416643
0.096 0.364742
0.09605 0.401172
0.0961 0.433813
0.09615 0.464581
0.0962 0.437647
0.09625 0.385633
0.0963 0.377859
0.09635 0.370073
0.0964 0.4105
0.09645 0.368
0.0965 0.425846
0.09655 0.354338
0.0966 0.45089
0.09665 0.402542
0.0967 0.425714
0.09675 0.477962
0.0968 0.398575
0.09685 0.421779
0.0969 0.427568
0.09695 0.419786
0.097 0.452753
0.09705 0.390613
0.0971 0.307004
0.09715 0.386562
0.0972 0.411783
0.09725 0.417583
0.0973 0.442862
0.09735 0.372728
0.0974 0.349262
0.09745 0.35696
0.0975 0.38418
0.09755 0.391922
0.0976 0.450454
0.09765 0.421146
0.0977 0.354648
0.09775 0.395628
0.0978 0.301638
0.09785 0.36806
0.0979 0.450256
0.09795 0.428698
0.098 0.409068
0.09805 0.397256
0.0981 0.375611
0.09815 0.340185
0.0982 0.379375
0.09825 0.393067
0.0983 0.436285
0.09835 0.373297
0.0984 0.404725
0.09845 0.392861
0.0985 0.396747
0.09855 0.416415
0.0986 0.422302
0.09865 0.392666
0.0987 0.434085
0.09875 0.362935
0.0988 0.451814
0.09885 0.358852
0.0989 0.437922
0.09895 0.426032
0.099 0.435915
0.09905 0.412119
0.0991 0.4101
0.09915 0.40411
0.0992 0.431856
0.09925 0.437798
0.0993 0.382152
0.09935 0.386062
0.0994 0.409868
0.09945 0.39789
0.0995 0.465534
0.09955 0.419736
0.0996 0.483484
0.09965 0.361886
0.0997 0.44559
0.09975 0.515448
0.0998 0.435636
0.09985 0.36969
0.0999 0.375609
0.09995 0.465537
0.1 0.389517
0.10005 0.427497
0.1001 0.431483
0.10015 0.441487
0.1002 0.431456
0.10025 0.39132
0.1003 0.38725
0.10035 0.409278
0.1004 0.336916
0.10045 0.395096
0.1005 0.401077
0.10055 0.429199
0.1006 0.453337
0.10065 0.451329
0.1007 0.366703
0.10075 0.350495
0.1008 0.443181
0.10085 0.410889
0.1009 0.394701
0.10095 0.455249
0.101 0.515887
0.10105 0.435075
0.1011 0.568581
0.10115 0.625373
0.1012 0.593149
0.10125 0.650021
0.1013 0.656302
0.10135 0.74574
0.1014 0.859658
0.10145 0.902694
0.1015 1.28091
0.10155 1.39755
0.1016 1.83152
0.10165 2.17662
0.1017 2.87225
0.10175 3.46304
0.1018 3.95895
0.10185 4.70626
0.1019 5.50157
0.10195 6.18583
0.102 6.9058
0.10205 7.44916
0.1021 7.8646
0.10215 8.17844
0.1022 8.43138
0.10225 8.00131
0.1023 7.49282
0.10235 6.95081
0.1024 6.18055
0.10245 5.6736
0.1025 4.90748
0.10255 4.12176
0.1026 3.87688
0.10265 3.43856
0.1027 2.84547
0.10275 2.61542
0.1028 2.34801
0.10285 2.24279
0.1029 2.00563
0.10295 1.91645
0.103 1.81476
0.10305 1.7418
0.1031 1.66048
0.10315 1.45106
0.1032 1.44578
0.10325 1.47561
0.1033 1.40627
0.10335 1.1962
0.1034 1.26307
0.10345 1.30726
0.1035 1.25626
0.10355 1.47246
0.1036 1.32828
0.10365 1.19425
0.1037 1.26961
0.10375 1.0399
0.1038 1.18995
0.10385 1.18437
0.1039 1.13511
0.10395 1.19395
0.104 1.0635
0.10405 1.0328
0.1041 1.12286
0.10415 1.28391
0.1042 1.14078
0.10425 1.07046
0.1043 1.0689
0.10435 1.02976
0.1044 1.10963
0.10445 1.07675
0.1045 1.15465
0.10455 1.00882
0.1046 1.10975
0.10465 1.02446
0.1047 1.11503
0.10475 1.02547
0.1048 0.996595
0.10485 0.973971
0.1049 0.974403
0.10495 0.926535
0.105 1.04668
0.10505 0.977812
0.1051 1.14228
0.10515 1.04609
0.1052 0.998169
0.10525 1.07444
0.1053 0.910615
0.10535 0.984763
0.1054 1.06534
0.10545 0.930817
0.1055 0.891094
0.10555 0.999154
0.1056 0.970022
0.10565 1.0846
0.1057 0.954
0.10575 1.01365
0.1058 0.948489
0.10585 0.997603
0.1059 1.01288
0.10595 0.979422
0.106 0.920462
0.10605 0.98025
0.1061 0.972186
0.10615 0.96411
0.1062 0.983647
0.10625 1.07337
0.1063 0.871818
0.10635 0.978542
0.1064 1.10245
0.10645 0.958148
0.1065 0.99691
0.10655 0.882222
0.1066 0.895352
0.10665 0.904232
0.1067 1.03909
0.10675 0.951991
0.1068 1.15327
0.10685 0.895151
0.1069 0.871964
0.10695 0.855164
0.107 0.938967
0.10705 0.890083
0.1071 0.924707
0.10715 0.961523
0.1072 0.901865
0.10725 0.970883
0.1073 0.913324
0.10735 0.877164
0.1074 0.922615
0.10745 0.843429
0.1075 0.84587
0.10755 0.884898
0.1076 1.00364
0.10765 0.980385
0.1077 0.885981
0.10775 0.935897
0.1078 0.927643
0.10785 0.740263
0.1079 0.811702
0.10795 0.93076
0.108 0.987314
0.10805 0.91855
0.1081 0.864831
0.10815 0.923565
0.1082 0.815675
0.10825 0.924235
0.1083 0.967935
0.10835 0.797063
0.1084 0.957811
0.10845 0.899611
0.1085 0.962906
0.10855 0.88728
0.1086 0.91368
0.10865 0.816198
0.1087 0.786006
0.10875 0.890684
0.1088 0.973736
0.10885 0.930578
0.1089 0.765336
0.10895 0.889806
0.109 0.901035
0.10905 0.958101
0.1091 0.912644
0.10915 0.878044
0.1092 0.830286
0.10925 0.830554
0.1093 0.900806
0.10935 0.984282
0.1094 0.879618
0.10945 0.82737
0.1095 0.908701
0.10955 0.939727
0.1096 0.889654
0.10965 0.955794
0.1097 0.857399
0.10975 0.936745
0.1098 0.702028
0.10985 0.834056
0.1099 0.893697
0.10995 0.843419
0.11 0.914127
0.11005 0.885841
0.1101 0.83108
0.11015 0.937136
0.1102 0.895601
0.11025 0.803271
0.1103 0.909445
0.11035 0.810419
0.1104 0.83938
0.11045 0.84628
0.1105 0.89962
0.11055 0.835796
0.1106 0.842701
0.11065 0.825261
0.1107 0.783432
0.11075 0.81689
0.1108 0.772798
0.11085 0.710902
0.1109 0.762091
0.11095 0.842209
0.111 0.77807
0.11105 0.838276
0.1111 0.825204
0.11115 0.778754
0.1112 0.767841
0.11125 0.814789
0.1113 0.8618
0.11135 0.739546
0.1114 0.817737
0.11145 0.858123
0.1115 0.89187
0.11155 0.860934
0.1116 0.925975
0.11165 0.761001
0.1117 0.698615
0.11175 0.788193
0.1118 0.732486
0.11185 0.866934
0.1119 0.744077
0.11195 0.766655
0.112 0.764612
0.11205 0.769292
0.1121 0.868184
0.11215 0.787688
0.1122 0.868724
0.11225 0.844306
0.1123 0.801879
0.11235 0.844819
0.1124 0.782113
0.11245 0.829573
0.1125 0.834327
0.11255 0.823323
0.1126 0.737955
0.11265 0.783205
0.1127 0.756355
0.11275 0.772333
0.1128 0.731907
0.11285 0.804327
0.1129 0.86103
0.11295 0.782208
0.113 0.897727
0.11305 0.732911
0.1131 0.819069
0.11315 0.821573
0.1132 0.771985
0.11325 0.778981
0.1133 0.765583
0.11335 0.817939
0.1134 0.775066
0.11345 0.822936
0.1135 0.800468
0.11355 0.741618
0.1136 0.762245
0.11365 0.735145
0.1137 0.812659
0.11375 0.781027
0.1138 0.778954
0.11385 0.822438
0.1139 0.79533
0.11395 0.784146
0.114 0.731889
0.11405 0.789099
0.1141 0.775611
0.11415 0.636485
0.1142 0.734816
0.11425 0.700688
0.1143 0.794587
0.11435 0.694129
0.1144 0.762925
0.11445 0.781431
0.1145 0.756432
0.11455 0.726816
0.1146 0.706333
0.11465 0.711057
0.1147 0.663002
0.11475 0.819228
0.1148 0.830947
0.11485 0.799019
0.1149 0.71877
0.11495 0.824716
0.115 0.827255
0.11505 0.719301
0.1151 0.760901
0.11515 0.800251
0.1152 0.761282
0.11525 0.655388
0.1153 0.780056
0.11535 0.766406
0.1154 0.720412
0.11545 0.782928
0.1155 0.706865
0.11555 0.755551
0.1156 0.677085
0.11565 0.836859
0.1157 0.71904
0.11575 0.821088
0.1158 0.631326
0.11585 0.744976
0.1159 0.733547
0.11595 0.852023
0.116 0.620181
0.11605 0.722407
0.1161 0.671447
0.11615 0.771481
0.1162 0.664719
0.11625 0.790419
0.1163 0.716159
0.11635 0.697675
0.1164 0.620942
0.11645 0.82837
0.1165 0.774993
0.11655 0.775183
0.1166 0.698384
0.11665 0.640158
0.1167 0.761652
0.11675 0.698758
0.1168 0.677849
0.11685 0.818235
0.1169 0.692155
0.11695 0.645473
0.117 0.748555
0.11705 0.699539
0.1171 0.765267
0.11715 0.641215
0.1172 0.742124
0.11725 0.749322
0.1173 0.768264
0.11735 0.69331
0.1174 0.749804
0.11745 0.71707
0.1175 0.761877
0.11755 0.823205
0.1176 0.745784
0.11765 0.708282
0.1177 0.788482
0.11775 0.748628
0.1178 0.626228
0.11785 0.71825
0.1179 0.6429
0.11795 0.659494
0.118 0.720968
0.11805 0.810864
0.1181 0.83471
0.11815 0.768754
0.1182 0.738189
0.11825 0.780931
0.1183 0.740882
0.11835 0.66763
0.1184 0.767222
0.11845 0.80058
0.1185 0.746253
0.11855 0.710833
0.1186 0.642146
0.11865 0.632722
0.1187 0.780036
0.11875 0.644792
0.1188 0.775601
0.11885 0.749627
0.1189 0.69983
0.11895 0.79753
0.119 0.750112
0.11905 0.705016
0.1191 0.664629
0.11915 0.710015
0.1192 0.671983
0.11925 0.684009
0.1193 0.669793
0.11935 0.629291
0.1194 0.753579
0.11945 0.756133
0.1195 0.629576
0.11955 0.6105
0.1196 0.684727
0.11965 0.711167
0.1197 0.70411
0.11975 0.797676
0.1198 0.63488
0.11985 0.66372
0.1199 0.647015
0.11995 0.685489
0.12 0.695199
0.12005 0.644871
0.1201 0.656958
0.12015 0.659444
0.1202 0.731678
0.12025 0.734228
0.1203 0.719932
0.12035 0.73933
0.1204 0.645529
0.12045 0.754051
0.1205 0.727692
0.12055 0.641
0.1206 0.587982
0.12065 0.73526
0.1207 0.660541
0.12075 0.692033
0.1208 0.704228
0.12085 0.576194
0.1209 0.689901
0.12095 0.687589
0.121 0.67559
0.12105 0.709594
0.1211 0.634605
0.12115 0.673451
0.1212 0.61777
0.12125 0.581428
0.1213 0.685807
0.12135 0.688339
0.1214 0.588856
0.12145 0.7444
0.1215 0.681346
0.12155 0.669286
0.1216 0.676675
0.12165 0.594015
0.1217 0.664658
0.12175 0.779236
0.1218 0.71118
0.12185 0.762502
0.1219 0.626084
0.12195 0.745698
0.122 0.662856
0.12205 0.689802
0.1221 0.704566
0.12215 0.709572
0.1222 0.702359
0.12225 0.626649
0.1223 0.638938
0.12235 0.685514
0.1224 0.692963
0.12245 0.644071
0.1225 0.614727
0.12255 0.734919
0.1226 0.695813
0.12265 0.661567
0.1227 0.632189
0.12275 0.639615
0.1228 0.627394
0.12285 0.602868
0.1229 0.622574
0.12295 0.669364
0.123 0.686679
0.12305 0.669547
0.1231 0.672098
0.12315 0.719004
0.1232 0.655042
0.12325 0.650186
0.1233 0.684796
0.12335 0.620728
0.1234 0.559051
0.12345 0.685019
0.1235 0.729597
0.12355 0.697597
0.1236 0.727383
0.12365 0.653297
0.1237 0.638521
0.12375 0.650963
0.1238 0.631219
0.12385 0.658533
0.1239 0.574325
0.12395 0.663615
0.124 0.723241
0.12405 0.686141
0.1241 0.711071
0.12415 0.659027
0.1242 0.61189
0.12425 0.641762
0.1243 0.651774
0.12435 0.78371
0.1244 0.534988
0.12445 0.612156
0.1245 0.699381
0.12455 0.764283
0.1246 0.689655
0.12465 0.657335
0.1247 0.657411
0.12475 0.682447
0.1248 0.642591
0.12485 0.667635
0.1249 0.660222
0.12495 0.7203
0.125 0.652899
0.12505 0.755553
0.1251 0.593012
0.12515 0.663148
0.1252 0.685773
0.12525 0.635751
0.1253 0.688456
0.12535 0.7337
0.1254 0.74889
0.12545 0.648638
0.1255 0.651217
0.12555 0.688967
0.1256 0.638807
0.12565 0.628811
0.1257 0.601198
0.12575 0.646516
0.1258 0.603793
0.12585 0.586199
0.1259 0.714686
0.12595 0.669446
0.126 0.724992
0.12605 0.621718
0.1261 0.654563
0.12615 0.624347
0.1262 0.624395
0.12625 0.659807
0.1263 0.627032
0.12635 0.69281
0.1264 0.705557
0.12645 0.723379
0.1265 0.569114
0.12655 0.680526
0.1266 0.675552
0.12665 0.635096
0.1267 0.675712
0.12675 0.642832
0.1268 0.683486
0.12685 0.686118
0.1269 0.607505
0.12695 0.653259
0.127 0.620296
0.12705 0.612714
0.1271 0.668698
0.12715 0.666236
0.1272 0.694311
0.12725 0.653677
0.1273 0.669029
0.12735 0.607959
0.1274 0.636032
0.12745 0.608038
0.1275 0.712663
0.12755 0.661739
0.1276 0.626073
0.12765 0.585257
0.1277 0.554613
0.12775 0.605725
0.1278 0.587858
0.12785 0.6595
0.1279 0.713313
0.12795 0.721109
0.128 0.654645
0.12805 0.695707
0.1281 0.639423
0.12815 0.629225
0.1282 0.644665
0.12825 0.606237
0.1283 0.621671
0.12835 0.616579
0.1284 0.567808
0.12845 0.62949
0.1285 0.670676
0.12855 0.585882
0.1286 0.683672
0.12865 0.549916
0.1287 0.601404
0.12875 0.624616
0.1288 0.619508
0.12885 0.660798
0.1289 0.573186
0.12895 0.635112
0.129 0.583546
0.12905 0.568068
0.1291 0.565487
0.12915 0.630087
0.1292 0.679252
0.12925 0.7052
0.1293 0.635459
0.12935 0.676921
0.1294 0.622638
0.12945 0.638222
0.1295 0.646051
0.12955 0.615009
0.1296 0.677279
0.12965 0.576199
0.1297 0.695577
0.12975 0.604817
0.1298 0.708727
0.12985 0.591927
0.1299 0.578952
0.12995 0.628362
0.13 0.664824
0.13005 0.576432
0.1301 0.636309
0.13015 0.597303
0.1302 0.633797
0.13025 0.618213
0.1303 0.633895
0.13035 0.592219
0.1304 0.639201
0.13045 0.667967
0.1305 0.639324
0.13055 0.699456
0.1306 0.558456
0.13065 0.574134
0.1307 0.60029
0.13075 0.67618
0.1308 0.637009
0.13085 0.597793
0.1309 0.629245
0.13095 0.610953
0.131 0.647681
0.13105 0.639877
0.1311 0.674032
0.13115 0.613762
0.1312 0.577048
0.13125 0.605942
0.1313 0.666393
0.13135 0.571861
0.1314 0.606042
0.13145 0.684972
0.1315 0.606132
0.13155 0.608794
0.1316 0.65622
0.13165 0.62468
0.1317 0.709044
0.13175 0.65116
0.1318 0.643313
0.13185 0.675027
0.1319 0.611773
0.13195 0.609167
0.132 0.659378
0.13205 0.598682
0.1321 0.585491
0.13215 0.596081
0.1322 0.664873
0.13225 0.614673
0.1323 0.56971
0.13235 0.699464
0.1324 0.588306
0.13245 0.659872
0.1325 0.583063
0.13255 0.572467
0.1326 0.702468
0.13265 0.599064
0.1327 0.636258
0.13275 0.572566
0.1328 0.623053
0.13285 0.649675
0.1329 0.652396
0.13295 0.63916
0.133 0.649858
0.13305 0.55675
0.1331 0.711196
0.13315 0.599416
0.1332 0.602105
0.13325 0.623459
0.1333 0.620834
0.13335 0.687574
0.1334 0.548876
0.13345 0.594252
0.1335 0.620982
0.13355 0.559566
0.1336 0.629058
0.13365 0.578298
0.1337 0.605056
0.13375 0.599732
0.1338 0.629203
0.13385 0.599791
0.1339 0.551593
0.13395 0.626621
0.134 0.653475
0.13405 0.632083
0.1341 0.602618
0.13415 0.64022
0.1342 0.661754
0.13425 0.594674
0.1343 0.651121
0.13435 0.575919
0.1344 0.656595
0.13445 0.667421
0.1345 0.645967
0.13455 0.584109
0.1346 0.621823
0.13465 0.659579
0.1347 0.665037
0.13475 0.673197
0.1348 0.511455
0.13485 0.624729
0.1349 0.616674
0.13495 0.63291
0.135 0.597845
0.13505 0.557337
0.1351 0.54922
0.13515 0.546502
0.1352 0.614111
0.13525 0.646617
0.1353 0.66021
0.13535 0.581746
0.1354 0.668444
0.13545 0.584508
0.1355 0.646873
0.13555 0.589979
0.1356 0.617125
0.13565 0.573737
0.1357 0.625326
0.13575 0.541172
0.1358 0.609077
0.13585 0.712391
0.1359 0.581985
0.13595 0.538475
0.136 0.489475
0.13605 0.587409
0.1361 0.630991
0.13615 0.688241
0.1362 0.622929
0.13625 0.554819
0.1363 0.614803
0.13635 0.508445
0.1364 0.631206
0.13645 0.571192
0.1365 0.593042
0.13655 0.639504
0.1366 0.535702
0.13665 0.532944
0.1367 0.672403
0.13675 0.634175
0.1368 0.604116
0.13685 0.568548
0.1369 0.61785
0.13695 0.585006
0.137 0.642579
0.13705 0.631665
0.1371 0.538449
0.13715 0.648187
0.1372 0.60707
0.13725 0.700462
0.1373 0.590678
0.13735 0.601686
0.1374 0.568722
0.13745 0.554972
0.1375 0.57697
0.13755 0.63752
0.1376 0.599028
0.13765 0.579772
0.1377 0.61284
0.13775 0.5798
0.1378 0.604621
0.13785 0.610163
0.1379 0.499833
0.13795 0.543943
0.138 0.64056
0.13805 0.618516
0.1381 0.582633
0.13815 0.582643
0.1382 0.588183
0.13825 0.646283
0.1383 0.541193
0.13835 0.654661
0.1384 0.571653
0.13845 0.663065
0.1385 0.563377
0.13855 0.549513
0.1386 0.588321
0.13865 0.624397
0.1387 0.621662
0.13875 0.632804
0.1388 0.627296
0.13885 0.599558
0.1389 0.607917
0.13895 0.635745
0.139 0.588516
0.13905 0.599658
0.1391 0.65534
0.13915 0.53569
0.1392 0.599721
0.13925 0.649891
0.1393 0.577487
0.13935 0.683437
0.1394 0.530124
0.13945 0.563576
0.1395 0.485424
0.13955 0.543996
0.1396 0.563529
0.13965 0.644551
0.1397 0.588705
0.13975 0.580331
0.1398 0.574745
0.13985 0.625113
0.1399 0.653143
0.13995 0.644803
0.14 0.580434
0.14005 0.608462
0.1401 0.597278
0.14015 0.644966
0.1402 0.64502
0.14025 0.600178
0.1403 0.588972
0.14035 0.535634
0.1404 0.625498
0.14045 0.518758
0.1405 0.608674
0.14055 0.555274
0.1406 0.527134
0.14065 0.631222
0.1407 0.574966
0.14075 0.65945
0.1408 0.563736
0.14085 0.603184
0.1409 0.577837
0.14095 0.569383
0.141 0.538352
0.14105 0.535508
0.1411 0.566537
0.14115 0.603247
0.1412 0.651296
0.14125 0.566574
0.1413 0.623112
0.14135 0.549622
0.1414 0.592043
0.14145 0.558099
0.1415 0.55526
0.14155 0.546754
0.1416 0.563736
0.14165 0.631748
0.1417 0.623287
0.14175 0.538245
0.1418 0.5978
0.14185 0.560926
0.1419 0.606344
0.14195 0.59501
0.142 0.541049
0.14205 0.631973
0.1421 0.515454
0.14215 0.57514
0.1422 0.512554
0.14225 0.560896
0.1423 0.572278
0.14235 0.44412
0.1424 0.566539
0.14245 0.566537
0.1425 0.663469
0.14255 0.529491
0.1426 0.538022
0.14265 0.512314
0.1427 0.512274
0.14275 0.58649
0.1428 0.592216
0.14285 0.572226
0.1429 0.557933
0.14295 0.606545
0.143 0.638042
0.14305 0.577988
0.1431 0.577994
0.14315 0.529312
0.1432 0.580854
0.14325 0.686904
0.1433 0.589508
0.14335 0.575182
0.1434 0.47764
0.14345 0.463226
0.1435 0.520572
0.14355 0.626802
0.1436 0.61535
0.14365 0.658492
0.1437 0.601054
0.14375 0.5982
0.1438 0.612605
0.14385 0.586733
0.1439 0.655841
0.14395 0.560861
0.144 0.566617
0.14405 0.647311
0.1441 0.566641
0.14415 0.555103
0.1442 0.572403
0.14425 0.615695
0.1443 0.58397
0.14435 0.552212
0.1444 0.659093
0.14445 0.558005
0.1445 0.604253
0.14455 0.618737
0.1446 0.537767
0.14465 0.546427
0.1447 0.529041
0.14475 0.578245
0.1448 0.48265
0.14485 0.607204
0.1449 0.610129
0.14495 0.639157
0.145 0.555076
0.14505 0.627616
0.1451 0.598626
0.14515 0.540566
0.1452 0.514401
0.14525 0.543423
0.1453 0.642243
0.14535 0.671373
0.1454 0.508539
0.14545 0.621987
0.1455 0.537604
0.14555 0.560878
0.1456 0.555046
0.14565 0.479272
0.1457 0.517105
0.14575 0.560809
0.1458 0.566637
0.14585 0.554963
0.1459 0.589981
0.14595 0.581235
0.146 0.540349
0.14605 0.657209
0.1461 0.476043
0.14615 0.581243
0.1462 0.496426
0.14625 0.604638
0.1463 0.660275
0.14635 0.592993
0.1464 0.505139
0.14645 0.601785
0.1465 0.563704
0.14655 0.522652
0.1466 0.563682
0.14665 0.516734
0.1467 0.595943
0.14675 0.543113
0.1468 0.566591
0.14685 0.554837
0.1469 0.678265
0.14695 0.540159
0.147 0.590136
0.14705 0.56073
0.1471 0.613698
0.14715 0.575456
0.1472 0.59313
0.14725 0.510658
0.1473 0.584293
0.14735 0.451643
0.1474 0.610809
0.14745 0.599037
0.1475 0.436752
0.14755 0.545886
0.1476 0.652178
0.14765 0.652234
0.1477 0.584325
0.14775 0.507479
0.1478 0.590233
0.14785 0.610953
0.1479 0.569555
0.14795 0.501475
0.148 0.531039
0.14805 0.501393
0.1481 0.525051
0.14815 0.563553
0.1482 0.551689
0.14825 0.572439
0.1483 0.587276
0.14835 0.640712
0.1484 0.596225
0.14845 0.593273
0.1485 0.521985
0.14855 0.507093
0.1486 0.625971
0.14865 0.515971
0.1487 0.652785
0.14875 0.593321
0.1488 0.587383
0.14885 0.608241
0.1489 0.590393
0.14895 0.596367
0.149 0.638119
0.14905 0.590453
0.1491 0.539756
0.14915 0.6024
0.1492 0.536752
0.14925 0.584506
0.1493 0.566594
0.14935 0.560616
0.1494 0.569577
0.14945 0.542667
0.1495 0.569568
0.14955 0.530672
0.1496 0.55459
0.14965 0.518652
0.1497 0.536588
0.14975 0.515594
0.1498 0.512561
0.14985 0.596467
0.1499 0.524509
0.14995 0.554479
0.15 0.626493
0.15005 0.530467
0.1501 0.581492
0.15015 0.572488
0.1502 0.545445
0.15025 0.494327
0.1503 0.536375
0.15035 0.593505
0.1504 0.59653
0.15045 0.590528
0.1505 0.497201
0.15055 0.436913
0.1506 0.488046
0.15065 0.560328
0.1507 0.533187
0.15075 0.557291
0.1508 0.569351
0.15085 0.536153
0.1509 0.608587
0.15095 0.584453
0.151 0.518001
0.15105 0.508901
0.1511 0.666057
0.15115 0.617737
0.1512 0.611719
0.15125 0.548201
0.1513 0.505809
0.15135 0.575411
0.1514 0.514835
0.15145 0.560249
0.1515 0.614801
0.15155 0.514775
0.1516 0.542036
0.15165 0.569324
0.1517 0.475239
0.15175 0.584473
0.1518 0.520706
0.15185 0.49637
0.1519 0.572297
0.15195 0.526699
0.152 0.535794
0.15205 0.602696
0.1521 0.487084
0.15215 0.557042
0.1522 0.526584
0.15225 0.624028
0.1523 0.572265
0.15235 0.553979
0.1524 0.599704
0.15245 0.593624
0.1525 0.639405
0.15255 0.566203
0.1526 0.615049
0.15265 0.578431
0.1527 0.535667
0.15275 0.538701
0.1528 0.596764
0.15285 0.58455
0.1529 0.514203
0.15295 0.587607
0.153 0.602924
0.15305 0.569264
0.1531 0.560075
0.15315 0.590709
0.1532 0.599918
0.15325 0.43744
0.1533 0.526297
0.15335 0.593765
0.1534 0.526263
0.15345 0.547725
0.1535 0.541569
0.15355 0.507759
0.1536 0.52923
0.15365 0.553796
0.1537 0.547636
0.15375 0.636826
0.1538 0.587638
0.15385 0.584572
0.1539 0.609214
0.15395 0.64004
0.154 0.516846
0.15405 0.572288
0.1541 0.578456
0.15415 0.603134
0.1542 0.532201
0.15425 0.532177
0.1543 0.575371
0.15435 0.538319
0.1544 0.630969
0.15445 0.541399
0.1545 0.587746
0.15455 0.547562
0.1546 0.525897
0.15465 0.538245
0.1547 0.51037
0.15475 0.58154
0.1548 0.556772
0.15485 0.615626
0.1549 0.556775
0.15495 0.550567
0.155 0.541252
0.15505 0.590866
0.1551 0.531923
0.15515 0.494651
0.1552 0.556703
0.15525 0.531847
0.1553 0.522502
0.15535 0.547336
0.1554 0.531777
0.15545 0.628163
0.1555 0.56287
0.15555 0.541082
0.1556 0.553516
0.15565 0.47877
0.1557 0.516092
0.15575 0.469318
0.1558 0.568998
0.15585 0.528464
0.1559 0.581461
0.15595 0.509709
0.156 0.584575
0.15605 0.484681
0.1561 0.543964
0.15615 0.50646
0.1562 0.490795
0.15625 0.587651
0.1563 0.609552
0.15635 0.581426
0.1564 0.543886
0.15645 0.58769
0.1565 0.515689
0.15655 0.537579
0.1566 0.540692
0.15665 0.562612
0.1567 0.593958
0.15675 0.578294
0.1568 0.524971
0.15685 0.581427
0.1569 0.543767
0.15695 0.540611
0.157 0.568862
0.15705 0.587714
0.1571 0.515437
0.15715 0.512259
0.1572 0.524803
0.15725 0.590841
0.1573 0.568826
0.15735 0.559382
0.1574 0.518439
0.15745 0.609757
0.1575 0.534159
0.15755 0.537289
0.1576 0.537269
0.15765 0.518325
0.1577 0.537223
0.15775 0.638195
0.1578 0.641396
0.15785 0.635126
0.1579 0.556193
0.15795 0.486665
0.158 0.534028
0.15805 0.483414
0.1581 0.559272
0.15815 0.486494
0.1582 0.590887
0.15825 0.546577
0.1583 0.514893
0.15835 0.521195
0.1584 0.530672
0.15845 0.505288
0.1585 0.527445
0.15855 0.594031
0.1586 0.536933
0.15865 0.533739
0.1587 0.571817
0.15875 0.590875
0.1588 0.501933
0.15885 0.501891
0.1589 0.616293
0.15895 0.549543
0.159 0.527264
0.15905 0.59406
0.1591 0.603625
0.15915 0.536783
0.1592 0.568613
0.15925 0.546311
0.1593 0.571793
0.15935 0.498471
0.1594 0.549451
0.15945 0.514349
0.1595 0.536652
0.15955 0.574936
0.1596 0.539817
0.15965 0.571739
0.1597 0.504646
0.15975 0.51739
0.1598 0.552525
0.15985 0.526931
0.1599 0.562094
0.15995 0.52049
0.16 0.530063
0.16005 0.520433
0.1601 0.536418
0.16015 0.584458
0.1602 0.574853
0.16025 0.462647
0.1603 0.542756
0.16035 0.555572
0.1604 0.465712
0.16045 0.517008
0.1605 0.56193
0.16055 0.542654
0.1606 0.529786
0.16065 0.50405
0.1607 0.56188
0.16075 0.487908
0.1608 0.484641
0.16085 0.594001
0.1609 0.58436
0.16095 0.56183
0.161 0.587594
0.16105 0.471614
0.1611 0.581136
0.16115 0.552128
0.1612 0.574693
0.16125 0.468239
0.1613 0.610165
0.16135 0.555315
0.1614 0.51333
0.16145 0.555286
0.1615 0.535892
0.16155 0.487392
0.1616 0.548769
0.16165 0.506715
0.1617 0.548732
0.16175 0.568136
0.1618 0.487211
0.16185 0.542207
0.1619 0.516279
0.16195 0.600487
0.162 0.467626
0.16205 0.438386
0.1621 0.509652
0.16215 0.493396
0.1622 0.658845
0.16225 0.506339
0.1623 0.597217
0.16235 0.584243
0.1624 0.503028
0.16245 0.600488
0.1625 0.47697
0.16255 0.499678
0.1626 0.4606
0.16265 0.460534
0.1627 0.545098
0.16275 0.528804
0.1628 0.545065
0.16285 0.626501
0.1629 0.646091
0.16295 0.574419
0.163 0.59725
0.16305 0.564648
0.1631 0.499386
0.16315 0.56136
0.1632 0.597271
0.16325 0.561363
0.1633 0.577694
0.16335 0.571164
0.1634 0.518862
0.16345 0.525372
0.1635 0.525346
0.16355 0.486056
0.1636 0.489279
0.16365 0.531793
0.1637 0.531771
0.16375 0.512093
0.1638 0.528444
0.16385 0.564478
0.1639 0.587429
0.16395 0.600561
0.164 0.49887
0.16405 0.544776
0.1641 0.53163
0.16415 0.479064
0.1642 0.47901
0.16425 0.45924
0.1643 0.472322
0.16435 0.521584
0.1644 0.514978
0.16445 0.590616
0.1645 0.62354
0.16455 0.564318
0.1646 0.495163
0.16465 0.518177
0.1647 0.504967
0.16475 0.511521
0.1648 0.577427
0.16485 0.504877
0.1649 0.485045
0.16495 0.511395
0.165 0.481652
0.16505 0.570754
0.1651 0.478272
0.16515 0.567426
0.1652 0.507936
0.16525 0.52443
0.1653 0.540939
0.16535 0.554155
0.1654 0.554147
0.16545 0.481319
0.1655 0.494511
0.16555 0.511027
0.1656 0.567314
0.16565 0.484464
0.1657 0.540769
0.16575 0.540753
0.1658 0.418008
0.16585 0.537366
0.1659 0.543986
0.16595 0.497492
0.166 0.583796
0.16605 0.59045
0.1661 0.510712
0.16615 0.57051
0.1662 0.527287
0.16625 0.603761
0.1663 0.533916
0.16635 0.5106
0.1664 0.560501
0.16645 0.590467
0.1665 0.570495
0.16655 0.540509
0.1666 0.513829
0.16665 0.570475
0.1667 0.467092
0.16675 0.523744
0.1668 0.537066
0.16685 0.563752
0.1669 0.587123
0.16695 0.486935
0.167 0.56373
0.16705 0.460126
0.1671 0.516893
0.16715 0.496799
0.1672 0.510137
0.16725 0.587061
0.1673 0.543562
0.16735 0.566984
0.1674 0.556937
0.16745 0.556931
0.1675 0.510011
0.16755 0.577017
0.1676 0.550199
0.16765 0.580375
0.1677 0.469668
0.16775 0.577002
0.1678 0.613935
0.16785 0.513223
0.1679 0.553499
0.16795 0.529971
0.168 0.573642
0.16805 0.58037
0.1681 0.516481
0.16815 0.543363
0.1682 0.570269
0.16825 0.560173
0.1683 0.573637
0.16835 0.502913
0.1684 0.546672
0.16845 0.48937
0.1685 0.526405
0.16855 0.499405
0.1686 0.61742
0.16865 0.539848
0.1687 0.573582
0.16875 0.482434
0.1688 0.580317
0.16885 0.435071
0.1689 0.391066
0.16895 0.587002
0.169 0.509251
0.16905 0.556565
0.1691 0.566708
0.16915 0.549788
0.1692 0.526083
0.16925 0.532831
0.1693 0.570068
0.16935 0.590398
0.1694 0.59719
0.16945 0.481948
0.1695 0.478507
0.16955 0.475063
0.1696 0.563227
0.16965 0.444435
0.1697 0.539423
0.16975 0.519031
0.1698 0.430681
0.16985 0.525745
0.1699 0.444145
0.16995 0.484873
0.17 0.53584
0.17005 0.529018
0.1701 0.535802
0.17015 0.484724
0.1702 0.586826
0.17025 0.54256
0.1703 0.586837
0.17035 0.453937
0.1704 0.597049
0.17045 0.576607
0.1705 0.484516
0.17055 0.501528
0.1706 0.562924
0.17065 0.402464
0.1707 0.556043
0.17075 0.542373
0.1708 0.504772
0.17085 0.521826
0.1709 0.583342
0.17095 0.491012
0.171 0.49781
0.17105 0.593586
0.1711 0.484066
0.17115 0.518258
0.1712 0.542205
0.17125 0.549043
0.1713 0.545606
0.17135 0.480462
0.1714 0.572995
0.17145 0.504399
0.1715 0.507794
0.17155 0.504328
0.1716 0.548921
0.17165 0.514571
0.1717 0.517976
0.17175 0.500768
0.1718 0.56947
0.17185 0.603852
0.1719 0.552289
0.17195 0.645161
0.172 0.607356
0.17205 0.541982
0.1721 0.507538
0.17215 0.535056
0.1722 0.510923
0.17225 0.528121
0.1723 0.53844
0.17235 0.497048
0.1724 0.469416
0.17245 0.47626
0.1725 0.596993
0.17255 0.593559
0.1726 0.61084
0.17265 0.524516
0.1727 0.507217
0.17275 0.562479
0.1728 0.597047
0.17285 0.500241
0.1729 0.524416
0.17295 0.548612
0.173 0.548602
0.17305 0.56244
0.1731 0.520882
0.17315 0.451576
0.1732 0.441115
0.17325 0.586615
0.1733 0.493018
0.17335 0.427084
0.1734 0.607392
0.17345 0.614356
0.1735 0.534551
0.17355 0.510229
0.1736 0.468521
0.17365 0.510153
0.1737 0.503171
0.17375 0.506611
0.1738 0.530916
0.17385 0.48916
0.1739 0.54478
0.17395 0.555208
0.174 0.464696
0.17405 0.55517
0.1741 0.569096
0.17415 0.50987
0.1742 0.589993
0.17425 0.474969
0.1743 0.485378
0.17435 0.502772
0.1744 0.467846
0.17445 0.47128
0.1745 0.544537
0.17455 0.513097
0.1746 0.561969
0.17465 0.551485
0.1747 0.425657
0.17475 0.533953
0.1748 0.491971
0.17485 0.519913
0.1749 0.481398
0.17495 0.51285
0.175 0.526824
0.17505 0.516296
0.1751 0.512765
0.17515 0.516239
0.1752 0.509201
0.17525 0.495145
0.1753 0.572259
0.17535 0.533675
0.1754 0.544184
0.17545 0.438872
0.1755 0.561685
0.17555 0.487931
0.1756 0.568686
0.17565 0.477324
0.1757 0.547574
0.17575 0.512404
0.1758 0.547544
0.17585 0.51939
0.1759 0.512326
0.17595 0.480616
0.176 0.540425
0.17605 0.512235
0.1761 0.484021
0.17615 0.501595
0.1762 0.557959
0.17625 0.522695
0.1763 0.526198
0.17635 0.586152
0.1764 0.512055
0.17645 0.437895
0.1765 0.444885
0.17655 0.494265
0.1766 0.529555
0.17665 0.579011
0.1767 0.511854
0.17675 0.51536
0.1768 0.60022
0.17685 0.497638
0.1769 0.554224
0.17695 0.465718
0.177 0.532941
0.17705 0.536465
0.1771 0.554164
0.17715 0.508086
0.1772 0.557684
0.17725 0.554134
0.1773 0.515111
0.17735 0.529275
0.1774 0.472471
0.17745 0.532769
0.1775 0.475935
0.17755 0.546925
0.1776 0.536256
0.17765 0.550456
0.1777 0.536228
0.17775 0.500652
0.1778 0.493502
0.17785 0.525484
0.1779 0.468518
0.17795 0.500504
0.178 0.454175
0.17805 0.607279
0.1781 0.521791
0.17815 0.518203
0.1782 0.546697
0.17825 0.511027
0.1783 0.532399
0.17835 0.589469
0.1784 0.510965
0.17845 0.471665
0.1785 0.485897
0.17855 0.571581
0.1786 0.550147
0.17865 0.517973
0.1787 0.485772
0.17875 0.603736
0.1788 0.442793
0.17885 0.557221
0.1789 0.410478
0.17895 0.521372
0.179 0.496281
0.17905 0.421021
0.1791 0.510516
0.17915 0.499734
0.1792 0.614418
0.17925 0.564242
0.1793 0.499676
0.17935 0.614456
0.1794 0.445801
0.17945 0.521125
0.1795 0.499555
0.17955 0.477967
0.1796 0.57493
0.17965 0.50665
0.1797 0.549758
0.17975 0.553346
0.1798 0.51737
0.17985 0.56052
0.1799 0.628899
0.17995 0.510135
0.18 0.481297
0.18005 0.477649
0.1801 0.535249
0.18015 0.531629
0.1802 0.502771
0.18025 0.499131
0.1803 0.585663
0.18035 0.484651
0.1804 0.452126
0.18045 0.538704
0.1805 0.506191
0.18055 0.477263
0.1806 0.42302
0.18065 0.469924
0.1807 0.520482
0.18075 0.513226
0.1808 0.560219
0.18085 0.487857
0.1809 0.502291
0.18095 0.585517
0.181 0.505867
0.18105 0.574653
0.1811 0.542052
0.18115 0.484056
0.1812 0.498512
0.18125 0.520232
0.1813 0.57824
0.18135 0.5202
0.1814 0.527434
0.18145 0.465704
0.1815 0.483805
0.18155 0.494657
0.1816 0.516417
0.18165 0.574535
0.1817 0.560001
0.18175 0.512731
0.1818 0.476333
0.18185 0.538131
0.1819 0.494449
0.18195 0.505331
0.182 0.512581
0.18205 0.548973
0.1821 0.548965
0.18215 0.559889
0.1822 0.516147
0.18225 0.486953
0.1823 0.537969
0.18235 0.490531
0.1824 0.490491
0.18245 0.461251
0.1825 0.486752
0.18255 0.50497
0.1826 0.534162
0.18265 0.563378
0.1827 0.490278
0.18275 0.51583
0.1828 0.512147
0.18285 0.504803
0.1829 0.50843
0.18295 0.5267
0.183 0.555968
0.18305 0.482724
0.1831 0.490006
0.18315 0.544926
0.1832 0.460621
0.18325 0.522887
0.1833 0.607206
0.18335 0.544874
0.1834 0.555871
0.18345 0.559537
0.1835 0.486115
0.18355 0.530137
0.1836 0.486043
0.18365 0.588873
0.1837 0.474962
0.18375 0.60725
0.1838 0.52638
0.18385 0.519004
0.1839 0.434363
0.18395 0.456373
0.184 0.529935
0.18405 0.482051
0.1841 0.563033
0.18415 0.504089
0.1842 0.515112
0.18425 0.544574
0.1843 0.511381
0.18435 0.507665
0.1844 0.485501
0.18445 0.533429
0.1845 0.507576
0.18455 0.526006
0.1846 0.507521
0.18465 0.492715
0.1847 0.477897
0.18475 0.533291
0.1848 0.507396
0.18485 0.559138
0.1849 0.466661
0.18495 0.481409
0.185 0.53688
0.18505 0.510952
0.1851 0.551657
0.18515 0.459051
0.1852 0.52939
0.18525 0.536784
0.1853 0.492286
0.18535 0.492248
0.1854 0.518173
0.18545 0.462499
0.1855 0.551509
0.18555 0.473551
0.1856 0.514346
0.18565 0.555174
0.1857 0.469725
0.18575 0.436231
0.1858 0.432446
0.18585 0.484428
0.1859 0.488105
0.18595 0.543865
0.186 0.491761
0.18605 0.450781
0.1861 0.510289
0.18615 0.405989
0.1862 0.46178
0.18625 0.528794
0.1863 0.510141
0.18635 0.577217
0.1864 0.543664
0.18645 0.528734
0.1865 0.536178
0.18655 0.58468
0.1866 0.551095
0.18665 0.547355
0.1867 0.528672
0.18675 0.584694
0.1868 0.495018
0.18685 0.532362
0.1869 0.48
0.18695 0.513616
0.187 0.446252
0.18705 0.562192
0.1871 0.453645
0.18715 0.498515
0.1872 0.577126
0.18725 0.475992
0.1873 0.543392
0.18735 0.498406
0.1874 0.550858
0.18745 0.535852
0.1875 0.498328
0.18755 0.483286
0.1876 0.56581
0.18765 0.490732
0.1877 0.498204
0.18775 0.464366
0.1878 0.486856
0.18785 0.543186
0.1879 0.543176
0.18795 0.486766
0.188 0.516814
0.18805 0.407692
0.1881 0.524263
0.18815 0.497895
0.1882 0.482801
0.18825 0.433801
0.1883 0.456335
0.18835 0.456279
0.1884 0.497682
0.18845 0.595668
0.1885 0.471243
0.18855 0.561723
0.1886 0.486263
0.18865 0.546607
0.1887 0.527724
0.18875 0.508826
0.1888 0.501244
0.18885 0.46721
0.1889 0.595646
0.18895 0.527624
0.189 0.421738
0.18905 0.54647
0.1891 0.535113
0.18915 0.440499
0.1892 0.48207
0.18925 0.493386
0.1893 0.56909
0.18935 0.478182
0.1894 0.542551
0.18945 0.557701
0.1895 0.504625
0.18955 0.519763
0.1896 0.500776
0.18965 0.485568
0.1897 0.496913
0.18975 0.455123
0.1898 0.462661
0.18985 0.409437
0.1899 0.530925
0.18995 0.561309
0.19 0.405468
0.19005 0.462416
0.1901 0.580257
0.19015 0.496579
0.1902 0.466105
0.19025 0.549787
0.1903 0.458413
0.19035 0.526903
0.1904 0.465941
0.19045 0.484941
0.1905 0.401059
0.19055 0.469591
0.1906 0.473356
0.19065 0.557218
0.1907 0.435136
0.19075 0.503758
0.1908 0.496094
0.19085 0.511332
0.1909 0.473116
0.19095 0.49981
0.191 0.518883
0.19105 0.492107
0.1911 0.54177
0.19115 0.44616
0.1912 0.449925
0.19125 0.480475
0.1913 0.403893
0.19135 0.526307
0.1914 0.499486
0.19145 0.495624
0.1915 0.491759
0.19155 0.434243
0.1916 0.43801
0.19165 0.449448
0.1917 0.391865
0.19175 0.495349
0.1918 0.433923
0.19185 0.522131
0.1919 0.437653
0.19195 0.414549
0.192 0.445201
0.19205 0.445141
0.1921 0.529627
0.19215 0.487327
0.1922 0.460374
0.19225 0.468014
0.1923 0.456425
0.19235 0.471763
0.1924 0.483264
0.19245 0.475524
0.1925 0.456225
0.19255 0.498543
0.1926 0.436863
0.19265 0.483047
0.1927 0.429037
0.19275 0.590921
0.1928 0.54851
0.19285 0.44048
0.1929 0.347802
0.19295 0.475072
0.193 0.436418
0.19305 0.471112
0.1931 0.494244
0.19315 0.463298
0.1932 0.424598
0.19325 0.494116
0.1933 0.540486
0.19335 0.482456
0.1934 0.482416
0.19345 0.416586
0.1935 0.462964
0.19355 0.408706
0.1936 0.466723
0.19365 0.396943
0.1937 0.451109
0.19375 0.524697
0.1938 0.501417
0.19385 0.501387
0.1939 0.493599
0.19395 0.478045
0.194 0.489646
0.19405 0.56725
0.1941 0.442998
0.19415 0.439054
0.1942 0.431222
0.19425 0.473902
0.1943 0.528276
0.19435 0.477716
0.1944 0.516564
0.19445 0.500982
0.1945 0.442587
0.19455 0.407499
0.1946 0.500853
0.19465 0.454095
0.1947 0.430671
0.19475 0.457877
0.1948 0.500692
0.19485 0.477274
0.1949 0.453838
0.19495 0.473284
0.195 0.438131
0.19505 0.414657
0.1951 0.465322
0.19515 0.44185
0.1952 0.492555
0.19525 0.437837
0.1953 0.476845
0.19535 0.402551
0.1954 0.480651
0.19545 0.543171
0.1955 0.437566
0.19555 0.472712
0.1956 0.511798
0.19565 0.496118
0.1957 0.472596
0.19575 0.46472
0.1958 0.503842
0.19585 0.515568
0.1959 0.468518
0.19595 0.546872
0.196 0.464525
0.19605 0.429179
0.1961 0.440882
0.19615 0.491834
0.1962 0.472175
0.19625 0.507465
0.1963 0.444607
0.19635 0.483829
0.1964 0.468075
0.19645 0.456239
0.1965 0.452256
0.19655 0.483658
0.1966 0.550481
0.19665 0.420655
0.1967 0.467805
0.19675 0.522863
0.1968 0.471664
0.19685 0.511
0.1969 0.467647
0.19695 0.471541
0.197 0.467556
0.19705 0.443858
0.1971 0.56209
0.19715 0.498988
0.1972 0.495013
0.19725 0.423953
0.1973 0.44362
0.19735 0.48699
0.1974 0.522495
0.19745 0.423727
0.1975 0.538238
0.19755 0.419668
0.1976 0.47494
0.19765 0.514438
0.1977 0.597471
0.19775 0.546063
0.1978 0.514401
0.19785 0.538127
0.1979 0.490609
0.19795 0.498495
0.198 0.470738
0.19805 0.514276
0.1981 0.494439
0.19815 0.442875
0.1982 0.442817
0.19825 0.474487
0.1983 0.458577
0.19835 0.541855
0.1984 0.470405
0.19845 0.514031
0.1985 0.553719
0.19855 0.430585
0.1986 0.470251
0.19865 0.501999
0.1987 0.494021
0.19875 0.470133
0.1988 0.462135
0.19885 0.505845
0.1989 0.477966
0.19895 0.501806
0.199 0.46993
0.19905 0.445994
0.1991 0.493734
0.19915 0.48175
0.1992 0.441862
0.19925 0.46572
0.1993 0.509531
0.19935 0.449687
0.1994 0.413732
0.19945 0.44159
0.1995 0.493415
0.19955 0.469431
0.1996 0.493345
0.19965 0.489319
0.1997 0.45333
0.19975 0.485246
0.1998 0.425255
0.19985 0.429187
0.1999 0.533097
