0.006367 -0.0250000004 0.0335789038 -0.00987204218 synchronous_release_0
0.102922 -0.0250000004 0.0258276533 0.0236205911 synchronous_release_0
0.102363 -0.0250000004 0.034953126 -0.00181079609 synchronous_release_0
0.10694 -0.0250000004 0.0151143587 0.0315682778 synchronous_release_0
0.003122 -0.0250000004 0.0346940289 -0.00461783081 synchronous_release_0
0.104 -0.0250000004 0.0310349919 -0.0161811395 synchronous_release_0
0.104489 -0.0250000004 0.00415191562 0.0347528646 synchronous_release_0
0.111807 -0.0250000004 0.000324038637 -0.000946043848 synchronous_release_0
0.118869 -0.0250000004 0.0174993253 -0.0303112787 synchronous_release_0
0.103276 -0.0250000004 -0.00523504032 -0.0346062762 synchronous_release_0
0.123864 -0.0250000004 0.0349740595 0.00134727896 synchronous_release_0
0.103481 -0.0250000004 -0.00871526486 -0.0338975539 synchronous_release_0
0.103765 -0.0250000004 -0.0293461406 -0.0190736476 synchronous_release_0
0.102914 -0.0250000004 0.0248835469 0.0246131895 synchronous_release_0
0.004754 -0.0250000004 0.0253584361 0.024123634 synchronous_release_0
0.104727 -0.0250000004 0.0338070144 -0.00906012003 synchronous_release_0
0.102675 -0.0250000004 0.0349646872 -0.00157183031 synchronous_release_0
0.102818 -0.0250000004 0.0332473139 -0.0109369155 synchronous_release_0
0.047509 -0.0250000004 0.0164862109 -0.0308740158 synchronous_release_0
0.104741 -0.0250000004 0.0184945765 0.0297144854 synchronous_release_0
0.004864 -0.0250000004 -0.000999816875 1.91367715e-05 synchronous_release_0
0.115914 -0.0250000004 0.0306554894 -0.0168890784 synchronous_release_0
0.103859 -0.0250000004 0.0298265429 -0.0183133104 synchronous_release_0
0.103187 -0.0250000004 0.0349342466 -0.00214439177 synchronous_release_0
0.106456 -0.0250000004 0.0665651807 -0.021658179 synchronous_release_1
0.003746 -0.0250000004 0.0180489025 -0.0299872826 synchronous_release_0
0.113409 -0.0250000004 0.000439216508 -0.000898381244 synchronous_release_0
0.003718 -0.0250000004 0.0210356251 0.0279732458 synchronous_release_0
0.10842 -0.0250000004 0.0349695788 -0.00145895847 synchronous_release_0
0.002405 -0.0250000004 0.0349896705 -0.000850270666 synchronous_release_0
0.105602 -0.0250000004 0.0320194147 -0.0141335447 synchronous_release_0
0.005107 -0.0250000004 0.0272271255 -0.0219928087 synchronous_release_0
0.112966 -0.0250000004 0.0451993145 0.0403982917 synchronous_release_0
0.108449 -0.0250000004 0.0316542296 0.014933511 synchronous_release_0
0.00967 -0.0250000004 -0.0106836964 -0.0333295459 synchronous_release_0
0.015537 -0.0250000004 0.0188687066 -0.0294783295 synchronous_release_0
0.103776 -0.0250000004 -0.0145050576 0.0318528382 synchronous_release_0
0.107029 -0.0250000004 0.0203328383 0.0284881675 synchronous_release_0
0.007971 -0.0250000004 0.0188913384 -0.029463831 synchronous_release_0
0.102558 -0.0250000004 0.000513937379 0.0349962265 synchronous_release_0
0.111075 -0.0250000004 0.0305645899 0.0170530304 synchronous_release_0
0.107178 -0.0250000004 -0.0292433676 -0.0192308464 synchronous_release_0
0.114695 -0.0250000004 -0.00890374011 -0.0338485363 synchronous_release_0
0.006733 -0.0250000004 -0.00891927059 -0.0338444473 synchronous_release_0
0.103689 -0.0250000004 0.000987877207 -0.000155237317 synchronous_release_0
0.002793 -0.0250000004 0.0341031792 0.00787230399 synchronous_release_0
0.005366 -0.0250000004 0.0200331703 0.0286996879 synchronous_release_0
0.003016 -0.0250000004 0.0169290756 0.0306334197 synchronous_release_0
0.005416 -0.0250000004 0.0188882422 -0.0294658159 synchronous_release_0
0.005112 -0.0250000004 0.0346241526 -0.00511547232 synchronous_release_0
0.102457 -0.0250000004 0.0296344027 -0.0186226254 synchronous_release_0
0.003809 -0.0250000004 0.0278371304 -0.0212154229 synchronous_release_0
0.105167 -0.0250000004 0.0348261362 0.00348428402 synchronous_release_0
0.1035 -0.0250000004 0.00562806616 0.0345445346 synchronous_release_0
0.102791 -0.0250000004 0.0231584781 0.0262428065 synchronous_release_0
0.103931 -0.0250000004 0.0242379782 0.0252491665 synchronous_release_1
0.005467 -0.0250000004 -0.000710718924 0.000703476091 synchronous_release_0
0.002536 -0.0250000004 0.0167994962 0.0307046727 synchronous_release_1
0.162567 -0.0250000004 0.039390383 0.0460803399 synchronous_release_0
0.006566 -0.0250000004 0.0211276406 -0.0279038134 synchronous_release_0
0.103114 -0.0250000004 0.0314295105 -0.0154008398 synchronous_release_0
0.102714 -0.0250000004 -0.0340929586 -0.00791644965 synchronous_release_1
0.003018 -0.0250000004 0.000748339462 -0.00066331595 synchronous_release_0
0.110623 -0.0250000004 0.0150897393 0.0315800533 synchronous_release_0
0.003296 -0.0250000004 0.0336480445 -0.00963374795 synchronous_release_0
0.10394 -0.0250000004 0.0172417513 -0.0304585294 synchronous_release_1
0.103546 -0.0250000004 0.00018556391 -0.000982632197 synchronous_release_0
0.107849 -0.0250000004 -0.0327278352 0.0124051925 synchronous_release_0
0.104947 -0.0250000004 0.0303638716 0.0174079091 synchronous_release_0
0.006757 -0.0250000004 0.0248821179 -0.024614634 synchronous_release_0
0.105325 -0.0250000004 -0.00757829944 0.0341697143 synchronous_release_0
0.112816 -0.0250000004 -0.0193255932 -0.0291808404 synchronous_release_0
0.01071 -0.0250000004 0.0348745889 -0.0029602448 synchronous_release_0
0.112984 -0.0250000004 0.0210048295 0.0279963772 synchronous_release_0
0.108725 -0.0250000004 -0.000949893504 -0.00031257372 synchronous_release_1
0.102878 -0.0250000004 0.0347875227 0.0038507487 synchronous_release_1
0.00317 -0.0250000004 0.00099923273 3.91656856e-05 synchronous_release_0
0.11952 -0.0250000004 -0.000975945594 -0.000218014213 synchronous_release_0
0.021137 -0.0250000004 0.0330842531 0.0114206915 synchronous_release_0
0.002999 -0.0250000004 0.0288794294 -0.0197731777 synchronous_release_0
0.008765 -0.0250000004 0.0231654242 0.0262366751 synchronous_release_0
0.010673 -0.0250000004 0.0187147205 -0.029576329 synchronous_release_0
0.104638 -0.0250000004 0.0309254272 -0.0163895684 synchronous_release_0
0.102328 -0.0250000004 0.0328492675 0.012079968 synchronous_release_0
0.102696 -0.0250000004 0.0349999999 -3.21776664e-06 synchronous_release_0
0.115753 -0.0250000004 -0.0337704515 -0.00919546672 synchronous_release_0
0.102578 -0.0250000004 0.0182136706 0.0298874924 synchronous_release_0
0.107154 -0.0250000004 0.0346396568 0.00500940876 synchronous_release_0
0.011412 -0.0250000004 -0.00144279623 0.0349702493 synchronous_release_0
0.002596 -0.0250000004 0.0328053785 0.0121986532 synchronous_release_0
0.105785 -0.0250000004 0.004094793 -0.0347596414 synchronous_release_0
0.120681 -0.0250000004 0.0337491508 -0.00927333929 synchronous_release_0
0.102835 -0.0250000004 0.0269838906 0.022290573 synchronous_release_0
0.161715 -0.0250000004 0.0341802924 -0.00753044554 synchronous_release_0
0.002492 -0.0250000004 0.0265509573 -0.0228045317 synchronous_release_0
0.104723 -0.0250000004 -0.0331968011 -0.0110892921 synchronous_release_0
0.106878 -0.0250000004 -0.00699479189 -0.0342939191 synchronous_release_0
0.103136 -0.0250000004 0.0348527714 -0.00320691842 synchronous_release_0
0.004849 -0.0250000004 0.0198828467 0.0288040346 synchronous_release_0
0.012691 -0.0250000004 0.0271354516 -0.0221058197 synchronous_release_0
0.111606 -0.0250000004 0.0254283126 -0.0240499671 synchronous_release_1
0.102849 -0.0250000004 0.0170708521 -0.0305546397 synchronous_release_0
0.102993 -0.0250000004 -0.00902742804 0.0338157588 synchronous_release_0
0.110746 -0.0250000004 -0.000879198973 -0.000476454789 synchronous_release_0
0.103699 -0.0250000004 -0.0236889008 0.0257650146 synchronous_release_0
0.105449 -0.0250000004 0.0041114803 0.0347576715 synchronous_release_0
0.004222 -0.0250000004 0.030683617 -0.0168379229 synchronous_release_0
0.008361 -0.0250000004 0.0159169367 -0.031171319 synchronous_release_0
0.10616 -0.0250000004 0.0333685281 -0.0105613129 synchronous_release_0
0.004524 -0.0250000004 0.0208840454 -0.028086592 synchronous_release_0
0.00484 -0.0250000004 -0.0233216448 0.0260979096 synchronous_release_0
0.113451 -0.0250000004 -0.00685028794 -0.0343230761 synchronous_release_0
0.003295 -0.0250000004 -0.0107142828 0.0333197261 synchronous_release_0
0.10557 -0.0250000004 0.0258741122 -0.0235696907 synchronous_release_0
0.112579 -0.0250000004 -0.0123990414 -0.0327301661 synchronous_release_0
0.134887 -0.0250000004 0.0273740694 0.0218096384 synchronous_release_0
0.103415 -0.0250000004 0.0238920906 0.0255767083 synchronous_release_0
0.102802 -0.0250000004 0.0299463988 -0.0181166553 synchronous_release_1
0.145971 -0.0250000004 0.00206543407 -0.0349390037 synchronous_release_0
0.103025 -0.0250000004 -0.00865286489 -0.0339135361 synchronous_release_0
0.12334 -0.0250000004 0.000573690998 -0.000819071815 synchronous_release_0
0.103293 -0.0250000004 0.0149061326 0.0316671314 synchronous_release_0
0.103885 -0.0250000004 0.00134519036 -0.0349741399 synchronous_release_0
