0.163243 -0.0250000004 -0.0333698586 0.0105571084 asynchronous_release_0
0.109175 -0.0250000004 0.0241996792 -0.0252858761 asynchronous_release_0
0.005019 -0.0250000004 0.0349877169 0.000927182078 asynchronous_release_0
0.193229 -0.0250000004 0.0328036957 0.0122031778 asynchronous_release_0
0.138701 -0.0250000004 0.00689125833 -0.0343148737 asynchronous_release_0
0.138174 -0.0250000004 0.0075759757 -0.0341702296 asynchronous_release_0
0.193138 -0.0250000004 0.000657342375 0.000753592066 asynchronous_release_0
0.021965 -0.0250000004 0.000767229275 -0.000641372934 asynchronous_release_0
0.074545 -0.0250000004 0.0224480527 0.0268530246 asynchronous_release_0
0.161768 -0.0250000004 0.00407458026 0.0347620166 asynchronous_release_0
0.199316 -0.0250000004 -0.033169174 -0.011171656 asynchronous_release_0
0.0671 -0.0250000004 0.0218622147 -0.0273320978 asynchronous_release_0
0.132301 -0.0250000004 0.0293364542 -0.0190885425 asynchronous_release_0
0.192259 -0.0250000004 -0.0315484173 -0.0151557701 asynchronous_release_0
0.139309 -0.0250000004 -0.00482072596 -0.0346664189 asynchronous_release_0
0.180538 -0.0250000004 0.0291362836 0.0193927042 asynchronous_release_0
0.119101 -0.0250000004 0.0349176059 -0.00240016599 asynchronous_release_0
0.184534 -0.0250000004 0.0319492809 -0.0142913768 asynchronous_release_1
0.107852 -0.0250000004 0.0161210986 -0.0310662225 asynchronous_release_0
0.139791 -0.0250000004 -0.0328833186 0.0119869663 asynchronous_release_0
0.163507 -0.0250000004 0.034948818 0.00189212028 asynchronous_release_0
0.133745 -0.0250000004 -0.0344132442 -0.00638189838 asynchronous_release_0
0.113196 -0.0250000004 0.0313244588 -0.0156134007 asynchronous_release_0
0.19435 -0.0250000004 0.0198376515 -0.0288351796 asynchronous_release_0
0.178566 -0.0250000004 -0.033175991 0.0111513954 asynchronous_release_0
0.172112 -0.0250000004 0.000898483027 0.000439008257 asynchronous_release_0
0.125864 -0.0250000004 0.0345127884 -0.00581957333 asynchronous_release_0
0.151074 -0.0250000004 -0.0222962926 -0.0269791649 asynchronous_release_0
0.127688 -0.0250000004 0.0253375515 0.0241455687 asynchronous_release_0
0.077137 -0.0250000004 0.0159599481 -0.0311493187 asynchronous_release_0
0.079077 -0.0250000004 -0.034695197 -0.00460904623 asynchronous_release_0
0.163546 -0.0250000004 -0.000751235979 0.000660033714 asynchronous_release_0
0.146668 -0.0250000004 0.0319382948 0.0143159115 asynchronous_release_0
0.105665 -0.0250000004 -0.0174548119 -0.0303369336 asynchronous_release_0
0.156577 -0.0250000004 0.0183232509 0.0298204372 asynchronous_release_0
0.178282 -0.0250000004 0.0126459264 0.0326355718 asynchronous_release_0
0.142771 -0.0250000004 -0.0324838383 -0.0130307425 asynchronous_release_0
0.182049 -0.0250000004 -0.00445758734 -0.0347149811 asynchronous_release_0
0.184805 -0.0250000004 0.0195780586 0.0290120599 asynchronous_release_0
0.09156 -0.0250000004 0.0349253087 0.00228534743 asynchronous_release_0
0.109951 -0.0250000004 -0.0145725674 -0.0318220094 asynchronous_release_0
0.126929 -0.0250000004 -0.0322849909 -0.013515893 asynchronous_release_0
0.059694 -0.0250000004 -0.0337800687 -0.00916007401 asynchronous_release_0
0.104548 -0.0250000004 0.0344779135 -0.00602274675 asynchronous_release_0
0.125023 -0.0250000004 0.000766847951 -0.000641828809 asynchronous_release_0
0.140724 -0.0250000004 0.0318254771 0.0145649926 asynchronous_release_0
0.041564 -0.0250000004 0.0136326305 0.0322358711 asynchronous_release_1
0.087076 -0.0250000004 -0.00500693503 0.0346400145 asynchronous_release_0
0.155555 -0.0250000004 -0.000418010518 -0.000908442187 asynchronous_release_0
0.170122 -0.0250000004 0.000903329144 -0.000428948082 asynchronous_release_0
0.12962 -0.0250000004 -0.0323086455 0.0134592505 asynchronous_release_0
0.185017 -0.0250000004 0.0320124552 0.0141493008 asynchronous_release_0
0.17202 -0.0250000004 0.0291120698 0.0194290348 asynchronous_release_0
0.18718 -0.0250000004 -0.0107978671 -0.0332927329 asynchronous_release_0
0.108158 -0.0250000004 -0.032256639 0.0135834179 asynchronous_release_1
0.071903 -0.0250000004 -0.0349408867 0.00203333093 asynchronous_release_0
0.168891 -0.0250000004 -0.0349743602 -0.00133945143 asynchronous_release_0
0.119867 -0.0250000004 0.0262004087 -0.0232064342 asynchronous_release_0
0.137143 -0.0250000004 -0.00745652325 -0.0341964949 asynchronous_release_0
0.096974 -0.0250000004 0.034789042 0.00383699881 asynchronous_release_0
0.120588 -0.0250000004 0.000729524714 -0.0349923962 asynchronous_release_3
0.126003 -0.0250000004 0.00763539187 0.0341570021 asynchronous_release_0
0.00868 -0.0250000004 2.92356878e-05 -0.000999572546 asynchronous_release_0
0.037479 -0.0250000004 -0.0328570673 -0.0120587365 asynchronous_release_0
0.1599 -0.0250000004 0.00576847835 0.0345213652 asynchronous_release_0
0.032976 -0.0250000004 -0.0214451356 0.0276605524 asynchronous_release_0
0.149154 -0.0250000004 0.0346479611 0.00495164553 asynchronous_release_0
0.177545 -0.0250000004 0.0432244627 -0.0550603834 asynchronous_release_0
0.118335 -0.0250000004 0.0312945543 -0.0156732533 asynchronous_release_0
0.178217 -0.0250000004 -0.00207384165 0.0349385057 asynchronous_release_0
0.143652 -0.0250000004 -0.0134559854 -0.0323100055 asynchronous_release_0
0.160846 -0.0250000004 0.000771337264 -0.000636426606 asynchronous_release_0
0.038979 -0.0250000004 -0.0336065441 -0.00977753507 asynchronous_release_0
0.118563 -0.0250000004 0.00193635595 -0.034946395 asynchronous_release_0
0.17329 -0.0250000004 -0.0266842546 -0.0226484118 asynchronous_release_0
0.084952 -0.0250000004 0.029079335 0.0194779946 asynchronous_release_0
0.158271 -0.0250000004 -0.0144357633 -0.0318843024 asynchronous_release_0
0.158989 -0.0250000004 0.000140007488 0.000990150445 asynchronous_release_0
0.18809 -0.0250000004 0.0325752819 -0.0128004299 asynchronous_release_0
0.158414 -0.0250000004 0.0349915533 0.000768892741 asynchronous_release_0
0.107988 -0.0250000004 -0.0348999446 -0.00264459266 asynchronous_release_0
0.157645 -0.0250000004 -0.0290258522 -0.0195576048 asynchronous_release_0
0.111266 -0.0250000004 0.0273468667 0.0218437378 asynchronous_release_0
0.106572 -0.0250000004 0.0105443162 0.0333739029 asynchronous_release_0
0.150049 -0.0250000004 0.00509811532 -0.0346267125 asynchronous_release_0
0.116266 -0.0250000004 0.0226136038 0.026713759 asynchronous_release_0
0.146561 -0.0250000004 -0.0558273334 0.0236285599 asynchronous_release_0
0.148195 -0.0250000004 -0.0078777952 0.0341019111 asynchronous_release_0
0.136448 -0.0250000004 -0.011409259 -0.0330881974 asynchronous_release_0
0.136896 -0.0250000004 0.0340676678 0.00802458791 asynchronous_release_0
0.11202 -0.0250000004 -0.0255110112 -0.0239622266 asynchronous_release_0
0.197028 -0.0250000004 -0.0146388769 -0.0317915599 asynchronous_release_0
0.127866 -0.0250000004 0.0110758475 -0.0332012892 asynchronous_release_0
0.147264 -0.0250000004 0.0342910836 -0.0070086793 asynchronous_release_0
0.050688 -0.0250000004 0.0335398432 0.0100039451 asynchronous_release_1
0.084119 -0.0250000004 0.0254335922 -0.0240443837 asynchronous_release_1
0.150239 -0.0250000004 0.034990163 -0.000829755207 asynchronous_release_0
0.124989 -0.0250000004 0.000621265024 -0.000783600517 asynchronous_release_0
0.176291 -0.0250000004 -0.00666797125 -0.0343589604 asynchronous_release_0
0.139499 -0.0250000004 -0.000972312681 -0.000233683653 asynchronous_release_0
0.13743 -0.0250000004 0.0349725075 0.00138698106 asynchronous_release_0
0.136036 -0.0250000004 0.0115710943 -0.0330319509 asynchronous_release_0
0.175928 -0.0250000004 -0.0273895594 -0.0217901821 asynchronous_release_0
0.055417 -0.0250000004 -0.0121230251 -0.0328334016 asynchronous_release_0
0.162437 -0.0250000004 -0.0111583994 0.033173636 asynchronous_release_0
0.176122 -0.0250000004 -0.0293344185 -0.0190916707 asynchronous_release_0
0.171608 -0.0250000004 0.0009844734 0.00017553383 asynchronous_release_0
0.136507 -0.0250000004 0.0349920591 -0.000745520741 asynchronous_release_0
0.173607 -0.0250000004 0.00702253476 -0.0342882488 asynchronous_release_0
0.131871 -0.0250000004 -0.0037835119 -0.0347948996 asynchronous_release_0
0.103394 -0.0250000004 -0.0336800032 0.00952141702 asynchronous_release_0
0.133653 -0.0250000004 0.0240774893 -0.0254022541 asynchronous_release_0
0.128364 -0.0250000004 0.069465507 -0.00863384809 asynchronous_release_0
0.182634 -0.0250000004 0.000419302172 0.000907846732 asynchronous_release_0
0.122313 -0.0250000004 -0.0261581058 -0.0232541072 asynchronous_release_0
0.139832 -0.0250000004 -0.00418753276 -0.0347485909 asynchronous_release_0
0.085026 -0.0250000004 0.0205202392 -0.0283534792 asynchronous_release_0
0.195762 -0.0250000004 -0.0142947136 -0.0319477881 asynchronous_release_0
0.128236 -0.0250000004 -0.0175026456 0.0303093616 asynchronous_release_0
0.147539 -0.0250000004 0.0199621626 0.0287491228 asynchronous_release_0
0.05088 -0.0250000004 -0.0344896776 0.00595500932 asynchronous_release_0
0.152857 -0.0250000004 0.0281538425 -0.0207932958 asynchronous_release_0
0.146203 -0.0250000004 -0.0345474023 -0.00561043614 asynchronous_release_0
0.14459 -0.0250000004 0.0339048595 0.00868680029 asynchronous_release_0
0.167383 -0.0250000004 -0.0172370833 -0.0304611713 asynchronous_release_0
0.052852 -0.0250000004 -0.0294720734 -0.0188784768 asynchronous_release_0
0.16416 -0.0250000004 0.0310852772 -0.0160843259 asynchronous_release_0
0.190454 -0.0250000004 -0.00161320382 0.0349628027 asynchronous_release_0
0.165377 -0.0250000004 0.0321487795 0.0138367619 asynchronous_release_0
0.097757 -0.0250000004 -0.0342419046 0.0072451342 asynchronous_release_0
0.057422 -0.0250000004 0.0178149267 0.0301268715 asynchronous_release_0
0.10728 -0.0250000004 0.0338227068 0.00900136135 asynchronous_release_0
0.176797 -0.0250000004 -0.0158111374 0.0312251171 asynchronous_release_0
0.135308 -0.0250000004 0.0316876221 0.0148625236 asynchronous_release_0
0.085701 -0.0250000004 -0.000332859436 -0.0349984172 asynchronous_release_0
0.113275 -0.0250000004 0.0119846297 0.0328841702 asynchronous_release_0
0.095631 -0.0250000004 -0.0286622606 -0.0200866826 asynchronous_release_0
0.12306 -0.0250000004 0.0313615533 0.0155387573 asynchronous_release_0
0.117502 -0.0250000004 2.70564633e-05 0.000999633907 asynchronous_release_0
0.063691 -0.0250000004 -0.0320772672 -0.0140017474 asynchronous_release_0
0.190746 -0.0250000004 0.0105414221 -0.0333748172 asynchronous_release_0
0.077054 -0.0250000004 0.0185009531 0.0297105155 asynchronous_release_0
0.153998 -0.0250000004 0.00059936757 -0.000800473932 asynchronous_release_0
0.127579 -0.0250000004 0.00349454211 0.0348251084 asynchronous_release_0
0.128923 -0.0250000004 0.0348572247 0.00315814548 asynchronous_release_0
0.158242 -0.0250000004 0.00231997158 0.0349230258 asynchronous_release_1
0.048097 -0.0250000004 0.0340981373 -0.00789411378 asynchronous_release_0
0.060861 -0.0250000004 -0.00170331692 0.0349585285 asynchronous_release_0
0.113859 -0.0250000004 -0.0346651965 0.00482950834 asynchronous_release_0
0.136559 -0.0250000004 0.0357154241 0.0489837573 asynchronous_release_0
0.104152 -0.0250000004 0.000936787218 0.000349899568 asynchronous_release_0
0.104787 -0.0250000004 -0.0311818459 0.0158963042 asynchronous_release_0
0.193081 -0.0250000004 -0.0238680846 0.025599112 asynchronous_release_0
0.108062 -0.0250000004 0.0245283897 0.0249671404 asynchronous_release_0
0.114857 -0.0250000004 0.0284164169 -0.0204329942 asynchronous_release_3
0.123784 -0.0250000004 5.67094578e-05 -0.0349999541 asynchronous_release_0
0.110611 -0.0250000004 0.030560127 0.0170610268 asynchronous_release_0
0.124309 -0.0250000004 0.000504780864 0.0349963598 asynchronous_release_0
