0 0.080652
5e-05 0.075634
0.0001 0.067151
0.00015 0.084807
0.0002 0.088961
0.00025 0.116995
0.0003 0.107484
0.00035 0.095364
0.0004 0.081
0.00045 0.113882
0.0005 0.089994
0.00055 0.099004
0.0006 0.076326
0.00065 0.109206
0.0007 0.1125
0.00075 0.120464
0.0008 0.096749
0.00085 0.085313
0.0009 0.102127
0.00095 0.095707
0.001 0.118549
0.00105 0.083769
0.0011 0.096909
0.00115 0.117525
0.0012 0.080478
0.00125 0.09295
0.0013 0.112679
0.00135 0.092933
0.0014 0.122354
0.00145 0.090524
0.0015 0.101428
0.00155 0.119062
0.0016 0.084466
0.00165 0.129968
0.0017 0.066471
0.00175 0.104899
0.0018 0.069573
0.00185 0.100015
0.0019 0.114416
0.00195 0.092072
0.002 0.114561
0.00205 0.123049
0.0021 0.131567
0.00215 0.177203
0.0022 0.19646
0.00225 0.30237
0.0023 0.28519
0.00235 0.306344
0.0024 0.364313
0.00245 0.429433
0.0025 0.610917
0.00255 0.785449
0.0026 0.995348
0.00265 1.31324
0.0027 1.69838
0.00275 1.98277
0.0028 2.50037
0.00285 3.08696
0.0029 3.8064
0.00295 4.52122
0.003 4.90129
0.00305 5.66057
0.0031 6.09044
0.00315 6.40465
0.0032 6.70744
0.00325 6.70783
0.0033 6.57092
0.00335 6.15681
0.0034 5.4748
0.00345 4.80492
0.0035 4.33615
0.00355 3.53454
0.0036 3.11756
0.00365 2.61968
0.0037 2.25201
0.00375 1.96182
0.0038 1.74062
0.00385 1.6999
0.0039 1.4964
0.00395 1.42112
0.004 1.1873
0.00405 1.1006
0.0041 1.06021
0.00415 1.07532
0.0042 0.942578
0.00425 0.940258
0.0043 0.938997
0.00435 0.901519
0.0044 0.78469
0.00445 0.876136
0.0045 0.830191
0.00455 0.764127
0.0046 0.762029
0.00465 0.777845
0.0047 0.753328
0.00475 0.774198
0.0048 0.687066
0.00485 0.692354
0.0049 0.795118
0.00495 0.698174
0.005 0.687405
0.00505 0.700843
0.0051 0.650032
0.00515 0.652256
0.0052 0.630009
0.00525 0.665023
0.0053 0.64391
0.00535 0.602538
0.0054 0.627149
0.00545 0.627245
0.0055 0.617216
0.00555 0.639806
0.0056 0.617079
0.00565 0.631645
0.0057 0.578104
0.00575 0.6276
0.0058 0.583187
0.00585 0.600783
0.0059 0.556737
0.00595 0.616833
0.006 0.638524
0.00605 0.58864
0.0061 0.592729
0.00615 0.598887
0.0062 0.603545
0.00625 0.637387
0.0063 0.568995
0.00635 0.556525
0.0064 0.529529
0.00645 0.604949
0.0065 0.561415
0.00655 0.577395
0.0066 0.513471
0.00665 0.539815
0.0067 0.577619
0.00675 0.507927
0.0068 0.513867
0.00685 0.556149
0.0069 0.520864
0.00695 0.569968
0.007 0.573913
0.00705 0.489777
0.0071 0.531145
0.00715 0.492053
0.0072 0.529882
0.00725 0.569392
0.0073 0.501382
0.00735 0.52788
0.0074 0.517076
0.00745 0.5143
0.0075 0.548005
0.00755 0.580699
0.0076 0.489934
0.00765 0.526408
0.0077 0.547769
0.00775 0.504309
0.0078 0.505979
0.00785 0.562479
0.0079 0.511582
0.00795 0.538396
0.008 0.558911
0.00805 0.492117
0.0081 0.543019
0.00815 0.501169
0.0082 0.492814
0.00825 0.496206
0.0083 0.514969
0.00835 0.511667
0.0084 0.547111
0.00845 0.477207
0.0085 0.507224
0.00855 0.517922
0.0086 0.447076
0.00865 0.479496
0.0087 0.482307
0.00875 0.504977
0.0088 0.527953
0.00885 0.465435
0.0089 0.479276
0.00895 0.442864
0.009 0.510192
0.00905 0.499562
0.0091 0.489205
0.00915 0.429449
0.0092 0.502187
0.00925 0.492125
0.0093 0.464214
0.00935 0.465074
0.0094 0.422938
0.00945 0.505994
0.0095 0.451018
0.00955 0.43941
0.0096 0.443912
0.00965 0.495512
0.0097 0.487148
0.00975 0.512436
0.0098 0.482626
0.00985 0.41639
0.0099 0.465434
0.00995 0.455494
0.01 0.475623
0.01005 0.469053
0.0101 0.460217
0.01015 0.478855
0.0102 0.478767
0.01025 0.414673
0.0103 0.405803
0.01035 0.461145
0.0104 0.442323
0.01045 0.436731
0.0105 0.404535
0.01055 0.416463
0.0106 0.419253
0.01065 0.442261
0.0107 0.416418
0.01075 0.504536
0.0108 0.424895
0.01085 0.464537
0.0109 0.459449
0.01095 0.439383
0.011 0.41136
0.01105 0.43296
0.0111 0.435284
0.01115 0.440828
0.0112 0.404648
0.01125 0.456176
0.0113 0.414464
0.01135 0.449084
0.0114 0.462456
0.01145 0.45121
0.0115 0.467582
0.01155 0.415308
0.0116 0.433932
0.01165 0.395982
0.0117 0.422216
0.01175 0.420042
0.0118 0.469552
0.01185 0.409302
0.0119 0.426485
0.01195 0.452569
0.012 0.410578
0.01205 0.437316
0.0121 0.41024
0.01215 0.420202
0.0122 0.451154
0.01225 0.389046
0.0123 0.390685
0.01235 0.394123
0.0124 0.454915
0.01245 0.419231
0.0125 0.438374
0.01255 0.403604
0.0126 0.430947
0.01265 0.425633
0.0127 0.389947
0.01275 0.416597
0.0128 0.394254
0.01285 0.411418
0.0129 0.417423
0.01295 0.394413
0.013 0.410322
0.01305 0.424616
0.0131 0.402025
0.01315 0.366273
0.0132 0.407794
0.01325 0.370022
0.0133 0.444531
0.01335 0.469261
0.0134 0.410907
0.01345 0.431039
0.0135 0.392619
0.01355 0.367947
0.0136 0.33621
0.01365 0.374028
0.0137 0.366096
0.01375 0.344862
0.0138 0.423427
0.01385 0.396959
0.0139 0.424638
0.01395 0.410644
0.014 0.399056
0.01405 0.37722
0.0141 0.362255
0.01415 0.355965
0.0142 0.424594
0.01425 0.38501
0.0143 0.374884
0.01435 0.411624
0.0144 0.41265
0.01445 0.382682
0.0145 0.399571
0.01455 0.428925
0.0146 0.376859
0.01465 0.438649
0.0147 0.463926
0.01475 0.379962
0.0148 0.328134
0.01485 0.42749
0.0149 0.37987
0.01495 0.393594
0.015 0.430356
0.01505 0.417074
0.0151 0.36823
0.01515 0.428668
0.0152 0.392432
0.01525 0.402372
0.0153 0.369145
0.01535 0.478527
0.0154 0.363428
0.01545 0.420828
0.0155 0.360316
0.01555 0.381608
0.0156 0.384348
0.01565 0.43455
0.0157 0.438003
0.01575 0.393791
0.0158 0.4186
0.01585 0.388332
0.0159 0.361944
0.01595 0.346528
0.016 0.374003
0.01605 0.373099
0.0161 0.390295
0.01615 0.362959
0.0162 0.405589
0.01625 0.390931
0.0163 0.385312
0.01635 0.332756
0.0164 0.402126
0.01645 0.36754
0.0165 0.420703
0.01655 0.369787
0.0166 0.386359
0.01665 0.379051
0.0167 0.383755
0.01675 0.358615
0.0168 0.396624
0.01685 0.35556
0.0169 0.35076
0.01695 0.388436
0.017 0.351443
0.01705 0.354155
0.0171 0.343875
0.01715 0.392691
0.0172 0.355701
0.01725 0.348507
0.0173 0.309691
0.01735 0.373565
0.0174 0.379726
0.01745 0.358306
0.0175 0.332506
0.01755 0.409638
0.0176 0.321535
0.01765 0.410405
0.0177 0.379346
0.01775 0.37367
0.0178 0.408302
0.01785 0.347296
0.0179 0.351489
0.01795 0.372653
0.018 0.316033
0.01805 0.408825
0.0181 0.378257
0.01815 0.359825
0.0182 0.375565
0.01825 0.368391
0.0183 0.393101
0.01835 0.379387
0.0184 0.325722
0.01845 0.363394
0.0185 0.385063
0.01855 0.351493
0.0186 0.4277
0.01865 0.38261
0.0187 0.337544
0.01875 0.330482
0.0188 0.37465
0.01885 0.36702
0.0189 0.401032
0.01895 0.395426
0.019 0.304443
0.01905 0.358679
0.0191 0.391525
0.01915 0.307521
0.0192 0.361472
0.01925 0.344834
0.0193 0.29441
0.01935 0.333624
0.0194 0.329199
0.01945 0.356733
0.0195 0.315285
0.01955 0.372707
0.0196 0.321721
0.01965 0.298725
0.0197 0.323362
0.01975 0.338696
0.0198 0.343043
0.01985 0.332709
0.0199 0.324304
0.01995 0.333448
0.02 0.347886
0.02005 0.333098
0.0201 0.296852
0.02015 0.280952
0.0202 0.355667
0.02025 0.320923
0.0203 0.325412
0.02035 0.326682
0.0204 0.340243
0.02045 0.326855
0.0205 0.294885
0.02055 0.341385
0.0206 0.325873
0.02065 0.325991
0.0207 0.281301
0.02075 0.349035
0.0208 0.374736
0.02085 0.365102
0.0209 0.334458
0.02095 0.343504
0.021 0.382095
0.02105 0.325599
0.0211 0.368115
0.02115 0.338863
0.0212 0.351063
0.02125 0.338651
0.0213 0.318902
0.02135 0.319568
0.0214 0.29837
0.02145 0.332074
0.0215 0.32982
0.02155 0.320648
0.0216 0.304061
0.02165 0.322957
0.0217 0.323289
0.02175 0.317093
0.0218 0.357623
0.02185 0.319601
0.0219 0.320398
0.02195 0.31681
0.022 0.325996
0.02205 0.382548
0.0221 0.449682
0.02215 0.44757
0.0222 0.540234
0.02225 0.522474
0.0223 0.622158
0.02235 0.66517
0.0224 0.72643
0.02245 0.861448
0.0225 1.08666
0.02255 1.26229
0.0226 1.56319
0.02265 2.17842
0.0227 2.54106
0.02275 3.01185
0.0228 3.75713
0.02285 4.57136
0.0229 5.43123
0.02295 5.99346
0.023 6.8644
0.02305 7.49231
0.0231 8.22135
0.02315 8.57676
0.0232 8.94077
0.02325 8.72627
0.0233 8.71752
0.02335 8.2798
0.0234 7.70633
0.02345 6.89774
0.0235 6.16058
0.02355 5.35343
0.0236 4.71553
0.02365 4.10096
0.0237 3.65768
0.02375 3.21246
0.0238 2.82637
0.02385 2.65146
0.0239 2.35181
0.02395 2.17024
0.024 1.98991
0.02405 1.98097
0.0241 1.76667
0.02415 1.67734
0.0242 1.60732
0.02425 1.57086
0.0243 1.44455
0.02435 1.51216
0.0244 1.44228
0.02445 1.40429
0.0245 1.42301
0.02455 1.35327
0.0246 1.24168
0.02465 1.16497
0.0247 1.13877
0.02475 1.19326
0.0248 1.09896
0.02485 1.18985
0.0249 1.15853
0.02495 1.21951
0.025 1.15309
0.02505 1.1199
0.0251 1.03672
0.02515 1.0246
0.0252 1.10128
0.02525 1.10859
0.0253 1.0475
0.02535 0.942854
0.0254 1.05239
0.02545 0.952959
0.0255 0.926014
0.02555 1.0863
0.0256 1.01052
0.02565 0.990323
0.0257 0.980818
0.02575 0.974352
0.0258 0.98284
0.02585 0.983606
0.0259 0.888879
0.02595 0.966763
0.026 0.913805
0.02605 0.931533
0.0261 0.935765
0.02615 0.911201
0.0262 0.998321
0.02625 0.895527
0.0263 0.960258
0.02635 0.97731
0.0264 0.865911
0.02645 0.949979
0.0265 0.863542
0.02655 0.928236
0.0266 0.872305
0.02665 0.917519
0.0267 0.861873
0.02675 0.898107
0.0268 0.885141
0.02685 0.873717
0.0269 0.891875
0.02695 0.909055
0.027 0.835443
0.02705 0.884999
0.0271 0.937003
0.02715 0.891375
0.0272 0.81007
0.02725 0.87137
0.0273 0.853147
0.02735 0.824961
0.0274 0.875129
0.02745 0.822173
0.0275 0.886843
0.02755 0.890595
0.0276 0.820266
0.02765 0.859802
0.0277 0.818524
0.02775 0.853196
0.0278 0.823445
0.02785 0.799673
0.0279 0.769067
0.02795 0.837979
0.028 0.834894
0.02805 0.808752
0.0281 0.837083
0.02815 0.849211
0.0282 0.8179
0.02825 0.777934
0.0283 0.76951
0.02835 0.793988
0.0284 0.829409
0.02845 0.809729
0.0285 0.78595
0.02855 0.835836
0.0286 0.789149
0.02865 0.782399
0.0287 0.799766
0.02875 0.794186
0.0288 0.798965
0.02885 0.767935
0.0289 0.768591
0.02895 0.772153
0.029 0.836741
0.02905 0.745107
0.0291 0.776015
0.02915 0.834533
0.0292 0.689189
0.02925 0.744099
0.0293 0.79225
0.02935 0.75245
0.0294 0.73542
0.02945 0.780846
0.0295 0.681711
0.02955 0.769147
0.0296 0.798323
0.02965 0.699345
0.0297 0.774799
0.02975 0.706405
0.0298 0.718264
0.02985 0.756498
0.0299 0.708072
0.02995 0.723006
0.03 0.749437
0.03005 0.702559
0.0301 0.648214
0.03015 0.70051
0.0302 0.658085
0.03025 0.700293
0.0303 0.736644
0.03035 0.69353
0.0304 0.778096
0.03045 0.689842
0.0305 0.666533
0.03055 0.732465
0.0306 0.655282
0.03065 0.691928
0.0307 0.654342
0.03075 0.678792
0.0308 0.719407
0.03085 0.739211
0.0309 0.658836
0.03095 0.731214
0.031 0.708312
0.03105 0.690278
0.0311 0.679636
0.03115 0.714498
0.0312 0.728906
0.03125 0.68642
0.0313 0.664424
0.03135 0.696334
0.0314 0.662355
0.03145 0.711377
0.0315 0.67482
0.03155 0.674116
0.0316 0.649991
0.03165 0.683449
0.0317 0.645314
0.03175 0.639438
0.0318 0.692142
0.03185 0.682574
0.0319 0.626317
0.03195 0.667719
0.032 0.70355
0.03205 0.628486
0.0321 0.591654
0.03215 0.628714
0.0322 0.631766
0.03225 0.583802
0.0323 0.629434
0.03235 0.697314
0.0324 0.661023
0.03245 0.620017
0.0325 0.580778
0.03255 0.626122
0.0326 0.615521
0.03265 0.636921
0.0327 0.696413
0.03275 0.698453
0.0328 0.61181
0.03285 0.610972
0.0329 0.714915
0.03295 0.633875
0.033 0.637077
0.03305 0.587999
0.0331 0.564559
0.03315 0.613393
0.0332 0.641837
0.03325 0.622461
0.0333 0.640353
0.03335 0.638957
0.0334 0.687064
0.03345 0.60809
0.0335 0.605259
0.03355 0.619891
0.0336 0.705257
0.03365 0.613071
0.0337 0.576502
0.03375 0.595882
0.0338 0.642432
0.03385 0.613934
0.0339 0.569696
0.03395 0.597346
0.034 0.621717
0.03405 0.601187
0.0341 0.611305
0.03415 0.522291
0.0342 0.60414
0.03425 0.653424
0.0343 0.603999
0.03435 0.667193
0.0344 0.671412
0.03445 0.632872
0.0345 0.621807
0.03455 0.605853
0.0346 0.677151
0.03465 0.636333
0.0347 0.607851
0.03475 0.643977
0.0348 0.609865
0.03485 0.632147
0.0349 0.622374
0.03495 0.569862
0.035 0.628587
0.03505 0.597711
0.0351 0.576548
0.03515 0.598242
0.0352 0.620032
0.03525 0.62215
0.0353 0.58186
0.03535 0.583174
0.0354 0.600095
0.03545 0.585141
0.0355 0.583636
0.03555 0.60776
0.0356 0.577088
0.03565 0.626258
0.0357 0.579113
0.03575 0.653493
0.0358 0.600562
0.03585 0.579722
0.0359 0.605533
0.03595 0.606255
0.036 0.643033
0.03605 0.609933
0.0361 0.527534
0.03615 0.53964
0.0362 0.5663
0.03625 0.57928
0.0363 0.60613
0.03635 0.577766
0.0364 0.520128
0.03645 0.605336
0.0365 0.613412
0.03655 0.581264
0.0366 0.568778
0.03665 0.561382
0.0367 0.592914
0.03675 0.577474
0.0368 0.444054
0.03685 0.53666
0.0369 0.574222
0.03695 0.6334
0.037 0.58093
0.03705 0.533444
0.0371 0.53555
0.03715 0.564452
0.0372 0.629979
0.03725 0.583873
0.0373 0.545801
0.03735 0.547223
0.0374 0.608574
0.03745 0.577924
0.0375 0.583202
0.03755 0.563688
0.0376 0.573466
0.03765 0.609676
0.0377 0.550903
0.03775 0.550111
0.0378 0.519796
0.03785 0.500734
0.0379 0.527899
0.03795 0.548335
0.038 0.536132
0.03805 0.540648
0.0381 0.534503
0.03815 0.525281
0.0382 0.535916
0.03825 0.564214
0.0383 0.503654
0.03835 0.548076
0.0384 0.545766
0.03845 0.5165
0.0385 0.510253
0.03855 0.540269
0.0386 0.534847
0.03865 0.576621
0.0387 0.50696
0.03875 0.54412
0.0388 0.593082
0.03885 0.537206
0.0389 0.566028
0.03895 0.542704
0.039 0.538818
0.03905 0.475488
0.0391 0.530151
0.03915 0.507411
0.0392 0.510492
0.03925 0.508872
0.0393 0.524563
0.03935 0.521405
0.0394 0.519816
0.03945 0.495314
0.0395 0.54033
0.03955 0.521368
0.0396 0.499165
0.03965 0.546753
0.0397 0.494354
0.03975 0.492704
0.0398 0.491051
0.03985 0.484607
0.0399 0.467755
0.03995 0.526043
0.04 0.473214
0.04005 0.461894
0.0401 0.468201
0.04015 0.513931
0.0402 0.466455
0.04025 0.501823
0.0403 0.502625
0.04035 0.492929
0.0404 0.526077
0.04045 0.484831
0.0405 0.509126
0.04055 0.496162
0.0406 0.479901
0.04065 0.492887
0.0407 0.496144
0.04075 0.456984
0.0408 0.546769
0.04085 0.510915
0.0409 0.471656
0.04095 0.452756
0.041 0.547088
0.04105 0.499562
0.0411 0.534988
0.04115 0.462602
0.0412 0.480705
0.04125 0.503007
0.0413 0.489832
0.04135 0.499796
0.0414 0.435189
0.04145 0.522241
0.0415 0.50075
0.04155 0.475024
0.0416 0.493357
0.04165 0.518431
0.0417 0.468448
0.04175 0.506904
0.0418 0.498629
0.04185 0.469377
0.0419 0.437506
0.04195 0.467684
0.042 0.450036
0.04205 0.449168
0.0421 0.49888
0.04215 0.450024
0.0422 0.450852
0.04225 0.45507
0.0423 0.495727
0.04235 0.502611
0.0424 0.560462
0.04245 0.46467
0.0425 0.484278
0.04255 0.465618
0.0426 0.497222
0.04265 0.470014
0.0427 0.460668
0.04275 0.457284
0.0428 0.489028
0.04285 0.48485
0.0429 0.457467
0.04295 0.478151
0.043 0.463609
0.04305 0.488671
0.0431 0.434427
0.04315 0.450845
0.0432 0.503653
0.04325 0.480439
0.0433 0.520438
0.04335 0.475514
0.0434 0.429568
0.04345 0.520056
0.0435 0.465402
0.04355 0.45329
0.0436 0.520582
0.04365 0.460504
0.0437 0.478972
0.04375 0.462466
0.0438 0.509927
0.04385 0.483801
0.0439 0.51736
0.04395 0.508796
0.044 0.455274
0.04405 0.448318
0.0441 0.427213
0.04415 0.454659
0.0442 0.508751
0.04425 0.417725
0.0443 0.48694
0.04435 0.48624
0.0444 0.486429
0.04445 0.502641
0.0445 0.478815
0.04455 0.482563
0.0446 0.463108
0.04465 0.469516
0.0447 0.449993
0.04475 0.476103
0.0448 0.456556
0.04485 0.442334
0.0449 0.503583
0.04495 0.472339
0.045 0.469825
0.04505 0.474521
0.0451 0.508131
0.04515 0.441511
0.0452 0.466077
0.04525 0.451769
0.0453 0.463719
0.04535 0.413967
0.0454 0.44859
0.04545 0.41508
0.0455 0.437033
0.04555 0.470005
0.0456 0.444656
0.04565 0.46584
0.0457 0.431281
0.04575 0.486379
0.0458 0.417865
0.04585 0.439093
0.0459 0.43558
0.04595 0.479898
0.046 0.442394
0.04605 0.481296
0.0461 0.426181
0.04615 0.478997
0.0462 0.436712
0.04625 0.433184
0.0463 0.477851
0.04635 0.427081
0.0464 0.459759
0.04645 0.420005
0.0465 0.473225
0.04655 0.457651
0.0466 0.414972
0.04665 0.417924
0.0467 0.451743
0.04675 0.451977
0.0468 0.442844
0.04685 0.462762
0.0469 0.39448
0.04695 0.435022
0.047 0.417354
0.04705 0.442022
0.0471 0.461113
0.04715 0.454779
0.0472 0.469217
0.04725 0.408023
0.0473 0.412927
0.04735 0.423537
0.0474 0.459806
0.04745 0.404042
0.0475 0.358565
0.04755 0.463363
0.0476 0.451275
0.04765 0.413393
0.0477 0.438424
0.04775 0.396616
0.0478 0.418798
0.04785 0.44201
0.0479 0.429814
0.04795 0.441582
0.048 0.409183
0.04805 0.450759
0.0481 0.452021
0.04815 0.425333
0.0482 0.438129
0.04825 0.418123
0.0483 0.478318
0.04835 0.39931
0.0484 0.436339
0.04845 0.430805
0.0485 0.404865
0.04855 0.401203
0.0486 0.389748
0.04865 0.44157
0.0487 0.434079
0.04875 0.424615
0.0488 0.447365
0.04885 0.430089
0.0489 0.383392
0.04895 0.381634
0.049 0.447562
0.04905 0.468522
0.0491 0.42467
0.04915 0.434806
0.0492 0.39671
0.04925 0.419632
0.0493 0.394263
0.04935 0.428099
0.0494 0.421491
0.04945 0.387145
0.0495 0.427022
0.04955 0.383694
0.0496 0.402796
0.04965 0.351384
0.0497 0.426184
0.04975 0.453404
0.0498 0.425873
0.04985 0.412233
0.0499 0.419533
