0.029446 -0.0250000004 0.00986072948 -0.0335822277 asynchronous_release_0
0.045859 -0.0250000004 0.0349072001 -0.00254703359 asynchronous_release_0
0.036599 -0.0250000004 -0.0347803878 -0.00391466803 asynchronous_release_0
0.043659 -0.0250000004 -0.033593448 -0.00982243599 asynchronous_release_0
0.035532 -0.0250000004 -0.00099842074 5.61785205e-05 asynchronous_release_0
0.045295 -0.0250000004 -0.0101846178 0.0334854231 asynchronous_release_0
0.044687 -0.0250000004 -0.00135190408 0.034973881 asynchronous_release_0
0.041595 -0.0250000004 0.0175045728 0.0303082486 asynchronous_release_0
0.035154 -0.0250000004 0.0333555236 0.0106023131 asynchronous_release_1
0.021645 -0.0250000004 -0.00285882218 0.0348830494 asynchronous_release_0
0.039056 -0.0250000004 0.0300627001 0.0179230037 asynchronous_release_0
0.025491 -0.0250000004 0.0132324651 0.0324021892 asynchronous_release_0
0.023764 -0.0250000004 -0.000859943239 -0.00051038968 asynchronous_release_2
0.02382 -0.0250000004 -0.000899696727 0.000436515521 asynchronous_release_1
0.04552 -0.0250000004 0.0349633509 0.0016012793 asynchronous_release_0
0.040655 -0.0250000004 0.013764419 -0.0321798193 asynchronous_release_4
0.048864 -0.0250000004 -0.000864474288 -0.000502677039 asynchronous_release_0
0.019236 -0.0250000004 -0.00510248804 -0.0346260684 asynchronous_release_0
0.018137 -0.0250000004 0.0244812438 0.0250133705 asynchronous_release_2
0.048383 -0.0250000004 -0.0348659904 0.00305985482 asynchronous_release_0
0.049636 -0.0250000004 -0.000459525031 0.000888164819 asynchronous_release_0
0.020452 -0.0250000004 0.0345124883 0.00582135321 asynchronous_release_0
0.037224 -0.0250000004 0.0286659567 0.0200814074 asynchronous_release_3
0.037804 -0.0250000004 -0.000259870803 -0.000965643395 asynchronous_release_0
0.033233 -0.0250000004 0.0235804237 -0.025864331 asynchronous_release_3
0.016634 -0.0250000004 -0.0303683911 0.0174000236 asynchronous_release_0
0.034196 -0.0250000004 0.0337027097 0.00944072887 asynchronous_release_0
0.035415 -0.0250000004 0.0310996308 0.0160565553 asynchronous_release_0
0.047936 -0.0250000004 -0.0328586897 0.0120543152 asynchronous_release_0
0.032265 -0.0250000004 -0.0100341234 0.0335308271 asynchronous_release_0
0.045267 -0.0250000004 0.0294681534 0.0188845952 asynchronous_release_0
0.048971 -0.0250000004 -0.0209757899 0.0280181412 asynchronous_release_0
0.035932 -0.0250000004 -0.0123104975 -0.032763572 asynchronous_release_0
0.009527 -0.0250000004 0.0231821615 -0.0262218876 asynchronous_release_0
0.029382 -0.0250000004 0.0349920248 0.000747130438 asynchronous_release_0
0.037267 -0.0250000004 -0.0349149056 0.0024391331 asynchronous_release_0
0.038646 -0.0250000004 0.0188355161 0.029499548 asynchronous_release_0
0.012823 -0.0250000004 0.0209381166 -0.0280463059 asynchronous_release_0
0.038186 -0.0250000004 -0.0232744048 -0.0261400475 asynchronous_release_0
0.024782 -0.0250000004 -0.0332760855 0.0108490614 asynchronous_release_0
0.029903 -0.0250000004 0.0342876855 -0.00702528461 asynchronous_release_0
0.037274 -0.0250000004 0.0345208573 0.00577151701 asynchronous_release_0
0.031974 -0.0250000004 -0.0173776382 0.0303812062 asynchronous_release_0
0.038678 -0.0250000004 0.0301231152 -0.0178212775 asynchronous_release_0
0.036787 -0.0250000004 -0.0249183914 0.0245779122 asynchronous_release_0
0.036569 -0.0250000004 0.0250985468 -0.0243939121 asynchronous_release_0
0.038115 -0.0250000004 0.0266163483 0.0227281765 asynchronous_release_0
0.034899 -0.0250000004 -0.0171295474 -0.0305217727 asynchronous_release_0
0.045943 -0.0250000004 -0.0297577866 0.0184248239 asynchronous_release_0
0.038809 -0.0250000004 -0.0332794407 0.0108387651 asynchronous_release_0
0.045842 -0.0250000004 0.0116956939 -0.0329880394 asynchronous_release_0
0.043538 -0.0250000004 0.0155456264 0.0313581489 asynchronous_release_0
0.03585 -0.0250000004 0.0303551429 0.0174231255 asynchronous_release_0
0.018422 -0.0250000004 -0.00853841752 0.0339425312 asynchronous_release_0
0.035188 -0.0250000004 0.0172674886 0.0304439458 asynchronous_release_0
0.016699 -0.0250000004 -0.00537462343 0.0345848727 asynchronous_release_0
0.024658 -0.0250000004 0.0247929134 0.0247044823 asynchronous_release_0
0.047235 -0.0250000004 -0.00848457422 -0.0339560304 asynchronous_release_0
0.027185 -0.0250000004 0.00102723771 -0.0349849222 asynchronous_release_0
0.041666 -0.0250000004 -0.000444894762 0.000895582855 asynchronous_release_0
0.027256 -0.0250000004 0.0309617405 0.0163208648 asynchronous_release_0
0.045064 -0.0250000004 -0.0309617405 -0.0163208648 asynchronous_release_0
0.043403 -0.0250000004 0.00821310712 0.0340227111 asynchronous_release_1
0.024047 -0.0250000004 0.0293530748 0.0190629745 asynchronous_release_0
0.043546 -0.0250000004 0.0347902601 0.00382593803 asynchronous_release_0
0.025241 -0.0250000004 0.000999743731 2.26378731e-05 asynchronous_release_2
0.028723 -0.0250000004 0.0221374221 -0.0271096762 asynchronous_release_1
0.036783 -0.0250000004 0.0108178677 -0.0332862395 asynchronous_release_0
0.028941 -0.0250000004 -0.0326183061 0.0126903943 asynchronous_release_0
0.046089 -0.0250000004 0.0290092776 -0.019582181 asynchronous_release_0
0.035753 -0.0250000004 0.0278148419 -0.0212446362 asynchronous_release_0
0.041214 -0.0250000004 0.0334803916 0.010201146 asynchronous_release_0
0.043914 -0.0250000004 0.0169072141 -0.0306454909 asynchronous_release_0
0.007087 -0.0250000004 -2.96699115e-05 -0.000999559751 asynchronous_release_0
0.030328 -0.0250000004 0.0347579483 0.00410913973 asynchronous_release_0
0.039472 -0.0250000004 -0.000117403992 0.000993084237 asynchronous_release_0
0.029073 -0.0250000004 -0.0010249015 -0.0349849907 asynchronous_release_1
0.041902 -0.0250000004 -0.0147672449 -0.0317321364 asynchronous_release_0
0.024085 -0.0250000004 0.0329455527 0.0118148447 asynchronous_release_4
0.028141 -0.0250000004 0.0152537919 0.0315011402 asynchronous_release_0
0.039507 -0.0250000004 0.025647094 0.0238165188 asynchronous_release_1
0.0325 -0.0250000004 -0.000463004528 0.0349969374 asynchronous_release_0
0.043567 -0.0250000004 0.0347943768 -0.00378831658 asynchronous_release_0
0.034198 -0.0250000004 0.025155471 -0.0243352066 asynchronous_release_0
0.042287 -0.0250000004 -0.0326255096 -0.0126718635 asynchronous_release_0
0.02601 -0.0250000004 -0.0157032999 -0.031279488 asynchronous_release_0
0.035834 -0.0250000004 -0.0317180314 0.0147975162 asynchronous_release_1
0.04463 -0.0250000004 -0.0121280978 0.0328315282 asynchronous_release_0
0.03464 -0.0250000004 0.0282084446 -0.0207191614 asynchronous_release_0
0.039605 -0.0250000004 0.000871294674 0.000490760217 asynchronous_release_1
0.035463 -0.0250000004 -0.0306182019 -0.0169565831 asynchronous_release_0
0.0292 -0.0250000004 0.0112633087 -0.0331381634 asynchronous_release_0
0.033333 -0.0250000004 0.00399449846 -0.0347713098 asynchronous_release_0
0.023804 -0.0250000004 -0.0178339705 -0.0301156022 asynchronous_release_1
0.024469 -0.0250000004 -0.0158259858 0.031217594 asynchronous_release_0
0.044163 -0.0250000004 0.0158821936 0.0311890354 asynchronous_release_0
0.044823 -0.0250000004 0.0217516654 0.0274201577 asynchronous_release_0
0.025711 -0.0250000004 0.0125383809 -0.0326770409 asynchronous_release_0
0.032376 -0.0250000004 0.0334707867 0.0102326165 asynchronous_release_3
0.039066 -0.0250000004 0.0310069891 -0.0162347352 asynchronous_release_0
0.040761 -0.0250000004 0.0162689708 -0.0309890398 asynchronous_release_0
0.037092 -0.0250000004 -0.00866085512 0.0339114964 asynchronous_release_0
0.036852 -0.0250000004 0.0336694753 0.00955857886 asynchronous_release_0
0.037625 -0.0250000004 -0.0336694753 -0.00955857886 asynchronous_release_0
