0 0.089652
5e-05 0.064038
0.0001 0.115959
0.00015 0.093807
0.0002 0.120804
0.00025 0.06681
0.0003 0.104186
0.00035 0.097616
0.0004 0.092075
0.00045 0.114923
0.0005 0.083425
0.00055 0.075453
0.0006 0.099001
0.00065 0.101415
0.0007 0.063011
0.00075 0.114225
0.0008 0.112497
0.00085 0.105225
0.0009 0.109726
0.00095 0.082052
0.001 0.092418
0.00105 0.165096
0.0011 0.158206
0.00115 0.199724
0.0012 0.233656
0.00125 0.275872
0.0013 0.314644
0.00135 0.348916
0.0014 0.461761
0.00145 0.542767
0.0015 0.721731
0.00155 0.992749
0.0016 1.31361
0.00165 1.61238
0.0017 2.02462
0.00175 2.42997
0.0018 3.14714
0.00185 3.6941
0.0019 4.34245
0.00195 5.07797
0.002 5.69931
0.00205 6.04756
0.0021 6.24414
0.00215 6.58582
0.0022 6.68066
0.00225 6.54497
0.0023 6.39058
0.00235 5.55291
0.0024 4.8959
0.00245 4.33587
0.0025 3.61968
0.00255 3.02531
0.0026 2.73874
0.00265 2.55628
0.0027 2.03845
0.00275 1.93432
0.0028 1.60403
0.00285 1.38425
0.0029 1.34375
0.00295 1.14261
0.003 1.06687
0.00305 1.08478
0.0031 1.00834
0.00315 0.913846
0.0032 0.939819
0.00325 0.844193
0.0033 0.984799
0.00335 0.862257
0.0034 0.804815
0.00345 0.851501
0.0035 0.750471
0.00355 0.682945
0.0036 0.693011
0.00365 0.770139
0.0037 0.628594
0.00375 0.652144
0.0038 0.755015
0.00385 0.674619
0.0039 0.746293
0.00395 0.713049
0.004 0.606071
0.00405 0.734897
0.0041 0.694025
0.00415 0.665351
0.0042 0.615066
0.00425 0.730678
0.0043 0.646982
0.00435 0.661186
0.0044 0.657603
0.00445 0.556001
0.0045 0.621997
0.00455 0.624799
0.0046 0.668392
0.00465 0.644896
0.0047 0.630316
0.00475 0.64798
0.0048 0.600579
0.00485 0.606807
0.0049 0.586326
0.00495 0.609228
0.005 0.655336
0.00505 0.594248
0.0051 0.543537
0.00515 0.609843
0.0052 0.622041
0.00525 0.569075
0.0053 0.619978
0.00535 0.528546
0.0054 0.610989
0.00545 0.593927
0.0055 0.564553
0.00555 0.568011
0.0056 0.534186
0.00565 0.525468
0.0057 0.545517
0.00575 0.558325
0.0058 0.533777
0.00585 0.510575
0.0059 0.534114
0.00595 0.518854
0.006 0.513686
0.00605 0.548958
0.0061 0.492166
0.00615 0.506438
0.0062 0.455602
0.00625 0.592956
0.0063 0.554172
0.00635 0.461718
0.0064 0.484605
0.00645 0.536509
0.0065 0.541401
0.00655 0.504401
0.0066 0.550978
0.00665 0.482262
0.0067 0.465548
0.00675 0.461752
0.0068 0.575926
0.00685 0.582292
0.0069 0.487654
0.00695 0.526256
0.007 0.467898
0.00705 0.55901
0.0071 0.586043
0.00715 0.531737
0.0072 0.469067
0.00725 0.481049
0.0073 0.541094
0.00735 0.518482
0.0074 0.526863
0.00745 0.505727
0.0075 0.508487
0.00755 0.476351
0.0076 0.530183
0.00765 0.515779
0.0077 0.50124
0.00775 0.519638
0.0078 0.467259
0.00785 0.451781
0.0079 0.49801
0.00795 0.445582
0.008 0.550249
0.00805 0.457267
0.0081 0.505797
0.00815 0.510587
0.0082 0.46906
0.00825 0.50741
0.0083 0.437197
0.00835 0.484953
0.0084 0.476233
0.00845 0.494337
0.0085 0.481757
0.00855 0.540105
0.0086 0.508413
0.00865 0.523773
0.0087 0.447977
0.00875 0.455109
0.0088 0.47221
0.00885 0.484904
0.0089 0.485028
0.00895 0.433234
0.009 0.366376
0.00905 0.43356
0.0091 0.525575
0.00915 0.529593
0.0092 0.498426
0.00925 0.509802
0.0093 0.425143
0.00935 0.472877
0.0094 0.534699
0.00945 0.444069
0.0095 0.416259
0.00955 0.476229
0.0096 0.494189
0.00965 0.461099
0.0097 0.400274
0.00975 0.42111
0.0098 0.442748
0.00985 0.509152
0.0099 0.514554
0.00995 0.492106
0.01 0.463961
0.01005 0.461321
0.0101 0.4916
0.01015 0.523622
0.0102 0.479511
0.01025 0.407417
0.0103 0.447775
0.01035 0.489209
0.0104 0.546148
0.01045 0.426936
0.0105 0.453985
0.01055 0.465587
0.0106 0.44994
0.01065 0.414018
0.0107 0.450755
0.01075 0.445519
0.0108 0.571122
0.01085 0.429292
0.0109 0.489005
0.01095 0.465557
0.011 0.39941
0.01105 0.453854
0.0111 0.441304
0.01115 0.417888
0.0112 0.504689
0.01125 0.453489
0.0113 0.432528
0.01135 0.396522
0.0114 0.420781
0.01145 0.438975
0.0115 0.49673
0.01155 0.39567
0.0116 0.447593
0.01165 0.499771
0.0117 0.391456
0.01175 0.42104
0.0118 0.417399
0.01185 0.405431
0.0119 0.416066
0.01195 0.458564
0.012 0.412953
0.01205 0.347215
0.0121 0.428453
0.01215 0.454871
0.0122 0.400808
0.01225 0.426812
0.0123 0.366976
0.01235 0.4002
0.0124 0.358925
0.01245 0.368947
0.0125 0.464477
0.01255 0.442503
0.0126 0.36262
0.01265 0.485282
0.0127 0.431448
0.01275 0.401846
0.0128 0.579334
0.01285 0.428694
0.0129 0.38407
0.01295 0.512126
0.013 0.42246
0.01305 0.449692
0.0131 0.448868
0.01315 0.50694
0.0132 0.46156
0.01325 0.52768
0.0133 0.39673
0.01335 0.498834
0.0134 0.424308
0.01345 0.369768
0.0135 0.381592
0.01355 0.464576
0.0136 0.421566
0.01365 0.40332
0.0137 0.459431
0.01375 0.409375
0.0138 0.508106
0.01385 0.446976
0.0139 0.425665
0.01395 0.425153
0.014 0.433095
0.01405 0.376855
0.0141 0.382588
0.01415 0.396366
0.0142 0.404621
0.01425 0.416711
0.0143 0.378445
0.01435 0.420159
0.0144 0.442108
0.01445 0.410372
0.0145 0.508992
0.01455 0.40046
0.0146 0.389281
0.01465 0.449751
0.0147 0.369856
0.01475 0.418524
0.0148 0.351884
0.01485 0.47472
0.0149 0.386532
0.01495 0.38448
0.015 0.404106
0.01505 0.4309
0.0151 0.409808
0.01515 0.397954
0.0152 0.394547
0.01525 0.341865
0.0153 0.391536
0.01535 0.368416
0.0154 0.441812
0.01545 0.439376
0.0155 0.411435
0.01555 0.372949
0.0156 0.486546
0.01565 0.441116
0.0157 0.415744
0.01575 0.416062
0.0158 0.3809
0.01585 0.46404
0.0159 0.402204
0.01595 0.359324
0.016 0.379621
0.01605 0.438127
0.0161 0.423233
0.01615 0.378735
0.0162 0.420619
0.01625 0.370001
0.0163 0.457584
0.01635 0.42988
0.0164 0.362459
0.01645 0.467031
0.0165 0.378278
0.01655 0.371404
0.0166 0.363489
0.01665 0.415309
0.0167 0.38487
0.01675 0.443552
0.0168 0.461663
0.01685 0.418435
0.0169 0.418908
0.01695 0.399342
0.017 0.401444
0.01705 0.42034
0.0171 0.41095
0.01715 0.391518
0.0172 0.349163
0.01725 0.443473
0.0173 0.418211
0.01735 0.378477
0.0174 0.387625
0.01745 0.371319
0.0175 0.370334
0.01755 0.479534
0.0176 0.39765
0.01765 0.414556
0.0177 0.376241
0.01775 0.383541
0.0178 0.42055
0.01785 0.378768
0.0179 0.385833
0.01795 0.364173
0.018 0.390722
0.01805 0.39796
0.0181 0.351186
0.01815 0.39322
0.0182 0.412257
0.01825 0.398525
0.0183 0.339553
0.01835 0.372849
0.0184 0.456986
0.01845 0.371992
0.0185 0.450673
0.01855 0.381949
0.0186 0.456287
0.01865 0.396597
0.0187 0.406939
0.01875 0.369625
0.0188 0.511855
0.01885 0.411043
0.0189 0.374627
0.01895 0.401015
0.019 0.404003
0.01905 0.435295
0.0191 0.355775
0.01915 0.387771
0.0192 0.445826
0.01925 0.419426
0.0193 0.348326
0.01935 0.395026
0.0194 0.308285
0.01945 0.376107
0.0195 0.40302
0.01955 0.31608
0.0196 0.348744
0.01965 0.386006
0.0197 0.40737
0.01975 0.418216
0.0198 0.405335
0.01985 0.450475
0.0199 0.414171
0.01995 0.381203
0.02 0.354013
0.02005 0.369243
0.0201 0.37533
0.02015 0.435206
0.0202 0.387808
0.02025 0.392442
0.0203 0.335664
0.02035 0.433926
0.0204 0.384456
0.02045 0.395312
0.0205 0.385708
0.02055 0.337316
0.0206 0.329882
0.02065 0.340208
0.0207 0.391706
0.02075 0.485604
0.0208 0.345418
0.02085 0.407378
0.0209 0.371329
0.02095 0.365691
0.021 0.419805
0.02105 0.386539
0.0211 0.417341
0.02115 0.379259
0.0212 0.454816
0.02125 0.343476
0.0213 0.363729
0.02135 0.385847
0.0214 0.34807
0.02145 0.341858
0.0215 0.361473
0.02155 0.339763
0.0216 0.346057
0.02165 0.331573
0.0217 0.389644
0.02175 0.409758
0.0218 0.356166
0.02185 0.418722
0.0219 0.342992
0.02195 0.352552
0.022 0.415548
0.02205 0.406052
0.0221 0.345997
0.02215 0.320175
0.0222 0.353818
0.02225 0.358708
0.0223 0.400294
0.02235 0.417528
0.0224 0.352269
0.02245 0.381081
0.0225 0.35417
0.02255 0.418844
0.0226 0.324953
0.02265 0.392979
0.0227 0.396854
0.02275 0.410794
0.0228 0.347143
0.02285 0.437885
0.0229 0.378678
0.02295 0.37935
0.023 0.378651
0.02305 0.407985
0.0231 0.387513
0.02315 0.417027
0.0232 0.355599
0.02325 0.436843
0.0233 0.400934
0.02335 0.361524
0.0234 0.383776
0.02345 0.354008
0.0235 0.351375
0.02355 0.401125
0.0236 0.334368
0.02365 0.345404
0.0237 0.359843
0.02375 0.394373
0.0238 0.364733
0.02385 0.393707
0.0239 0.407542
0.02395 0.40611
0.024 0.381106
0.02405 0.361736
0.0241 0.43209
0.02415 0.426416
0.0242 0.413437
0.02425 0.398925
0.0243 0.381894
0.02435 0.421372
0.0244 0.435182
0.02445 0.337362
0.0245 0.412762
0.02455 0.320858
0.0246 0.352635
0.02465 0.365841
0.0247 0.406359
0.02475 0.426297
0.0248 0.371314
0.02485 0.439508
0.0249 0.391852
0.02495 0.372414
0.025 0.398456
0.02505 0.402572
0.0251 0.397664
0.02515 0.31562
0.0252 0.367423
0.02525 0.400819
0.0253 0.355327
0.02535 0.347671
0.0254 0.359318
0.02545 0.33228
0.0255 0.333705
0.02555 0.399657
0.0256 0.385974
0.02565 0.33675
0.0257 0.363979
0.02575 0.368669
0.0258 0.348059
0.02585 0.386905
0.0259 0.304536
0.02595 0.377176
0.026 0.339269
0.02605 0.401895
0.0261 0.435599
0.02615 0.361557
0.0262 0.399445
0.02625 0.374961
0.0263 0.432554
0.02635 0.355312
0.0264 0.411472
0.02645 0.391636
0.0265 0.373816
0.02655 0.355368
0.0266 0.453548
0.02665 0.358444
0.0267 0.367669
0.02675 0.354975
0.0268 0.325568
0.02685 0.341732
0.0269 0.360148
0.02695 0.328992
0.027 0.335538
0.02705 0.37031
0.0271 0.362383
0.02715 0.364753
0.0272 0.338801
0.02725 0.330729
0.0273 0.401933
0.02735 0.303105
0.0274 0.37393
0.02745 0.347798
0.0275 0.361751
0.02755 0.339353
0.0276 0.297483
0.02765 0.292509
0.0277 0.398514
0.02775 0.348862
0.0278 0.3669
0.02785 0.408476
0.0279 0.346865
0.02795 0.424367
0.028 0.369332
0.02805 0.388752
0.0281 0.327208
0.02815 0.353324
0.0282 0.321954
0.02825 0.38551
0.0283 0.346214
0.02835 0.381122
0.0284 0.386631
0.02845 0.430933
0.0285 0.426366
0.02855 0.497282
0.0286 0.35026
0.02865 0.421164
0.0287 0.355018
0.02875 0.34901
0.0288 0.384519
0.02885 0.342765
0.0289 0.309483
0.02895 0.325333
0.029 0.32965
0.02905 0.31828
0.0291 0.309188
0.02915 0.350278
0.0292 0.379299
0.02925 0.406129
0.0293 0.352094
0.02935 0.379518
0.0294 0.286341
0.02945 0.401553
0.0295 0.306369
0.02955 0.349233
0.0296 0.379866
0.02965 0.360762
0.0297 0.309435
0.02975 0.321625
0.0298 0.335672
0.02985 0.401222
0.0299 0.36827
0.02995 0.413156
0.03 0.397569
0.03005 0.399967
0.0301 0.347507
0.03015 0.353377
0.0302 0.333265
0.03025 0.349417
0.0303 0.345622
0.03035 0.36674
0.0304 0.369087
0.03045 0.347049
0.0305 0.338959
0.03055 0.325937
0.0306 0.440359
0.03065 0.344129
0.0307 0.400566
0.03075 0.286034
0.0308 0.332601
0.03085 0.271249
0.0309 0.340831
0.03095 0.359915
0.031 0.308922
0.03105 0.315532
0.0311 0.385101
0.03115 0.343937
0.0312 0.395078
0.03125 0.343178
0.0313 0.345581
0.03135 0.264475
0.0314 0.342751
0.03145 0.369115
0.0315 0.38425
0.03155 0.341948
0.0316 0.355152
0.03165 0.42675
0.0317 0.373595
0.03175 0.382519
0.0318 0.295301
0.03185 0.357605
0.0319 0.316049
0.03195 0.358781
0.032 0.446587
0.03205 0.349911
0.0321 0.366596
0.03215 0.355026
0.0322 0.324055
0.03225 0.350437
0.0323 0.372416
0.03235 0.30702
0.0324 0.362687
0.03245 0.330865
0.0325 0.30606
0.03255 0.349604
0.0326 0.384863
0.03265 0.394781
0.0327 0.318942
0.03275 0.309014
0.0328 0.300358
0.03285 0.302852
0.0329 0.373238
0.03295 0.359468
0.033 0.310605
0.03305 0.366781
0.0331 0.325754
0.03315 0.293176
0.0332 0.354219
0.03325 0.342947
0.0333 0.296276
0.03335 0.349598
0.0334 0.330242
0.03345 0.359712
0.0335 0.332953
0.03355 0.343709
0.0336 0.389512
0.03365 0.37958
0.0337 0.347331
0.03375 0.356853
0.0338 0.376575
0.03385 0.340791
0.0339 0.351702
0.03395 0.427264
0.034 0.374453
0.03405 0.292767
0.0341 0.404696
0.03415 0.34612
0.0342 0.406479
0.03425 0.314127
0.0343 0.358773
0.03435 0.290785
0.0344 0.341011
0.03445 0.321079
0.0345 0.393657
0.03455 0.256877
0.0346 0.274045
0.03465 0.287127
0.0347 0.377414
0.03475 0.337246
0.0348 0.359637
0.03485 0.347925
0.0349 0.393483
0.03495 0.388839
0.035 0.334406
0.03505 0.360472
0.0351 0.410554
0.03515 0.362996
0.0352 0.324402
0.03525 0.307532
0.0353 0.335841
0.03535 0.348697
0.0354 0.380753
0.03545 0.308577
0.0355 0.30862
0.03555 0.272354
0.0356 0.343601
0.03565 0.315191
0.0357 0.352444
0.03575 0.358352
0.0358 0.346362
0.03585 0.327144
0.0359 0.413541
0.03595 0.315261
0.036 0.361494
0.03605 0.303232
0.0361 0.382823
0.03615 0.328083
0.0362 0.371718
0.03625 0.323334
0.0363 0.356176
0.03635 0.348388
0.0364 0.360253
0.03645 0.298439
0.0365 0.389883
0.03655 0.290653
0.0366 0.330288
0.03665 0.391374
0.0367 0.332907
0.03675 0.361787
0.0368 0.367203
0.03685 0.334267
0.0369 0.317457
0.03695 0.305761
0.037 0.311804
0.03705 0.337166
0.0371 0.416872
0.03715 0.306438
0.0372 0.373615
0.03725 0.334387
0.0373 0.380908
0.03735 0.367778
0.0374 0.274454
0.03745 0.333758
0.0375 0.322708
0.03755 0.318384
0.0376 0.339647
0.03765 0.378339
0.0377 0.331872
0.03775 0.34419
0.0378 0.305083
0.03785 0.388619
0.0379 0.36471
0.03795 0.352868
0.038 0.309019
0.03805 0.333579
0.0381 0.304828
0.03815 0.347018
0.0382 0.310581
0.03825 0.349837
0.0383 0.301044
0.03835 0.318878
0.0384 0.343705
0.03845 0.318581
0.0385 0.350415
0.03855 0.313667
0.0386 0.323931
0.03865 0.365197
0.0387 0.34695
0.03875 0.33717
0.0388 0.269856
0.03885 0.353994
0.0389 0.261626
0.03895 0.293704
0.039 0.333718
0.03905 0.32775
0.0391 0.421985
0.03915 0.341751
0.0392 0.383671
0.03925 0.355799
0.0393 0.312082
0.03935 0.356456
0.0394 0.386799
0.03945 0.354059
0.0395 0.352045
0.03955 0.318345
0.0396 0.362233
0.03965 0.377705
0.0397 0.296247
0.03975 0.315575
0.0398 0.269624
0.03985 0.371132
0.0399 0.302837
0.03995 0.323087
0.04 0.337007
0.04005 0.286019
0.0401 0.37617
0.04015 0.42646
0.0402 0.414954
0.04025 0.342956
0.0403 0.35704
0.04035 0.355826
0.0404 0.352991
0.04045 0.361487
0.0405 0.327033
0.04055 0.351729
0.0406 0.343185
0.04065 0.386707
0.0407 0.346446
0.04075 0.332966
0.0408 0.335778
0.04085 0.254348
0.0409 0.331507
0.04095 0.332691
0.041 0.367542
0.04105 0.306348
0.0411 0.305011
0.04115 0.320975
0.0412 0.365874
0.04125 0.318426
0.0413 0.324562
0.04135 0.34397
0.0414 0.348528
0.04145 0.360574
0.0415 0.39344
0.04155 0.362362
0.0416 0.299519
0.04165 0.343203
0.0417 0.382871
0.04175 0.334903
0.0418 0.327777
0.04185 0.296325
0.0419 0.305873
0.04195 0.298657
0.042 0.367107
0.04205 0.310345
0.0421 0.330938
0.04215 0.30181
0.0422 0.305535
0.04225 0.373571
0.0423 0.345292
0.04235 0.37797
0.0424 0.393785
0.04245 0.359507
0.0425 0.251072
0.04255 0.355256
0.0426 0.36342
0.04265 0.330622
0.0427 0.337895
0.04275 0.306675
0.0428 0.327624
0.04285 0.333204
0.0429 0.321625
0.04295 0.291087
0.043 0.36032
0.04305 0.327218
0.0431 0.305221
0.04315 0.375597
0.0432 0.324254
0.04325 0.35587
0.0433 0.306966
0.04335 0.373338
0.0434 0.359124
0.04345 0.291792
0.0435 0.410623
0.04355 0.309249
0.0436 0.287843
0.04365 0.368623
0.0437 0.307057
0.04375 0.318865
0.0438 0.347378
0.04385 0.337358
0.0439 0.382682
0.04395 0.248642
0.044 0.31149
0.04405 0.35956
0.0441 0.346868
0.04415 0.362422
0.0442 0.292185
0.04425 0.371445
0.0443 0.395094
0.04435 0.346008
0.0444 0.334984
0.04445 0.308794
0.0445 0.280735
0.04455 0.398871
0.0446 0.277189
0.04465 0.358037
0.0447 0.338023
0.04475 0.325111
0.0448 0.339067
0.04485 0.397073
0.0449 0.328515
0.04495 0.388429
0.045 0.379167
0.04505 0.308539
0.0451 0.321656
0.04515 0.381826
0.0452 0.395137
0.04525 0.297055
0.0453 0.335606
0.04535 0.310726
0.0454 0.318489
0.04545 0.383609
0.0455 0.358756
0.04555 0.299166
0.0456 0.35168
0.04565 0.348614
0.0457 0.351029
0.04575 0.379101
0.0458 0.358665
0.04585 0.363867
0.0459 0.328651
0.04595 0.345761
0.046 0.361086
0.04605 0.382916
0.0461 0.373436
0.04615 0.37409
0.0462 0.330347
0.04625 0.352209
0.0463 0.333355
0.04635 0.303305
0.0464 0.367917
0.04645 0.288589
0.0465 0.369138
0.04655 0.378184
0.0466 0.357404
0.04665 0.30667
0.0467 0.278214
0.04675 0.324548
0.0468 0.342922
0.04685 0.337906
0.0469 0.366679
0.04695 0.282745
0.047 0.394272
0.04705 0.26312
0.0471 0.338068
0.04715 0.316024
0.0472 0.286351
0.04725 0.400377
0.0473 0.304532
0.04735 0.33352
0.0474 0.403408
0.04745 0.321518
0.0475 0.35349
0.04755 0.322732
0.0476 0.397661
0.04765 0.355485
0.0477 0.313177
0.04775 0.307065
0.0478 0.395678
0.04785 0.362904
0.0479 0.397158
0.04795 0.32592
0.048 0.306354
0.04805 0.305006
0.0481 0.372991
0.04815 0.337077
0.0482 0.436152
0.04825 0.328812
0.0483 0.293664
0.04835 0.338752
0.0484 0.316151
0.04845 0.270201
0.0485 0.382383
0.04855 0.308289
0.0486 0.271914
0.04865 0.363022
0.0487 0.339362
0.04875 0.30099
0.0488 0.32796
0.04885 0.345234
0.0489 0.299906
0.04895 0.30638
0.049 0.339362
0.04905 0.332184
0.0491 0.383965
0.04915 0.307001
0.0492 0.317468
0.04925 0.299374
0.0493 0.320706
0.04935 0.320368
0.0494 0.262668
0.04945 0.345374
0.0495 0.38671
0.04955 0.358732
0.0496 0.339607
0.04965 0.305515
0.0497 0.295201
0.04975 0.308761
0.0498 0.304417
0.04985 0.409841
0.0499 0.367731
0.04995 0.282495
0.05 0.350157
0.05005 0.357903
0.0501 0.316526
0.05015 0.338278
0.0502 0.313866
0.05025 0.31755
0.0503 0.355484
0.05035 0.360268
0.0504 0.334797
0.05045 0.327431
0.0505 0.353407
0.05055 0.295465
0.0506 0.303197
0.05065 0.393087
0.0507 0.305619
0.05075 0.356069
0.0508 0.342598
0.05085 0.33825
0.0509 0.332871
0.05095 0.293817
0.051 0.348581
0.05105 0.305395
0.0511 0.351084
0.05115 0.35902
0.0512 0.29523
0.05125 0.316412
0.0513 0.31609
0.05135 0.334272
0.0514 0.384407
0.05145 0.372889
0.0515 0.378865
0.05155 0.366283
0.0516 0.31751
0.05165 0.356486
0.0517 0.368666
0.05175 0.28039
0.0518 0.347409
0.05185 0.364799
0.0519 0.323017
0.05195 0.359115
0.052 0.296423
0.05205 0.395061
0.0521 0.351093
0.05215 0.365463
0.0522 0.29105
0.05225 0.336714
0.0523 0.34063
0.05235 0.362374
0.0524 0.282428
0.05245 0.347154
0.0525 0.291201
0.05255 0.311885
0.0526 0.319993
0.05265 0.312315
0.0527 0.370026
0.05275 0.33075
0.0528 0.305104
0.05285 0.294198
0.0529 0.31715
0.05295 0.346528
0.053 0.310208
0.05305 0.358746
0.0531 0.284114
0.05315 0.332696
0.0532 0.290891
0.05325 0.393945
0.0533 0.335106
0.05335 0.317754
0.0534 0.259732
0.05345 0.349208
0.0535 0.33612
0.05355 0.392676
0.0536 0.353894
0.05365 0.316078
0.0537 0.397482
0.05375 0.382274
0.0538 0.319636
0.05385 0.3021
0.0539 0.317965
0.05395 0.339275
0.054 0.347673
0.05405 0.340947
0.0541 0.287634
0.05415 0.310054
0.0542 0.319517
0.05425 0.408285
0.0543 0.362511
0.05435 0.328579
0.0544 0.302177
0.05445 0.398873
0.0545 0.338732
0.05455 0.36797
0.0546 0.303291
0.05465 0.293135
0.0547 0.322372
0.05475 0.282642
0.0548 0.277908
0.05485 0.302808
0.0549 0.348658
0.05495 0.315434
0.055 0.332766
0.05505 0.33582
0.0551 0.334471
0.05515 0.362927
0.0552 0.336211
0.05525 0.308317
0.0553 0.329056
0.05535 0.318828
0.0554 0.316336
0.05545 0.329378
0.0555 0.32468
0.05555 0.36445
0.0556 0.333096
0.05565 0.297202
0.0557 0.326997
0.05575 0.361337
0.0558 0.364494
0.05585 0.31176
0.0559 0.351762
0.05595 0.329152
0.056 0.314329
0.05605 0.334249
0.0561 0.36433
0.05615 0.319184
0.0562 0.333543
0.05625 0.335555
0.0563 0.355605
0.05635 0.368941
0.0564 0.297638
0.05645 0.324456
0.0565 0.327595
0.05655 0.336403
0.0566 0.330506
0.05665 0.377892
0.0567 0.369789
0.05675 0.375297
0.0568 0.36945
0.05685 0.365864
0.0569 0.291651
0.05695 0.291343
0.057 0.321842
0.05705 0.312452
0.0571 0.361331
0.05715 0.285643
0.0572 0.289907
0.05725 0.302205
0.0573 0.309948
0.05735 0.292456
0.0574 0.30824
0.05745 0.328666
0.0575 0.289294
0.05755 0.309724
0.0576 0.308301
0.05765 0.328801
0.0577 0.31817
0.05775 0.31098
0.0578 0.309557
0.05785 0.348661
0.0579 0.350779
0.05795 0.318103
0.058 0.332944
0.05805 0.32807
0.0581 0.341792
0.05815 0.362534
0.0582 0.38566
0.05825 0.383194
0.0583 0.359716
0.05835 0.356034
0.0584 0.32078
0.05845 0.334576
0.0585 0.356605
0.05855 0.284931
0.0586 0.317471
0.05865 0.336007
0.0587 0.345191
0.05875 0.265023
0.0588 0.28705
0.05885 0.34094
0.0589 0.340734
0.05895 0.342888
0.059 0.341505
0.05905 0.304659
0.0591 0.383654
0.05915 0.348002
0.0592 0.327665
0.05925 0.344043
0.0593 0.405569
0.05935 0.373399
0.0594 0.354227
0.05945 0.337387
0.0595 0.340752
0.05955 0.395382
0.0596 0.305797
0.05965 0.365237
0.0597 0.306522
0.05975 0.308656
0.0598 0.362267
0.05985 0.351321
0.0599 0.252821
0.05995 0.305275
0.06 0.295409
0.06005 0.303549
0.0601 0.314116
0.06015 0.290998
0.0602 0.296743
0.06025 0.374863
0.0603 0.330064
0.06035 0.370922
0.0604 0.309117
0.06045 0.331859
0.0605 0.360713
0.06055 0.352067
0.0606 0.297306
0.06065 0.386876
0.0607 0.335728
0.06075 0.318502
0.0608 0.352348
0.06085 0.274222
0.0609 0.311709
0.06095 0.230949
0.061 0.349014
0.06105 0.328062
0.0611 0.332742
0.06115 0.315402
0.0612 0.321295
0.06125 0.299005
0.0613 0.312244
0.06135 0.343936
0.0614 0.293363
0.06145 0.355827
0.0615 0.343353
0.06155 0.357953
0.0616 0.287512
0.06165 0.344002
0.0617 0.337645
0.06175 0.333745
0.0618 0.371894
0.06185 0.303668
0.0619 0.313334
0.06195 0.362704
0.062 0.366277
0.06205 0.381037
0.0621 0.349842
0.06215 0.337232
0.0622 0.294712
0.06225 0.315636
0.0623 0.280496
0.06235 0.31516
0.0624 0.321181
0.06245 0.317217
0.0625 0.34577
0.06255 0.334328
0.0626 0.360449
0.06265 0.273773
0.0627 0.331215
0.06275 0.343579
0.0628 0.330833
0.06285 0.305477
0.0629 0.320349
0.06295 0.352897
0.063 0.312385
0.06305 0.286921
0.0631 0.332125
0.06315 0.290221
0.0632 0.348153
0.06325 0.344189
0.0633 0.327546
0.06335 0.314668
0.0634 0.280187
0.06345 0.298965
0.0635 0.266948
0.06355 0.304816
0.0636 0.302038
0.06365 0.359132
0.0637 0.328386
0.06375 0.298844
0.0638 0.336914
0.06385 0.32012
0.0639 0.333983
0.06395 0.401639
0.064 0.391313
0.06405 0.370707
0.0641 0.326959
0.06415 0.369137
0.0642 0.334314
0.06425 0.334132
0.0643 0.363551
0.06435 0.301591
0.0644 0.334873
0.06445 0.314053
0.0645 0.282857
0.06455 0.352365
0.0646 0.27334
0.06465 0.296358
0.0647 0.34533
0.06475 0.351648
0.0648 0.438395
0.06485 0.370881
0.0649 0.34348
0.06495 0.381016
0.065 0.340579
0.06505 0.352129
0.0651 0.375433
0.06515 0.354455
0.0652 0.342564
0.06525 0.363296
0.0653 0.323954
0.06535 0.434942
0.0654 0.314492
0.06545 0.312976
0.0655 0.290481
0.06555 0.358463
0.0656 0.359638
0.06565 0.400236
0.0657 0.375177
0.06575 0.318477
0.0658 0.340668
0.06585 0.378726
0.0659 0.31267
0.06595 0.365264
0.066 0.283236
0.06605 0.306782
0.0661 0.277462
0.06615 0.301036
0.0662 0.308764
0.06625 0.347008
0.0663 0.37605
0.06635 0.353366
0.0664 0.370501
0.06645 0.334475
0.0665 0.382221
0.06655 0.319519
0.0666 0.336656
0.06665 0.305808
0.0667 0.345646
0.06675 0.336142
0.0668 0.348009
0.06685 0.420113
0.0669 0.358479
0.06695 0.365047
0.067 0.395768
0.06705 0.321882
0.0671 0.353928
0.06715 0.345726
0.0672 0.361716
0.06725 0.32794
0.0673 0.334499
0.06735 0.296589
0.0674 0.342233
0.06745 0.350179
0.0675 0.363547
0.06755 0.351257
0.0676 0.33894
0.06765 0.380756
0.0677 0.31291
0.06775 0.330342
0.0678 0.345099
0.06785 0.351741
0.0679 0.361116
0.06795 0.331072
0.068 0.310489
0.06805 0.302119
0.0681 0.367333
0.06815 0.293563
0.0682 0.354766
0.06825 0.38332
0.0683 0.284806
0.06835 0.336556
0.0684 0.272055
0.06845 0.300573
0.0685 0.283911
0.06855 0.360509
0.0686 0.324689
0.06865 0.332759
0.0687 0.353222
0.06875 0.326946
0.0688 0.354316
0.06885 0.387258
0.0689 0.35408
0.06895 0.30703
0.069 0.33169
0.06905 0.343966
0.0691 0.312013
0.06915 0.397631
0.0692 0.339395
0.06925 0.433493
0.0693 0.373838
0.06935 0.42093
0.0694 0.352837
0.06945 0.336027
0.0695 0.356738
0.06955 0.328774
0.0696 0.32861
0.06965 0.345174
0.0697 0.339454
0.06975 0.298822
0.0698 0.347511
0.06985 0.316619
0.0699 0.38499
0.06995 0.348508
0.07 0.288131
0.07005 0.321559
0.0701 0.353656
0.07015 0.335278
0.0702 0.340746
0.07025 0.315294
0.0703 0.308079
0.07035 0.354353
0.0704 0.309141
0.07045 0.334333
0.0705 0.286207
0.07055 0.318463
0.0706 0.379048
0.07065 0.26584
0.0707 0.368887
0.07075 0.292321
0.0708 0.37288
0.07085 0.399726
0.0709 0.310271
0.07095 0.311507
0.071 0.321272
0.07105 0.333902
0.0711 0.353674
0.07115 0.34216
0.0712 0.285022
0.07125 0.331862
0.0713 0.318867
0.07135 0.345829
0.0714 0.368561
0.07145 0.371321
0.0715 0.312554
0.07155 0.325264
0.0716 0.32797
0.07165 0.329248
0.0717 0.343444
0.07175 0.311718
0.0718 0.41213
0.07185 0.333002
0.0719 0.32422
0.07195 0.32694
0.072 0.375778
0.07205 0.351176
0.0721 0.336624
0.07215 0.356698
0.0722 0.345024
0.07225 0.376706
0.0723 0.314399
0.07235 0.372147
0.0724 0.383647
0.07245 0.340071
0.0725 0.352994
0.07255 0.373204
0.0726 0.368755
0.07265 0.358481
0.0727 0.298716
0.07275 0.326188
0.0728 0.328948
0.07285 0.395866
0.0729 0.359333
0.07295 0.340245
0.073 0.297742
0.07305 0.404276
0.0731 0.353025
0.07315 0.371941
0.0732 0.383571
0.07325 0.313129
0.0733 0.270416
0.07335 0.368544
0.0734 0.380202
0.07345 0.321324
0.0735 0.343231
0.07355 0.368127
0.0736 0.35183
0.07365 0.32076
0.0737 0.307327
0.07375 0.370619
0.0738 0.311449
0.07385 0.323103
0.0739 0.359924
0.07395 0.3835
0.074 0.321226
0.07405 0.378868
0.0741 0.269048
0.07415 0.305922
0.0742 0.274561
0.07425 0.347157
0.0743 0.324732
0.07435 0.321606
0.0744 0.316985
0.07445 0.355565
0.0745 0.3152
0.07455 0.289674
0.0746 0.365621
0.07465 0.395407
0.0747 0.332563
0.07475 0.326441
0.0748 0.321804
0.07485 0.33813
0.0749 0.363483
0.07495 0.337887
0.075 0.354268
0.07505 0.307598
0.0751 0.304422
0.07515 0.34636
0.0752 0.337212
0.07525 0.40937
0.0753 0.356591
0.07535 0.354979
0.0754 0.282441
0.07545 0.335089
0.0755 0.480013
0.07555 0.419593
0.0756 0.351488
0.07565 0.413452
0.0757 0.375549
0.07575 0.337571
0.0758 0.325307
0.07585 0.352487
0.0759 0.414658
0.07595 0.324952
0.076 0.308077
0.07605 0.393143
0.0761 0.321508
0.07615 0.31374
0.0762 0.324257
0.07625 0.345477
0.0763 0.319402
0.07635 0.413988
0.0764 0.459832
0.07645 0.345116
0.0765 0.312849
0.07655 0.367843
0.0766 0.358559
0.07665 0.326247
0.0767 0.353737
0.07675 0.356705
0.0768 0.359679
0.07685 0.334975
0.0769 0.350237
0.07695 0.359369
0.077 0.32383
0.07705 0.323688
0.0771 0.288057
0.07715 0.304853
0.0772 0.300052
0.07725 0.35399
0.0773 0.369358
0.07735 0.353796
0.0774 0.369184
0.07745 0.348952
0.0775 0.328681
0.07755 0.302163
0.0776 0.319078
0.07765 0.343796
0.0777 0.374782
0.07775 0.368484
0.0778 0.348161
0.07785 0.335589
0.0779 0.29649
0.07795 0.352476
0.078 0.343008
0.07805 0.353828
0.0781 0.350602
0.07815 0.353626
0.0782 0.361351
0.07825 0.375355
0.0783 0.336108
0.07835 0.314034
0.0784 0.337419
0.07845 0.315319
0.0785 0.36073
0.07855 0.32134
0.0786 0.374682
0.07865 0.31165
0.0787 0.365048
0.07875 0.37442
0.0788 0.386964
0.07885 0.390064
0.0789 0.375801
0.07895 0.268291
0.079 0.340811
0.07905 0.419797
0.0791 0.356463
0.07915 0.323105
0.0792 0.316629
0.07925 0.378339
0.0793 0.330663
0.07935 0.313069
0.0794 0.424151
0.07945 0.368493
0.0795 0.342959
0.07955 0.387425
0.0796 0.282233
0.07965 0.331461
0.0797 0.345692
0.07975 0.35197
0.0798 0.319932
0.07985 0.41887
0.0799 0.343703
0.07995 0.370795
0.08 0.36912
0.08005 0.43793
0.0801 0.308097
0.08015 0.397769
0.0802 0.360814
0.08025 0.333426
0.0803 0.4008
0.08035 0.330012
0.0804 0.307362
0.08045 0.36678
0.0805 0.340926
0.08055 0.350488
0.0806 0.369746
0.08065 0.422934
0.0807 0.284036
0.08075 0.325872
0.0808 0.320893
0.08085 0.396805
0.0809 0.332005
0.08095 0.322165
0.081 0.347969
0.08105 0.304075
0.0811 0.323397
0.08115 0.397971
0.0812 0.350808
0.08125 0.39624
0.0813 0.349017
0.08135 0.331011
0.0814 0.376503
0.08145 0.316129
0.0815 0.374707
0.08155 0.353425
0.0816 0.377828
0.08165 0.35489
0.0817 0.340085
0.08175 0.356337
0.0818 0.423366
0.08185 0.32508
0.0819 0.349539
0.08195 0.306803
0.082 0.354244
0.08205 0.283548
0.0821 0.312946
0.08215 0.334178
0.0822 0.348869
0.08225 0.335605
0.0823 0.379962
0.08235 0.312336
0.0824 0.348474
0.08245 0.312078
0.0825 0.344958
0.08255 0.333294
0.0826 0.33318
0.08265 0.362838
0.0827 0.34621
0.08275 0.3842
0.0828 0.351008
0.08285 0.349258
0.0829 0.340869
0.08295 0.300925
0.083 0.337315
0.08305 0.320587
0.0831 0.322122
0.08315 0.283724
0.0832 0.405097
0.08325 0.335099
0.0833 0.318319
0.08335 0.313185
0.0834 0.31138
0.08345 0.398082
0.0835 0.337892
0.08355 0.35785
0.0836 0.396247
0.08365 0.376123
0.0837 0.372713
0.08375 0.355889
0.0838 0.344066
0.08385 0.374172
0.0839 0.342209
0.08395 0.345469
0.084 0.30671
0.08405 0.39235
0.0841 0.353601
0.08415 0.313099
0.0842 0.30791
0.08425 0.353292
0.0843 0.375137
0.08435 0.339629
0.0844 0.395264
0.08445 0.363118
0.0845 0.395173
0.08455 0.305461
0.0846 0.246064
0.08465 0.396618
0.0847 0.330479
0.08475 0.394815
0.0848 0.391385
0.08485 0.372667
0.0849 0.352217
0.08495 0.370831
0.085 0.338448
0.08505 0.457486
0.0851 0.350235
0.08515 0.367187
0.0852 0.396104
0.08525 0.373892
0.0853 0.384074
0.08535 0.331078
0.0854 0.298497
0.08545 0.359909
0.0855 0.411163
0.08555 0.364923
0.0856 0.31175
0.08565 0.38532
0.0857 0.330394
0.08575 0.386912
0.0858 0.342226
0.08585 0.29918
0.0859 0.335133
0.08595 0.302349
0.086 0.274671
0.08605 0.312381
0.0861 0.301913
0.08615 0.332803
0.0862 0.362022
0.08625 0.282554
0.0863 0.285844
0.08635 0.365172
0.0864 0.318421
0.08645 0.396149
0.0865 0.325146
0.08655 0.347548
0.0866 0.385586
0.08665 0.366468
0.0867 0.293532
0.08675 0.395806
0.0868 0.34019
0.08685 0.359212
0.0869 0.35566
0.08695 0.299902
0.087 0.350249
0.08705 0.318809
0.0871 0.36575
0.08715 0.283716
0.0872 0.309731
0.08725 0.363727
0.0873 0.347936
0.08735 0.335614
0.0874 0.354753
0.08745 0.281175
0.0875 0.31078
0.08755 0.319412
0.0876 0.373637
0.08765 0.413923
0.0877 0.357753
0.08775 0.329583
0.0878 0.354075
0.08785 0.310047
0.0879 0.320473
0.08795 0.401317
0.088 0.362551
0.08805 0.420629
0.0881 0.341292
0.08815 0.344728
0.0882 0.36582
0.08825 0.326904
0.0883 0.287922
0.08835 0.33197
0.0884 0.429163
0.08845 0.384921
0.0885 0.354772
0.08855 0.398996
0.0886 0.338688
0.08865 0.352786
0.0887 0.322533
0.08875 0.361493
0.0888 0.361425
0.08885 0.341799
0.0889 0.341709
0.08895 0.329159
0.089 0.362894
0.08905 0.389558
0.0891 0.334249
0.08915 0.376967
0.0892 0.392982
0.08925 0.342942
0.0893 0.274948
0.08935 0.292664
0.0894 0.423117
0.08945 0.337199
0.0895 0.278002
0.08955 0.335186
0.0896 0.31716
0.08965 0.334984
0.0897 0.297193
0.08975 0.322199
0.0898 0.38139
0.08985 0.372356
0.0899 0.309337
0.08995 0.347013
0.09 0.337926
0.09005 0.364864
0.0901 0.355787
0.09015 0.384579
0.0902 0.344829
0.09025 0.312237
0.0903 0.342836
0.09035 0.328286
0.0904 0.326375
0.09045 0.349801
0.0905 0.351534
0.09055 0.38951
0.0906 0.347777
0.09065 0.293277
0.0907 0.378442
0.09075 0.336628
0.0908 0.338353
0.09085 0.301903
0.0909 0.358162
0.09095 0.396314
0.091 0.354405
0.09105 0.327003
0.0911 0.38706
0.09115 0.365136
0.0912 0.374201
0.09125 0.366847
0.0913 0.37227
0.09135 0.328346
0.0914 0.384945
0.09145 0.346477
0.0915 0.306115
0.09155 0.397591
0.0916 0.377404
0.09165 0.37369
0.0917 0.412175
0.09175 0.333219
0.0918 0.362517
0.09185 0.397377
0.0919 0.320115
0.09195 0.334727
0.092 0.312543
0.09205 0.450577
0.0921 0.332659
0.09215 0.398949
0.0922 0.339887
0.09225 0.367491
0.0923 0.310178
0.09235 0.359956
0.0924 0.324761
0.09245 0.385709
0.0925 0.274613
0.09255 0.387429
0.0926 0.279921
0.09265 0.454047
0.0927 0.38916
0.09275 0.42996
0.0928 0.355692
0.09285 0.320322
0.0929 0.34996
0.09295 0.377786
0.093 0.347966
0.09305 0.362786
0.0931 0.372041
0.09315 0.284383
0.0932 0.304754
0.09325 0.371808
0.0933 0.463241
0.09335 0.345605
0.0934 0.300671
0.09345 0.294935
0.0935 0.343449
0.09355 0.302185
0.0936 0.350759
0.09365 0.375049
0.0937 0.339378
0.09375 0.371186
0.0938 0.419938
0.09385 0.322284
0.0939 0.335335
0.09395 0.346527
0.094 0.34457
0.09405 0.359548
0.0941 0.338773
0.09415 0.325501
0.0942 0.246233
0.09425 0.419563
0.0943 0.33465
0.09435 0.366658
0.0944 0.292933
0.09445 0.343831
0.0945 0.290805
0.09455 0.379595
0.0946 0.360625
0.09465 0.370035
0.0947 0.35293
0.09475 0.392678
0.0948 0.326257
0.09485 0.318569
0.0949 0.343152
0.09495 0.384874
0.095 0.314503
0.09505 0.346729
0.0951 0.377103
0.09515 0.371349
0.0952 0.337011
0.09525 0.342645
0.0953 0.407405
0.09535 0.367327
0.0954 0.380638
0.09545 0.36341
0.0955 0.357621
0.09555 0.336527
0.0956 0.338356
0.09565 0.30765
0.0957 0.407116
0.09575 0.370702
0.0958 0.414745
0.09585 0.328433
0.0959 0.332179
0.09595 0.370491
0.096 0.351233
0.09605 0.358853
0.0961 0.408791
0.09615 0.410707
0.0962 0.354876
0.09625 0.393332
0.0963 0.358622
0.09635 0.375914
0.0964 0.34115
0.09645 0.362302
0.0965 0.371901
0.09655 0.329351
0.0966 0.329261
0.09665 0.360115
0.0967 0.336837
0.09675 0.329011
0.0968 0.299866
0.09685 0.379204
0.0969 0.359776
0.09695 0.353898
0.097 0.313073
0.09705 0.349865
0.0971 0.322595
0.09715 0.299171
0.0972 0.287381
0.09725 0.312547
0.0973 0.337752
0.09735 0.421436
0.0974 0.40585
0.09745 0.38439
0.0975 0.32973
0.09755 0.390154
0.0976 0.399893
0.09765 0.386199
0.0977 0.321654
0.09775 0.40371
0.0978 0.354773
0.09785 0.348837
0.0979 0.319384
0.09795 0.336926
0.098 0.372144
0.09805 0.385834
0.0981 0.40936
0.09815 0.350434
0.0982 0.358228
0.09825 0.324748
0.0983 0.371864
0.09835 0.37182
0.0984 0.277264
0.09845 0.373654
0.0985 0.357844
0.09855 0.357786
0.0986 0.363647
0.09865 0.359647
0.0987 0.379341
0.09875 0.320025
0.0988 0.319929
0.09885 0.339613
0.0989 0.337558
0.09895 0.385
0.099 0.32554
0.09905 0.382928
0.0991 0.376947
0.09915 0.376909
0.0992 0.372901
0.09925 0.321223
0.0993 0.356895
0.09935 0.412501
0.0994 0.402554
0.09945 0.297072
0.0995 0.404468
0.09955 0.350674
0.0996 0.372533
0.09965 0.320647
0.0997 0.392373
0.09975 0.380375
0.0998 0.322428
0.09985 0.364294
0.0999 0.356248
0.09995 0.32019
0.1 0.338105
0.10005 0.380071
0.1001 0.378034
0.10015 0.37399
0.1002 0.355905
0.10025 0.343811
0.1003 0.329692
0.10035 0.373784
0.1004 0.373744
0.10045 0.377724
0.1005 0.317358
0.10055 0.367562
0.1006 0.427906
0.10065 0.39771
0.1007 0.393664
0.10075 0.33518
0.1008 0.389561
0.10085 0.320925
0.1009 0.417745
0.10095 0.375329
0.101 0.429858
0.10105 0.433918
0.1011 0.40157
0.10115 0.48859
0.1012 0.488664
0.10125 0.652844
0.1013 0.572
0.10135 0.807404
0.1014 0.69011
0.10145 0.956312
0.1015 1.10917
0.10155 1.30899
0.1016 1.61482
0.10165 2.12857
0.1017 2.47417
0.10175 3.15621
0.1018 3.76389
0.10185 4.48048
0.1019 5.1349
0.10195 5.8984
0.102 6.72833
0.10205 7.22255
0.1021 7.75629
0.10215 7.70214
0.1022 8.09575
0.10225 7.74724
0.1023 7.40843
0.10235 6.87046
0.1024 6.23539
0.10245 5.45998
0.1025 4.59114
0.10255 4.16014
0.1026 3.35281
0.10265 3.0578
0.1027 2.7459
0.10275 2.4829
0.1028 2.34293
0.10285 1.99489
0.1029 1.96137
0.10295 1.86188
0.103 1.76636
0.10305 1.62946
0.1031 1.48205
0.10315 1.41904
0.1032 1.33736
0.10325 1.3134
0.1033 1.35555
0.10335 1.2985
0.1034 1.4193
0.10345 1.27324
0.1035 1.28437
0.10355 1.17533
0.1036 1.18222
0.10365 1.20157
0.1037 1.21472
0.10375 1.04312
0.1038 1.14128
0.10385 1.13984
0.1039 1.00742
0.10395 1.08489
0.104 1.07299
0.10405 1.034
0.1041 0.947043
0.10415 1.04752
0.1042 0.968837
0.10425 1.05066
0.1043 1.06581
0.10435 1.01417
0.1044 1.1442
0.10445 0.906576
0.1045 1.02617
0.10455 0.976481
0.1046 0.941372
0.10465 0.987878
0.1047 0.940175
0.10475 1.02236
0.1048 1.01448
0.10485 0.989811
0.1049 0.918927
0.10495 0.973941
0.105 0.919781
0.10505 0.987459
0.1051 0.937465
0.10515 0.912647
0.1052 0.976203
0.10525 0.926125
0.1053 0.953934
0.10535 0.851086
0.1054 0.910484
0.10545 1.11345
0.1055 0.957826
0.10555 1.00896
0.1056 0.960855
0.10565 0.870401
0.1057 0.817888
0.10575 0.868984
0.1058 0.88628
0.10585 0.981966
0.1059 0.935814
0.10595 0.855676
0.106 0.883595
0.10605 0.839405
0.1061 0.905548
0.10615 0.846468
0.1062 0.876554
0.10625 0.77487
0.1063 0.902758
0.10635 0.935066
0.1064 0.948258
0.10645 0.884788
0.1065 0.902206
0.10655 0.977212
0.1066 0.905146
0.10665 0.856452
0.1067 0.843984
0.10675 0.895578
0.1068 0.842531
0.10685 0.855687
0.1069 0.896668
0.10695 0.856386
0.107 0.717561
0.10705 0.820587
0.1071 0.893755
0.10715 0.810513
0.1072 0.795794
0.10725 0.854018
0.1073 0.832884
0.10735 0.831052
0.1074 0.77979
0.10745 0.840256
0.1075 0.827672
0.10755 0.823678
0.1076 0.811066
0.10765 0.899674
0.1077 0.93884
0.10775 0.986684
0.1078 0.777911
0.10785 0.791121
0.1079 0.849688
0.10795 0.867296
0.108 0.921665
0.10805 0.785853
0.1081 0.863989
0.10815 0.751801
0.1082 0.697912
0.10825 0.85405
0.1083 0.830543
0.10835 0.778819
0.1084 0.839811
0.10845 0.788047
0.1085 0.827393
0.10855 0.901545
0.1086 0.812824
0.10865 0.839202
0.1087 0.867791
0.10875 0.720163
0.1088 0.850987
0.10885 0.775081
0.1089 0.82981
0.10895 0.851914
0.109 0.906763
0.10905 0.780581
0.1091 0.73063
0.10915 0.741762
0.1092 0.779129
0.10925 0.803431
0.1093 0.792774
0.10935 0.797418
0.1094 0.721075
0.10945 0.784787
0.1095 0.7478
0.10955 0.721722
0.1096 0.882013
0.10965 0.796795
0.1097 0.783895
0.10975 0.834661
0.1098 0.769055
0.10985 0.696765
0.1099 0.798097
0.10995 0.738967
0.11 0.734781
0.11005 0.688751
0.1101 0.812289
0.11015 0.757471
0.1102 0.850313
0.11025 0.722681
0.1103 0.764814
0.11035 0.747388
0.1104 0.760864
0.11045 0.719108
0.1105 0.728148
0.11055 0.883192
0.1106 0.859193
0.11065 0.742173
0.1107 0.762324
0.11075 0.78915
0.1108 0.751719
0.11085 0.778559
0.1109 0.681171
0.11095 0.810091
0.111 0.737074
0.11105 0.775058
0.1111 0.728619
0.11115 0.670997
0.1112 0.806872
0.11125 0.84276
0.1113 0.776254
0.11135 0.72971
0.1114 0.765576
0.11145 0.81487
0.1115 0.817379
0.11155 0.721683
0.1116 0.762071
0.11165 0.793577
0.1117 0.80948
0.11175 0.718076
0.1118 0.81222
0.11185 0.74983
0.1119 0.817218
0.11195 0.797336
0.112 0.763981
0.11205 0.667805
0.1121 0.807015
0.11215 0.730987
0.1122 0.717717
0.11225 0.688707
0.1123 0.700104
0.11235 0.792444
0.1124 0.731975
0.11245 0.729925
0.1125 0.712115
0.11255 0.741573
0.1126 0.633637
0.11265 0.624733
0.1127 0.669937
0.11275 0.697153
0.1128 0.701835
0.11285 0.733619
0.1129 0.68638
0.11295 0.722698
0.113 0.72741
0.11305 0.718556
0.1131 0.739109
0.11315 0.752897
0.1132 0.714608
0.11325 0.701194
0.1133 0.812447
0.11335 0.771891
0.1134 0.701784
0.11345 0.658824
0.1135 0.683937
0.11355 0.659099
0.1136 0.672869
0.11365 0.738959
0.1137 0.707311
0.11375 0.700657
0.1138 0.78052
0.11385 0.73292
0.1139 0.696652
0.11395 0.758376
0.114 0.79509
0.11405 0.793058
0.1141 0.65176
0.11415 0.74096
0.1142 0.734307
0.11425 0.761935
0.1143 0.753007
0.11435 0.689155
0.1144 0.751114
0.11445 0.673464
0.1145 0.724008
0.11455 0.70815
0.1146 0.646411
0.11465 0.612119
0.1147 0.630567
0.11475 0.692663
0.1148 0.690524
0.11485 0.67919
0.1149 0.672439
0.11495 0.617379
0.115 0.665792
0.11505 0.698154
0.1151 0.728255
0.11515 0.627067
0.1152 0.744722
0.11525 0.645766
0.1153 0.696636
0.11535 0.729108
0.1154 0.630009
0.11545 0.715581
0.1155 0.641805
0.11555 0.789885
0.1156 0.644406
0.11565 0.672288
0.1157 0.623811
0.11575 0.686439
0.1158 0.607811
0.11585 0.638027
0.1159 0.619583
0.11595 0.747275
0.116 0.703378
0.11605 0.733728
0.1161 0.703719
0.11615 0.687615
0.1162 0.604065
0.11625 0.566927
0.1163 0.811308
0.11635 0.634636
0.1164 0.709268
0.11645 0.641866
0.1165 0.69792
0.11655 0.68875
0.1166 0.709897
0.11665 0.623707
0.1167 0.665831
0.11675 0.637929
0.1168 0.581947
0.11685 0.598371
0.1169 0.635867
0.11695 0.593851
0.117 0.633716
0.11705 0.633818
0.1171 0.762785
0.11715 0.680957
0.1172 0.699859
0.11725 0.631983
0.1173 0.693105
0.11735 0.620469
0.1174 0.559485
0.11745 0.622973
0.1175 0.604257
0.11755 0.609037
0.1176 0.635
0.11765 0.701014
0.1177 0.632877
0.11775 0.621197
0.1178 0.651928
0.11785 0.725142
0.1179 0.715884
0.11795 0.694814
0.118 0.6808
0.11805 0.683302
0.1181 0.612554
0.11815 0.558264
0.1182 0.674185
0.11825 0.619901
0.1183 0.688632
0.11835 0.582218
0.1184 0.636761
0.11845 0.691373
0.1185 0.61802
0.11855 0.589642
0.1186 0.7131
0.11865 0.658664
0.1187 0.663534
0.11875 0.63277
0.1188 0.587705
0.11885 0.594899
0.1189 0.564038
0.11895 0.668798
0.119 0.578448
0.11905 0.607084
0.1191 0.673884
0.11915 0.62872
0.1192 0.528644
0.11925 0.583532
0.1193 0.590749
0.11935 0.523947
0.1194 0.633847
0.11945 0.516835
0.1195 0.626821
0.11955 0.638873
0.1196 0.727516
0.11965 0.665448
0.1197 0.634437
0.11975 0.634535
0.1198 0.649015
0.11985 0.598767
0.1199 0.519668
0.11995 0.59887
0.12 0.598938
0.12005 0.536554
0.1201 0.637496
0.12015 0.656828
0.1202 0.664159
0.12025 0.584883
0.1203 0.59216
0.12035 0.671686
0.1204 0.707949
0.12045 0.565917
0.1205 0.792591
0.12055 0.619155
0.1206 0.616826
0.12065 0.57587
0.1207 0.578333
0.12075 0.595295
0.1208 0.667869
0.12085 0.566437
0.1209 0.617276
0.12095 0.585898
0.121 0.668268
0.12105 0.661126
0.1211 0.498903
0.12115 0.569183
0.1212 0.6735
0.12125 0.622682
0.1213 0.610633
0.12135 0.615565
0.1214 0.654509
0.12145 0.615741
0.1215 0.550184
0.12155 0.58669
0.1216 0.579447
0.12165 0.620875
0.1217 0.659919
0.12175 0.616187
0.1218 0.577275
0.12185 0.535877
0.1219 0.594427
0.12195 0.587169
0.122 0.638486
0.12205 0.592186
0.1221 0.707067
0.12215 0.560581
0.1222 0.545945
0.12225 0.587549
0.1223 0.59984
0.12235 0.57053
0.1224 0.602409
0.12245 0.626977
0.1225 0.573143
0.12255 0.661459
0.1226 0.543831
0.12265 0.607655
0.1227 0.583177
0.12275 0.588141
0.1228 0.656993
0.12285 0.718555
0.1229 0.679373
0.12295 0.558963
0.123 0.62052
0.12305 0.615678
0.1231 0.603441
0.12315 0.635541
0.1232 0.655355
0.12325 0.527233
0.1233 0.618518
0.12335 0.648214
0.1234 0.616221
0.12345 0.633589
0.1235 0.663333
0.12355 0.680753
0.1236 0.619058
0.12365 0.60182
0.1237 0.587036
0.12375 0.594518
0.1238 0.547515
0.12385 0.577273
0.1239 0.537655
0.12395 0.607109
0.124 0.656799
0.12405 0.547701
0.1241 0.614764
0.12415 0.662036
0.1242 0.60748
0.12425 0.565288
0.1243 0.644908
0.12435 0.647496
0.1244 0.627686
0.12445 0.553072
0.1245 0.550607
0.12455 0.555615
0.1246 0.508276
0.12465 0.588074
0.1247 0.660483
0.12475 0.553267
0.1248 0.560784
0.12485 0.560816
0.1249 0.620824
0.12495 0.553404
0.125 0.580941
0.12505 0.611013
0.1251 0.618594
0.12515 0.58612
0.1252 0.538577
0.12525 0.478447
0.1253 0.533567
0.12535 0.553641
0.1254 0.52105
0.12545 0.56121
0.1255 0.654149
0.12555 0.521119
0.1256 0.571379
0.12565 0.568905
0.1257 0.624273
0.12575 0.566487
0.1258 0.606795
0.12585 0.664777
0.1259 0.581764
0.12595 0.634732
0.126 0.57936
0.12605 0.586972
0.1261 0.594593
0.12615 0.576983
0.1262 0.541677
0.12625 0.614947
0.1263 0.53163
0.12635 0.65551
0.1264 0.529166
0.12645 0.600012
0.1265 0.617791
0.12655 0.445691
0.1266 0.564682
0.12665 0.686348
0.1267 0.559728
0.12675 0.580046
0.1268 0.605462
0.12685 0.498932
0.1269 0.476063
0.12695 0.554767
0.127 0.577662
0.12705 0.547202
0.1271 0.559937
0.12715 0.524351
0.1272 0.671963
0.12725 0.570241
0.1273 0.585561
0.12735 0.575419
0.1274 0.509187
0.12745 0.654527
0.1275 0.611264
0.12755 0.562846
0.1276 0.455652
0.12765 0.550098
0.1277 0.588445
0.12775 0.562937
0.1278 0.606438
0.12785 0.614178
0.1279 0.552834
0.12795 0.621978
0.128 0.58108
0.12805 0.555506
0.1281 0.499146
0.12815 0.573484
0.1282 0.588914
0.12825 0.596664
0.1283 0.524846
0.12835 0.601888
0.1284 0.589105
0.12845 0.576307
0.1285 0.540355
0.12855 0.578949
0.1286 0.55069
0.12865 0.5816
0.1287 0.504396
0.12875 0.53787
0.1288 0.555921
0.12885 0.548213
0.1289 0.574023
0.12895 0.599863
0.129 0.550884
0.12905 0.612874
0.1291 0.553535
0.12915 0.525135
0.1292 0.592347
0.12925 0.605331
0.1293 0.538133
0.12935 0.587317
0.1294 0.538176
0.12945 0.587398
0.1295 0.602994
0.12955 0.553808
0.1296 0.522716
0.12965 0.566814
0.1297 0.561658
0.12975 0.59284
0.1298 0.548745
0.12985 0.582539
0.1299 0.507214
0.12995 0.580002
0.13 0.556637
0.13005 0.546255
0.1301 0.528052
0.13015 0.616592
0.1302 0.554144
0.13025 0.561986
0.1303 0.51509
0.13035 0.499436
0.1304 0.567252
0.13045 0.483766
0.1305 0.57251
0.13055 0.606504
0.1306 0.525565
0.13065 0.509883
0.1307 0.533408
0.13075 0.533416
0.1308 0.556977
0.13085 0.640779
0.1309 0.567537
0.13095 0.596391
0.131 0.536164
0.13105 0.565016
0.1311 0.570294
0.13115 0.562458
0.1312 0.586113
0.13125 0.546771
0.1313 0.552043
0.13135 0.504761
0.1314 0.544182
0.13145 0.583648
0.1315 0.512657
0.13155 0.596873
0.1316 0.560067
0.13165 0.539023
0.1317 0.507415
0.13175 0.531127
0.1318 0.478393
0.13185 0.554861
0.1319 0.628777
0.13195 0.557577
0.132 0.49686
0.13205 0.533828
0.1321 0.541765
0.13215 0.515339
0.1322 0.557653
0.13225 0.533865
0.1323 0.56299
0.13235 0.547132
0.1324 0.525958
0.13245 0.52331
0.1325 0.512706
0.13255 0.507394
0.1326 0.510035
0.13265 0.510025
0.1327 0.57639
0.13275 0.62955
0.1328 0.565862
0.13285 0.520708
0.1329 0.555273
0.13295 0.557957
0.133 0.504763
0.13305 0.550003
0.1331 0.558012
0.13315 0.576686
0.1332 0.542081
0.13325 0.536763
0.1333 0.558109
0.13335 0.494103
0.1334 0.555468
0.13345 0.603552
0.1335 0.472733
0.13355 0.531479
0.1336 0.534158
0.13365 0.515448
0.1337 0.587667
0.13375 0.566307
0.1338 0.518153
0.13385 0.585099
0.1339 0.496738
0.13395 0.488678
0.134 0.520824
0.13405 0.515458
0.1341 0.547648
0.13415 0.518142
0.1342 0.571838
0.13425 0.483236
0.1343 0.555755
0.13435 0.553091
0.1344 0.612271
0.13445 0.588127
0.1345 0.555883
0.13455 0.566675
0.1346 0.507461
0.13465 0.531695
0.1347 0.515531
0.13475 0.639541
0.1348 0.496686
0.13485 0.523646
0.1349 0.556034
0.13495 0.485858
0.135 0.526345
0.13505 0.469605
0.1351 0.583091
0.13515 0.531759
0.1352 0.602095
0.13525 0.596741
0.1353 0.480394
0.13535 0.61847
0.1354 0.580614
0.13545 0.526456
0.1355 0.472238
0.13555 0.537288
0.1356 0.569854
0.13565 0.472184
0.1357 0.575316
0.13575 0.542762
0.1358 0.567229
0.13585 0.510183
0.1359 0.502016
0.13595 0.52648
0.136 0.586344
0.13605 0.53195
0.1361 0.548294
0.13615 0.52652
0.1362 0.512897
0.13625 0.422931
0.1363 0.496486
0.13635 0.507378
0.1364 0.485534
0.13645 0.499156
0.1365 0.510062
0.13655 0.605672
0.1366 0.542873
0.13665 0.507345
0.1367 0.534683
0.13675 0.592147
0.1368 0.529246
0.13685 0.485442
0.1369 0.534716
0.13695 0.512804
0.137 0.455235
0.13705 0.529219
0.1371 0.575854
0.13715 0.47162
0.1372 0.501777
0.13725 0.570411
0.1373 0.589674
0.13735 0.625446
0.1374 0.54305
0.13745 0.598064
0.1375 0.559604
0.13755 0.554126
0.1376 0.515606
0.13765 0.507338
0.1377 0.510081
0.13775 0.532119
0.1378 0.556938
0.13785 0.584542
0.1379 0.510093
0.13795 0.515603
0.138 0.493509
0.13805 0.587395
0.1381 0.496262
0.13815 0.482422
0.1382 0.518337
0.13825 0.465779
0.1383 0.554281
0.13835 0.534927
0.1384 0.515552
0.13845 0.485076
0.1385 0.523842
0.13855 0.454542
0.1386 0.573731
0.13865 0.554349
0.1387 0.557146
0.13875 0.48777
0.1388 0.562723
0.13885 0.526637
0.1389 0.49607
0.13895 0.48493
0.139 0.532179
0.13905 0.509929
0.1391 0.512702
0.13915 0.573942
0.1392 0.523848
0.13925 0.610214
0.1393 0.585193
0.13935 0.540629
0.1394 0.443026
0.13945 0.568518
0.1395 0.535058
0.13955 0.576946
0.1396 0.476436
0.13965 0.596544
0.1397 0.515541
0.13975 0.565863
0.1398 0.495968
0.13985 0.546312
0.1399 0.487549
0.13995 0.546323
0.14 0.423095
0.14005 0.529499
0.1401 0.55473
0.14015 0.467828
0.1402 0.453763
0.14025 0.563147
0.1403 0.532298
0.14035 0.515456
0.1404 0.43118
0.14045 0.610954
0.1405 0.596961
0.14055 0.546397
0.1406 0.453584
0.14065 0.504186
0.1407 0.532322
0.14075 0.442216
0.1408 0.583008
0.14085 0.571778
0.1409 0.49288
0.14095 0.521058
0.141 0.506951
0.14105 0.535159
0.1411 0.554928
0.14115 0.538006
0.1412 0.441966
0.14125 0.492776
0.1413 0.51537
0.14135 0.526676
0.1414 0.608719
0.14145 0.552179
0.1415 0.572016
0.14155 0.555058
0.1416 0.532416
0.14165 0.586268
0.1417 0.540952
0.14175 0.55798
0.1418 0.546656
0.14185 0.523968
0.1419 0.569392
0.14195 0.478544
0.142 0.526809
0.14205 0.521127
0.1421 0.509753
0.14215 0.504055
0.1422 0.475591
0.14225 0.529631
0.1423 0.438531
0.14235 0.569479
0.1424 0.455551
0.14245 0.615103
0.1425 0.543892
0.14255 0.495422
0.1426 0.535344
0.14265 0.45544
0.1427 0.563882
0.14275 0.46395
0.1428 0.53819
0.14285 0.492472
0.1429 0.483873
0.14295 0.535325
0.143 0.460947
0.14305 0.541039
0.1431 0.561092
0.14315 0.503838
0.1432 0.460849
0.14325 0.543919
0.1433 0.500928
0.14335 0.512384
0.1434 0.518114
0.14345 0.54681
0.1435 0.515245
0.14355 0.492263
0.1436 0.552574
0.14365 0.460626
0.1437 0.480707
0.14375 0.472049
0.1438 0.53243
0.14385 0.520924
0.1439 0.483495
0.14395 0.460427
0.144 0.494955
0.14405 0.541047
0.1441 0.509346
0.14415 0.443004
0.1442 0.520843
0.14425 0.526613
0.1443 0.51218
0.14435 0.489068
0.1444 0.491933
0.14445 0.541041
0.1445 0.578636
0.14455 0.526618
0.1446 0.512155
0.14465 0.506359
0.1447 0.460027
0.14475 0.480255
0.1448 0.480225
0.14485 0.471501
0.1449 0.517849
0.14495 0.474345
0.145 0.520727
0.14505 0.578765
0.1451 0.543967
0.14515 0.529461
0.1452 0.46265
0.14525 0.57013
0.1453 0.52365
0.14535 0.55273
0.1454 0.532387
0.14545 0.430543
0.1455 0.436301
0.14555 0.520689
0.1456 0.511948
0.14565 0.517768
0.1457 0.526509
0.14575 0.462359
0.1458 0.511906
0.14585 0.4798
0.1459 0.473932
0.14595 0.535218
0.146 0.485569
0.14605 0.488465
0.1461 0.494287
0.14615 0.500115
0.1462 0.514724
0.14625 0.503014
0.1463 0.520562
0.14635 0.517632
0.1464 0.45319
0.14645 0.502952
0.1465 0.56742
0.14655 0.49415
0.1466 0.4648
0.14665 0.4941
0.1467 0.50582
0.14675 0.426536
0.1468 0.535139
0.14685 0.461697
0.1469 0.53513
0.14695 0.438118
0.147 0.52629
0.14705 0.49393
0.1471 0.461537
0.14715 0.473271
0.1472 0.482072
0.14725 0.52918
0.1473 0.529184
0.14735 0.520344
0.1474 0.561628
0.14745 0.573454
0.1475 0.487909
0.14755 0.496741
0.1476 0.384509
0.14765 0.608919
0.1477 0.478957
0.14775 0.543959
0.1478 0.558758
0.14785 0.508496
0.1479 0.470019
0.14795 0.508463
0.148 0.496609
0.14805 0.508439
0.1481 0.523244
0.14815 0.567704
0.1482 0.523259
0.14825 0.526225
0.1483 0.520293
0.14835 0.549971
0.1484 0.466857
0.14845 0.472759
0.1485 0.496493
0.14855 0.570775
0.1486 0.535131
0.14865 0.487555
0.1487 0.466706
0.14875 0.481548
0.1488 0.410072
0.14885 0.499336
0.1489 0.427824
0.14895 0.47842
0.149 0.540991
0.14905 0.502237
0.1491 0.49924
0.14915 0.475352
0.1492 0.454425
0.14925 0.532015
0.1493 0.570852
0.14935 0.514112
0.1494 0.520084
0.14945 0.508122
0.1495 0.505121
0.14955 0.505109
0.1496 0.502104
0.14965 0.541012
0.1497 0.633869
0.14975 0.514103
0.1498 0.520091
0.14985 0.520089
0.1499 0.529084
0.14995 0.520088
0.15 0.523087
0.15005 0.559111
0.1501 0.51409
0.15015 0.57116
0.1502 0.565182
0.15025 0.517114
0.1503 0.493054
0.15035 0.502058
0.1504 0.538152
0.15045 0.547192
0.1505 0.526131
0.15055 0.459869
0.1506 0.498996
0.15065 0.517064
0.1507 0.471835
0.15075 0.529105
0.1508 0.474803
0.15085 0.514005
0.1509 0.498904
0.15095 0.477748
0.151 0.489802
0.15105 0.541154
0.1511 0.526051
0.15115 0.453477
0.1512 0.471581
0.15125 0.504833
0.1513 0.513902
0.15135 0.465448
0.1514 0.501758
0.15145 0.459324
0.1515 0.450189
0.15155 0.419821
0.1516 0.471314
0.15165 0.483416
0.1517 0.45911
0.15175 0.531932
0.1518 0.534975
0.15185 0.522831
0.1519 0.401271
0.15195 0.483271
0.152 0.504532
0.15205 0.544066
0.1521 0.443661
0.15215 0.489269
0.1522 0.495337
0.15225 0.467905
0.1523 0.486151
0.15235 0.589759
0.1524 0.489186
0.15245 0.492214
0.1525 0.467786
0.15255 0.608142
0.1526 0.513555
0.15265 0.501333
0.1527 0.467714
0.15275 0.449342
0.1528 0.519605
0.15285 0.409515
0.1529 0.513447
0.15295 0.485901
0.153 0.507304
0.15305 0.418496
0.1531 0.46131
0.15315 0.547062
0.1532 0.485778
0.15325 0.510282
0.1533 0.476537
0.15335 0.442759
0.1534 0.574674
0.15345 0.473398
0.1535 0.513289
0.15355 0.436483
0.1536 0.504033
0.15365 0.491725
0.1537 0.479405
0.15375 0.528593
0.1538 0.531674
0.15385 0.510134
0.1539 0.519363
0.15395 0.516281
0.154 0.516277
0.15405 0.479289
0.1541 0.491593
0.15415 0.445313
0.1542 0.522388
0.15425 0.457582
0.1543 0.513106
0.15435 0.52854
0.1544 0.528544
0.15445 0.377138
0.1545 0.525412
0.15455 0.593438
0.1546 0.519252
0.15465 0.525438
0.1547 0.584245
0.15475 0.506885
0.1548 0.513069
0.15485 0.503769
0.1549 0.469668
0.15495 0.500634
0.155 0.540933
0.15505 0.475803
0.1551 0.509906
0.15515 0.56577
0.1552 0.500593
0.15525 0.513003
0.1553 0.497462
0.15535 0.457042
0.1554 0.556488
0.15545 0.48809
0.1555 0.506734
0.15555 0.466268
0.1556 0.416424
0.15565 0.478636
0.1557 0.475493
0.15575 0.565827
0.1558 0.494164
0.15585 0.459848
0.1559 0.456689
0.15595 0.472247
0.156 0.522151
0.15605 0.503419
0.1561 0.478423
0.15615 0.434659
0.1562 0.425228
0.15625 0.487686
0.1563 0.440759
0.15635 0.487627
0.1564 0.456315
0.15645 0.459403
0.1565 0.562686
0.15655 0.459356
0.1566 0.424853
0.15665 0.540749
0.1567 0.543896
0.15675 0.503142
0.1568 0.415294
0.15685 0.468572
0.1569 0.543874
0.15695 0.449688
0.157 0.559577
0.15705 0.468483
0.1571 0.471592
0.15715 0.474704
0.1572 0.414919
0.15725 0.524961
0.1573 0.424259
0.15735 0.433641
0.1574 0.465075
0.15745 0.468189
0.1575 0.433494
0.15755 0.524846
0.1576 0.446023
0.15765 0.486977
0.1577 0.44594
0.15775 0.48692
0.1578 0.550038
0.15785 0.521634
0.1579 0.537429
0.15795 0.461599
0.158 0.474205
0.15805 0.486823
0.1581 0.407726
0.15815 0.470934
0.1582 0.499387
0.15825 0.467713
0.1583 0.527852
0.15835 0.45816
0.1584 0.511993
0.15845 0.572217
0.1585 0.499316
0.15855 0.518334
0.1586 0.492948
0.15865 0.483408
0.1587 0.499259
0.15875 0.461133
0.1588 0.473803
0.15885 0.502375
0.1589 0.470573
0.15895 0.565941
0.159 0.502349
0.15905 0.470517
0.1591 0.381361
0.15915 0.559577
0.1592 0.492716
0.15925 0.489512
0.1593 0.495866
0.15935 0.444842
0.1594 0.441605
0.15945 0.460695
0.1595 0.435129
0.15955 0.486147
0.1596 0.431844
0.15965 0.48928
0.1597 0.447725
0.15975 0.454071
0.1598 0.501984
0.15985 0.495576
0.1599 0.425182
0.15995 0.511522
0.16 0.49231
0.16005 0.56914
0.1601 0.425035
0.16015 0.431383
0.1602 0.408892
0.16025 0.53065
0.1603 0.508207
0.16035 0.495367
0.1604 0.456843
0.16045 0.472853
0.1605 0.453557
0.16055 0.504907
0.1606 0.482406
0.16065 0.434172
0.1607 0.450193
0.16075 0.424421
0.1608 0.443663
0.16085 0.479013
0.1609 0.482206
0.16095 0.498282
0.161 0.524036
0.16105 0.459598
0.1611 0.388654
0.16115 0.514308
0.1612 0.443354
0.16125 0.427176
0.1613 0.452934
0.16135 0.365736
0.1614 0.536777
0.16145 0.549707
0.1615 0.510953
0.16155 0.443075
0.1616 0.468891
0.16165 0.442987
0.1617 0.452644
0.16175 0.449366
0.1618 0.449322
0.16185 0.455754
0.1619 0.455714
0.16195 0.426514
0.162 0.423215
0.16205 0.497721
0.1621 0.530137
0.16215 0.494459
0.1622 0.484708
0.16225 0.510654
0.1623 0.461943
0.16235 0.478147
0.1624 0.500864
0.16245 0.442352
0.1625 0.4293
0.16255 0.543064
0.1626 0.500789
0.16265 0.471491
0.1627 0.445421
0.16275 0.471423
0.1628 0.468136
0.16285 0.44204
0.1629 0.533244
0.16295 0.497392
0.163 0.494117
0.16305 0.510411
0.1631 0.556087
0.16315 0.464717
0.1632 0.471213
0.16325 0.399331
0.1633 0.490733
0.16335 0.415551
0.1634 0.43837
0.16345 0.47102
0.1635 0.43828
0.16355 0.444774
0.1636 0.402179
0.16365 0.503601
0.1637 0.451191
0.16375 0.434769
0.1638 0.516642
0.16385 0.457636
0.1639 0.506783
0.16395 0.451015
0.164 0.437849
0.16405 0.496875
0.1641 0.470597
0.16415 0.460715
0.1642 0.490244
0.16425 0.496798
0.1643 0.417896
0.16435 0.50661
0.1644 0.394776
0.16445 0.41444
0.1645 0.46045
0.16455 0.411034
0.1646 0.572325
0.16465 0.470243
0.1647 0.506458
0.16475 0.470194
0.1648 0.506431
0.16485 0.430569
0.1649 0.476701
0.16495 0.486575
0.165 0.423836
0.16505 0.453496
0.1651 0.463365
0.16515 0.473243
0.1652 0.5294
0.16525 0.367412
0.1653 0.469837
0.16535 0.456575
0.1654 0.496245
0.16545 0.492921
0.1655 0.492905
0.16555 0.532633
0.1656 0.436564
0.16565 0.453084
0.1657 0.462989
0.16575 0.416531
0.1658 0.469541
0.16585 0.562415
0.1659 0.423043
0.16595 0.525905
0.166 0.482736
0.16605 0.386376
0.1661 0.432818
0.16615 0.459358
0.1662 0.472622
0.16625 0.406074
0.1663 0.472546
0.16635 0.509126
0.1664 0.412579
0.16645 0.482445
0.1665 0.402479
0.16655 0.499037
0.1666 0.462362
0.16665 0.40565
0.1667 0.462277
0.16675 0.532299
0.1668 0.545655
0.16685 0.495601
0.1669 0.425468
0.16695 0.435432
0.167 0.425359
0.16705 0.508853
0.1671 0.421929
0.16715 0.448623
0.1672 0.435201
0.16725 0.495379
0.1673 0.451854
0.16735 0.52547
0.1674 0.458494
0.16745 0.435008
0.1675 0.455064
0.16755 0.501954
0.1676 0.414766
0.16765 0.475076
0.1677 0.532085
0.16775 0.407921
0.1678 0.474995
0.16785 0.508549
0.1679 0.454799
0.16795 0.431241
0.168 0.437911
0.16805 0.481569
0.1681 0.481547
0.16815 0.515165
0.1682 0.427673
0.16825 0.491573
0.1683 0.471355
0.16835 0.461223
0.1684 0.454451
0.16845 0.451043
0.1685 0.50831
0.16855 0.498188
0.1686 0.396986
0.16865 0.454272
0.1687 0.440734
0.16875 0.423808
0.1688 0.477784
0.16885 0.423712
0.1689 0.372971
0.16895 0.416825
0.169 0.382955
0.16905 0.491099
0.1691 0.389593
0.16915 0.453813
0.1692 0.48424
0.16925 0.524852
0.1693 0.474051
0.16935 0.538397
0.1694 0.46724
0.16945 0.48077
0.1695 0.412928
0.16955 0.477314
0.1696 0.487469
0.16965 0.511209
0.1697 0.409355
0.16975 0.473815
0.1698 0.497568
0.16985 0.487362
0.1699 0.460152
0.16995 0.453318
0.17 0.490691
0.17005 0.480469
0.1701 0.425999
0.17015 0.511045
0.1702 0.500826
0.17025 0.470162
0.1703 0.534867
0.17035 0.422413
0.1704 0.415539
0.17045 0.422299
0.1705 0.408599
0.17055 0.487011
0.1706 0.418733
0.17065 0.463057
0.1707 0.490345
0.17075 0.449337
0.1708 0.459548
0.17085 0.527874
0.1709 0.415053
0.17095 0.469713
0.171 0.541526
0.17105 0.4731
0.1711 0.500458
0.17115 0.466208
0.1712 0.469603
0.17125 0.438741
0.1713 0.486673
0.17135 0.490083
0.1714 0.421487
0.17145 0.400851
0.1715 0.541454
0.17155 0.47626
0.1716 0.459071
0.17165 0.493377
0.1717 0.469318
0.17175 0.472726
0.1718 0.493322
0.17185 0.503622
0.1719 0.486419
0.17195 0.482961
0.172 0.496705
0.17205 0.482925
0.1721 0.376172
0.17215 0.420862
0.1722 0.489706
0.17225 0.406986
0.1723 0.472415
0.17235 0.403429
0.1724 0.355077
0.17245 0.472283
0.1725 0.444649
0.17255 0.430799
0.1726 0.468732
0.17265 0.43071
0.1727 0.496305
0.17275 0.409893
0.1728 0.4686
0.17285 0.447824
0.1729 0.46162
0.17295 0.471968
0.173 0.451176
0.17305 0.40267
0.1731 0.433771
0.17315 0.426795
0.1732 0.433673
0.17325 0.381635
0.1733 0.381557
0.17335 0.447371
0.1734 0.471614
0.17345 0.464648
0.1735 0.464618
0.17355 0.457644
0.1736 0.464556
0.17365 0.509688
0.1737 0.547909
0.17375 0.520119
0.1738 0.492305
0.17385 0.447077
0.1739 0.453995
0.17395 0.394799
0.174 0.439982
0.17405 0.485204
0.1741 0.432941
0.17415 0.523477
0.1742 0.464236
0.17425 0.429346
0.1743 0.429296
0.17435 0.471102
0.1744 0.478054
0.17445 0.457092
0.1745 0.366292
0.17455 0.456998
0.1746 0.470936
0.17465 0.456934
0.1747 0.488355
0.17475 0.425411
0.1748 0.460329
0.17485 0.477787
0.1749 0.49526
0.17495 0.484748
0.175 0.435716
0.17505 0.512714
0.1751 0.386604
0.17515 0.446098
0.1752 0.484613
0.17525 0.484595
0.1753 0.505619
0.17535 0.424929
0.1754 0.463476
0.17545 0.389736
0.1755 0.452862
0.17555 0.421218
0.1756 0.477372
0.17565 0.431668
0.1757 0.44568
0.17575 0.46322
0.1758 0.431537
0.17585 0.466669
0.1759 0.466641
0.17595 0.477173
0.176 0.368
0.17605 0.565148
0.1761 0.480624
0.17615 0.438316
0.1762 0.462947
0.17625 0.558119
0.1763 0.494657
0.17635 0.427613
0.1764 0.47344
0.17645 0.480476
0.1765 0.544014
0.17655 0.466326
0.1766 0.4451
0.17665 0.540478
0.1767 0.402627
0.17675 0.505107
0.1768 0.437898
0.17685 0.437854
0.1769 0.420115
0.17695 0.416521
0.177 0.409383
0.17705 0.476621
0.1771 0.391567
0.17715 0.363145
0.1772 0.444594
0.17725 0.543842
0.1773 0.437448
0.17735 0.380636
0.1774 0.526069
0.17745 0.490575
0.1775 0.501214
0.17755 0.447926
0.1776 0.423017
0.17765 0.526031
0.1777 0.451382
0.17775 0.440678
0.1778 0.369496
0.17785 0.486828
0.1779 0.465458
0.17795 0.34439
0.178 0.43688
0.17805 0.415464
0.1781 0.497357
0.17815 0.465271
0.1782 0.422463
0.17825 0.415279
0.1783 0.493697
0.17835 0.468709
0.1784 0.425855
0.17845 0.425805
0.1785 0.368619
0.17855 0.436405
0.1786 0.432788
0.17865 0.500648
0.1787 0.468465
0.17875 0.464863
0.1788 0.407603
0.17885 0.411121
0.1789 0.49338
0.17895 0.468308
0.179 0.518416
0.17905 0.421704
0.1791 0.557806
0.17915 0.43239
0.1792 0.457439
0.17925 0.493267
0.1793 0.371297
0.17935 0.478857
0.1794 0.414235
0.17945 0.446489
0.1795 0.460815
0.17955 0.471561
0.1796 0.428421
0.17965 0.449937
0.1797 0.421141
0.17975 0.510989
0.1798 0.47142
0.17985 0.460602
0.1799 0.424582
0.17995 0.406532
0.18 0.420876
0.18005 0.424426
0.1801 0.38114
0.18015 0.463958
0.1802 0.445905
0.18025 0.442261
0.1803 0.514361
0.18035 0.424161
0.1804 0.449374
0.18045 0.427678
0.1805 0.452907
0.18055 0.449261
0.1806 0.449225
0.18065 0.467259
0.1807 0.416623
0.18075 0.459961
0.1808 0.467165
0.18085 0.492465
0.1809 0.456263
0.18095 0.420031
0.181 0.419979
0.18105 0.419927
0.1811 0.434367
0.18115 0.477811
0.1812 0.459666
0.18125 0.397994
0.1813 0.401557
0.18135 0.477683
0.1814 0.401454
0.18145 0.375982
0.1815 0.466681
0.18155 0.423071
0.1816 0.455718
0.18165 0.492026
0.1817 0.473839
0.18175 0.390189
0.1818 0.444676
0.18185 0.411896
0.1819 0.324504
0.18195 0.43724
0.182 0.448121
0.18205 0.411665
0.1821 0.43711
0.18215 0.422492
0.1822 0.447957
0.18225 0.469797
0.1823 0.382245
0.18235 0.411357
0.1824 0.440493
0.18245 0.403953
0.1825 0.480564
0.18255 0.370986
0.1826 0.546252
0.18265 0.414726
0.1827 0.458532
0.18275 0.440222
0.1828 0.465781
0.18285 0.407227
0.1829 0.432782
0.18295 0.451038
0.183 0.429038
0.18305 0.472936
0.1831 0.428958
0.18315 0.469216
0.1832 0.403222
0.18325 0.403162
0.1833 0.535114
0.18335 0.41775
0.1834 0.487409
0.18345 0.494735
0.1835 0.483712
0.18355 0.391896
0.1836 0.535077
0.18365 0.457935
0.1837 0.384405
0.18375 0.347575
0.1838 0.417348
0.18385 0.498212
0.1839 0.450377
0.18395 0.420903
0.184 0.424534
0.18405 0.420804
0.1841 0.450218
0.18415 0.472288
0.1842 0.391196
0.18425 0.505396
0.1843 0.424278
0.18435 0.457422
0.1844 0.424191
0.18445 0.457353
0.1845 0.427795
0.18455 0.394521
0.1846 0.412922
0.18465 0.471972
0.1847 0.475645
0.18475 0.405401
0.1848 0.427525
0.18485 0.468157
0.1849 0.423745
0.18495 0.405197
0.185 0.434747
0.18505 0.453215
0.1851 0.430965
0.18515 0.430921
0.1852 0.419762
0.18525 0.445654
0.1853 0.441911
0.18535 0.397377
0.1854 0.375061
0.18545 0.415797
0.1855 0.460277
0.18555 0.419417
0.1856 0.397089
0.18565 0.411883
0.1857 0.396969
0.18575 0.389475
0.1858 0.489768
0.18585 0.441422
0.1859 0.441384
0.18595 0.378106
0.186 0.467338
0.18605 0.433816
0.1861 0.392821
0.18615 0.385309
0.1862 0.496991
0.18625 0.515613
0.1863 0.49698
0.18635 0.411228
0.1864 0.396258
0.18645 0.385006
0.1865 0.46702
0.18655 0.459532
0.1866 0.399776
0.18665 0.511736
0.1867 0.354866
0.18675 0.429502
0.1868 0.429458
0.18685 0.519126
0.1869 0.425655
0.18695 0.410649
0.187 0.477933
0.18705 0.365655
0.1871 0.388035
0.18715 0.440385
0.1872 0.432857
0.18725 0.417831
0.1873 0.421528
0.18735 0.42148
0.1874 0.387691
0.18745 0.368875
0.1875 0.398807
0.18755 0.481291
0.1876 0.406215
0.18765 0.436191
0.1877 0.447416
0.18775 0.40231
0.1878 0.387224
0.18785 0.417222
0.1879 0.439726
0.18795 0.409608
0.188 0.443403
0.18805 0.428319
0.1881 0.420749
0.18815 0.495981
0.1882 0.454558
0.18825 0.458294
0.1883 0.375392
0.18835 0.409232
0.1884 0.409178
0.18845 0.465674
0.1885 0.443024
0.18855 0.431672
0.1886 0.424084
0.18865 0.45423
0.1887 0.405125
0.18875 0.427725
0.1888 0.522106
0.18885 0.416328
0.1889 0.431394
0.18895 0.480492
0.189 0.404856
0.18905 0.465312
0.1891 0.412326
0.18915 0.472818
0.1892 0.461443
0.18925 0.518207
0.1893 0.446258
0.18935 0.450012
0.1894 0.518182
0.18945 0.400696
0.1895 0.499204
0.18955 0.544702
0.1896 0.396793
0.18965 0.457437
0.1897 0.430844
0.18975 0.40423
0.1898 0.461129
0.18985 0.358557
0.1899 0.445854
0.18995 0.51042
0.19 0.403992
0.19005 0.44956
0.1901 0.457134
0.19015 0.472322
0.1902 0.441862
0.19025 0.415184
0.1903 0.468432
0.19035 0.437946
0.1904 0.422672
0.19045 0.441676
0.1905 0.369231
0.19055 0.380593
0.1906 0.395777
0.19065 0.430043
0.1907 0.414741
0.19075 0.445219
0.1908 0.418466
0.19085 0.460416
0.1909 0.502399
0.19095 0.422175
0.191 0.403024
0.19105 0.479408
0.1911 0.402932
0.19115 0.42582
0.1912 0.391351
0.19125 0.383637
0.1913 0.475419
0.19135 0.402669
0.1914 0.398784
0.19145 0.521286
0.1915 0.402531
0.19155 0.429299
0.1916 0.429257
0.19165 0.402377
0.1917 0.433001
0.19175 0.406109
0.1918 0.475121
0.19185 0.467427
0.1919 0.417498
0.19195 0.37137
0.192 0.394344
0.19205 0.401968
0.1921 0.409598
0.19215 0.390326
0.1922 0.421024
0.19225 0.386364
0.1923 0.436311
0.19235 0.363161
0.1924 0.413122
0.19245 0.424622
0.1925 0.439982
0.19255 0.424538
0.1926 0.489995
0.19265 0.439883
0.1927 0.416717
0.19275 0.381965
0.1928 0.405041
0.19285 0.408845
0.1929 0.428088
0.19295 0.458926
0.193 0.428012
0.19305 0.373902
0.1931 0.458818
0.19315 0.396968
0.1932 0.393045
0.19325 0.466439
0.1933 0.396811
0.19335 0.454773
0.1934 0.427662
0.19345 0.34635
0.1935 0.443041
0.19355 0.458495
0.1936 0.365517
0.19365 0.454545
0.1937 0.454517
0.19375 0.411853
0.1938 0.33814
0.19385 0.466026
0.1939 0.431093
0.19395 0.396133
0.194 0.427123
0.19405 0.450373
0.1941 0.423162
0.19415 0.450306
0.1942 0.407541
0.19425 0.399717
0.1943 0.42687
0.19435 0.407388
0.1944 0.368446
0.19445 0.403384
0.1945 0.461695
0.19455 0.438319
0.1946 0.453855
0.19465 0.442145
0.1947 0.368106
0.19475 0.395306
0.1948 0.461497
0.19485 0.352329
0.1949 0.42633
0.19495 0.359988
0.195 0.359912
0.19505 0.371542
0.1951 0.390987
0.19515 0.515855
0.1952 0.457284
0.19525 0.383044
0.1953 0.363445
0.19535 0.449347
0.1954 0.441499
0.19545 0.425825
0.1955 0.464893
0.19555 0.453135
0.1956 0.45702
0.19565 0.421768
0.1957 0.374744
0.19575 0.394256
0.1958 0.409866
0.19585 0.429406
0.1959 0.370581
0.19595 0.343071
0.196 0.421407
0.19605 0.460583
0.1961 0.440944
0.19615 0.397746
0.1962 0.38984
0.19625 0.362298
0.1963 0.381859
0.19635 0.362155
0.1964 0.338507
0.19645 0.448461
0.1965 0.401259
0.19655 0.346157
0.1966 0.416869
0.19665 0.464031
0.1967 0.475814
0.19675 0.389206
0.1968 0.471823
0.19685 0.408797
0.1969 0.452076
0.19695 0.420528
0.197 0.412602
0.19705 0.416496
0.1971 0.41645
0.19715 0.408516
0.1972 0.404521
0.19725 0.388685
0.1973 0.420201
0.19735 0.396469
0.1974 0.48724
0.19745 0.43983
0.1975 0.392384
0.19755 0.404182
0.1976 0.447613
0.19765 0.447583
0.1977 0.411958
0.19775 0.368394
0.1978 0.447464
0.19785 0.439518
0.1979 0.391976
0.19795 0.419638
0.198 0.48297
0.19805 0.375984
0.1981 0.419511
0.19815 0.411539
0.1982 0.403561
0.19825 0.363849
0.1983 0.383612
0.19835 0.339902
0.1984 0.359663
0.19845 0.442959
0.1985 0.395275
0.19855 0.454799
0.1986 0.446827
0.19865 0.355395
0.1987 0.363269
0.19875 0.466573
0.1988 0.414852
0.19885 0.379004
0.1989 0.402814
0.19895 0.434602
0.199 0.422623
0.19905 0.414617
0.1991 0.418554
0.19915 0.366718
0.1992 0.410483
0.19925 0.422393
0.1993 0.414377
0.19935 0.386415
0.1994 0.418267
0.19945 0.482063
0.1995 0.362321
0.19955 0.434105
0.1996 0.390146
0.19965 0.434022
0.1997 0.461951
0.19975 0.350041
0.1998 0.421909
0.19985 0.441857
0.1999 0.50181
