0.025295 -0.0250000004 0.0336341492 0.00968214894 synchronous_release_1
0.023411 -0.0250000004 0.0127291146 -0.0326032152 synchronous_release_0
0.025879 -0.0250000004 -0.000931520434 -0.000363688988 synchronous_release_0
0.035954 -0.0250000004 0.0218706553 0.0273253442 synchronous_release_1
0.025869 -0.0250000004 0.0334431596 -0.0103225519 synchronous_release_0
0.040145 -0.0250000004 0.0349894356 -0.000859882038 synchronous_release_0
0.02597 -0.0250000004 0.0337631573 0.00922221265 synchronous_release_0
0.042568 -0.0250000004 0.0248682491 -0.0246286456 synchronous_release_0
0.029308 -0.0250000004 0.00096001357 -0.00027995347 synchronous_release_0
0.034353 -0.0250000004 -0.000968897848 -0.000247461028 synchronous_release_0
0.042958 -0.0250000004 0.00866113597 -0.0339114247 synchronous_release_1
0.02826 -0.0250000004 0.0267987858 -0.022512776 synchronous_release_0
0.028385 -0.0250000004 0.0157505267 -0.031255734 synchronous_release_0
0.042647 -0.0250000004 -0.0181737533 -0.0299117818 synchronous_release_0
0.029136 -0.0250000004 0.0349912396 -0.000783041094 synchronous_release_1
0.03848 -0.0250000004 0.0343037371 0.00694648253 synchronous_release_0
0.027232 -0.0250000004 0.0347896479 -0.00383150089 synchronous_release_0
0.046669 -0.0250000004 0.034014207 0.00824825581 synchronous_release_0
0.044308 -0.0250000004 -0.00986390442 -0.0335812952 synchronous_release_2
0.0222 -0.0250000004 0.016820743 0.0306930384 synchronous_release_1
0.047223 -0.0250000004 0.0251873271 0.0243022336 synchronous_release_0
0.043193 -0.0250000004 -0.0336400152 0.0096617483 synchronous_release_1
0.00414 -0.0250000004 -0.0265908257 0.0227580313 synchronous_release_0
0.037784 -0.0250000004 0.0265908257 -0.0227580313 synchronous_release_0
0.029486 -0.0250000004 -0.0130707552 -0.0324677588 synchronous_release_0
0.003983 -0.0250000004 0.0260874466 0.023333348 synchronous_release_0
0.032125 -0.0250000004 -0.000312163356 -0.000950028441 synchronous_release_0
0.041639 -0.0250000004 0.0332509954 -0.0109257174 synchronous_release_0
0.030144 -0.0250000004 0.0340018537 -0.00829903283 synchronous_release_0
0.04837 -0.0250000004 -0.00981375359 0.0335959855 synchronous_release_0
0.041298 -0.0250000004 0.0309555045 0.0163326893 synchronous_release_1
0.036643 -0.0250000004 -0.000528501458 -0.000848932394 synchronous_release_0
0.028462 -0.0250000004 -0.0257199445 0.0237378275 synchronous_release_0
0.023067 -0.0250000004 0.0334175339 0.0104052116 synchronous_release_1
0.02518 -0.0250000004 0.0299611535 -0.0180922437 synchronous_release_0
0.037801 -0.0250000004 0.000687765878 0.0349932419 synchronous_release_0
0.029031 -0.0250000004 0.0291102593 0.0194317472 synchronous_release_0
0.043093 -0.0250000004 0.00227325709 -0.0349260977 synchronous_release_0
0.02402 -0.0250000004 0.0284676887 -0.0203615005 synchronous_release_0
0.023115 -0.0250000004 -0.0132446553 0.0323972083 synchronous_release_0
0.032265 -0.0250000004 -0.000135097034 -0.000990832373 synchronous_release_1
0.03161 -0.0250000004 0.00656681734 0.0343784367 synchronous_release_0
0.036772 -0.0250000004 0.0264891909 -0.022876249 synchronous_release_0
0.044573 -0.0250000004 0.0330560082 0.0115021877 synchronous_release_0
0.032833 -0.0250000004 0.000982241049 -0.000187623353 synchronous_release_1
0.032653 -0.0250000004 -0.0229226692 0.0264490309 synchronous_release_0
0.04545 -0.0250000004 0.000189345667 -0.000981910494 synchronous_release_0
0.041545 -0.0250000004 0.0343668673 0.00662709836 synchronous_release_1
0.043172 -0.0250000004 0.0348542005 -0.0031913492 synchronous_release_1
0.025352 -0.0250000004 0.0349922312 -0.000737398083 synchronous_release_0
0.029626 -0.0250000004 2.10685167e-05 0.000999778034 synchronous_release_1
0.028386 -0.0250000004 0.0108585052 0.033273005 synchronous_release_0
0.03766 -0.0250000004 0.034166497 0.00759279153 synchronous_release_1
0.027108 -0.0250000004 0.035 -7.79094395e-07 synchronous_release_0
0.045897 -0.0250000004 0.0175006747 0.0303104996 synchronous_release_0
0.048912 -0.0250000004 -0.0174993253 0.0303112787 synchronous_release_0
0.011333 -0.0250000004 -0.00085011564 0.000526596049 synchronous_release_0
0.023864 -0.0250000004 0.000613959658 -0.000789337405 synchronous_release_1
0.037428 -0.0250000004 0.0324230677 -0.0131812246 synchronous_release_2
0.023261 -0.0250000004 0.0343615041 0.00665485054 synchronous_release_0
0.032229 -0.0250000004 0.0229440217 -0.0264305102 synchronous_release_1
0.026107 -0.0250000004 0.0104599748 0.033400433 synchronous_release_0
0.023952 -0.0250000004 0.0347957012 -0.00377613311 synchronous_release_1
0.034316 -0.0250000004 0.0315253151 -0.0152037662 synchronous_release_0
0.031372 -0.0250000004 0.0314242931 -0.0154114829 synchronous_release_1
0.036005 -0.0250000004 0.0201346491 -0.0286285855 synchronous_release_0
0.047219 -0.0250000004 -8.92235675e-05 0.000996011624 synchronous_release_0
0.025923 -0.0250000004 0.0348604068 0.00312282486 synchronous_release_1
0.029704 -0.0250000004 -0.000578053075 -0.000815999168 synchronous_release_0
0.023515 -0.0250000004 0.0159947495 0.031131463 synchronous_release_0
0.028152 -0.0250000004 -0.0189632631 0.0294175909 synchronous_release_0
0.034325 -0.0250000004 0.0258714443 0.0235726191 synchronous_release_0
0.041546 -0.0250000004 0.0222006424 0.0270579282 synchronous_release_0
0.023703 -0.0250000004 0.0344588974 0.00613061083 synchronous_release_0
0.034385 -0.0250000004 0.011920184 0.032907586 synchronous_release_0
0.047777 -0.0250000004 0.0349978441 0.000388465948 synchronous_release_0
0.023523 -0.0250000004 0.00444915848 0.0347160624 synchronous_release_0
0.027706 -0.0250000004 0.0330906223 -0.0114022241 synchronous_release_0
0.035834 -0.0250000004 0.0264199269 0.0229562075 synchronous_release_1
0.026405 -0.0250000004 0.0284458784 0.0203919592 synchronous_release_0
0.029678 -0.0250000004 0.0183161427 0.0298248037 synchronous_release_1
0.01136 -0.0250000004 0.0267470775 -0.0225741854 synchronous_release_0
0.02389 -0.0250000004 0.0341614569 -0.00761543567 synchronous_release_0
0.0434 -0.0250000004 -0.0349993888 -0.000206843224 synchronous_release_0
0.030571 -0.0250000004 0.0206600068 0.0282517985 synchronous_release_0
0.039421 -0.0250000004 0.0141367718 -0.03201799 synchronous_release_0
0.023737 -0.0250000004 0.0286988157 -0.0200344198 synchronous_release_0
0.037899 -0.0250000004 0.0330077679 -0.0116398995 synchronous_release_1
0.02964 -0.0250000004 0.00402877764 0.0347673547 synchronous_release_0
0.029784 -0.0250000004 0.0080004232 -0.0340733507 synchronous_release_0
0.024874 -0.0250000004 0.000181295627 -0.000983428643 synchronous_release_0
0.028367 -0.0250000004 0.019568476 0.0290185242 synchronous_release_0
0.032059 -0.0250000004 -0.0349150171 0.00243753524 synchronous_release_0
0.046528 -0.0250000004 -6.9643864e-05 -0.000997571918 synchronous_release_0
0.023719 -0.0250000004 0.0191754208 -0.029279741 synchronous_release_2
0.024636 -0.0250000004 0.0178277968 -0.0301192573 synchronous_release_0
0.028307 -0.0250000004 -0.000985141852 -0.000171742629 synchronous_release_0
0.03821 -0.0250000004 0.0268550295 0.0224456542 synchronous_release_0
0.039547 -0.0250000004 0.0327444048 0.0123613897 synchronous_release_0
0.045034 -0.0250000004 0.0270774799 -0.0221767915 synchronous_release_1
0.012567 -0.0250000004 0.0346954536 0.00460711402 synchronous_release_1
0.031127 -0.0250000004 0.0335995923 0.00980139784 synchronous_release_0
0.035106 -0.0250000004 0.00831153661 0.0339987994 synchronous_release_2
0.023687 -0.0250000004 -0.000999634259 2.70434451e-05 synchronous_release_0
0.025479 -0.0250000004 0.0298265429 -0.0183133104 synchronous_release_0
0.013166 -0.0250000004 0.00378489392 0.0347947493 synchronous_release_0
0.031562 -0.0250000004 0.0320255838 0.0141195604 synchronous_release_0
0.019953 -0.0250000004 -0.00378489392 -0.0347947493 synchronous_release_1
0.036016 -0.0250000004 -0.0320255838 -0.0141195604 synchronous_release_1
0.043221 -0.0250000004 -0.0282406898 0.0206751889 synchronous_release_1
0.038218 -0.0250000004 0.0155239866 -0.0313688674 synchronous_release_0
0.011109 -0.0250000004 0.0349995395 0.000179543448 synchronous_release_0
0.026097 -0.0250000004 0.000862757734 -0.000505617536 synchronous_release_0
0.043792 -0.0250000004 0.016898207 -0.0306504584 synchronous_release_0
0.037033 -0.0250000004 0.0349931791 -0.000690952644 synchronous_release_1
0.023481 -0.0250000004 0.0325825081 -0.0127820251 synchronous_release_0
0.032744 -0.0250000004 0.000623607633 -0.000781737501 synchronous_release_0
0.046363 -0.0250000004 0.0273608125 0.0218262672 synchronous_release_1
0.044816 -0.0250000004 0.0280239578 0.0209680182 synchronous_release_1
0.027715 -0.0250000004 0.0214131528 -0.027685319 synchronous_release_1
0.028132 -0.0250000004 0.0345739879 -0.00544420457 synchronous_release_2
0.02368 -0.0250000004 0.0271851055 0.0220447281 synchronous_release_0
0.04032 -0.0250000004 -0.00549874182 0.034565356 synchronous_release_0
0.047461 -0.0250000004 0.00549874182 -0.034565356 synchronous_release_1
0.027162 -0.0250000004 0.0281537042 0.0207934832 synchronous_release_0
0.035595 -0.0250000004 0.000399573755 0.000916701049 synchronous_release_0
0.033861 -0.0250000004 -0.0205394722 -0.0283395498 synchronous_release_0
0.02646 -0.0250000004 0.014273034 -0.0319574796 synchronous_release_1
0.031531 -0.0250000004 0.0209586809 0.0280309417 synchronous_release_0
0.04226 -0.0250000004 0.0172876472 0.0304325032 synchronous_release_0
0.032202 -0.0250000004 0.00950822384 0.0336837302 synchronous_release_0
0.044944 -0.0250000004 0.0251376339 0.0243536314 synchronous_release_0
0.04914 -0.0250000004 0.00852204651 -0.0339466452 synchronous_release_1
0.035208 -0.0250000004 0.0340850943 -0.00795024212 synchronous_release_1
0.03143 -0.0250000004 0.0581253246 -0.0172176258 synchronous_release_0
0.026958 -0.0250000004 0.000228536714 0.000973535295 synchronous_release_0
0.032523 -0.0250000004 -0.0174308299 0.0303507194 synchronous_release_0
0.023663 -0.0250000004 -0.0218899313 -0.027309905 synchronous_release_0
0.039669 -0.0250000004 0.0218899313 0.027309905 synchronous_release_0
0.022942 -0.0250000004 0.0250031407 -0.0244916915 synchronous_release_0
0.048761 -0.0250000004 0.0087088567 0.0338992008 synchronous_release_0
0.027444 -0.0250000004 0.0340396596 0.00814257794 synchronous_release_0
0.027249 -0.0250000004 0.0336828795 0.009511237 synchronous_release_0
0.046552 -0.0250000004 -0.0349160743 0.0024223446 synchronous_release_1
0.031572 -0.0250000004 0.0427436095 0.0429881826 synchronous_release_1
0.047378 -0.0250000004 0.00877827813 0.0338812903 synchronous_release_1
0.026667 -0.0250000004 -0.000106368073 0.000994326824 synchronous_release_0
0.041717 -0.0250000004 0.0320699344 0.0140185345 synchronous_release_1
0.023392 -0.0250000004 -0.00747783451 0.034191841 synchronous_release_0
0.044895 -0.0250000004 0.0258720857 0.0235719152 synchronous_release_0
0.047502 -0.0250000004 -0.0258720857 -0.0235719152 synchronous_release_0
0.027185 -0.0250000004 -0.000376335149 -0.000926483597 synchronous_release_0
0.036585 -0.0250000004 0.0276205159 0.0214966765 synchronous_release_0
0.023275 -0.0250000004 0.0176462081 -0.0302260044 synchronous_release_0
0.048585 -0.0250000004 0.0305525786 0.0170745408 synchronous_release_0
0.00313 -0.0250000004 -0.0219851452 0.027233314 synchronous_release_0
0.023339 -0.0250000004 0.0345773143 0.00542303727 synchronous_release_0
0.011144 -0.0250000004 0.000818473164 -0.000574544758 synchronous_release_0
0.048061 -0.0250000004 -0.0301404907 0.0177918751 synchronous_release_0
0.042389 -0.0250000004 0.0264414652 -0.0229313959 synchronous_release_1
0.023895 -0.0250000004 0.0120998237 0.0328419589 synchronous_release_0
0.005624 -0.0250000004 0.0331627596 -0.0111906826 synchronous_release_0
0.043311 -0.0250000004 0.0210128022 -0.0279903938 synchronous_release_1
0.046189 -0.0250000004 0.0347467932 0.00420242365 synchronous_release_2
0.026786 -0.0250000004 -0.0337894257 0.00912549796 synchronous_release_0
0.007467 -0.0250000004 -0.000418363019 0.0349974995 synchronous_release_0
0.030108 -0.0250000004 0.0305179052 -0.0171364368 synchronous_release_0
0.025794 -0.0250000004 0.000824023212 -0.00056655604 synchronous_release_0
0.034491 -0.0250000004 -0.0150621455 0.0315932235 synchronous_release_0
0.03571 -0.0250000004 0.0348372245 0.00337161533 synchronous_release_0
0.040751 -0.0250000004 0.000691057909 -0.000722799396 synchronous_release_0
0.027244 -0.0250000004 0.017244094 0.0304572031 synchronous_release_1
0.034664 -0.0250000004 0.000969248371 -0.00024608453 synchronous_release_0
0.042962 -0.0250000004 -0.000874731826 -0.000484607297 synchronous_release_0
0.034333 -0.0250000004 -0.0349945271 0.000618928887 synchronous_release_1
0.044207 -0.0250000004 0.0169612554 -0.0306156139 synchronous_release_1
0.02404 -0.0250000004 0.0248618223 -0.0246351333 synchronous_release_0
0.023304 -0.0250000004 0.0342798228 0.00706355076 synchronous_release_0
0.040244 -0.0250000004 0.0349883313 0.000903700556 synchronous_release_0
0.049771 -0.0250000004 0.000571178153 -0.000820826119 synchronous_release_1
0.03609 -0.0250000004 -0.00572804052 0.034528098 synchronous_release_1
0.045715 -0.0250000004 0.0298539089 -0.0182686651 synchronous_release_0
0.036461 -0.0250000004 0.00241373495 0.0349166706 synchronous_release_0
0.028544 -0.0250000004 0.0245629445 -0.0249331457 synchronous_release_0
0.036774 -0.0250000004 0.0275666446 -0.0215657159 synchronous_release_0
0.024236 -0.0250000004 0.031117805 0.0160213049 synchronous_release_0
0.034935 -0.0250000004 0.00168404542 0.0349594621 synchronous_release_1
0.024538 -0.0250000004 0.016154948 0.0310486337 synchronous_release_0
0.047391 -0.0250000004 -0.016154948 -0.0310486337 synchronous_release_0
0.048248 -0.0250000004 0.0188114315 -0.0295149122 synchronous_release_0
0.019602 -0.0250000004 0.0103401263 0.03343773 synchronous_release_0
0.026137 -0.0250000004 0.0237878605 -0.0256736771 synchronous_release_0
0.01386 -0.0250000004 0.0109036133 -0.0332582504 synchronous_release_0
0.044681 -0.0250000004 -0.000205323402 -0.000978694181 synchronous_release_1
0.026662 -0.0250000004 -0.0344601134 -0.0061237723 synchronous_release_0
0.035709 -0.0250000004 0.0190938988 -0.0293329683 synchronous_release_0
0.031889 -0.0250000004 0.0349500451 0.00186931723 synchronous_release_1
0.026206 -0.0250000004 0.0251730498 0.0243170221 synchronous_release_0
0.025834 -0.0250000004 0.0329922623 0.0116837764 synchronous_release_0
0.046621 -0.0250000004 0.00404782465 -0.0347651422 synchronous_release_0
0.04416 -0.0250000004 -0.028083584 -0.0208880901 synchronous_release_1
0.029956 -0.0250000004 -0.0265405467 -0.022816647 synchronous_release_0
0.039173 -0.0250000004 0.0330300693 -0.0115764641 synchronous_release_1
0.024999 -0.0250000004 0.00333240995 -0.0348409966 synchronous_release_0
0.03725 -0.0250000004 0.0285069832 0.02030645 synchronous_release_0
0.047047 -0.0250000004 -0.000558309722 0.000829632602 synchronous_release_1
0.038219 -0.0250000004 0.0223886555 -0.0269025669 synchronous_release_0
0.015359 -0.0250000004 0.034671679 -0.00478274731 synchronous_release_0
0.041577 -0.0250000004 -0.000516631464 -0.000856207878 synchronous_release_0
0.023816 -0.0250000004 0.00898230416 -0.0338277728 synchronous_release_0
0.045057 -0.0250000004 0.0337868627 -0.00913498281 synchronous_release_1
0.040608 -0.0250000004 -0.0278930084 0.0211419035 synchronous_release_0
0.037693 -0.0250000004 0.00436292133 0.0347270056 synchronous_release_1
0.048728 -0.0250000004 0.0322559297 0.0135851021 synchronous_release_1
0.045698 -0.0250000004 0.0306025857 -0.0169847505 synchronous_release_0
0.026946 -0.0250000004 0.0189468104 0.0294281901 synchronous_release_1
0.03497 -0.0250000004 0.0349056528 0.00256815168 synchronous_release_0
0.019592 -0.0250000004 0.000735740366 -0.000677263696 synchronous_release_0
0.026984 -0.0250000004 0.01044883 -0.0334039212 synchronous_release_0
0.030407 -0.0250000004 0.0340435516 0.00812629016 synchronous_release_0
0.039663 -0.0250000004 -0.0240593495 0.0254194355 synchronous_release_0
0.026649 -0.0250000004 0.0240593495 -0.0254194355 synchronous_release_1
0.048239 -0.0250000004 -0.000232179719 0.000972672904 synchronous_release_1
0.005964 -0.0250000004 0.0074352977 -0.0342011162 synchronous_release_0
0.030702 -0.0250000004 -0.0214096033 -0.027688064 synchronous_release_0
0.047379 -0.0250000004 -0.0132737652 0.0323852923 synchronous_release_0
0.03428 -0.0250000004 0.0214096033 0.027688064 synchronous_release_1
0.030696 -0.0250000004 0.0337443137 -0.00929092533 synchronous_release_0
0.036363 -0.0250000004 0.0249183342 0.0245779702 synchronous_release_1
0.02743 -0.0250000004 0.0214366756 -0.0276671094 synchronous_release_0
0.028946 -0.0250000004 0.034885438 0.00282952536 synchronous_release_0
0.04428 -0.0250000004 0.0149922782 0.0316264382 synchronous_release_0
0.031889 -0.0250000004 0.0286075913 0.0201644667 synchronous_release_0
0.025594 -0.0250000004 0.0313529921 0.0155560241 synchronous_release_0
0.034325 -0.0250000004 0.00220458401 0.0349304997 synchronous_release_0
0.033237 -0.0250000004 0.0303951618 -0.017353217 synchronous_release_1
0.023239 -0.0250000004 0.0338458991 0.00891375972 synchronous_release_0
0.029678 -0.0250000004 -0.0246424919 0.0248545286 synchronous_release_0
0.030781 -0.0250000004 -0.00148488218 -0.0349684876 synchronous_release_0
0.040659 -0.0250000004 0.0310260397 0.0161982981 synchronous_release_0
0.035888 -0.0250000004 0.0295411575 -0.0187701895 synchronous_release_1
0.045786 -0.0250000004 0.0275224447 0.021622096 synchronous_release_0
0.047447 -0.0250000004 -0.00496406205 0.0346461843 synchronous_release_0
0.030398 -0.0250000004 0.0324865068 -0.0130240883 synchronous_release_1
0.025482 -0.0250000004 0.0302347157 -0.0176312781 synchronous_release_0
0.037712 -0.0250000004 0.000999990597 -4.33648237e-06 synchronous_release_0
0.038458 -0.0250000004 0.0303864926 0.0173683928 synchronous_release_0
0.039209 -0.0250000004 0.0195241348 -0.0290483762 synchronous_release_0
0.042145 -0.0250000004 -0.000999360161 3.57668508e-05 synchronous_release_0
0.027358 -0.0250000004 0.000850410263 0.000526120124 synchronous_release_0
0.03703 -0.0250000004 -0.016569589 -0.0308293483 synchronous_release_1
0.025894 -0.0250000004 0.0345174472 -0.00579187715 synchronous_release_0
0.045815 -0.0250000004 0.00890108986 -0.0338492334 synchronous_release_0
0.025153 -0.0250000004 0.0337648409 -0.00921604674 synchronous_release_2
0.036109 -0.0250000004 -0.000966316304 0.0349866579 synchronous_release_0
0.026112 -0.0250000004 -0.0105479796 0.0333727453 synchronous_release_0
0.030345 -0.0250000004 0.0105479796 -0.0333727453 synchronous_release_0
0.023242 -0.0250000004 0.0327683832 0.0122976852 synchronous_release_0
0.02768 -0.0250000004 -0.00297009284 -0.0348737516 synchronous_release_0
0.036017 -0.0250000004 0.034918435 0.00238807324 synchronous_release_0
0.025432 -0.0250000004 0.0292542646 -0.0192142656 synchronous_release_1
0.040148 -0.0250000004 0.014591367 -0.0318133935 synchronous_release_0
0.047824 -0.0250000004 -0.0202555235 -0.0285431913 synchronous_release_0
0.040711 -0.0250000004 0.0193183763 -0.0291856187 synchronous_release_0
0.048401 -0.0250000004 -0.000894943256 0.000446179974 synchronous_release_0
0.04384 -0.0250000004 0.0349346753 0.00213739525 synchronous_release_2
0.035432 -0.0250000004 0.000543851759 -0.000839181306 synchronous_release_0
0.025046 -0.0250000004 0.00118428214 -0.0349799582 synchronous_release_0
0.007889 -0.0250000004 0.0296466705 -0.0186030892 synchronous_release_0
0.005355 -0.0250000004 -0.0171748317 0.0304963138 synchronous_release_0
0.043266 -0.0250000004 0.0178231666 0.0301219975 synchronous_release_0
0.047187 -0.0250000004 0.0266044966 -0.0227420483 synchronous_release_0
0.023823 -0.0250000004 0.0335677979 -0.00990973998 synchronous_release_0
0.043445 -0.0250000004 0.00820181237 -0.0340254357 synchronous_release_0
0.041394 -0.0250000004 0.0349488655 0.00189124221 synchronous_release_0
0.045322 -0.0250000004 0.015836569 0.0312122265 synchronous_release_0
0.021039 -0.0250000004 0.0167023737 -0.0307576123 synchronous_release_0
0.048638 -0.0250000004 -0.0150135968 -0.0316163235 synchronous_release_0
0.027959 -0.0250000004 0.0348873377 0.00280600555 synchronous_release_1
0.022892 -0.0250000004 0.0195727351 0.0290156516 synchronous_release_0
0.035943 -0.0250000004 0.034914659 -0.00244266002 synchronous_release_1
0.038685 -0.0250000004 0.0153419239 -0.0314583117 synchronous_release_1
0.019416 -0.0250000004 -0.021087135 -0.0279344364 synchronous_release_0
0.030154 -0.0250000004 0.0122430473 0.0327888364 synchronous_release_0
0.035255 -0.0250000004 -0.000279358145 0.000960186975 synchronous_release_1
0.008029 -0.0250000004 0.0302642277 -0.0175805723 synchronous_release_0
0.035445 -0.0250000004 0.0316116465 0.0150234418 synchronous_release_1
0.048992 -0.0250000004 0.0288165055 -0.019864768 synchronous_release_1
0.023596 -0.0250000004 0.0181960735 -0.0298982091 synchronous_release_0
0.023454 -0.0250000004 0.0279418032 -0.0210773726 synchronous_release_0
0.024403 -0.0250000004 0.0477391469 -0.0373627335 synchronous_release_1
0.024628 -0.0250000004 -0.0318000215 -0.0146204868 synchronous_release_0
0.0266 -0.0250000004 0.0318000215 0.0146204868 synchronous_release_0
0.023904 -0.0250000004 0.0345497315 -0.00559607476 synchronous_release_0
0.035699 -0.0250000004 -0.0221212087 -0.0271229078 synchronous_release_0
0.040797 -0.0250000004 0.032981266 -0.0117147809 synchronous_release_0
0.024676 -0.0250000004 0.0349833604 0.00107911706 synchronous_release_2
0.048357 -0.0250000004 0.0323376106 -0.0133895085 synchronous_release_0
0.036009 -0.0250000004 0.0193263848 -0.0291803161 synchronous_release_0
0.042759 -0.0250000004 0.015182364 -0.0315356279 synchronous_release_1
0.023901 -0.0250000004 0.0225385951 -0.0267770747 synchronous_release_0
0.026026 -0.0250000004 -0.000904957248 -0.000425502502 synchronous_release_0
0.035109 -0.0250000004 0.019983765 0.028734111 synchronous_release_0
0.028391 -0.0250000004 -0.000688111454 -0.000725605007 synchronous_release_1
0.020244 -0.0250000004 0.0348702743 -0.00301064281 synchronous_release_0
0.030267 -0.0250000004 0.0335743405 0.00988755066 synchronous_release_0
0.045986 -0.0250000004 0.00822430022 0.0340200071 synchronous_release_0
0.010328 -0.0250000004 0.0326839276 -0.0125204184 synchronous_release_0
0.02399 -0.0250000004 0.0271849642 0.0220449024 synchronous_release_0
0.026938 -0.0250000004 -0.00549896341 0.0345653208 synchronous_release_0
0.011744 -0.0250000004 0.029246016 -0.0192268185 synchronous_release_0
0.025372 -0.0250000004 0.000886626004 0.000462487112 synchronous_release_1
0.049757 -0.0250000004 0.0466752157 -0.0386836431 synchronous_release_1
0.047235 -0.0250000004 0.0303023727 -0.0175147426 synchronous_release_0
0.028884 -0.0250000004 0.0297607399 -0.0184200533 synchronous_release_0
0.049715 -0.0250000004 -0.0297607399 0.0184200533 synchronous_release_0
0.04501 -0.0250000004 -0.000526287236 -0.000850306854 synchronous_release_1
0.038465 -0.0250000004 -0.0349307506 -0.00220060467 synchronous_release_0
0.045067 -0.0250000004 0.0277727687 -0.0212996084 synchronous_release_0
0.025131 -0.0250000004 2.23281068e-05 -0.000999750697 synchronous_release_1
0.032037 -0.0250000004 0.0347191025 -0.00442537236 synchronous_release_0
0.024064 -0.0250000004 0.0209841787 -0.028011859 synchronous_release_0
0.023771 -0.0250000004 0.0317890197 -0.0146443923 synchronous_release_0
0.027033 -0.0250000004 0.00321209407 -0.0348522948 synchronous_release_0
0.049162 -0.0250000004 -0.000577368641 0.000816483589 synchronous_release_0
0.02611 -0.0250000004 0.0348745889 -0.0029602448 synchronous_release_0
0.037737 -0.0250000004 0.0348025167 -0.00371279331 synchronous_release_0
0.027005 -0.0250000004 0.0341949414 0.00746364398 synchronous_release_0
0.025829 -0.0250000004 0.023561176 -0.025881866 synchronous_release_1
0.041824 -0.0250000004 0.0106337654 0.0333455099 synchronous_release_2
0.042509 -0.0250000004 0.0342046679 -0.00741894144 synchronous_release_0
0.028793 -0.0250000004 0.0325366704 -0.0128982589 synchronous_release_0
0.033279 -0.0250000004 0.00319238538 0.0348541056 synchronous_release_0
0.00778 -0.0250000004 0.0078777952 -0.0341019111 synchronous_release_0
0.031173 -0.0250000004 -0.0250070345 -0.0244877158 synchronous_release_0
0.042593 -0.0250000004 0.0337105012 -0.00941286929 synchronous_release_1
0.027724 -0.0250000004 0.0222397845 0.0270257652 synchronous_release_0
0.023535 -0.0250000004 0.0345248915 -0.00574733575 synchronous_release_1
0.029518 -0.0250000004 0.0217049246 -0.0274571712 synchronous_release_0
0.049054 -0.0250000004 0.03463107 0.00506843052 synchronous_release_0
0.046141 -0.0250000004 0.0349779237 -0.00124292131 synchronous_release_1
0.027981 -0.0250000004 0.0120890311 -0.0328459332 synchronous_release_0
0.034067 -0.0250000004 0.0296832857 -0.0185446097 synchronous_release_0
0.023453 -0.0250000004 0.0349953753 -0.000568951867 synchronous_release_0
0.029187 -0.0250000004 -0.0349953753 0.000568951867 synchronous_release_1
0.042288 -0.0250000004 0.000373353486 0.000927689159 synchronous_release_0
0.034415 -0.0250000004 -0.00491788417 0.0346527692 synchronous_release_1
0.034575 -0.0250000004 0.0304930447 -0.0171806352 synchronous_release_0
0.028771 -0.0250000004 -0.00523534291 -0.0346062304 synchronous_release_0
0.025949 -0.0250000004 0.026246734 0.0231540268 synchronous_release_0
0.004323 -0.0250000004 0.000130779162 0.0349997557 synchronous_release_0
0.045721 -0.0250000004 -0.0128837356 -0.0325424239 synchronous_release_1
0.025922 -0.0250000004 -0.0280815762 0.0208907893 synchronous_release_0
0.028277 -0.0250000004 0.0321327423 0.0138739637 synchronous_release_0
0.026712 -0.0250000004 0.00738955945 0.0342110276 synchronous_release_0
0.036991 -0.0250000004 -0.000305884789 0.000952068535 synchronous_release_0
0.011132 -0.0250000004 0.0317883739 -0.014645794 synchronous_release_0
0.022725 -0.0250000004 0.0285778167 0.0202066423 synchronous_release_0
0.027795 -0.0250000004 0.0281663016 -0.0207764159 synchronous_release_0
0.043245 -0.0250000004 0.0320760547 0.0140045248 synchronous_release_0
0.028817 -0.0250000004 0.0155635718 0.0313492461 synchronous_release_0
0.048338 -0.0250000004 0.0349310294 0.00219617451 synchronous_release_1
0.031811 -0.0250000004 0.034026322 -0.00819813464 synchronous_release_0
0.040403 -0.0250000004 0.0301770233 0.0177298411 synchronous_release_0
0.046804 -0.0250000004 0.000962053695 0.000272860198 synchronous_release_1
0.031165 -0.0250000004 -0.0210471285 0.0279645916 synchronous_release_0
0.037583 -0.0250000004 0.034741611 0.00424505215 synchronous_release_0
0.030853 -0.0250000004 -0.0102468815 -0.0334664223 synchronous_release_0
0.049328 -0.0250000004 0.0341062126 0.00785915143 synchronous_release_0
0.02339 -0.0250000004 0.0274592172 -0.0217023361 synchronous_release_0
0.044996 -0.0250000004 -0.0303174124 -0.0174886966 synchronous_release_0
0.022933 -0.0250000004 -0.00752923121 -0.0341805599 synchronous_release_0
0.024363 -0.0250000004 0.0258366176 -0.0236107855 synchronous_release_1
0.024729 -0.0250000004 0.000500029017 -0.00086600865 synchronous_release_0
0.033383 -0.0250000004 0.0303103028 0.0175010156 synchronous_release_0
0.035801 -0.0250000004 0.0303114755 -0.0174989844 synchronous_release_0
0.047009 -0.0250000004 0.0346821407 -0.00470628479 synchronous_release_0
0.037604 -0.0250000004 -0.000211456903 -0.0349993612 synchronous_release_0
0.047054 -0.0250000004 0.0302046075 -0.0176828077 synchronous_release_0
0.027325 -0.0250000004 0.0349995989 -0.000167571296 synchronous_release_0
0.023351 -0.0250000004 0.0223164102 0.0269625265 synchronous_release_0
0.035683 -0.0250000004 -0.034508438 0.00584531485 synchronous_release_0
0.040953 -0.0250000004 -0.0223164102 -0.0269625265 synchronous_release_1
0.04267 -0.0250000004 0.000959422717 0.000281971717 synchronous_release_0
0.026939 -0.0250000004 0.0340154607 -0.00824308409 synchronous_release_1
0.045932 -0.0250000004 0.0207319735 0.0281990297 synchronous_release_0
0.029858 -0.0250000004 0.034790441 -0.00382429284 synchronous_release_0
0.019385 -0.0250000004 0.0172605868 0.0304478594 synchronous_release_0
0.02622 -0.0250000004 0.0349989131 0.0002758231 synchronous_release_0
0.034339 -0.0250000004 0.0199767894 -0.0287389611 synchronous_release_0
0.026537 -0.0250000004 0.0149002756 0.0316698877 synchronous_release_1
0.029107 -0.0250000004 0.0203936187 0.0284446888 synchronous_release_0
0.02992 -0.0250000004 0.0343942241 0.00648362179 synchronous_release_0
0.036814 -0.0250000004 0.0228120932 -0.0265444609 synchronous_release_0
0.044464 -0.0250000004 0.000185246337 -0.000982692116 synchronous_release_2
0.008265 -0.0250000004 0.0316369784 -0.0149700234 synchronous_release_0
0.036677 -0.0250000004 0.00175737932 -0.0349558524 synchronous_release_0
0.007258 -0.0250000004 0.031993901 0.0141912051 synchronous_release_0
0.043567 -0.0250000004 -0.000801926057 0.000597423299 synchronous_release_0
0.046606 -0.0250000004 0.0309254272 -0.0163895684 synchronous_release_1
0.026074 -0.0250000004 0.0293698679 0.0190370917 synchronous_release_0
0.038661 -0.0250000004 0.031171539 -0.0159165058 synchronous_release_1
0.027456 -0.0250000004 0.00064220066 -0.00076653657 synchronous_release_0
0.024297 -0.0250000004 0.0329261404 0.0118688365 synchronous_release_0
0.02974 -0.0250000004 0.0267417841 -0.0225804558 synchronous_release_0
0.042953 -0.0250000004 -0.000645155879 -0.000764050975 synchronous_release_1
0.021761 -0.0250000004 0.0349889553 -0.000879209791 synchronous_release_0
0.02248 -0.0250000004 0.0182558956 0.0298617192 synchronous_release_0
0.038163 -0.0250000004 0.0167330596 -0.030740929 synchronous_release_0
0.032839 -0.0250000004 0.000878312257 0.000478087418 synchronous_release_1
0.044608 -0.0250000004 0.00152283603 0.0606026482 synchronous_release_1
0.029424 -0.0250000004 0.0314485821 0.0153618581 synchronous_release_0
0.023248 -0.0250000004 0.0267193989 0.0226069397 synchronous_release_0
0.029471 -0.0250000004 0.0311277584 0.0160019579 synchronous_release_0
0.039847 -0.0250000004 0.00170577713 0.0349584085 synchronous_release_1
0.026557 -0.0250000004 0.0258634652 -0.0235813734 synchronous_release_0
0.030408 -0.0250000004 0.033353801 0.0106077312 synchronous_release_0
0.038632 -0.0250000004 -0.033353801 -0.0106077312 synchronous_release_0
0.025291 -0.0250000004 0.0156110579 -0.0313256264 synchronous_release_0
0.041329 -0.0250000004 5.10320629e-05 0.000998697015 synchronous_release_1
0.007898 -0.0250000004 0.0260543704 -0.0233702756 synchronous_release_0
0.041757 -0.0250000004 -0.000494818459 -0.000868996371 synchronous_release_1
0.024927 -0.0250000004 -0.0174463965 -0.030341774 synchronous_release_0
0.026128 -0.0250000004 -0.000920731846 -0.000390195935 synchronous_release_0
0.039331 -0.0250000004 0.0229892412 -0.0263911877 synchronous_release_0
0.018576 -0.0250000004 0.0329386261 -0.0118341417 synchronous_release_1
0.031258 -0.0250000004 0.0267179804 0.0226086161 synchronous_release_1
0.023188 -0.0250000004 0.0313661761 0.0155294237 synchronous_release_0
0.040899 -0.0250000004 0.0291319634 -0.0193991934 synchronous_release_0
0.027419 -0.0250000004 -0.0349991065 0.000250089452 synchronous_release_0
0.029014 -0.0250000004 2.49729612e-05 -0.000999688127 synchronous_release_0
0.027113 -0.0250000004 -0.00134078624 0.0699871581 synchronous_release_0
0.049464 -0.0250000004 -0.0183832187 0.0297835067 synchronous_release_0
0.029635 -0.0250000004 -0.00277992601 0.0348894255 synchronous_release_1
0.037967 -0.0250000004 0.0348342171 0.00340254617 synchronous_release_0
0.0381 -0.0250000004 0.0271431862 0.0220963219 synchronous_release_0
0.011004 -0.0250000004 0.000680899568 0.0349933762 synchronous_release_0
0.029497 -0.0250000004 -0.000516753269 -0.00085613437 synchronous_release_0
0.031773 -0.0250000004 0.0065421416 -0.034383141 synchronous_release_0
0.042687 -0.0250000004 0.0349734607 -0.00136273584 synchronous_release_0
0.028798 -0.0250000004 -0.0186668942 -0.0296065375 synchronous_release_1
0.040484 -0.0250000004 -0.0308097845 0.016605938 synchronous_release_0
0.026365 -0.0250000004 0.0349140245 -0.00245171284 synchronous_release_0
0.039245 -0.0250000004 0.000267839727 -0.000963463482 synchronous_release_0
0.02995 -0.0250000004 -0.0184195848 0.0297610298 synchronous_release_0
0.03301 -0.0250000004 0.0349836003 0.00107131342 synchronous_release_0
0.028069 -0.0250000004 0.0339089057 -0.00867099264 synchronous_release_0
0.043496 -0.0250000004 0.0293340666 -0.0190922115 synchronous_release_1
0.031208 -0.0250000004 0.0187747614 -0.029538252 synchronous_release_0
0.03632 -0.0250000004 0.0104123432 -0.0334153125 synchronous_release_0
0.031521 -0.0250000004 0.0331144761 0.011332761 synchronous_release_0
0.026285 -0.0250000004 0.0292145894 -0.0192745367 synchronous_release_0
0.033507 -0.0250000004 0.0218409965 -0.0273490562 synchronous_release_0
0.049205 -0.0250000004 0.0289160015 -0.053280999 synchronous_release_0
0.018404 -0.0250000004 0.0339702789 -0.00842734537 synchronous_release_0
0.009749 -0.0250000004 0.00588825509 -0.034501137 synchronous_release_0
0.042469 -0.0250000004 -0.0349595474 -0.00168227432 synchronous_release_0
0.025066 -0.0250000004 0.0341669115 -0.00759092618 synchronous_release_0
0.035977 -0.0250000004 0.0273362423 0.0218570322 synchronous_release_0
0.033468 -0.0250000004 0.0282496238 0.0206629803 synchronous_release_0
0.030004 -0.0250000004 0.00773970548 0.0341335167 synchronous_release_0
0.03277 -0.0250000004 0.0334303453 0.0103639768 synchronous_release_1
0.032725 -0.0250000004 0.0322153142 -0.0136811378 synchronous_release_0
0.038698 -0.0250000004 0.0302397882 0.0176225768 synchronous_release_0
0.023215 -0.0250000004 0.0284179881 -0.0204308088 synchronous_release_0
0.026163 -0.0250000004 0.0319025935 0.0143952952 synchronous_release_1
0.025445 -0.0250000004 0.0349379737 -0.00208278487 synchronous_release_0
0.023245 -0.0250000004 0.0194281598 0.0291126537 synchronous_release_0
0.042102 -0.0250000004 -0.000896617337 -0.000442806224 synchronous_release_1
0.031761 -0.0250000004 0.0273980338 0.0217795258 synchronous_release_0
0.025391 -0.0250000004 0.0338587045 -0.00886499448 synchronous_release_0
0.046117 -0.0250000004 -0.00925204184 0.0337549955 synchronous_release_0
0.011906 -0.0250000004 0.013339093 -0.0323584393 synchronous_release_1
0.023952 -0.0250000004 0.0288529467 -0.0198118012 synchronous_release_0
0.033051 -0.0250000004 0.0337686814 0.00920196473 synchronous_release_1
0.019662 -0.0250000004 0.0255938519 0.023873725 synchronous_release_0
0.03635 -0.0250000004 -0.0255938519 -0.023873725 synchronous_release_0
0.049178 -0.0250000004 0.000974336812 0.000225095038 synchronous_release_0
0.042631 -0.0250000004 -0.0249995075 -0.0244954001 synchronous_release_0
0.024728 -0.0250000004 -0.00871388502 0.0338979086 synchronous_release_1
0.038573 -0.0250000004 0.0249995075 0.0244954001 synchronous_release_1
0.03634 -0.0250000004 0.0337133925 -0.00940250851 synchronous_release_2
0.024011 -0.0250000004 0.0327560053 0.0123306172 synchronous_release_0
0.023665 -0.0250000004 0.0256783197 0.0237828488 synchronous_release_0
0.025423 -0.0250000004 0.00029561865 0.000955306032 synchronous_release_0
0.027671 -0.0250000004 -0.00997334477 0.0335489552 synchronous_release_0
0.038259 -0.0250000004 -0.00394762436 0.0347766626 synchronous_release_0
0.031448 -0.0250000004 0.00437456653 0.0347255406 synchronous_release_0
0.039623 -0.0250000004 0.0295366501 -0.0187772815 synchronous_release_1
0.025822 -0.0250000004 0.0239702906 0.0255034345 synchronous_release_0
0.026314 -0.0250000004 0.0349843512 -0.0010465037 synchronous_release_0
0.032239 -0.0250000004 0.0314864673 -0.0152840563 synchronous_release_0
0.028916 -0.0250000004 0.0208218738 -0.0281327135 synchronous_release_0
0.035355 -0.0250000004 -0.00283916852 -0.0348846545 synchronous_release_1
0.042534 -0.0250000004 0.00933143926 0.0337331327 synchronous_release_1
0.037353 -0.0250000004 0.0263331575 0.0230556895 synchronous_release_0
0.040163 -0.0250000004 0.0331333915 -0.0112773386 synchronous_release_1
0.023569 -0.0250000004 0.0334768523 -0.0102127548 synchronous_release_0
0.026848 -0.0250000004 -0.0302120374 -0.0176701103 synchronous_release_1
0.024382 -0.0250000004 0.0311814331 -0.0158971138 synchronous_release_0
0.017909 -0.0250000004 0.0300360343 0.0179676554 synchronous_release_0
0.028408 -0.0250000004 -0.000542428848 0.0349957965 synchronous_release_1
0.026829 -0.0250000004 0.0199899691 0.0287297953 synchronous_release_1
0.009869 -0.0250000004 0.0345539197 -0.0055701555 synchronous_release_0
0.033056 -0.0250000004 0.0291171856 0.0194213672 synchronous_release_0
0.037602 -0.0250000004 -0.00226080458 0.034926906 synchronous_release_1
0.026729 -0.0250000004 0.033881776 -0.00877640343 synchronous_release_0
0.030506 -0.0250000004 0.0187678672 0.029542633 synchronous_release_0
0.027443 -0.0250000004 0.0162007371 -0.0310247662 synchronous_release_1
0.037831 -0.0250000004 -0.000708388708 -0.000705822526 synchronous_release_0
0.044528 -0.0250000004 0.0247037884 -0.0247936048 synchronous_release_0
0.025196 -0.0250000004 0.0338237858 0.00899730595 synchronous_release_1
0.029553 -0.0250000004 0.0249299302 -0.0245662081 synchronous_release_0
0.028658 -0.0250000004 -0.00244051926 -0.0349148087 synchronous_release_0
0.042093 -0.0250000004 0.0309643007 0.0163160069 synchronous_release_0
0.023208 -0.0250000004 0.0303241274 -0.0174770506 synchronous_release_0
0.005668 -0.0250000004 0.0328488069 0.0120812205 synchronous_release_0
0.046184 -0.0250000004 0.00596175957 0.0344885115 synchronous_release_0
0.00542 -0.0250000004 0.0124456195 -0.0327124832 synchronous_release_0
0.031252 -0.0250000004 -0.0348237684 -0.00350787058 synchronous_release_0
0.049056 -0.0250000004 0.0316876221 0.0148625236 synchronous_release_0
0.039731 -0.0250000004 -0.00297248801 -0.0348735475 synchronous_release_1
0.046482 -0.0250000004 -0.0234494448 0.0259831395 synchronous_release_1
0.037384 -0.0250000004 0.0342267813 0.00731624516 synchronous_release_2
0.044691 -0.0250000004 0.0270804327 -0.0221731857 synchronous_release_0
0.031067 -0.0250000004 0.0194402016 0.0291046141 synchronous_release_0
0.025313 -0.0250000004 0.0338608197 -0.00885691194 synchronous_release_0
0.024261 -0.0250000004 0.0327786829 -0.0122702058 synchronous_release_1
0.049698 -0.0250000004 -0.0170097623 0.0305886905 synchronous_release_0
0.024676 -0.0250000004 -0.0318234453 0.0145694314 synchronous_release_0
0.035956 -0.0250000004 0.0349017479 0.00262068555 synchronous_release_0
0.028653 -0.0250000004 -0.00126828361 0.0349770133 synchronous_release_0
0.032261 -0.0250000004 0.00126828361 -0.0349770133 synchronous_release_0
0.040945 -0.0250000004 0.0309251238 -0.0163901408 synchronous_release_0
0.044148 -0.0250000004 0.0296568402 0.0185868725 synchronous_release_0
0.027749 -0.0250000004 -0.016105669 0.0310742245 synchronous_release_0
0.049509 -0.0250000004 -0.000842429449 0.000538806666 synchronous_release_1
0.009002 -0.0250000004 -4.61501784e-05 -0.0349999696 synchronous_release_0
0.029922 -0.0250000004 0.00850468572 -0.0339509988 synchronous_release_0
0.03372 -0.0250000004 0.000274577872 0.000961564866 synchronous_release_0
0.037425 -0.0250000004 0.0336547703 -0.00961022552 synchronous_release_1
0.042085 -0.0250000004 0.0128923745 0.0325390025 synchronous_release_0
0.012588 -0.0250000004 0.0180959298 0.0299589273 synchronous_release_1
0.024251 -0.0250000004 -0.0222325532 0.0270317143 synchronous_release_0
0.042209 -0.0250000004 0.0345264279 0.00573809867 synchronous_release_0
0.041058 -0.0250000004 0.0306358594 -0.0169246601 synchronous_release_0
0.039866 -0.0250000004 0.00994165503 0.0335583595 synchronous_release_0
0.044352 -0.0250000004 0.000958810273 -0.000284047287 synchronous_release_0
0.023241 -0.0250000004 0.0281348552 -0.0208189798 synchronous_release_0
0.049709 -0.0250000004 0.034898321 0.00266593168 synchronous_release_0
0.037476 -0.0250000004 -0.00722357055 0.0342464601 synchronous_release_0
0.030774 -0.0250000004 0.0260465191 0.0233790256 synchronous_release_1
0.040883 -0.0250000004 0.000978470288 0.00020638773 synchronous_release_1
0.023293 -0.0250000004 0.0328411774 -0.0121019448 synchronous_release_0
0.028118 -0.0250000004 -0.000629483827 -0.000777013585 synchronous_release_1
0.026246 -0.0250000004 0.0287592793 -0.0199475276 synchronous_release_1
0.042076 -0.0250000004 0.0314335612 -0.0153925706 synchronous_release_0
0.02807 -0.0250000004 -0.00238642338 0.0349185478 synchronous_release_1
0.023733 -0.0250000004 0.028557084 -0.0202359323 synchronous_release_0
0.024835 -0.0250000004 0.0312883092 -0.0156857167 synchronous_release_0
0.038925 -0.0250000004 -0.00205992547 0.0349393289 synchronous_release_0
0.041512 -0.0250000004 -0.000998266541 -5.88550133e-05 synchronous_release_0
0.023652 -0.0250000004 0.034944021 0.00197873606 synchronous_release_0
0.031616 -0.0250000004 0.0157583748 0.0312517779 synchronous_release_0
0.027264 -0.0250000004 0.0309150992 -0.0164090414 synchronous_release_1
0.008618 -0.0250000004 0.0349278847 0.00224563379 synchronous_release_0
0.028799 -0.0250000004 0.0129645954 0.0325102948 synchronous_release_0
0.047872 -0.0250000004 0.0346370389 0.00502747839 synchronous_release_1
0.024035 -0.0250000004 0.0185218228 0.0296975097 synchronous_release_0
0.023343 -0.0250000004 0.0308554236 -0.0165209816 synchronous_release_0
0.047661 -0.0250000004 -0.000527459713 0.000849580044 synchronous_release_0
0.028669 -0.0250000004 -0.0263233279 0.0230669115 synchronous_release_0
0.042242 -0.0250000004 0.0331381953 0.011263215 synchronous_release_0
0.047268 -0.0250000004 0.000492651131 0.000870226903 synchronous_release_1
0.039751 -0.0250000004 0.0270414665 0.0222206905 synchronous_release_0
0.035439 -0.0250000004 -0.0333616325 0.0105830751 synchronous_release_0
0.023423 -0.0250000004 -0.00915306388 -0.0337819689 synchronous_release_0
0.032133 -0.0250000004 -0.0246795113 0.0248177703 synchronous_release_0
0.029089 -0.0250000004 -0.0300634551 0.0179217373 synchronous_release_0
0.048693 -0.0250000004 -0.000487852777 0.000872925924 synchronous_release_0
0.015018 -0.0250000004 0.0342007232 -0.00743710523 synchronous_release_1
0.023883 -0.0250000004 0.0312166661 -0.015827816 synchronous_release_0
0.026137 -0.0250000004 0.000631707397 0.000775206917 synchronous_release_0
0.039622 -0.0250000004 -0.0271322421 0.0221097589 synchronous_release_0
0.028364 -0.0250000004 0.014472278 0.031867745 synchronous_release_0
0.026574 -0.0250000004 0.0322557713 -0.0135854783 synchronous_release_0
0.040626 -0.0250000004 -0.0145598258 -0.0318278412 synchronous_release_0
0.048759 -0.0250000004 0.0339216882 -0.00862085087 synchronous_release_0
0.027297 -0.0250000004 0.0347925223 0.00380531121 synchronous_release_0
0.048338 -0.0250000004 -0.014100765 -0.0320338638 synchronous_release_1
0.014586 -0.0250000004 0.0232900403 0.0261261177 synchronous_release_0
0.023917 -0.0250000004 0.0342709017 -0.00710670769 synchronous_release_0
0.028787 -0.0250000004 0.0202476449 0.0285487807 synchronous_release_0
0.032566 -0.0250000004 0.034969559 -0.00145943165 synchronous_release_0
0.039916 -0.0250000004 -0.000939437744 0.03498739 synchronous_release_0
0.031426 -0.0250000004 0.0212495581 -0.027811082 synchronous_release_0
0.048286 -0.0250000004 0.0347098825 0.00449711618 synchronous_release_1
0.04154 -0.0250000004 0.0344921513 0.00594066507 synchronous_release_0
0.045533 -0.0250000004 0.0241242845 -0.0253578173 synchronous_release_1
0.036321 -0.0250000004 -0.0191849178 -0.0292735193 synchronous_release_0
0.040176 -0.0250000004 0.0349440702 -0.00197786651 synchronous_release_0
0.0293 -0.0250000004 0.0170402567 -0.0305717133 synchronous_release_0
0.048917 -0.0250000004 0.0156935789 0.0312843664 synchronous_release_0
0.031495 -0.0250000004 0.0349398455 0.00205114516 synchronous_release_1
0.036953 -0.0250000004 0.0304489132 0.0172587278 synchronous_release_1
0.027831 -0.0250000004 -0.0151598116 -0.0315464754 synchronous_release_0
0.041662 -0.0250000004 -0.000901327869 0.000433137475 synchronous_release_0
0.037229 -0.0250000004 0.0303014374 0.0175163607 synchronous_release_0
0.024885 -0.0250000004 0.030250199 -0.0176046999 synchronous_release_0
0.042665 -0.0250000004 0.0303712169 0.0173950909 synchronous_release_0
0.042382 -0.0250000004 0.0335229611 0.0100603716 synchronous_release_0
0.029793 -0.0250000004 0.000685758577 0.000727829083 synchronous_release_2
0.027238 -0.0250000004 0.0590836464 0.013569183 synchronous_release_0
0.045519 -0.0250000004 0.0312191818 -0.0158228534 synchronous_release_0
0.049632 -0.0250000004 -0.0293125839 -0.0191251778 synchronous_release_1
0.027074 -0.0250000004 -0.00084641788 -0.00053251927 synchronous_release_0
0.033852 -0.0250000004 0.0279776521 0.0210297642 synchronous_release_0
0.024716 -0.0250000004 0.0601787882 0.0073152889 synchronous_release_1
0.027813 -0.0250000004 0.00422348401 -0.0347442396 synchronous_release_1
0.033105 -0.0250000004 0.0335247859 -0.0100542893 synchronous_release_0
0.046749 -0.0250000004 0.000892008348 0.000452018923 synchronous_release_0
0.039432 -0.0250000004 0.019127235 0.0293112416 synchronous_release_1
0.033972 -0.0250000004 0.0341546818 0.00764576433 synchronous_release_0
0.035802 -0.0250000004 0.0106175141 -0.0333506881 synchronous_release_0
0.026389 -0.0250000004 0.0275158535 -0.0216304833 synchronous_release_1
0.023762 -0.0250000004 0.0315258198 -0.0152027197 synchronous_release_0
0.0262 -0.0250000004 0.0289288514 0.0197008009 synchronous_release_0
0.034872 -0.0250000004 -0.00259696839 0.0349035207 synchronous_release_0
0.039907 -0.0250000004 0.0298318512 -0.018304662 synchronous_release_0
0.029512 -0.0250000004 0.0341965268 -0.00745637696 synchronous_release_0
0.027031 -0.0250000004 0.000483126272 -0.0349966654 synchronous_release_0
0.036991 -0.0250000004 -0.0300664381 -0.0179167323 synchronous_release_0
0.046753 -0.0250000004 -0.000961874649 -0.000273490695 synchronous_release_0
0.023552 -0.0250000004 0.016422866 0.0309077575 synchronous_release_0
0.044519 -0.0250000004 0.0069459444 0.0343038461 synchronous_release_0
0.043507 -0.0250000004 -0.0349965322 0.000492681783 synchronous_release_0
0.033744 -0.0250000004 0.0343749765 0.00658490629 synchronous_release_0
0.035949 -0.0250000004 -0.0117746521 -0.0329599388 synchronous_release_0
0.041485 -0.0250000004 0.0266112226 0.0227341776 synchronous_release_0
0.034722 -0.0250000004 0.034856891 -0.00316182671 synchronous_release_0
0.047014 -0.0250000004 0.0319456966 -0.0142993871 synchronous_release_1
0.035318 -0.0250000004 0.0283564807 0.0205160912 synchronous_release_2
0.022869 -0.0250000004 0.0337506822 -0.009267764 synchronous_release_0
0.005272 -0.0250000004 0.000944641311 -0.000328104851 synchronous_release_0
0.026875 -0.0250000004 -0.000933215531 0.000359317091 synchronous_release_0
0.031481 -0.0250000004 0.00639133521 0.0344114928 synchronous_release_0
0.02457 -0.0250000004 0.0300160866 -0.0180009596 synchronous_release_0
0.033471 -0.0250000004 0.0342987488 -0.00697107092 synchronous_release_0
0.023979 -0.0250000004 0.0335168892 -0.0100805823 synchronous_release_0
0.018898 -0.0250000004 0.0348814937 -0.00287774115 synchronous_release_0
0.028595 -0.0250000004 0.0157929414 -0.0312343241 synchronous_release_0
0.045686 -0.0250000004 -0.0083318629 0.0339938239 synchronous_release_1
0.027026 -0.0250000004 -0.000286288532 -0.000958143453 synchronous_release_0
0.035177 -0.0250000004 0.0225847917 0.0267381223 synchronous_release_0
0.03534 -0.0250000004 0.0241519874 0.0253314331 synchronous_release_0
0.04892 -0.0250000004 -0.00986167087 0.0335819512 synchronous_release_0
0.047938 -0.0250000004 0.00986167087 -0.0335819512 synchronous_release_1
0.030124 -0.0250000004 0.0340136583 -0.00825051811 synchronous_release_2
0.024204 -0.0250000004 0.0304553234 -0.0172474136 synchronous_release_0
0.026753 -0.0250000004 0.000290963381 -0.0349987906 synchronous_release_1
0.046919 -0.0250000004 -0.0204001335 0.0284400168 synchronous_release_1
0.011918 -0.0250000004 0.0336956195 -0.00946600366 synchronous_release_0
0.026667 -0.0250000004 0.0250456094 0.0244482607 synchronous_release_0
0.02595 -0.0250000004 0.034441877 0.00622552053 synchronous_release_0
0.02984 -0.0250000004 0.0226123975 -0.0267147802 synchronous_release_0
0.036619 -0.0250000004 -0.000177872015 0.00098405363 synchronous_release_0
0.045303 -0.0250000004 -0.0118294796 -0.0329403007 synchronous_release_0
0.04118 -0.0250000004 -0.000369187468 0.000929354945 synchronous_release_1
0.023766 -0.0250000004 0.0204254616 0.0284218317 synchronous_release_0
0.039307 -0.0250000004 0.0151120936 -0.0315693622 synchronous_release_0
0.022737 -0.0250000004 0.0346118187 -0.00519826966 synchronous_release_0
0.02663 -0.0250000004 0.0564195616 0.0221773098 synchronous_release_0
0.049778 -0.0250000004 0.0218077429 0.0273755794 synchronous_release_0
0.049343 -0.0250000004 0.0337599796 0.00923383884 synchronous_release_2
0.047853 -0.0250000004 0.029702642 0.0185135911 synchronous_release_0
0.046836 -0.0250000004 0.0108198389 -0.0332855988 synchronous_release_0
0.031241 -0.0250000004 0.0231436115 -0.0262559183 synchronous_release_1
0.030146 -0.0250000004 0.00213929499 0.0349345591 synchronous_release_0
0.023788 -0.0250000004 0.0108335138 -0.0332811505 synchronous_release_0
0.046916 -0.0250000004 -0.0108335138 0.0332811505 synchronous_release_0
0.03247 -0.0250000004 -0.00744054325 0.0341999754 synchronous_release_0
0.039814 -0.0250000004 0.0333383191 -0.0106562882 synchronous_release_0
0.042038 -0.0250000004 0.0258977759 0.0235436872 synchronous_release_1
0.02805 -0.0250000004 0.0293741662 0.0190304587 synchronous_release_0
0.028729 -0.0250000004 7.92752193e-05 0.000996852767 synchronous_release_0
0.042758 -0.0250000004 0.000976156623 0.000217067378 synchronous_release_0
0.023824 -0.0250000004 0.0257894961 0.0236622461 synchronous_release_1
0.031885 -0.0250000004 0.0274254161 0.0217450351 synchronous_release_0
0.023528 -0.0250000004 0.0147606613 0.0317351993 synchronous_release_0
0.02375 -0.0250000004 0.0349998613 -9.85255425e-05 synchronous_release_1
0.032296 -0.0250000004 0.027538469 0.0216016834 synchronous_release_0
0.037903 -0.0250000004 0.000852629414 -0.000522516107 synchronous_release_0
0.040012 -0.0250000004 0.0349879875 -0.000916913033 synchronous_release_0
0.02632 -0.0250000004 0.0278461702 0.0212035564 synchronous_release_0
0.026378 -0.0250000004 0.0329546615 -0.0117894142 synchronous_release_0
0.039207 -0.0250000004 0.0223850288 -0.0269055847 synchronous_release_0
0.023328 -0.0250000004 0.0338667476 -0.00883421791 synchronous_release_0
0.035796 -0.0250000004 0.0348576839 0.00315307315 synchronous_release_1
0.024838 -0.0250000004 0.0284495462 0.0203868419 synchronous_release_0
0.035219 -0.0250000004 -0.00343074987 0.0348314507 synchronous_release_1
0.039482 -0.0250000004 -0.00496025154 0.0346467301 synchronous_release_0
0.024919 -0.0250000004 -0.000985657263 0.000168759474 synchronous_release_0
0.024191 -0.0250000004 0.0223528219 0.0269323477 synchronous_release_1
0.026145 -0.0250000004 0.0176656479 0.0302146468 synchronous_release_0
0.031221 -0.0250000004 -0.0176656479 -0.0302146468 synchronous_release_0
0.044573 -0.0250000004 0.000863275624 -0.000504732798 synchronous_release_0
0.024422 -0.0250000004 -0.034077608 -0.00798226972 synchronous_release_0
0.030674 -0.0250000004 0.034077608 0.00798226972 synchronous_release_0
0.048585 -0.0250000004 0.000957234547 -0.000289313019 synchronous_release_0
0.021177 -0.0250000004 0.0329075126 0.0119203864 synchronous_release_0
0.004638 -0.0250000004 0.0149214214 -0.0316599302 synchronous_release_0
0.027804 -0.0250000004 -0.0149214214 0.0316599302 synchronous_release_0
0.024266 -0.0250000004 -0.0181392285 0.029932731 synchronous_release_1
0.024555 -0.0250000004 0.0310499577 -0.0161524031 synchronous_release_0
0.048152 -0.0250000004 -0.00153658745 0.0349662537 synchronous_release_0
0.033866 -0.0250000004 0.0320670014 0.0140252423 synchronous_release_0
0.042454 -0.0250000004 -0.0281797168 0.0207582167 synchronous_release_0
0.024173 -0.0250000004 0.0281913833 0.0207423699 synchronous_release_0
0.026773 -0.0250000004 0.00193783331 -0.0349463131 synchronous_release_1
0.049615 -0.0250000004 0.0292954783 0.0191513694 synchronous_release_1
0.047705 -0.0250000004 0.0312333116 -0.0157949437 synchronous_release_2
0.039718 -0.0250000004 0.0157818626 -0.0312399234 synchronous_release_1
0.028804 -0.0250000004 0.0334384216 -0.0103378895 synchronous_release_0
0.043008 -0.0250000004 0.000901032576 0.000433751422 synchronous_release_0
0.005659 -0.0250000004 -0.00959355288 -0.0336595268 synchronous_release_0
0.040132 -0.0250000004 0.0349269779 -0.00225969423 synchronous_release_0
0.042449 -0.0250000004 0.0188605801 -0.0294835296 synchronous_release_1
0.039994 -0.0250000004 0.00379637237 -0.0347934988 synchronous_release_0
0.024683 -0.0250000004 0.029882101 -0.0182225147 synchronous_release_0
0.02677 -0.0250000004 0.0257645286 -0.0236894294 synchronous_release_0
0.036604 -0.0250000004 0.00029908633 -0.000954226057 synchronous_release_0
0.039484 -0.0250000004 0.033397912 0.0104680215 synchronous_release_1
0.038845 -0.0250000004 -0.0264316063 0.0229427589 synchronous_release_0
0.023943 -0.0250000004 0.0340973637 0.0078974547 synchronous_release_0
0.027387 -0.0250000004 0.000179697479 -0.00098372192 synchronous_release_0
0.018024 -0.0250000004 0.0278600288 0.0211853438 synchronous_release_1
0.031067 -0.0250000004 0.033587673 0.00984216538 synchronous_release_1
0.026334 -0.0250000004 0.0348146783 0.00359696784 synchronous_release_0
0.041347 -0.0250000004 0.0232879793 0.0261279548 synchronous_release_0
0.035202 -0.0250000004 0.0256821963 -0.0237786625 synchronous_release_1
0.045022 -0.0250000004 0.0324725127 0.0130589402 synchronous_release_0
0.035794 -0.0250000004 -0.00500594743 0.0346401572 synchronous_release_0
0.028301 -0.0250000004 -0.000618724464 0.000785608069 synchronous_release_1
0.042168 -0.0250000004 0.0325022298 -0.0129848009 synchronous_release_1
0.049864 -0.0250000004 0.0349928026 -0.000709762844 synchronous_release_0
0.005744 -0.0250000004 0.0337033543 -0.00943842732 synchronous_release_0
0.02778 -0.0250000004 0.025025595 0.0244687473 synchronous_release_0
0.025218 -0.0250000004 0.0213084015 -0.0277660229 synchronous_release_0
0.030817 -0.0250000004 0.0265256974 -0.0228339085 synchronous_release_1
0.048132 -0.0250000004 0.0292149647 -0.0192739678 synchronous_release_0
0.028089 -0.0250000004 0.0349996213 -0.000162807912 synchronous_release_0
0.025314 -0.0250000004 0.0247531119 -0.024744362 synchronous_release_0
0.037564 -0.0250000004 -0.0349356884 0.00212077182 synchronous_release_0
0.028991 -0.0250000004 0.0233658067 0.0260583783 synchronous_release_0
0.028405 -0.0250000004 0.0246624147 0.02483476 synchronous_release_0
0.037568 -0.0250000004 -0.00917632568 0.0337756576 synchronous_release_0
0.020099 -0.0250000004 0.0338387404 -0.00894089766 synchronous_release_1
0.027778 -0.0250000004 0.00309503432 -0.0348628852 synchronous_release_0
0.01169 -0.0250000004 0.0308100907 0.01660537 synchronous_release_0
0.032053 -0.0250000004 0.0349683478 -0.00148817164 synchronous_release_1
0.046481 -0.0250000004 0.0281394493 0.02081277 synchronous_release_0
0.048991 -0.0250000004 0.034250922 -0.00720238451 synchronous_release_0
0.023604 -0.0250000004 0.0155834279 -0.0313393806 synchronous_release_0
0.025319 -0.0250000004 0.0279877627 -0.0210163065 synchronous_release_0
0.024729 -0.0250000004 0.000524414879 0.0349960711 synchronous_release_0
0.029689 -0.0250000004 -0.02055063 -0.0283314596 synchronous_release_0
0.024699 -0.0250000004 0.0348110788 -0.00363163787 synchronous_release_1
0.035452 -0.0250000004 0.0334833907 -0.0101912978 synchronous_release_0
0.045133 -0.0250000004 0.000682909086 -0.000730503374 synchronous_release_0
0.035558 -0.0250000004 -0.0301310809 -0.0178078063 synchronous_release_0
0.038579 -0.0250000004 0.0304875531 -0.0171903783 synchronous_release_0
0.042256 -0.0250000004 0.00035647223 -0.0349981846 synchronous_release_0
0.045239 -0.0250000004 -0.0304875531 0.0171903783 synchronous_release_0
0.04613 -0.0250000004 -0.00035647223 0.0349981846 synchronous_release_0
0.032292 -0.0250000004 0.0305347822 -0.0171063461 synchronous_release_0
0.037244 -0.0250000004 0.0300819214 0.017890724 synchronous_release_0
0.046559 -0.0250000004 -0.0300819214 -0.017890724 synchronous_release_0
0.034111 -0.0250000004 0.0338984915 0.00871161708 synchronous_release_0
0.041217 -0.0250000004 0.0346683364 0.00480691726 synchronous_release_0
0.049777 -0.0250000004 0.0349854597 -0.00100876664 synchronous_release_1
0.029605 -0.0250000004 0.0345598922 -0.00553297841 synchronous_release_1
0.027646 -0.0250000004 0.0143789581 0.0319099603 synchronous_release_1
0.044401 -0.0250000004 0.0204453572 -0.0284075231 synchronous_release_1
0.038236 -0.0250000004 0.0225756568 -0.0267458355 synchronous_release_0
0.024013 -0.0250000004 0.03175188 0.014724745 synchronous_release_0
0.044402 -0.0250000004 -0.00312393672 -0.0348603072 synchronous_release_0
0.047289 -0.0250000004 -0.0286279433 0.0201355622 synchronous_release_0
0.032968 -0.0250000004 0.0321090194 0.0139287786 synchronous_release_0
0.035256 -0.0250000004 0.0343544731 0.00669105202 synchronous_release_0
0.041526 -0.0250000004 0.0324185452 0.0131923435 synchronous_release_1
0.041904 -0.0250000004 0.0208301792 -0.0281265646 synchronous_release_1
0.025855 -0.0250000004 -0.027601681 0.0215208552 synchronous_release_0
0.03849 -0.0250000004 0.0343412134 0.00675877657 synchronous_release_0
0.015352 -0.0250000004 0.000999755475 -2.21131257e-05 synchronous_release_0
0.030826 -0.0250000004 0.0317122887 0.0148098191 synchronous_release_0
0.026575 -0.0250000004 0.00042313769 -0.000906065392 synchronous_release_1
0.027205 -0.0250000004 0.0242811229 0.0252076788 synchronous_release_0
0.048208 -0.0250000004 0.0131599519 -0.0324317077 synchronous_release_0
0.006069 -0.0250000004 -0.0142584709 0.0319639798 synchronous_release_0
0.028922 -0.0250000004 0.0142584709 -0.0319639798 synchronous_release_0
0.045864 -0.0250000004 0.0205523831 0.0283301879 synchronous_release_0
0.033481 -0.0250000004 0.0339673255 0.00843924143 synchronous_release_1
0.038588 -0.0250000004 0.0242922602 -0.0251969461 synchronous_release_1
0.020437 -0.0250000004 0.0324347092 -0.0131525526 synchronous_release_0
0.049005 -0.0250000004 0.0276077992 0.0215130059 synchronous_release_0
0.036574 -0.0250000004 -0.000990444526 -0.000137911713 synchronous_release_1
0.029236 -0.0250000004 0.0302473148 0.017609655 synchronous_release_0
0.034855 -0.0250000004 0.030374066 -0.0173901155 synchronous_release_1
0.024736 -0.0250000004 0.0348068552 -0.00367189773 synchronous_release_1
0.041435 -0.0250000004 -0.00203219471 -0.0349409528 synchronous_release_0
0.024297 -0.0250000004 0.0231029867 0.0262916718 synchronous_release_0
0.034694 -0.0250000004 0.0321572208 -0.0138171325 synchronous_release_0
0.022854 -0.0250000004 -0.017038442 -0.0305727247 synchronous_release_0
0.046446 -0.0250000004 0.0136788441 -0.0322162882 synchronous_release_0
0.042166 -0.0250000004 0.0111771215 -0.0331673326 synchronous_release_1
0.04948 -0.0250000004 -0.0158391921 -0.0312108954 synchronous_release_0
0.029978 -0.0250000004 -9.09815475e-05 -0.000995852578 synchronous_release_0
0.033336 -0.0250000004 0.0201851517 0.028593 synchronous_release_0
0.035417 -0.0250000004 0.0348548402 -0.00318435416 synchronous_release_0
0.023877 -0.0250000004 0.0337248402 0.00936136499 synchronous_release_0
0.046833 -0.0250000004 -0.000935304019 -0.000353845153 synchronous_release_0
0.026024 -0.0250000004 0.0272400949 -0.021976743 synchronous_release_0
0.040615 -0.0250000004 0.00541237028 0.0345789856 synchronous_release_0
0.032324 -0.0250000004 0.0326524651 0.0126022427 synchronous_release_1
0.02389 -0.0250000004 0.0316693737 0.0149013681 synchronous_release_1
0.031657 -0.0250000004 0.0170993388 0.0305387068 synchronous_release_0
0.047341 -0.0250000004 -0.0218886103 -0.0273109637 synchronous_release_1
0.031799 -0.0250000004 -0.0300662242 0.0179170914 synchronous_release_0
0.041825 -0.0250000004 0.0348767029 0.00293523292 synchronous_release_1
0.030065 -0.0250000004 0.0337349376 0.00932491214 synchronous_release_0
0.040124 -0.0250000004 0.000266426061 -0.000963855359 synchronous_release_0
0.029201 -0.0250000004 0.00248457252 -0.0349117015 synchronous_release_0
0.035989 -0.0250000004 0.0314767066 -0.0153041478 synchronous_release_1
0.007296 -0.0250000004 -0.000802303935 0.000596915736 synchronous_release_0
0.030806 -0.0250000004 -0.0208920508 -0.0280806377 synchronous_release_0
0.026148 -0.0250000004 0.0256981555 -0.0237614142 synchronous_release_0
0.026155 -0.0250000004 0.0147709569 0.0317304086 synchronous_release_0
0.049648 -0.0250000004 -0.0298673382 0.0182467013 synchronous_release_0
0.03007 -0.0250000004 0.0216197643 0.0275242764 synchronous_release_0
0.019008 -0.0250000004 -0.000986940401 -0.000161085831 synchronous_release_0
0.036703 -0.0250000004 0.00563800408 -0.034542914 synchronous_release_0
0.037107 -0.0250000004 0.00258847374 -0.0349041517 synchronous_release_0
0.026364 -0.0250000004 0.0267657532 0.0225520388 synchronous_release_0
0.03503 -0.0250000004 0.0329135151 -0.0119038029 synchronous_release_0
0.026314 -0.0250000004 -0.0346041219 0.00524926188 synchronous_release_0
0.034513 -0.0250000004 0.0218480551 0.0273434177 synchronous_release_0
0.042856 -0.0250000004 0.03372985 0.00934329801 synchronous_release_0
0.044849 -0.0250000004 0.0249564584 -0.024539258 synchronous_release_0
0.028885 -0.0250000004 0.0249735531 0.0245218605 synchronous_release_0
0.024286 -0.0250000004 0.032282388 -0.0135221087 synchronous_release_0
0.036945 -0.0250000004 0.0278516836 0.0211963138 synchronous_release_2
0.030297 -0.0250000004 0.0333602137 -0.0105875466 synchronous_release_0
0.040847 -0.0250000004 -0.0333602137 0.0105875466 synchronous_release_0
0.023176 -0.0250000004 0.00751102253 -0.0341845658 synchronous_release_1
0.048599 -0.0250000004 0.000976701881 0.000214600644 synchronous_release_1
0.03902 -0.0250000004 0.0193281954 -0.0291791169 synchronous_release_0
0.024774 -0.0250000004 0.0349757257 0.00130330803 synchronous_release_0
0.008798 -0.0250000004 0.0283963603 -0.0204608583 synchronous_release_0
0.024841 -0.0250000004 -0.0009999965 2.64560973e-06 synchronous_release_0
0.025735 -0.0250000004 9.25963405e-05 0.0349998775 synchronous_release_0
0.03203 -0.0250000004 0.0303570812 0.017419748 synchronous_release_0
0.026528 -0.0250000004 0.0302644849 -0.0175801295 synchronous_release_1
0.045181 -0.0250000004 0.0343073145 0.00692879275 synchronous_release_0
0.045955 -0.0250000004 -0.000557936046 -0.0349955527 synchronous_release_0
0.049748 -0.0250000004 0.0300280696 -0.0179809631 synchronous_release_0
0.036133 -0.0250000004 -0.0026406904 -0.03490024 synchronous_release_0
0.02381 -0.0250000004 0.0316412885 0.0149609111 synchronous_release_0
0.030522 -0.0250000004 0.0326847246 0.0125183376 synchronous_release_0
0.041173 -0.0250000004 0.0271835607 -0.022046633 synchronous_release_0
0.031707 -0.0250000004 -0.0170454428 0.030568822 synchronous_release_0
0.021586 -0.0250000004 0.0331466626 0.011238272 synchronous_release_0
0.043332 -0.0250000004 -0.0331466626 -0.011238272 synchronous_release_1
0.013481 -0.0250000004 -0.00669405729 -0.0343538877 synchronous_release_0
0.041098 -0.0250000004 0.0125537526 -0.0326711386 synchronous_release_0
0.045596 -0.0250000004 0.000156105732 0.000987740351 synchronous_release_0
0.042211 -0.0250000004 0.0285173481 0.0202918915 synchronous_release_0
0.046748 -0.0250000004 -0.0309249854 0.0163904021 synchronous_release_0
0.042508 -0.0250000004 0.0349439355 0.00198024509 synchronous_release_1
0.03076 -0.0250000004 -0.00815710709 -0.0340361808 synchronous_release_0
0.033228 -0.0250000004 0.0253976437 -0.0240823524 synchronous_release_2
0.034294 -0.0250000004 0.0316141648 -0.0150181419 synchronous_release_0
0.023883 -0.0250000004 0.0347129662 -0.00447325171 synchronous_release_0
0.040583 -0.0250000004 0.000887482294 -0.000460841815 synchronous_release_1
0.016899 -0.0250000004 0.0307010362 -0.0168061411 synchronous_release_0
0.024249 -0.0250000004 -0.000480175459 -0.000877172462 synchronous_release_0
0.027679 -0.0250000004 -0.032385825 0.0132724655 synchronous_release_0
0.016597 -0.0250000004 0.00469862018 -0.0346831799 synchronous_release_1
0.03068 -0.0250000004 0.0542143794 -0.0442809335 synchronous_release_0
0.040926 -0.0250000004 0.0244107023 0.0250822171 synchronous_release_0
0.023057 -0.0250000004 0.019481143 0.0290772259 synchronous_release_1
0.047363 -0.0250000004 0.030677098 -0.0168497969 synchronous_release_0
0.029732 -0.0250000004 0.0503778908 0.0337204407 synchronous_release_0
0.027653 -0.0250000004 0.0103410795 0.0334374352 synchronous_release_0
0.030133 -0.0250000004 0.0341282081 0.00776308002 synchronous_release_0
0.029826 -0.0250000004 -0.0143024545 -0.0319443234 synchronous_release_0
0.038499 -0.0250000004 0.0348158228 0.00358587277 synchronous_release_0
0.020757 -0.0250000004 0.0079098276 -0.0340944956 synchronous_release_0
0.02654 -0.0250000004 -0.0334816131 0.0101971361 synchronous_release_0
0.032618 -0.0250000004 0.0334816131 -0.0101971361 synchronous_release_0
0.044466 -0.0250000004 0.0255717855 0.0238973594 synchronous_release_2
0.027361 -0.0250000004 0.0349968261 0.000471340432 synchronous_release_1
0.045822 -0.0250000004 -0.000859213436 -0.00051161731 synchronous_release_2
0.026662 -0.0250000004 0.0276470363 0.0214625577 synchronous_release_1
0.033877 -0.0250000004 -0.000613215934 0.000789915323 synchronous_release_1
0.037138 -0.0250000004 0.0308101915 -0.0166051828 synchronous_release_1
0.035841 -0.0250000004 0.0261007502 0.0233184656 synchronous_release_0
0.024886 -0.0250000004 0.0332447587 -0.01094468 synchronous_release_1
0.047531 -0.0250000004 0.00765579818 0.0601364179 synchronous_release_0
0.02404 -0.0250000004 -0.0343682861 0.0066197362 synchronous_release_1
0.048718 -0.0250000004 -0.0251374967 0.024353773 synchronous_release_0
0.042191 -0.0250000004 0.00852223781 0.0339465972 synchronous_release_1
0.034131 -0.0250000004 0.0182729738 -0.0298512718 synchronous_release_0
0.045987 -0.0250000004 -0.0167154728 -0.0307504954 synchronous_release_0
0.024927 -0.0250000004 0.0348955076 0.00270250795 synchronous_release_1
0.024885 -0.0250000004 0.0320638071 -0.0140325434 synchronous_release_0
0.028475 -0.0250000004 -0.0281844426 -0.0207517998 synchronous_release_0
0.044498 -0.0250000004 0.0203592182 0.0284693209 synchronous_release_0
0.027367 -0.0250000004 0.0348347643 -0.00339693974 synchronous_release_1
0.003539 -0.0250000004 0.0238492011 -0.0256167056 synchronous_release_0
0.035782 -0.0250000004 0.0102601173 0.0334623668 synchronous_release_0
0.025794 -0.0250000004 0.0141228341 0.0320241402 synchronous_release_0
0.037897 -0.0250000004 -0.0349008119 0.00263312097 synchronous_release_0
0.046746 -0.0250000004 0.0151700563 -0.0315415502 synchronous_release_0
0.049237 -0.0250000004 0.019777527 -0.0288764511 synchronous_release_0
0.0232 -0.0250000004 0.0291092348 0.0194332821 synchronous_release_1
0.033409 -0.0250000004 0.0322241438 -0.0136603277 synchronous_release_0
0.024095 -0.0250000004 0.0277745174 -0.0212973281 synchronous_release_1
0.037198 -0.0250000004 0.00455676842 0.0347021017 synchronous_release_1
0.035608 -0.0250000004 0.0323312858 0.0134047736 synchronous_release_2
0.038851 -0.0250000004 0.0288551081 0.0198086531 synchronous_release_0
0.026978 -0.0250000004 0.0315823508 -0.0150849301 synchronous_release_1
0.026521 -0.0250000004 0.0333577043 0.0105954503 synchronous_release_0
0.040331 -0.0250000004 0.0327998484 -0.0122135149 synchronous_release_1
0.034129 -0.0250000004 0.0348405179 0.0033374113 synchronous_release_1
0.023304 -0.0250000004 0.0310964559 -0.0160627032 synchronous_release_0
0.023923 -0.0250000004 0.0205038929 0.0283653023 synchronous_release_0
0.026024 -0.0250000004 0.0143131259 -0.0319395433 synchronous_release_0
0.033334 -0.0250000004 0.0348170188 -0.00357424098 synchronous_release_0
0.032637 -0.0250000004 0.0338560782 0.00887501956 synchronous_release_0
0.013958 -0.0250000004 0.000794838593 0.000606820905 synchronous_release_0
0.025704 -0.0250000004 -0.0212387317 0.0278193508 synchronous_release_0
0.045091 -0.0250000004 0.0333414833 -0.010646384 synchronous_release_0
0.030074 -0.0250000004 0.0345434697 -0.00563459874 synchronous_release_0
0.026351 -0.0250000004 0.034721893 0.00440342476 synchronous_release_0
0.041501 -0.0250000004 0.0135474688 0.0322717537 synchronous_release_0
0.03305 -0.0250000004 0.00818863424 -0.0340286096 synchronous_release_1
0.034339 -0.0250000004 0.0335639575 -0.00992273951 synchronous_release_1
0.043253 -0.0250000004 0.0261623662 -0.0232493138 synchronous_release_0
0.034624 -0.0250000004 0.0168410015 -0.0306819274 synchronous_release_0
0.03209 -0.0250000004 0.0115322021 0.0330455491 synchronous_release_0
0.024767 -0.0250000004 0.0107054017 0.0333225806 synchronous_release_1
0.030951 -0.0250000004 0.0342109021 0.00739014048 synchronous_release_1
0.034786 -0.0250000004 -0.0013895233 -0.0349724066 synchronous_release_0
0.04027 -0.0250000004 0.034810156 -0.00364047276 synchronous_release_0
0.025715 -0.0250000004 0.0348209714 -0.00353552652 synchronous_release_0
0.007003 -0.0250000004 0.0326443038 -0.0126233685 synchronous_release_0
0.035032 -0.0250000004 0.023606462 0.025840568 synchronous_release_0
0.017219 -0.0250000004 0.0345731598 0.00544946092 synchronous_release_0
0.02745 -0.0250000004 -0.0125672083 -0.0326659651 synchronous_release_0
0.027938 -0.0250000004 0.000777614405 0.000628741471 synchronous_release_0
0.018483 -0.0250000004 0.0339869054 -0.00836003946 synchronous_release_0
0.021422 -0.0250000004 -0.000721528679 0.00069238455 synchronous_release_0
0.024733 -0.0250000004 0.0345021533 -0.00588229686 synchronous_release_0
0.034625 -0.0250000004 0.0223452952 0.0269385928 synchronous_release_1
0.02412 -0.0250000004 0.00287151798 0.0348820066 synchronous_release_1
0.037364 -0.0250000004 -0.000915129826 0.000403159277 synchronous_release_0
0.048009 -0.0250000004 0.0141105747 0.0320295439 synchronous_release_0
0.043848 -0.0250000004 -0.0206831113 0.0282348881 synchronous_release_1
0.015059 -0.0250000004 0.0349485494 0.00189707549 synchronous_release_0
0.005694 -0.0250000004 -0.00143208983 0.0349706894 synchronous_release_0
0.039622 -0.0250000004 0.031816976 0.0145835537 synchronous_release_0
0.041386 -0.0250000004 0.028538216 -0.0202625327 synchronous_release_0
0.035061 -0.0250000004 -0.00327876006 -0.0348460863 synchronous_release_1
0.003535 -0.0250000004 0.034638641 -0.00501642783 synchronous_release_0
0.046905 -0.0250000004 0.0279167522 -0.0211105411 synchronous_release_0
0.031811 -0.0250000004 -0.019933114 -0.0287692712 synchronous_release_0
0.027158 -0.0250000004 0.0192331052 0.029241882 synchronous_release_0
0.031863 -0.0250000004 0.0157076601 -0.0312772987 synchronous_release_0
0.025892 -0.0250000004 -5.81547619e-05 -0.00099830758 synchronous_release_1
0.035389 -0.0250000004 -0.0273493399 -0.0218406412 synchronous_release_0
0.04399 -0.0250000004 0.0273493399 0.0218406412 synchronous_release_0
0.032063 -0.0250000004 0.000395008449 -0.000918677487 synchronous_release_0
0.029951 -0.0250000004 0.0255924674 0.0238752092 synchronous_release_0
0.025855 -0.0250000004 -0.0224714636 0.0268334367 synchronous_release_0
0.038889 -0.0250000004 -0.0177334386 -0.0301749094 synchronous_release_0
0.048723 -0.0250000004 0.0349989574 -0.000270153665 synchronous_release_0
0.026545 -0.0250000004 0.000635331467 -0.000772239553 synchronous_release_0
0.0327 -0.0250000004 0.00574326946 -0.0345255681 synchronous_release_0
0.033937 -0.0250000004 0.0194853021 0.029074439 synchronous_release_1
0.034144 -0.0250000004 0.0271583077 0.0220777337 synchronous_release_0
0.022847 -0.0250000004 -0.0337905721 0.00912125188 synchronous_release_0
0.025836 -0.0250000004 0.0181820756 -0.0299067238 synchronous_release_0
0.034607 -0.0250000004 0.0168089447 0.0306995013 synchronous_release_0
0.036113 -0.0250000004 0.0349910203 0.000792777522 synchronous_release_0
0.044541 -0.0250000004 0.0280959446 0.0208714613 synchronous_release_2
0.011188 -0.0250000004 0.0178285752 0.0301187966 synchronous_release_0
0.025177 -0.0250000004 0.0171693554 -0.0304993973 synchronous_release_0
0.024162 -0.0250000004 0.0328329735 -0.0121241846 synchronous_release_0
0.041727 -0.0250000004 0.0331089526 0.0113488879 synchronous_release_0
0.026588 -0.0250000004 0.0199403344 0.0287642672 synchronous_release_0
0.028575 -0.0250000004 0.0348807533 -0.00288670256 synchronous_release_0
0.031001 -0.0250000004 0.0149404189 -0.0316509697 synchronous_release_0
0.031072 -0.0250000004 0.0347399896 -0.00425830006 synchronous_release_0
0.041112 -0.0250000004 0.0286669013 -0.020080059 synchronous_release_0
0.033018 -0.0250000004 0.000453384752 -0.000891314909 synchronous_release_1
0.042243 -0.0250000004 -0.00185551596 -0.0349507805 synchronous_release_1
0.003876 -0.0250000004 0.0347559271 0.0041262004 synchronous_release_0
0.015136 -0.0250000004 -0.0189140988 -0.0294492252 synchronous_release_0
0.048509 -0.0250000004 0.0305165427 0.017138863 synchronous_release_0
0.029136 -0.0250000004 0.033821096 -0.00900741162 synchronous_release_1
0.043531 -0.0250000004 0.0256481335 -0.0238153994 synchronous_release_1
0.028869 -0.0250000004 0.0324584047 0.0130939668 synchronous_release_0
0.034953 -0.0250000004 0.00488949449 0.0346567864 synchronous_release_0
0.038203 -0.0250000004 0.02790577 0.0211250562 synchronous_release_0
0.028557 -0.0250000004 -0.00434195032 0.0347296339 synchronous_release_1
0.049263 -0.0250000004 0.030837538 -0.0165543424 synchronous_release_0
0.043232 -0.0250000004 0.00697110567 -0.0342987418 synchronous_release_0
0.027045 -0.0250000004 0.0331891345 -0.0111122163 synchronous_release_1
0.023301 -0.0250000004 0.000903306158 -0.000428996485 synchronous_release_0
0.025354 -0.0250000004 0.00120498438 0.0349792512 synchronous_release_0
0.033784 -0.0250000004 0.000209763502 -0.0349993714 synchronous_release_0
0.027376 -0.0250000004 0.0304152265 -0.0173180252 synchronous_release_1
0.02914 -0.0250000004 0.0252025442 -0.0242864523 synchronous_release_1
0.040583 -0.0250000004 -0.0242407112 0.0252465428 synchronous_release_0
0.023605 -0.0250000004 0.00974379184 0.0336163431 synchronous_release_1
0.034309 -0.0250000004 0.0316461404 0.0149506454 synchronous_release_0
0.048828 -0.0250000004 0.000427161298 -0.00090417544 synchronous_release_0
0.04571 -0.0250000004 -0.0343125034 -0.00690305065 synchronous_release_0
0.046644 -0.0250000004 0.0111780345 0.033167025 synchronous_release_0
0.02718 -0.0250000004 -0.0111780345 -0.033167025 synchronous_release_1
0.026746 -0.0250000004 -0.000985418108 -0.00017015038 synchronous_release_0
0.046511 -0.0250000004 0.0328465307 -0.0120874076 synchronous_release_0
0.021298 -0.0250000004 0.0268912674 0.0224022262 synchronous_release_1
0.049543 -0.0250000004 0.0348318802 -0.00342638636 synchronous_release_0
0.020616 -0.0250000004 -0.000716220426 0.0349926711 synchronous_release_0
0.027654 -0.0250000004 0.0306626523 -0.0168760704 synchronous_release_0
0.02526 -0.0250000004 0.000169227001 0.000985577101 synchronous_release_0
0.005724 -0.0250000004 0.0322089119 0.0136962037 synchronous_release_0
0.035208 -0.0250000004 0.0259317441 -0.0235062682 synchronous_release_0
0.046763 -0.0250000004 -0.0259317441 0.0235062682 synchronous_release_1
0.026646 -0.0250000004 0.0349522501 -0.00182762578 synchronous_release_1
0.023737 -0.0250000004 0.0204277536 0.0284201844 synchronous_release_0
0.030279 -0.0250000004 -0.0204277536 -0.0284201844 synchronous_release_0
0.032148 -0.0250000004 -0.0348264785 0.00348086132 synchronous_release_0
0.033186 -0.0250000004 0.0339098588 -0.00866726476 synchronous_release_0
0.040773 -0.0250000004 0.0161843682 -0.0310333083 synchronous_release_0
0.043957 -0.0250000004 4.28737184e-05 0.000999080499 synchronous_release_1
0.024565 -0.0250000004 0.018802457 -0.0295206303 synchronous_release_0
0.041416 -0.0250000004 0.0161643873 0.0310437205 synchronous_release_0
0.034877 -0.0250000004 0.0349668442 0.00152309023 synchronous_release_1
0.02337 -0.0250000004 0.0320123009 0.0141496498 synchronous_release_0
0.038988 -0.0250000004 -0.0037521943 -0.0347982907 synchronous_release_0
0.026965 -0.0250000004 0.0282601066 -0.020648641 synchronous_release_1
0.035329 -0.0250000004 0.00695841393 -0.0343013189 synchronous_release_0
0.028536 -0.0250000004 0.0262266065 0.0231768227 synchronous_release_1
0.026968 -0.0250000004 0.0131851704 -0.0324214633 synchronous_release_0
0.023445 -0.0250000004 0.0287878087 -0.0199063325 synchronous_release_0
0.029213 -0.0250000004 -0.0193217332 0.0291833964 synchronous_release_0
0.049725 -0.0250000004 0.034964994 -0.00156499074 synchronous_release_0
0.040303 -0.0250000004 0.0348076303 0.00366454305 synchronous_release_0
0.049431 -0.0250000004 -0.0142302278 -0.0319765636 synchronous_release_2
0.015647 -0.0250000004 0.0303149964 -0.017492884 synchronous_release_1
0.042527 -0.0250000004 0.0275445021 0.02159399 synchronous_release_0
0.025291 -0.0250000004 -0.0343595034 0.00666517243 synchronous_release_0
0.024923 -0.0250000004 0.0170820313 -0.0305483912 synchronous_release_1
0.023882 -0.0250000004 0.0347664269 -0.0040367758 synchronous_release_0
0.046044 -0.0250000004 -0.0138872631 0.0321269968 synchronous_release_1
0.008078 -0.0250000004 0.0339505797 0.00850635881 synchronous_release_0
0.02853 -0.0250000004 0.0347802008 -0.00391632849 synchronous_release_1
0.023744 -0.0250000004 0.0102168608 0.0334755994 synchronous_release_0
0.026193 -0.0250000004 0.0340991499 0.00788973869 synchronous_release_0
0.037574 -0.0250000004 0.0177022081 -0.0301932414 synchronous_release_0
0.031663 -0.0250000004 0.0264126776 -0.0229645479 synchronous_release_0
0.043592 -0.0250000004 0.0349472094 -0.00192160199 synchronous_release_0
0.028364 -0.0250000004 0.0344207693 -0.00634118632 synchronous_release_0
0.047848 -0.0250000004 0.0117187562 -0.0329798538 synchronous_release_1
0.013125 -0.0250000004 0.0348296544 0.00344893857 synchronous_release_0
0.047286 -0.0250000004 -0.0204016956 0.0284388962 synchronous_release_0
0.038973 -0.0250000004 0.000911080993 -0.000412227393 synchronous_release_1
0.037312 -0.0250000004 0.0347577494 -0.00411082231 synchronous_release_0
0.042389 -0.0250000004 0.0138187981 -0.0321565051 synchronous_release_0
0.044705 -0.0250000004 0.0209389512 0.0280456828 synchronous_release_1
0.032515 -0.0250000004 -0.0308477329 0.0165353372 synchronous_release_0
0.024105 -0.0250000004 -0.0352523423 0.0604753864 synchronous_release_0
0.026153 -0.0250000004 0.00643443557 -0.0344034597 synchronous_release_0
0.011578 -0.0250000004 0.00762450121 0.0341594347 synchronous_release_0
0.047115 -0.0250000004 0.0333951889 0.0104767056 synchronous_release_0
0.034768 -0.0250000004 0.0257706877 -0.0236827291 synchronous_release_1
0.048067 -0.0250000004 0.0310791883 0.0160960881 synchronous_release_2
0.023815 -0.0250000004 -0.0183822431 -0.0297841088 synchronous_release_0
0.025388 -0.0250000004 0.0349849164 -0.00102743507 synchronous_release_0
0.041029 -0.0250000004 0.0166026733 -0.0308115439 synchronous_release_0
0.036229 -0.0250000004 -0.0343607492 -0.00665874745 synchronous_release_0
0.04295 -0.0250000004 0.0343607492 0.00665874745 synchronous_release_0
0.048346 -0.0250000004 0.0114137301 0.0330866554 synchronous_release_0
0.035379 -0.0250000004 0.0326622318 0.012576908 synchronous_release_1
0.034055 -0.0250000004 0.0325105741 0.0129638948 synchronous_release_0
0.046425 -0.0250000004 0.0289809195 0.0196241256 synchronous_release_0
0.038337 -0.0250000004 0.0349135613 0.00245830023 synchronous_release_1
0.046376 -0.0250000004 -0.0349135613 -0.00245830023 synchronous_release_1
0.033631 -0.0250000004 0.0294457044 -0.0189195796 synchronous_release_0
0.029098 -0.0250000004 0.000804546085 0.000593890223 synchronous_release_0
0.036953 -0.0250000004 0.0347795861 0.00392178423 synchronous_release_0
0.028906 -0.0250000004 0.028039941 -0.0209466396 synchronous_release_0
0.048209 -0.0250000004 0.0321602925 0.0138099814 synchronous_release_2
0.038483 -0.0250000004 0.0347859226 -0.00386517612 synchronous_release_0
0.045573 -0.0250000004 0.000805511561 -0.000592580058 synchronous_release_0
0.047012 -0.0250000004 0.020740302 0.0281929046 synchronous_release_1
0.026003 -0.0250000004 0.000700830554 -0.000713327789 synchronous_release_0
0.029022 -0.0250000004 -0.0087595609 0.0338861342 synchronous_release_0
0.031204 -0.0250000004 0.0337260335 -0.00935706485 synchronous_release_0
0.023771 -0.0250000004 0.0249664726 0.0245290694 synchronous_release_1
0.046437 -0.0250000004 0.0348573084 -0.0031572218 synchronous_release_1
0.022756 -0.0250000004 -0.00790057322 0.0340966412 synchronous_release_0
0.027688 -0.0250000004 0.00267540218 0.0348975962 synchronous_release_1
0.023862 -0.0250000004 0.0250669766 0.0244263523 synchronous_release_0
0.026249 -0.0250000004 -0.0310811334 0.0160923318 synchronous_release_0
0.030192 -0.0250000004 0.0310811334 -0.0160923318 synchronous_release_1
0.003918 -0.0250000004 0.0246047167 0.0248919247 synchronous_release_0
0.045583 -0.0250000004 -0.000399045371 0.000916931182 synchronous_release_0
0.024862 -0.0250000004 0.022749678 -0.0265979727 synchronous_release_0
0.032772 -0.0250000004 0.00374007447 0.0347995954 synchronous_release_0
0.022807 -0.0250000004 0.000473218465 -0.000880945109 synchronous_release_0
0.026387 -0.0250000004 0.023654111 -0.0257969579 synchronous_release_1
0.046703 -0.0250000004 0.0332905364 -0.0108046371 synchronous_release_0
0.025099 -0.0250000004 0.00910990701 0.0337936325 synchronous_release_1
0.023517 -0.0250000004 0.032981587 0.0117138771 synchronous_release_0
0.04748 -0.0250000004 0.000180741016 -0.0349995333 synchronous_release_0
0.046585 -0.0250000004 0.0304008555 -0.0173432403 synchronous_release_1
0.023478 -0.0250000004 0.0349951077 0.000585182591 synchronous_release_0
0.028445 -0.0250000004 0.0341839865 0.00751365884 synchronous_release_1
0.024498 -0.0250000004 0.0349767118 0.00127657054 synchronous_release_0
0.033935 -0.0250000004 0.0163828134 0.0309290062 synchronous_release_0
0.017001 -0.0250000004 0.0303309278 0.017465246 synchronous_release_0
0.030768 -0.0250000004 -4.01171551e-05 -0.034999977 synchronous_release_0
0.037266 -0.0250000004 0.0296241779 0.0186388863 synchronous_release_0
0.043648 -0.0250000004 -0.00132966011 0.0349747338 synchronous_release_0
0.029997 -0.0250000004 0.030953838 -0.0163358475 synchronous_release_1
0.048229 -0.0250000004 -0.0148008674 -0.0317164677 synchronous_release_0
0.028385 -0.0250000004 0.0165038093 -0.0308646121 synchronous_release_0
0.033765 -0.0250000004 -0.000890414066 0.000455151393 synchronous_release_0
0.038558 -0.0250000004 0.0349543914 0.00178620275 synchronous_release_0
0.041995 -0.0250000004 -0.0190240927 0.0293782896 synchronous_release_0
0.006804 -0.0250000004 0.0308086706 -0.0166080046 synchronous_release_0
0.048244 -0.0250000004 -0.000606825426 0.000794835142 synchronous_release_1
0.025353 -0.0250000004 -0.022134907 0.0271117298 synchronous_release_0
0.033085 -0.0250000004 0.0345469002 0.00561352686 synchronous_release_0
0.037851 -0.0250000004 0.0348640333 0.00308207392 synchronous_release_0
0.022857 -0.0250000004 0.0249063842 -0.0245900798 synchronous_release_0
0.012059 -0.0250000004 0.00993491356 0.033560356 synchronous_release_0
0.029781 -0.0250000004 -0.0235664958 -0.0258770222 synchronous_release_0
0.029116 -0.0250000004 0.00182148443 -0.0349525706 synchronous_release_0
0.038816 -0.0250000004 -0.00182148443 0.0349525706 synchronous_release_0
0.003558 -0.0250000004 0.0347399777 0.00425839726 synchronous_release_0
0.029156 -0.0250000004 0.0254948035 0.0239794703 synchronous_release_0
0.018244 -0.0250000004 0.00016641323 0.000986056102 synchronous_release_0
0.026787 -0.0250000004 0.0295771102 -0.0187134859 synchronous_release_2
0.016988 -0.0250000004 0.0325716624 -0.0128096373 synchronous_release_0
0.025021 -0.0250000004 0.0348452648 0.00328747996 synchronous_release_0
0.034682 -0.0250000004 0.000909160699 -0.000416445463 synchronous_release_1
0.039929 -0.0250000004 0.0301082377 0.0178464009 synchronous_release_1
0.048923 -0.0250000004 0.000401317667 -0.0349976991 synchronous_release_2
0.045907 -0.0250000004 -0.0157623036 -0.0312497966 synchronous_release_1
0.023791 -0.0250000004 -0.0240941772 -0.025386426 synchronous_release_1
0.035603 -0.0250000004 -0.0184984322 0.0297120852 synchronous_release_0
0.039512 -0.0250000004 0.0184984322 -0.0297120852 synchronous_release_0
0.025708 -0.0250000004 0.0141148734 -0.0320276497 synchronous_release_0
0.020525 -0.0250000004 0.0340737997 0.00799851074 synchronous_release_0
0.024791 -0.0250000004 0.0315376299 0.0151782048 synchronous_release_0
0.040046 -0.0250000004 0.0289135259 -0.0197232863 synchronous_release_0
0.027215 -0.0250000004 0.0349730725 0.00137266171 synchronous_release_0
0.032005 -0.0250000004 -0.000959595026 0.000281384765 synchronous_release_0
0.02367 -0.0250000004 0.0148490074 -0.0316939581 synchronous_release_1
0.029991 -0.0250000004 -0.0160021561 0.0311276565 synchronous_release_1
0.043742 -0.0250000004 -0.00230426721 -0.0349240655 synchronous_release_0
0.031699 -0.0250000004 0.0313972616 0.0154664788 synchronous_release_1
0.012303 -0.0250000004 -0.0222789112 -0.0269935199 synchronous_release_0
0.030599 -0.0250000004 -0.000936881801 -0.000349646238 synchronous_release_0
0.028185 -0.0250000004 0.000877172372 0.000480175623 synchronous_release_0
0.040856 -0.0250000004 0.0349909479 -0.000795966445 synchronous_release_1
0.014975 -0.0250000004 0.0326813116 -0.0125272451 synchronous_release_0
0.025023 -0.0250000004 0.0271895683 0.0220392235 synchronous_release_0
