0.000050 0.084
0.000100 0.090
0.000150 0.095
0.000200 0.091
0.000250 0.110
0.000300 0.083
0.000350 0.078
0.000400 0.095
0.000450 0.099
0.000500 0.094
0.000550 0.074
0.000600 0.103
0.000650 0.084
0.000700 0.101
0.000750 0.097
0.000800 0.109
0.000850 0.098
0.000900 0.101
0.000950 0.107
0.001000 0.092
0.001050 0.105
0.001100 0.099
0.001150 0.111
0.001200 0.097
0.001250 0.107
0.001300 0.110
0.001350 0.098
0.001400 0.093
0.001450 0.098
0.001500 0.105
0.001550 0.085
0.001600 0.102
0.001650 0.102
0.001700 0.139
0.001750 0.100
0.001800 0.122
0.001850 0.109
0.001900 0.111
0.001950 0.117
0.002000 0.094
0.002050 0.122
0.002100 0.099
0.002150 0.154
0.002200 0.169
0.002250 0.196
0.002300 0.239
0.002350 0.290
0.002400 0.310
0.002450 0.418
0.002500 0.440
0.002550 0.597
0.002600 0.803
0.002650 1.013
0.002700 1.268
0.002750 1.701
0.002800 1.984
0.002850 2.431
0.002900 3.042
0.002950 3.667
0.003000 4.346
0.003050 4.857
0.003100 5.378
0.003150 5.954
0.003200 6.180
0.003250 6.176
0.003300 6.474
0.003350 6.266
0.003400 5.764
0.003450 5.379
0.003500 4.842
0.003550 4.330
0.003600 3.651
0.003650 3.100
0.003700 2.626
0.003750 2.284
0.003800 2.097
0.003850 1.664
0.003900 1.669
0.003950 1.379
0.004000 1.241
0.004050 1.255
0.004100 1.129
0.004150 1.068
0.004200 1.000
0.004250 0.978
0.004300 0.879
0.004350 0.923
0.004400 0.838
0.004450 0.785
0.004500 0.765
0.004550 0.851
0.004600 0.843
0.004650 0.800
0.004700 0.784
0.004750 0.744
0.004800 0.688
0.004850 0.731
0.004900 0.759
0.004950 0.723
0.005000 0.692
0.005050 0.690
0.005100 0.694
0.005150 0.649
0.005200 0.605
0.005250 0.664
0.005300 0.619
0.005350 0.691
0.005400 0.682
0.005450 0.647
0.005500 0.692
0.005550 0.654
0.005600 0.640
0.005650 0.569
0.005700 0.588
0.005750 0.648
0.005800 0.650
0.005850 0.638
0.005900 0.598
0.005950 0.664
0.006000 0.556
0.006050 0.619
0.006100 0.658
0.006150 0.545
0.006200 0.566
0.006250 0.637
0.006300 0.566
0.006350 0.611
0.006400 0.605
0.006450 0.629
0.006500 0.602
0.006550 0.544
0.006600 0.553
0.006650 0.603
0.006700 0.575
0.006750 0.551
0.006800 0.546
0.006850 0.597
0.006900 0.520
0.006950 0.616
0.007000 0.590
0.007050 0.564
0.007100 0.526
0.007150 0.556
0.007200 0.606
0.007250 0.575
0.007300 0.576
0.007350 0.544
0.007400 0.533
0.007450 0.529
0.007500 0.534
0.007550 0.547
0.007600 0.555
0.007650 0.571
0.007700 0.545
0.007750 0.558
0.007800 0.531
0.007850 0.508
0.007900 0.534
0.007950 0.524
0.008000 0.526
0.008050 0.614
0.008100 0.514
0.008150 0.574
0.008200 0.576
0.008250 0.526
0.008300 0.490
0.008350 0.530
0.008400 0.529
0.008450 0.523
0.008500 0.503
0.008550 0.548
0.008600 0.520
0.008650 0.566
0.008700 0.543
0.008750 0.535
0.008800 0.583
0.008850 0.552
0.008900 0.490
0.008950 0.584
0.009000 0.546
0.009050 0.582
0.009100 0.504
0.009150 0.485
0.009200 0.488
0.009250 0.506
0.009300 0.579
0.009350 0.548
0.009400 0.505
0.009450 0.455
0.009500 0.521
0.009550 0.571
0.009600 0.460
0.009650 0.493
0.009700 0.557
0.009750 0.539
0.009800 0.512
0.009850 0.517
0.009900 0.490
0.009950 0.512
0.010000 0.524
0.010050 0.535
0.010100 0.484
0.010150 0.437
0.010200 0.517
0.010250 0.492
0.010300 0.458
0.010350 0.485
0.010400 0.462
0.010450 0.517
0.010500 0.506
0.010550 0.503
0.010600 0.491
0.010650 0.520
0.010700 0.463
0.010750 0.498
0.010800 0.505
0.010850 0.526
0.010900 0.548
0.010950 0.544
0.011000 0.478
0.011050 0.498
0.011100 0.481
0.011150 0.519
0.011200 0.517
0.011250 0.492
0.011300 0.489
0.011350 0.472
0.011400 0.481
0.011450 0.472
0.011500 0.460
0.011550 0.471
0.011600 0.451
0.011650 0.516
0.011700 0.484
0.011750 0.475
0.011800 0.493
0.011850 0.455
0.011900 0.516
0.011950 0.456
0.012000 0.520
0.012050 0.479
0.012100 0.424
0.012150 0.555
0.012200 0.492
0.012250 0.548
0.012300 0.477
0.012350 0.474
0.012400 0.491
0.012450 0.467
0.012500 0.452
0.012550 0.472
0.012600 0.480
0.012650 0.521
0.012700 0.498
0.012750 0.499
0.012800 0.468
0.012850 0.530
0.012900 0.525
0.012950 0.436
0.013000 0.467
0.013050 0.459
0.013100 0.451
0.013150 0.501
0.013200 0.455
0.013250 0.449
0.013300 0.449
0.013350 0.497
0.013400 0.492
0.013450 0.428
0.013500 0.409
0.013550 0.491
0.013600 0.523
0.013650 0.492
0.013700 0.509
0.013750 0.504
0.013800 0.490
0.013850 0.479
0.013900 0.522
0.013950 0.470
0.014000 0.519
0.014050 0.460
0.014100 0.503
0.014150 0.542
0.014200 0.483
0.014250 0.520
0.014300 0.489
0.014350 0.465
0.014400 0.488
0.014450 0.478
0.014500 0.454
0.014550 0.445
0.014600 0.484
0.014650 0.492
0.014700 0.483
0.014750 0.466
0.014800 0.489
0.014850 0.580
0.014900 0.454
0.014950 0.489
0.015000 0.460
0.015050 0.506
0.015100 0.462
0.015150 0.458
0.015200 0.457
0.015250 0.463
0.015300 0.477
0.015350 0.445
0.015400 0.455
0.015450 0.412
0.015500 0.438
0.015550 0.470
0.015600 0.429
0.015650 0.478
0.015700 0.512
0.015750 0.506
0.015800 0.459
0.015850 0.456
0.015900 0.468
0.015950 0.426
0.016000 0.448
0.016050 0.446
0.016100 0.429
0.016150 0.468
0.016200 0.386
0.016250 0.501
0.016300 0.477
0.016350 0.421
0.016400 0.452
0.016450 0.455
0.016500 0.462
0.016550 0.488
0.016600 0.465
0.016650 0.510
0.016700 0.475
0.016750 0.441
0.016800 0.464
0.016850 0.456
0.016900 0.422
0.016950 0.496
0.017000 0.424
0.017050 0.478
0.017100 0.463
0.017150 0.469
0.017200 0.452
0.017250 0.433
0.017300 0.483
0.017350 0.446
0.017400 0.461
0.017450 0.513
0.017500 0.487
0.017550 0.479
0.017600 0.458
0.017650 0.444
0.017700 0.516
0.017750 0.443
0.017800 0.480
0.017850 0.419
0.017900 0.430
0.017950 0.482
0.018000 0.483
0.018050 0.420
0.018100 0.460
0.018150 0.460
0.018200 0.516
0.018250 0.434
0.018300 0.451
0.018350 0.450
0.018400 0.465
0.018450 0.405
0.018500 0.487
0.018550 0.480
0.018600 0.489
0.018650 0.422
0.018700 0.474
0.018750 0.418
0.018800 0.485
0.018850 0.395
0.018900 0.456
0.018950 0.460
0.019000 0.466
0.019050 0.437
0.019100 0.440
0.019150 0.433
0.019200 0.451
0.019250 0.431
0.019300 0.394
0.019350 0.438
0.019400 0.418
0.019450 0.443
0.019500 0.452
0.019550 0.466
0.019600 0.427
0.019650 0.448
0.019700 0.442
0.019750 0.484
0.019800 0.439
0.019850 0.443
0.019900 0.441
0.019950 0.434
0.020000 0.435
0.020050 0.375
0.020100 0.427
0.020150 0.441
0.020200 0.408
0.020250 0.436
0.020300 0.469
0.020350 0.511
0.020400 0.429
0.020450 0.439
0.020500 0.407
0.020550 0.449
0.020600 0.432
0.020650 0.478
0.020700 0.462
0.020750 0.494
0.020800 0.394
0.020850 0.391
0.020900 0.444
0.020950 0.449
0.021000 0.415
0.021050 0.483
0.021100 0.427
0.021150 0.468
0.021200 0.444
0.021250 0.443
0.021300 0.466
0.021350 0.449
0.021400 0.454
0.021450 0.394
0.021500 0.425
0.021550 0.408
0.021600 0.434
0.021650 0.433
0.021700 0.406
0.021750 0.416
0.021800 0.463
0.021850 0.431
0.021900 0.456
0.021950 0.453
0.022000 0.435
0.022050 0.468
0.022100 0.481
0.022150 0.586
0.022200 0.557
0.022250 0.577
0.022300 0.656
0.022350 0.772
0.022400 0.831
0.022450 0.829
0.022500 1.002
0.022550 1.197
0.022600 1.460
0.022650 1.880
0.022700 2.145
0.022750 2.679
0.022800 3.490
0.022850 3.958
0.022900 4.748
0.022950 5.455
0.023000 6.221
0.023050 7.143
0.023100 7.973
0.023150 8.460
0.023200 8.754
0.023250 9.138
0.023300 9.244
0.023350 9.087
0.023400 8.580
0.023450 7.869
0.023500 7.078
0.023550 6.456
0.023600 5.568
0.023650 4.993
0.023700 4.213
0.023750 3.806
0.023800 3.256
0.023850 3.035
0.023900 2.764
0.023950 2.439
0.024000 2.416
0.024050 2.287
0.024100 2.016
0.024150 1.949
0.024200 1.872
0.024250 1.833
0.024300 1.666
0.024350 1.586
0.024400 1.529
0.024450 1.526
0.024500 1.492
0.024550 1.496
0.024600 1.472
0.024650 1.401
0.024700 1.469
0.024750 1.434
0.024800 1.418
0.024850 1.237
0.024900 1.293
0.024950 1.310
0.025000 1.263
0.025050 1.237
0.025100 1.242
0.025150 1.270
0.025200 1.382
0.025250 1.213
0.025300 1.314
0.025350 1.232
0.025400 1.232
0.025450 1.280
0.025500 1.185
0.025550 1.197
0.025600 1.203
0.025650 1.208
0.025700 1.215
0.025750 1.218
0.025800 1.176
0.025850 1.241
0.025900 1.192
0.025950 1.197
0.026000 1.146
0.026050 1.259
0.026100 1.248
0.026150 1.165
0.026200 1.183
0.026250 1.122
0.026300 1.147
0.026350 1.059
0.026400 1.089
0.026450 1.066
0.026500 1.147
0.026550 1.109
0.026600 1.175
0.026650 1.085
0.026700 1.019
0.026750 1.138
0.026800 1.108
0.026850 1.039
0.026900 1.041
0.026950 1.099
0.027000 1.023
0.027050 1.160
0.027100 0.977
0.027150 1.073
0.027200 1.137
0.027250 1.066
0.027300 1.115
0.027350 1.098
0.027400 1.067
0.027450 1.105
0.027500 0.984
0.027550 1.092
0.027600 1.062
0.027650 1.033
0.027700 1.092
0.027750 1.138
0.027800 1.020
0.027850 0.985
0.027900 1.002
0.027950 1.066
0.028000 1.003
0.028050 0.973
0.028100 1.063
0.028150 1.031
0.028200 0.959
0.028250 0.933
0.028300 0.958
0.028350 1.037
0.028400 1.012
0.028450 1.005
0.028500 1.029
0.028550 1.037
0.028600 0.965
0.028650 1.007
0.028700 1.019
0.028750 0.954
0.028800 1.002
0.028850 0.973
0.028900 1.051
0.028950 0.999
0.029000 0.950
0.029050 0.976
0.029100 0.974
0.029150 1.014
0.029200 0.924
0.029250 0.930
0.029300 0.982
0.029350 0.937
0.029400 0.925
0.029450 1.037
0.029500 0.997
0.029550 1.035
0.029600 0.958
0.029650 0.983
0.029700 1.014
0.029750 0.989
0.029800 0.983
0.029850 0.898
0.029900 0.915
0.029950 0.933
0.030000 0.908
0.030050 0.991
0.030100 0.901
0.030150 1.002
0.030200 0.914
0.030250 1.014
0.030300 0.964
0.030350 0.939
0.030400 0.991
0.030450 0.989
0.030500 0.917
0.030550 0.925
0.030600 0.987
0.030650 0.867
0.030700 0.906
0.030750 0.976
0.030800 0.890
0.030850 0.937
0.030900 0.948
0.030950 0.939
0.031000 0.905
0.031050 0.972
0.031100 0.795
0.031150 0.930
0.031200 0.934
0.031250 0.919
0.031300 0.896
0.031350 0.969
0.031400 0.891
0.031450 0.909
0.031500 0.908
0.031550 0.958
0.031600 0.920
0.031650 0.917
0.031700 0.870
0.031750 0.871
0.031800 0.910
0.031850 0.865
0.031900 0.935
0.031950 0.834
0.032000 0.896
0.032050 0.870
0.032100 0.872
0.032150 0.880
0.032200 0.838
0.032250 0.889
0.032300 0.832
0.032350 0.911
0.032400 0.847
0.032450 0.895
0.032500 0.919
0.032550 0.861
0.032600 0.907
0.032650 0.877
0.032700 0.887
0.032750 0.877
0.032800 0.814
0.032850 0.863
0.032900 0.828
0.032950 0.928
0.033000 0.923
0.033050 0.879
0.033100 0.820
0.033150 0.854
0.033200 0.908
0.033250 0.940
0.033300 0.934
0.033350 0.906
0.033400 0.866
0.033450 0.873
0.033500 0.865
0.033550 0.854
0.033600 0.898
0.033650 0.878
0.033700 0.849
0.033750 0.826
0.033800 0.834
0.033850 0.901
0.033900 0.877
0.033950 0.906
0.034000 0.824
0.034050 0.903
0.034100 0.875
0.034150 0.820
0.034200 0.860
0.034250 0.831
0.034300 0.797
0.034350 0.816
0.034400 0.845
0.034450 0.868
0.034500 0.824
0.034550 0.846
0.034600 0.823
0.034650 0.893
0.034700 0.842
0.034750 0.844
0.034800 0.855
0.034850 0.853
0.034900 0.897
0.034950 0.955
0.035000 0.879
0.035050 0.805
0.035100 0.829
0.035150 0.854
0.035200 0.847
0.035250 0.852
0.035300 0.847
0.035350 0.829
0.035400 0.778
0.035450 0.829
0.035500 0.865
0.035550 0.823
0.035600 0.816
0.035650 0.818
0.035700 0.865
0.035750 0.818
0.035800 0.870
0.035850 0.816
0.035900 0.751
0.035950 0.833
0.036000 0.813
0.036050 0.846
0.036100 0.795
0.036150 0.833
0.036200 0.836
0.036250 0.859
0.036300 0.804
0.036350 0.819
0.036400 0.810
0.036450 0.782
0.036500 0.808
0.036550 0.823
0.036600 0.846
0.036650 0.854
0.036700 0.916
0.036750 0.851
0.036800 0.832
0.036850 0.805
0.036900 0.829
0.036950 0.827
0.037000 0.821
0.037050 0.890
0.037100 0.811
0.037150 0.825
0.037200 0.832
0.037250 0.829
0.037300 0.788
0.037350 0.767
0.037400 0.788
0.037450 0.775
0.037500 0.807
0.037550 0.785
0.037600 0.854
0.037650 0.875
0.037700 0.786
0.037750 0.799
0.037800 0.782
0.037850 0.813
0.037900 0.813
0.037950 0.858
0.038000 0.805
0.038050 0.795
0.038100 0.716
0.038150 0.781
0.038200 0.778
0.038250 0.776
0.038300 0.774
0.038350 0.770
0.038400 0.816
0.038450 0.847
0.038500 0.767
0.038550 0.793
0.038600 0.792
0.038650 0.740
0.038700 0.801
0.038750 0.838
0.038800 0.826
0.038850 0.787
0.038900 0.805
0.038950 0.766
0.039000 0.819
0.039050 0.879
0.039100 0.792
0.039150 0.869
0.039200 0.792
0.039250 0.749
0.039300 0.763
0.039350 0.789
0.039400 0.776
0.039450 0.805
0.039500 0.789
0.039550 0.736
0.039600 0.780
0.039650 0.750
0.039700 0.745
0.039750 0.780
0.039800 0.795
0.039850 0.763
0.039900 0.841
0.039950 0.753
0.040000 0.827
0.040050 0.794
0.040100 0.792
0.040150 0.787
0.040200 0.821
0.040250 0.755
0.040300 0.762
0.040350 0.726
0.040400 0.769
0.040450 0.741
0.040500 0.782
0.040550 0.765
0.040600 0.816
0.040650 0.769
0.040700 0.758
0.040750 0.831
0.040800 0.736
0.040850 0.762
0.040900 0.848
0.040950 0.759
0.041000 0.792
0.041050 0.778
0.041100 0.724
0.041150 0.804
0.041200 0.773
0.041250 0.720
0.041300 0.732
0.041350 0.783
0.041400 0.799
0.041450 0.724
0.041500 0.735
0.041550 0.703
0.041600 0.797
0.041650 0.881
0.041700 0.738
0.041750 0.745
0.041800 0.802
0.041850 0.753
0.041900 0.758
0.041950 0.744
0.042000 0.762
0.042050 0.738
0.042100 0.769
0.042150 0.701
0.042200 0.792
0.042250 0.791
0.042300 0.795
0.042350 0.736
0.042400 0.770
0.042450 0.747
0.042500 0.743
0.042550 0.737
0.042600 0.778
0.042650 0.753
0.042700 0.682
0.042750 0.698
0.042800 0.773
0.042850 0.734
0.042900 0.764
0.042950 0.749
0.043000 0.762
0.043050 0.720
0.043100 0.727
0.043150 0.706
0.043200 0.736
0.043250 0.751
0.043300 0.704
0.043350 0.736
0.043400 0.707
0.043450 0.768
0.043500 0.707
0.043550 0.734
0.043600 0.689
0.043650 0.653
0.043700 0.768
0.043750 0.709
0.043800 0.667
0.043850 0.691
0.043900 0.704
0.043950 0.715
0.044000 0.720
0.044050 0.740
0.044100 0.784
0.044150 0.724
0.044200 0.731
0.044250 0.773
0.044300 0.685
0.044350 0.730
0.044400 0.733
0.044450 0.710
0.044500 0.648
0.044550 0.713
0.044600 0.735
0.044650 0.692
0.044700 0.691
0.044750 0.712
0.044800 0.679
0.044850 0.687
0.044900 0.696
0.044950 0.694
0.045000 0.693
0.045050 0.730
0.045100 0.700
0.045150 0.734
0.045200 0.707
0.045250 0.748
0.045300 0.731
0.045350 0.700
0.045400 0.709
0.045450 0.743
0.045500 0.756
0.045550 0.679
0.045600 0.696
0.045650 0.766
0.045700 0.782
0.045750 0.731
0.045800 0.678
0.045850 0.755
0.045900 0.771
0.045950 0.679
0.046000 0.726
0.046050 0.706
0.046100 0.710
0.046150 0.753
0.046200 0.740
0.046250 0.624
0.046300 0.701
0.046350 0.737
0.046400 0.709
0.046450 0.671
0.046500 0.683
0.046550 0.641
0.046600 0.682
0.046650 0.762
0.046700 0.725
0.046750 0.758
0.046800 0.712
0.046850 0.752
0.046900 0.733
0.046950 0.699
0.047000 0.692
0.047050 0.726
0.047100 0.766
0.047150 0.677
0.047200 0.796
0.047250 0.768
0.047300 0.740
0.047350 0.763
0.047400 0.739
0.047450 0.686
0.047500 0.654
0.047550 0.700
0.047600 0.710
0.047650 0.785
0.047700 0.725
0.047750 0.634
0.047800 0.701
0.047850 0.709
0.047900 0.736
0.047950 0.772
0.048000 0.773
0.048050 0.674
0.048100 0.725
0.048150 0.696
0.048200 0.750
0.048250 0.679
0.048300 0.762
0.048350 0.706
0.048400 0.684
0.048450 0.669
0.048500 0.701
0.048550 0.743
0.048600 0.709
0.048650 0.701
0.048700 0.715
0.048750 0.704
0.048800 0.704
0.048850 0.723
0.048900 0.723
0.048950 0.700
0.049000 0.700
0.049050 0.703
0.049100 0.682
0.049150 0.694
0.049200 0.654
0.049250 0.768
0.049300 0.659
0.049350 0.689
0.049400 0.703
0.049450 0.717
0.049500 0.704
0.049550 0.685
0.049600 0.699
0.049650 0.752
0.049700 0.703
0.049750 0.715
0.049800 0.771
0.049850 0.718
0.049900 0.727
0.049950 0.769
0.050000 0.697
