0.023525 -0.0250000004 0.0133167239 0.0323676515 synchronous_release_0
0.003756 -0.0250000004 0.0227534412 0.0265947535 synchronous_release_0
0.006679 -0.0250000004 0.0116550115 -0.0330024349 synchronous_release_1
0.023642 -0.0250000004 0.0316950678 -0.0148466385 synchronous_release_0
0.043699 -0.0250000004 -0.0316950678 0.0148466385 synchronous_release_0
0.005476 -0.0250000004 0.0346968829 0.0045963372 synchronous_release_0
0.036351 -0.0250000004 -0.0345750092 0.00543771453 synchronous_release_0
0.007997 -0.0250000004 0.0345750092 -0.00543771453 synchronous_release_1
0.023536 -0.0250000004 0.0125783057 -0.0326616936 synchronous_release_1
0.023869 -0.0250000004 0.0208473682 -0.0281138264 synchronous_release_1
0.023488 -0.0250000004 0.0231862572 -0.0262182661 synchronous_release_0
0.032088 -0.0250000004 -0.000948257737 0.000317501598 synchronous_release_0
0.037934 -0.0250000004 -0.0111125559 -0.0331890208 synchronous_release_0
0.013689 -0.0250000004 -0.00266669049 -0.034898263 synchronous_release_0
0.023883 -0.0250000004 0.0288894371 -0.0197585532 synchronous_release_0
0.025074 -0.0250000004 0.00266669049 0.034898263 synchronous_release_0
0.029383 -0.0250000004 0.0315561276 0.0151397098 synchronous_release_0
0.023951 -0.0250000004 0.0349088238 0.00252468291 synchronous_release_0
0.02969 -0.0250000004 -0.0196408514 0.0289695867 synchronous_release_1
0.02385 -0.0250000004 0.032181777 -0.0137598412 synchronous_release_0
0.03365 -0.0250000004 0.0280072605 0.0209903158 synchronous_release_2
0.004404 -0.0250000004 0.0249968177 0.024498145 synchronous_release_0
0.021116 -0.0250000004 0.0337144247 -0.00939880661 synchronous_release_0
0.023785 -0.0250000004 0.0582621573 0.016748762 synchronous_release_0
0.023763 -0.0250000004 0.00344327558 -0.0348302147 synchronous_release_0
0.026986 -0.0250000004 0.0284422129 0.0203970715 synchronous_release_0
0.028584 -0.0250000004 0.0254709317 0.0240048253 synchronous_release_0
0.024624 -0.0250000004 -0.0297576996 0.0184249644 synchronous_release_0
0.028298 -0.0250000004 0.0297576996 -0.0184249644 synchronous_release_0
0.023666 -0.0250000004 0.0202983992 -0.0285127163 synchronous_release_0
0.030864 -0.0250000004 0.0348419362 0.00332257121 synchronous_release_0
0.023535 -0.0250000004 0.0300113173 -0.0180089099 synchronous_release_0
0.024807 -0.0250000004 0.000590514837 0.0349950181 synchronous_release_0
0.023932 -0.0250000004 0.034900517 -0.00263702738 synchronous_release_0
0.025434 -0.0250000004 0.0151665258 -0.031543248 synchronous_release_0
0.005133 -0.0250000004 0.000120159913 0.000992754549 synchronous_release_0
0.024469 -0.0250000004 0.0347464092 -0.00420559694 synchronous_release_0
0.028992 -0.0250000004 0.0137310508 -0.0321940716 synchronous_release_0
0.030928 -0.0250000004 -0.0137310508 0.0321940716 synchronous_release_0
0.024289 -0.0250000004 -0.0203647767 -0.0284653451 synchronous_release_0
0.026656 -0.0250000004 0.0203647767 0.0284653451 synchronous_release_0
0.02507 -0.0250000004 0.034976945 -0.00127016435 synchronous_release_0
0.008691 -0.0250000004 -0.0259642077 0.0234704052 synchronous_release_0
0.026801 -0.0250000004 0.000307156025 -0.00095165917 synchronous_release_0
0.024395 -0.0250000004 -0.000938814603 0.00034442291 synchronous_release_0
0.028702 -0.0250000004 -0.0344837063 -0.0059894909 synchronous_release_0
0.036594 -0.0250000004 0.0344837063 0.0059894909 synchronous_release_0
0.01423 -0.0250000004 0.0300007825 0.0180264541 synchronous_release_1
0.031436 -0.0250000004 -0.000484806079 -0.00087462167 synchronous_release_1
0.027967 -0.0250000004 0.0306117584 -0.0169682128 synchronous_release_2
0.014428 -0.0250000004 0.028146513 0.0208032163 synchronous_release_0
0.023755 -0.0250000004 0.0320893703 -0.0139739871 synchronous_release_0
0.043653 -0.0250000004 -0.00394285733 0.0347772034 synchronous_release_1
0.004374 -0.0250000004 0.0295751341 -0.0187166088 synchronous_release_0
0.023673 -0.0250000004 0.00142149167 0.0349711218 synchronous_release_1
0.024106 -0.0250000004 0.0349665101 -0.00153074195 synchronous_release_1
0.024283 -0.0250000004 0.00916462946 -0.0337788331 synchronous_release_0
0.027466 -0.0250000004 0.000991717935 -0.000128434953 synchronous_release_0
0.005966 -0.0250000004 0.0348909929 0.00276018438 synchronous_release_0
0.024186 -0.0250000004 0.0150551066 0.0315965784 synchronous_release_0
0.006375 -0.0250000004 0.0198358862 -0.028836394 synchronous_release_1
0.031604 -0.0250000004 -0.000966445618 -0.000256871304 synchronous_release_0
0.02814 -0.0250000004 0.0151913706 0.0315312902 synchronous_release_0
0.027189 -0.0250000004 0.0332469093 -0.0109381452 synchronous_release_1
0.003308 -0.0250000004 0.0262027796 0.023203757 synchronous_release_0
0.026083 -0.0250000004 0.0331964328 -0.0110903943 synchronous_release_0
0.024561 -0.0250000004 0.0196046896 0.0289940709 synchronous_release_0
0.025124 -0.0250000004 0.0318669212 0.0144740918 synchronous_release_0
0.023489 -0.0250000004 0.0284683918 -0.0203605174 synchronous_release_1
0.027918 -0.0250000004 -0.00198679215 -0.0349435639 synchronous_release_0
0.024236 -0.0250000004 0.0119268592 0.0329051672 synchronous_release_0
0.015405 -0.0250000004 -0.000940147635 0.000340767406 synchronous_release_1
0.023825 -0.0250000004 -0.0222824393 0.0269906076 synchronous_release_0
0.031061 -0.0250000004 0.0222824393 -0.0269906076 synchronous_release_0
0.003661 -0.0250000004 -0.0340268783 -0.00819582551 synchronous_release_0
0.024746 -0.0250000004 0.0241112322 -0.0253702282 synchronous_release_0
0.027972 -0.0250000004 0.000724863664 0.000688892349 synchronous_release_1
0.033152 -0.0250000004 -0.030607479 -0.0169759309 synchronous_release_0
0.029572 -0.0250000004 -0.00416183514 0.0347516781 synchronous_release_0
0.024132 -0.0250000004 0.0601845256 0.00726793475 synchronous_release_0
0.02391 -0.0250000004 0.0281553323 0.0207912786 synchronous_release_0
0.031865 -0.0250000004 0.0320834416 -0.0139875937 synchronous_release_0
0.03111 -0.0250000004 -0.00665468618 0.0343615359 synchronous_release_0
0.023729 -0.0250000004 0.0340593206 0.00805994274 synchronous_release_0
0.031838 -0.0250000004 0.0240097755 -0.0254662655 synchronous_release_0
0.046409 -0.0250000004 -0.021674412 0.0274812638 synchronous_release_0
0.023789 -0.0250000004 0.0343949118 0.00647997251 synchronous_release_0
0.032128 -0.0250000004 -0.0343949118 -0.00647997251 synchronous_release_0
0.023647 -0.0250000004 0.0347714762 0.00399304893 synchronous_release_0
0.039251 -0.0250000004 0.0139276563 0.0321095062 synchronous_release_0
0.006137 -0.0250000004 0.0176188578 0.0302419551 synchronous_release_0
0.028222 -0.0250000004 -0.0349997303 0.000137400932 synchronous_release_0
0.032284 -0.0250000004 3.9257409e-06 0.000999992294 synchronous_release_0
0.004135 -0.0250000004 -0.0176188578 -0.0302419551 synchronous_release_1
0.004884 -0.0250000004 -0.0305260433 -0.0171219357 synchronous_release_0
0.025601 -0.0250000004 0.0300910529 -0.0178753611 synchronous_release_0
0.024032 -0.0250000004 0.0259837695 -0.0234487468 synchronous_release_1
0.03526 -0.0250000004 -0.00731532566 -0.0342269778 synchronous_release_1
0.025605 -0.0250000004 0.0270486713 0.0222119198 synchronous_release_0
0.004887 -0.0250000004 -0.0224589073 0.0268439468 synchronous_release_0
0.025919 -0.0250000004 0.0344769936 0.00602801086 synchronous_release_0
0.026671 -0.0250000004 -0.0689539871 -0.0120560217 synchronous_release_0
0.024518 -0.0250000004 0.0224589073 -0.0268439468 synchronous_release_1
0.023572 -0.0250000004 0.0334720911 0.0102283486 synchronous_release_0
0.014342 -0.0250000004 0.0288069686 0.0198785955 synchronous_release_0
0.029641 -0.0250000004 0.0028118844 -0.0348868644 synchronous_release_0
0.003646 -0.0250000004 0.0297625916 -0.0184170612 synchronous_release_0
0.024269 -0.0250000004 0.000999534028 -3.0524202e-05 synchronous_release_0
0.025319 -0.0250000004 0.0271761383 -0.0220557818 synchronous_release_0
0.041974 -0.0250000004 0.00551279819 0.034563117 synchronous_release_0
0.024449 -0.0250000004 -0.024899807 0.0245967399 synchronous_release_0
0.023924 -0.0250000004 0.000702763997 0.000711423056 synchronous_release_1
0.025563 -0.0250000004 0.000988008527 0.000154399325 synchronous_release_1
0.00545 -0.0250000004 0.034860065 -0.00312663846 synchronous_release_0
0.025626 -0.0250000004 0.0147222842 -0.0317530211 synchronous_release_0
0.035938 -0.0250000004 -0.0147222842 0.0317530211 synchronous_release_0
0.029558 -0.0250000004 0.0270032358 -0.022267134 synchronous_release_1
0.024448 -0.0250000004 0.0349999898 -2.67235026e-05 synchronous_release_1
0.003386 -0.0250000004 0.0327962969 -0.0122230484 synchronous_release_0
0.025039 -0.0250000004 -0.00581267805 0.0345139504 synchronous_release_0
0.040672 -0.0250000004 -0.0269836188 -0.0222909021 synchronous_release_0
0.007286 -0.0250000004 0.0164034403 -0.0309180715 synchronous_release_0
0.023711 -0.0250000004 0.0185741152 0.0296648318 synchronous_release_0
0.006654 -0.0250000004 0.0193755607 -0.0291476869 synchronous_release_0
0.003736 -0.0250000004 0.0249501816 -0.0245456399 synchronous_release_0
0.033061 -0.0250000004 0.0337322385 0.00933467113 synchronous_release_0
0.023644 -0.0250000004 0.000974745647 -0.000223317989 synchronous_release_0
0.026934 -0.0250000004 0.0256373424 -0.0238270156 synchronous_release_0
0.03322 -0.0250000004 0.00781612961 0.0341160976 synchronous_release_1
0.02395 -0.0250000004 -0.0237663862 -0.0256935573 synchronous_release_0
0.024014 -0.0250000004 0.0299541867 -0.0181037759 synchronous_release_1
0.011046 -0.0250000004 -0.023009719 0.0263733356 synchronous_release_0
0.031549 -0.0250000004 0.0258659758 0.0235786195 synchronous_release_1
0.023682 -0.0250000004 0.0349755978 -0.00130673456 synchronous_release_0
0.033091 -0.0250000004 0.0163561336 -0.0309431235 synchronous_release_1
0.009319 -0.0250000004 0.0249516776 -0.0245441192 synchronous_release_0
0.023929 -0.0250000004 0.00877999193 0.0338808462 synchronous_release_0
0.027372 -0.0250000004 -0.00877999193 -0.0338808462 synchronous_release_0
0.004584 -0.0250000004 0.000958952929 -0.000283565301 synchronous_release_0
0.023404 -0.0250000004 0.0241043232 -0.0253767927 synchronous_release_1
0.026447 -0.0250000004 -0.00673594338 -0.0343456994 synchronous_release_0
0.026164 -0.0250000004 0.0328632946 0.0120417552 synchronous_release_0
0.026478 -0.0250000004 0.0262897766 0.0231051433 synchronous_release_0
0.028833 -0.0250000004 -0.0258747689 0.0235689697 synchronous_release_0
0.023551 -0.0250000004 0.033348711 0.0106237224 synchronous_release_1
0.003471 -0.0250000004 0.0345829422 -0.00538703152 synchronous_release_0
0.008903 -0.0250000004 -0.012626165 0.0326432222 synchronous_release_0
0.023647 -0.0250000004 0.0219567773 0.0272561907 synchronous_release_0
0.024416 -0.0250000004 -0.0345511507 0.00558730548 synchronous_release_0
0.038802 -0.0250000004 0.000775100615 -0.000631837824 synchronous_release_1
0.029747 -0.0250000004 0.0102275069 0.0334723483 synchronous_release_0
0.01832 -0.0250000004 0.0159870773 0.0311354036 synchronous_release_0
0.026548 -0.0250000004 4.92139077e-05 -0.000998788261 synchronous_release_0
0.026037 -0.0250000004 -0.00282375676 -0.0348859054 synchronous_release_0
0.026808 -0.0250000004 0.0342232575 -0.00733271071 synchronous_release_0
0.030599 -0.0250000004 0.010761315 -0.0333045657 synchronous_release_1
0.03012 -0.0250000004 0.0344476819 -0.00619332001 synchronous_release_0
0.024031 -0.0250000004 -0.000763883074 0.000645354669 synchronous_release_1
0.034439 -0.0250000004 0.0115978989 -0.033022549 synchronous_release_0
0.027434 -0.0250000004 -0.0227994168 -0.0265553496 synchronous_release_1
0.024924 -0.0250000004 0.000148341581 0.000988936184 synchronous_release_0
0.023199 -0.0250000004 0.0093273362 -0.0337342674 synchronous_release_0
0.023227 -0.0250000004 -0.00123402616 -0.0349782387 synchronous_release_0
0.026774 -0.0250000004 -0.0296750302 0.0185578173 synchronous_release_1
0.024402 -0.0250000004 0.0143885401 0.0319056408 synchronous_release_1
0.023633 -0.0250000004 0.0302533166 0.0175993418 synchronous_release_0
0.037324 -0.0250000004 0.0303681354 -0.0174004698 synchronous_release_0
0.028525 -0.0250000004 -0.0324358853 -0.013149652 synchronous_release_0
0.004018 -0.0250000004 0.0330033434 -0.0116524385 synchronous_release_0
0.02447 -0.0250000004 0.0265929795 0.0227555146 synchronous_release_1
0.024044 -0.0250000004 0.0143306334 -0.0319316919 synchronous_release_0
0.024448 -0.0250000004 0.0348189731 -0.0035551534 synchronous_release_0
0.024052 -0.0250000004 0.0339758249 -0.00840495815 synchronous_release_1
0.005067 -0.0250000004 0.0115040367 -0.0330553647 synchronous_release_0
0.025007 -0.0250000004 0.0228747672 0.0264904704 synchronous_release_0
0.032755 -0.0250000004 -0.0115040367 0.0330553647 synchronous_release_0
0.024062 -0.0250000004 0.0246056526 -0.0248909996 synchronous_release_0
0.02435 -0.0250000004 0.000253246298 -0.000967401836 synchronous_release_1
0.031293 -0.0250000004 0.0338590643 0.00886362042 synchronous_release_1
0.02485 -0.0250000004 0.0343799716 -0.00655877686 synchronous_release_0
0.023698 -0.0250000004 0.0234666563 -0.025967596 synchronous_release_0
0.025371 -0.0250000004 0.000951614814 -0.000307293421 synchronous_release_0
0.036957 -0.0250000004 0.00842599362 -0.0339706142 synchronous_release_0
0.023613 -0.0250000004 0.0250665737 0.0244267658 synchronous_release_0
0.005345 -0.0250000004 0.024824929 0.0246723104 synchronous_release_1
0.025393 -0.0250000004 0.0337793121 -0.00916286393 synchronous_release_2
0.024596 -0.0250000004 0.000508556522 -0.000861028608 synchronous_release_0
0.032477 -0.0250000004 -0.000346799714 0.0349982818 synchronous_release_0
0.028789 -0.0250000004 0.000923048586 0.000384683387 synchronous_release_0
0.030688 -0.0250000004 0.0212464641 0.0278134457 synchronous_release_0
0.0258 -0.0250000004 0.0334015202 -0.0104565027 synchronous_release_0
0.02358 -0.0250000004 -0.0334015202 0.0104565027 synchronous_release_1
0.023528 -0.0250000004 0.00641525741 -0.034407041 synchronous_release_0
0.024106 -0.0250000004 0.0265897429 0.0227592964 synchronous_release_0
0.026937 -0.0250000004 0.0330050003 -0.0116477446 synchronous_release_0
0.011361 -0.0250000004 0.0164283879 0.0309048228 synchronous_release_0
0.034336 -0.0250000004 0.0349785556 0.0012250101 synchronous_release_0
0.024247 -0.0250000004 0.0185501677 -0.0296798127 synchronous_release_1
0.02356 -0.0250000004 0.0345266587 0.00573671001 synchronous_release_0
0.024901 -0.0250000004 -0.0349999471 -6.08566882e-05 synchronous_release_0
0.047328 -0.0250000004 0.0349999471 6.08566882e-05 synchronous_release_1
0.028377 -0.0250000004 0.0156953464 -0.0312834797 synchronous_release_0
0.023794 -0.0250000004 -0.0248165212 0.0246807673 synchronous_release_0
0.035661 -0.0250000004 0.0337824321 0.00915135414 synchronous_release_0
0.023308 -0.0250000004 0.0236631034 0.0257887095 synchronous_release_0
0.030499 -0.0250000004 -0.0105021259 0.0333872034 synchronous_release_0
0.024331 -0.0250000004 0.000907771116 -0.000419465851 synchronous_release_0
0.00661 -0.0250000004 -0.0349534255 -0.00180500534 synchronous_release_0
0.026995 -0.0250000004 -0.0197466735 0.0288975584 synchronous_release_0
0.027396 -0.0250000004 0.0197466735 -0.0288975584 synchronous_release_0
0.023153 -0.0250000004 0.0203097192 -0.0285046541 synchronous_release_0
0.021903 -0.0250000004 -0.0172212919 0.0304701018 synchronous_release_0
0.02943 -0.0250000004 -0.0349985282 0.000320974608 synchronous_release_0
0.023769 -0.0250000004 0.0234750231 -0.0259600326 synchronous_release_0
0.025045 -0.0250000004 0.0107445362 0.0333099826 synchronous_release_0
0.030317 -0.0250000004 0.000209998573 -0.000977701692 synchronous_release_1
0.025412 -0.0250000004 0.0275383899 -0.0216017843 synchronous_release_0
0.030654 -0.0250000004 -0.0324768889 -0.0130480531 synchronous_release_0
0.024247 -0.0250000004 0.0125310623 -0.0326798482 synchronous_release_0
0.031588 -0.0250000004 0.0220360475 0.0271921424 synchronous_release_0
0.044992 -0.0250000004 -0.0220360475 -0.0271921424 synchronous_release_0
0.025748 -0.0250000004 0.0221031284 -0.0271376439 synchronous_release_0
0.025557 -0.0250000004 0.00861010797 -0.0339244166 synchronous_release_0
0.024066 -0.0250000004 -0.034355488 -0.0066858392 synchronous_release_0
0.008244 -0.0250000004 0.0229678506 -0.0264098057 synchronous_release_1
0.040303 -0.0250000004 0.034355488 0.0066858392 synchronous_release_1
0.023389 -0.0250000004 0.0317978745 -0.0146251557 synchronous_release_0
0.030962 -0.0250000004 -0.00323318088 0.0348503449 synchronous_release_0
0.026121 -0.0250000004 0.0148921725 -0.0316736988 synchronous_release_1
0.006663 -0.0250000004 0.0349768477 0.0012728407 synchronous_release_0
0.040189 -0.0250000004 -0.0349768477 -0.0012728407 synchronous_release_0
0.023582 -0.0250000004 0.0349340241 -0.00214801347 synchronous_release_0
0.025355 -0.0250000004 0.0131009314 -0.0324555942 synchronous_release_0
0.038995 -0.0250000004 0.0215569034 0.0275735365 synchronous_release_1
0.024137 -0.0250000004 0.00025242278 -0.000967617042 synchronous_release_0
0.024305 -0.0250000004 0.0197808204 -0.0288741951 synchronous_release_0
0.027904 -0.0250000004 -0.0151153763 -0.0315677906 synchronous_release_1
0.033544 -0.0250000004 -7.69598698e-05 0.000997034191 synchronous_release_1
0.023989 -0.0250000004 -0.00271916938 0.0348942132 synchronous_release_0
0.030883 -0.0250000004 0.0315788598 -0.0150922369 synchronous_release_0
0.036822 -0.0250000004 0.0346795178 -0.00472557354 synchronous_release_1
0.030625 -0.0250000004 0.0132472922 -0.0323961302 synchronous_release_2
0.005685 -0.0250000004 0.0190527908 -0.029359686 synchronous_release_0
0.013749 -0.0250000004 0.0158998385 0.0311800439 synchronous_release_0
0.029825 -0.0250000004 -0.0174121224 0.0303614557 synchronous_release_0
0.024308 -0.0250000004 0.000867470164 0.00049748921 synchronous_release_2
0.008086 -0.0250000004 0.00512634149 0.034622545 synchronous_release_0
0.024209 -0.0250000004 0.0274208328 -0.0217508145 synchronous_release_0
0.028483 -0.0250000004 -0.00512634149 -0.034622545 synchronous_release_0
0.034681 -0.0250000004 -0.0325471743 -0.0128717305 synchronous_release_0
0.03664 -0.0250000004 -0.000621451842 -0.000783452365 synchronous_release_0
0.023674 -0.0250000004 -0.000644481101 -0.000764620239 synchronous_release_0
0.024473 -0.0250000004 0.0267617084 -0.0225568385 synchronous_release_0
0.023635 -0.0250000004 0.000839138744 -0.000543917428 synchronous_release_0
0.027914 -0.0250000004 -0.0159164864 0.0311715489 synchronous_release_0
0.037323 -0.0250000004 0.01903711 0.029369856 synchronous_release_0
0.028521 -0.0250000004 0.0349535964 -0.00180169284 synchronous_release_1
0.015227 -0.0250000004 0.00708316547 0.0342757752 synchronous_release_0
0.023765 -0.0250000004 0.0302815749 -0.0175506758 synchronous_release_0
0.025 -0.0250000004 -0.0277748827 -0.0212968516 synchronous_release_0
0.023166 -0.0250000004 0.0236405643 -0.0258093727 synchronous_release_0
0.033207 -0.0250000004 -0.0236405643 0.0258093727 synchronous_release_0
0.005555 -0.0250000004 0.0282757419 -0.0206272252 synchronous_release_0
0.037852 -0.0250000004 0.00372583005 0.0348011234 synchronous_release_0
0.032897 -0.0250000004 0.032001572 0.0141738982 synchronous_release_1
0.024433 -0.0250000004 -0.00349094642 0.034825469 synchronous_release_0
0.032596 -0.0250000004 -0.000995013401 -9.97413262e-05 synchronous_release_1
0.023954 -0.0250000004 0.0306040044 0.016982194 synchronous_release_0
0.039843 -0.0250000004 0.000594990831 0.0349949423 synchronous_release_0
0.02342 -0.0250000004 0.0349126621 0.00247103749 synchronous_release_0
0.026842 -0.0250000004 0.0195963123 -0.0289997335 synchronous_release_0
0.023516 -0.0250000004 0.00996002697 -0.0335529114 synchronous_release_0
0.025805 -0.0250000004 -0.0217169979 -0.0274476229 synchronous_release_0
0.026644 -0.0250000004 0.0299725074 0.0180734281 synchronous_release_0
0.003412 -0.0250000004 0.0137164321 -0.0322003027 synchronous_release_0
0.025388 -0.0250000004 -0.0210280641 -0.02797893 synchronous_release_0
0.036572 -0.0250000004 0.0210280641 0.02797893 synchronous_release_1
0.043669 -0.0250000004 0.0347444961 -0.0042213727 synchronous_release_1
0.025682 -0.0250000004 -0.00727978148 0.0696204336 synchronous_release_0
0.025694 -0.0250000004 -0.01532791 -0.0314651422 synchronous_release_0
0.027751 -0.0250000004 -0.0342952779 0.00698812676 synchronous_release_0
0.011171 -0.0250000004 0.0110957436 -0.0331946452 synchronous_release_1
0.024241 -0.0250000004 0.0342952779 -0.00698812676 synchronous_release_1
0.004147 -0.0250000004 0.0299630202 -0.018089152 synchronous_release_0
0.02427 -0.0250000004 0.0306471753 0.0169041607 synchronous_release_0
0.02408 -0.0250000004 0.0326030053 -0.0127296522 synchronous_release_0
0.028121 -0.0250000004 -0.00527730047 0.0345998569 synchronous_release_1
0.032033 -0.0250000004 0.0131506582 0.0324354773 synchronous_release_0
0.003948 -0.0250000004 0.000343147248 0.000939281622 synchronous_release_0
0.023614 -0.0250000004 0.0328748568 -0.0120101537 synchronous_release_0
0.027605 -0.0250000004 0.0301643281 0.0177514312 synchronous_release_1
0.029762 -0.0250000004 -0.0349224794 -0.00232818298 synchronous_release_0
0.024842 -0.0250000004 0.000403230062 0.000915098638 synchronous_release_0
0.041646 -0.0250000004 0.0320284523 -0.0141130522 synchronous_release_0
0.026525 -0.0250000004 0.0234424044 -0.0259894916 synchronous_release_1
0.027628 -0.0250000004 0.0174393214 -0.0303458411 synchronous_release_0
0.024137 -0.0250000004 -0.0273998616 0.0217772263 synchronous_release_0
0.031022 -0.0250000004 0.032559562 0.0128403631 synchronous_release_0
0.024953 -0.0250000004 0.0220049092 0.0272173468 synchronous_release_0
0.003648 -0.0250000004 0.0337555829 0.00924989858 synchronous_release_0
0.023556 -0.0250000004 0.0276518605 0.021456342 synchronous_release_0
0.028189 -0.0250000004 -0.0276518605 -0.021456342 synchronous_release_0
0.032025 -0.0250000004 0.000613038344 -0.000790053156 synchronous_release_0
0.042482 -0.0250000004 -0.0190884377 -0.0293365224 synchronous_release_0
0.023343 -0.0250000004 0.0273792177 -0.0218031749 synchronous_release_1
0.031133 -0.0250000004 0.0325717122 0.0128095106 synchronous_release_1
0.022868 -0.0250000004 0.0333006008 -0.0107735782 synchronous_release_0
0.003841 -0.0250000004 0.0289300686 0.0196990135 synchronous_release_0
0.042832 -0.0250000004 0.0315248804 -0.0152046676 synchronous_release_0
0.043006 -0.0250000004 -0.0289300686 -0.0196990135 synchronous_release_0
0.024696 -0.0250000004 -0.00259481181 0.0349036811 synchronous_release_1
0.023923 -0.0250000004 -0.000917639687 -0.000397413393 synchronous_release_0
0.027649 -0.0250000004 0.0208597404 0.0281046478 synchronous_release_0
0.027725 -0.0250000004 0.0273316772 0.0218627404 synchronous_release_1
0.023943 -0.0250000004 0.0325184185 0.0129442056 synchronous_release_0
0.023791 -0.0250000004 -0.00602564233 -0.0344774076 synchronous_release_0
0.027373 -0.0250000004 0.0268454897 -0.0224570631 synchronous_release_0
0.037607 -0.0250000004 0.00602564233 0.0344774076 synchronous_release_0
0.024157 -0.0250000004 0.000630697439 0.000776028827 synchronous_release_0
0.025316 -0.0250000004 0.0349854519 -0.00100903655 synchronous_release_1
0.029822 -0.0250000004 -0.00388531016 0.0347836796 synchronous_release_0
0.022817 -0.0250000004 0.0315267618 -0.0152007662 synchronous_release_0
0.036687 -0.0250000004 0.00259913118 -0.0349033597 synchronous_release_0
0.030257 -0.0250000004 0.0337315425 0.00933718582 synchronous_release_0
0.024624 -0.0250000004 -0.0234966256 0.0259404816 synchronous_release_1
0.045122 -0.0250000004 -0.0311877036 -0.0158848085 synchronous_release_0
0.007179 -0.0250000004 -0.0319638428 0.0142587781 synchronous_release_0
0.006375 -0.0250000004 0.0283303854 0.0205521108 synchronous_release_1
0.023316 -0.0250000004 0.0328850663 0.0119821706 synchronous_release_0
0.036337 -0.0250000004 -0.00606566907 -0.0344703881 synchronous_release_0
0.00843 -0.0250000004 0.0296037631 -0.0186712938 synchronous_release_0
0.012862 -0.0250000004 0.00136793321 0.0349732578 synchronous_release_0
0.023543 -0.0250000004 0.0309716963 0.016301964 synchronous_release_0
0.024582 -0.0250000004 -0.0309716963 -0.016301964 synchronous_release_0
0.023329 -0.0250000004 0.000441917817 -0.000897055541 synchronous_release_0
0.008386 -0.0250000004 0.0159688154 -0.0311447738 synchronous_release_0
0.024787 -0.0250000004 0.034956573 -0.00174298712 synchronous_release_0
0.025068 -0.0250000004 0.007131542 -0.0342657425 synchronous_release_1
0.003823 -0.0250000004 0.0339453491 0.00852720789 synchronous_release_0
0.02988 -0.0250000004 -0.000759804955 -0.000650151083 synchronous_release_0
0.024399 -0.0250000004 0.0344080077 0.00641007068 synchronous_release_2
0.010404 -0.0250000004 0.000826199987 -0.000563376945 synchronous_release_0
0.028065 -0.0250000004 0.0349019527 -0.00261795634 synchronous_release_0
0.007748 -0.0250000004 0.00341691313 0.0348328107 synchronous_release_0
0.010071 -0.0250000004 0.0314113456 0.015437855 synchronous_release_0
0.030243 -0.0250000004 0.000822156537 0.0349903424 synchronous_release_0
0.045197 -0.0250000004 -0.000822156537 -0.0349903424 synchronous_release_0
0.027877 -0.0250000004 0.0109440185 0.0332449765 synchronous_release_0
0.024373 -0.0250000004 0.0290886287 0.0194641127 synchronous_release_1
0.027542 -0.0250000004 0.0314007304 -0.015459435 synchronous_release_1
0.024089 -0.0250000004 0.00345207466 0.0348293437 synchronous_release_0
0.025397 -0.0250000004 0.0318891337 0.0144250875 synchronous_release_0
0.035368 -0.0250000004 0.0284370591 -0.0204042562 synchronous_release_0
0.00874 -0.0250000004 -0.0126626943 -0.0326290695 synchronous_release_0
0.026145 -0.0250000004 0.0219262559 -0.0272807496 synchronous_release_0
0.023441 -0.0250000004 0.0349233497 -0.00231509086 synchronous_release_1
0.034291 -0.0250000004 0.00841085828 0.0339743648 synchronous_release_1
0.023445 -0.0250000004 -0.0320399648 0.0140868966 synchronous_release_0
0.030233 -0.0250000004 0.0180371738 -0.0299943388 synchronous_release_0
0.004843 -0.0250000004 -0.0349999861 3.12088932e-05 synchronous_release_0
0.023677 -0.0250000004 0.0341393288 -0.00771402829 synchronous_release_0
0.0245 -0.0250000004 0.0346976419 -0.00459060388 synchronous_release_0
0.02812 -0.0250000004 -0.000792963927 0.000609268587 synchronous_release_0
0.025532 -0.0250000004 0.0347125272 0.00447665651 synchronous_release_0
0.024284 -0.0250000004 -0.0274057026 -0.0217698752 synchronous_release_0
0.004898 -0.0250000004 0.0130060163 -0.0324937462 synchronous_release_0
0.02979 -0.0250000004 0.0249534752 -0.0245422915 synchronous_release_0
0.02378 -0.0250000004 0.00877751032 0.0338814892 synchronous_release_1
0.023952 -0.0250000004 0.0269233754 -0.022363628 synchronous_release_0
0.024817 -0.0250000004 -0.0132568435 -0.0323922229 synchronous_release_0
0.026733 -0.0250000004 0.0132568435 0.0323922229 synchronous_release_1
0.032664 -0.0250000004 0.000925492082 -0.000378766956 synchronous_release_1
0.005691 -0.0250000004 -0.00931060397 0.0337388893 synchronous_release_0
0.015767 -0.0250000004 0.0245634333 0.0249326642 synchronous_release_0
0.02358 -0.0250000004 -0.000963968267 -0.000266017256 synchronous_release_0
0.031449 -0.0250000004 0.00931060397 -0.0337388893 synchronous_release_0
0.024033 -0.0250000004 0.0156423549 0.0313100101 synchronous_release_0
0.040882 -0.0250000004 -0.0192940867 0.0292016818 synchronous_release_0
0.024402 -0.0250000004 0.0317020462 -0.0148317317 synchronous_release_0
0.024008 -0.0250000004 -0.0349409541 0.00203217295 synchronous_release_0
0.042396 -0.0250000004 0.0157105636 -0.0312758404 synchronous_release_0
0.005405 -0.0250000004 -0.0242040372 0.0252817045 synchronous_release_0
0.030825 -0.0250000004 0.0242040372 -0.0252817045 synchronous_release_0
0.023813 -0.0250000004 -0.00600775152 -0.0344805296 synchronous_release_0
0.026069 -0.0250000004 -0.0328648903 -0.0120373994 synchronous_release_1
0.026706 -0.0250000004 -0.0203326893 -0.0284882739 synchronous_release_0
0.040458 -0.0250000004 -0.0145052242 0.0318527624 synchronous_release_0
0.027614 -0.0250000004 0.0331419668 0.0112521126 synchronous_release_0
0.023831 -0.0250000004 0.029044096 -0.0195305015 synchronous_release_0
0.034896 -0.0250000004 -0.0314359584 -0.0153876742 synchronous_release_0
0.027012 -0.0250000004 0.0314359584 0.0153876742 synchronous_release_1
0.005206 -0.0250000004 0.0259550958 0.0234804813 synchronous_release_0
0.010697 -0.0250000004 0.000977657513 0.000210204155 synchronous_release_0
0.024331 -0.0250000004 -0.000459236054 0.000888314272 synchronous_release_0
0.043751 -0.0250000004 0.00162564665 0.0349622264 synchronous_release_0
0.024322 -0.0250000004 -0.00127423066 -0.0349767971 synchronous_release_0
0.027399 -0.0250000004 -0.0296536795 0.0185919147 synchronous_release_0
0.036285 -0.0250000004 0.0296536795 -0.0185919147 synchronous_release_1
0.009379 -0.0250000004 0.0349577908 0.00171838892 synchronous_release_0
0.019697 -0.0250000004 -0.015990727 -0.0311335294 synchronous_release_0
0.035524 -0.0250000004 0.0299494725 0.0181115736 synchronous_release_0
0.016027 -0.0250000004 0.0349766876 -0.00127723223 synchronous_release_0
0.037534 -0.0250000004 0.000847202398 -0.000531270268 synchronous_release_0
0.027026 -0.0250000004 0.0335330287 0.0100267635 synchronous_release_0
0.024492 -0.0250000004 0.00903112165 -0.0338147725 synchronous_release_0
0.028055 -0.0250000004 0.000706530487 -0.000707682606 synchronous_release_0
0.003942 -0.0250000004 0.0338000129 -0.00908620549 synchronous_release_1
0.004644 -0.0250000004 0.031797311 0.0146263807 synchronous_release_0
0.033291 -0.0250000004 0.0285654728 -0.0202240888 synchronous_release_0
0.049715 -0.0250000004 -0.0253336345 0.0550745582 synchronous_release_0
0.026035 -0.0250000004 0.0230562101 -0.0263327016 synchronous_release_0
0.025199 -0.0250000004 -0.0349694272 0.00146258624 synchronous_release_0
0.00495 -0.0250000004 0.0287208585 -0.020002807 synchronous_release_0
0.024021 -0.0250000004 0.000996411331 -8.46431354e-05 synchronous_release_0
0.023766 -0.0250000004 -0.018366607 -0.0297937535 synchronous_release_0
0.039234 -0.0250000004 2.88306129e-05 0.000999584311 synchronous_release_0
0.02353 -0.0250000004 0.000244799716 -0.0349991439 synchronous_release_0
0.02887 -0.0250000004 -0.025917161 -0.0235223461 synchronous_release_0
0.028889 -0.0250000004 -0.00116120121 0.034980732 synchronous_release_0
0.007746 -0.0250000004 0.0103116586 -0.0334465199 synchronous_release_0
0.023709 -0.0250000004 0.0238097066 0.0256534183 synchronous_release_0
0.029336 -0.0250000004 -0.0341213653 0.00779310164 synchronous_release_0
0.023494 -0.0250000004 0.0167472697 -0.0307331898 synchronous_release_0
0.023742 -0.0250000004 0.034928717 0.00223265126 synchronous_release_0
0.030088 -0.0250000004 -0.000896156624 0.000443737879 synchronous_release_0
0.003516 -0.0250000004 0.0349653932 -0.00155604641 synchronous_release_0
0.025148 -0.0250000004 0.0188302723 0.0295028955 synchronous_release_0
0.026554 -0.0250000004 -0.0249014137 0.0245951133 synchronous_release_0
0.034693 -0.0250000004 0.0249014137 -0.0245951133 synchronous_release_0
0.015461 -0.0250000004 -0.00303108905 0.034868503 synchronous_release_0
0.044649 -0.0250000004 0.0286814648 0.0200592516 synchronous_release_1
0.023665 -0.0250000004 0.000935567952 -0.000353146722 synchronous_release_1
0.024356 -0.0250000004 0.0149430383 -0.0316497331 synchronous_release_0
0.028852 -0.0250000004 -0.0149430383 0.0316497331 synchronous_release_0
0.035477 -0.0250000004 0.0199379538 0.0287659173 synchronous_release_0
0.026656 -0.0250000004 -0.00391089509 -0.0347808122 synchronous_release_0
0.026089 -0.0250000004 0.0240912916 0.0253891644 synchronous_release_1
0.003613 -0.0250000004 -0.00845021612 -0.033964597 synchronous_release_0
0.024367 -0.0250000004 0.000694297152 0.00071968845 synchronous_release_1
0.024283 -0.0250000004 -0.000752149067 0.000658993005 synchronous_release_0
0.043068 -0.0250000004 0.0343306846 -0.00681205525 synchronous_release_0
0.024851 -0.0250000004 7.62751757e-05 -0.000997086805 synchronous_release_0
0.003762 -0.0250000004 0.034936266 0.00211123545 synchronous_release_0
0.003541 -0.0250000004 -0.00652447147 0.0343864984 synchronous_release_0
0.011987 -0.0250000004 0.000652674492 -0.000757638441 synchronous_release_0
0.026546 -0.0250000004 -0.0265173454 -0.0228436072 synchronous_release_1
0.02566 -0.0250000004 0.0113714106 -0.0331012239 synchronous_release_0
0.023838 -0.0250000004 0.0228029949 -0.0265522771 synchronous_release_0
0.03019 -0.0250000004 -0.00921538209 0.0337650223 synchronous_release_0
0.024289 -0.0250000004 0.0335857359 -0.0098487736 synchronous_release_0
0.024432 -0.0250000004 0.0349980126 0.000372975983 synchronous_release_0
0.038104 -0.0250000004 0.017822013 -0.03012268 synchronous_release_0
0.005357 -0.0250000004 0.0255837152 0.0238845874 synchronous_release_0
0.027833 -0.0250000004 -0.00789280181 0.034098441 synchronous_release_0
0.023509 -0.0250000004 0.025774323 0.0236787727 synchronous_release_1
0.003521 -0.0250000004 0.0306591928 0.0168823546 synchronous_release_0
0.02418 -0.0250000004 0.0299501443 -0.0181104626 synchronous_release_0
0.003521 -0.0250000004 0.0329626944 0.0117669357 synchronous_release_0
0.005337 -0.0250000004 0.000336198162 -0.00094179127 synchronous_release_0
0.024975 -0.0250000004 0.0266718124 -0.0226630629 synchronous_release_0
0.024537 -0.0250000004 -0.006290882 -0.0344299986 synchronous_release_1
0.023703 -0.0250000004 -0.000153179868 -0.000988198324 synchronous_release_0
0.027788 -0.0250000004 0.0219364887 0.0272725221 synchronous_release_0
0.038337 -0.0250000004 0.0126504527 -0.0326338175 synchronous_release_0
0.003321 -0.0250000004 -0.0132653023 -0.0323887597 synchronous_release_0
0.028412 -0.0250000004 -0.0214168375 0.0276824686 synchronous_release_0
0.02431 -0.0250000004 0.021968332 0.0272468785 synchronous_release_1
0.023849 -0.0250000004 0.0316283957 -0.0149881482 synchronous_release_0
0.044708 -0.0250000004 -0.00283408076 0.0348850682 synchronous_release_1
0.024179 -0.0250000004 0.0346934859 -0.00462190819 synchronous_release_0
0.032242 -0.0250000004 -0.00013205452 -0.000991242455 synchronous_release_0
0.004571 -0.0250000004 0.0131112198 0.0324514393 synchronous_release_0
0.024292 -0.0250000004 -0.0131112198 -0.0324514393 synchronous_release_0
0.034397 -0.0250000004 0.021548161 -0.0275803691 synchronous_release_0
0.025699 -0.0250000004 0.0337783798 -0.00916630014 synchronous_release_0
0.004971 -0.0250000004 0.000782231133 -0.000622988326 synchronous_release_0
0.026201 -0.0250000004 0.0346124169 -0.00519428527 synchronous_release_0
0.027863 -0.0250000004 0.0218045914 0.0273780896 synchronous_release_0
0.023874 -0.0250000004 0.0081743335 0.0340320477 synchronous_release_0
0.030132 -0.0250000004 -0.0254425932 0.0240348591 synchronous_release_0
0.02585 -0.0250000004 -0.0138539437 -0.032141379 synchronous_release_0
0.029559 -0.0250000004 0.0179970027 -0.0300184592 synchronous_release_0
0.028349 -0.0250000004 -0.0349952496 -0.000576631938 synchronous_release_1
0.023808 -0.0250000004 -0.0081136978 -0.034046555 synchronous_release_0
0.023812 -0.0250000004 -0.00482037306 0.034666468 synchronous_release_0
0.009756 -0.0250000004 0.0228349857 -0.02652477 synchronous_release_0
0.023353 -0.0250000004 -0.0228349857 0.02652477 synchronous_release_0
0.036398 -0.0250000004 0.0349275291 0.00225115717 synchronous_release_0
0.003772 -0.0250000004 -0.0239175313 -0.0255529195 synchronous_release_0
0.024269 -0.0250000004 0.0340882431 -0.00793672992 synchronous_release_0
0.03529 -0.0250000004 -0.0340882431 0.00793672992 synchronous_release_1
0.003718 -0.0250000004 -0.00882261833 0.0338697713 synchronous_release_0
0.027644 -0.0250000004 0.0287579719 -0.0199494123 synchronous_release_0
0.024306 -0.0250000004 0.0119341086 -0.0329025387 synchronous_release_0
0.023938 -0.0250000004 0.0249058209 0.0245906504 synchronous_release_1
0.0236 -0.0250000004 0.0119269946 -0.0329051181 synchronous_release_1
0.025965 -0.0250000004 0.0273185262 0.0218791711 synchronous_release_0
0.005931 -0.0250000004 0.0347494942 -0.00418003006 synchronous_release_0
0.004369 -0.0250000004 0.00408661233 -0.0347606041 synchronous_release_0
0.023315 -0.0250000004 0.0280602601 0.0209194122 synchronous_release_0
0.023533 -0.0250000004 0.0321468724 -0.013841192 synchronous_release_0
0.017659 -0.0250000004 -0.0326623382 -0.0125766316 synchronous_release_0
0.028949 -0.0250000004 0.00543948661 0.0345747304 synchronous_release_0
0.042545 -0.0250000004 0.0326623382 0.0125766316 synchronous_release_0
0.031349 -0.0250000004 0.0150466047 -0.031600628 synchronous_release_0
0.023935 -0.0250000004 0.0198436442 0.0288310559 synchronous_release_1
0.031725 -0.0250000004 -0.0349924617 -0.000726377573 synchronous_release_0
0.026496 -0.0250000004 0.0349924617 0.000726377573 synchronous_release_1
0.027936 -0.0250000004 0.0102082562 0.0334782243 synchronous_release_0
0.032767 -0.0250000004 -0.000225671513 0.000974203453 synchronous_release_0
0.023561 -0.0250000004 0.0289996587 0.0195964231 synchronous_release_0
0.040514 -0.0250000004 0.0325785658 0.0127920698 synchronous_release_0
0.028159 -0.0250000004 0.000503405086 -0.000864050531 synchronous_release_1
0.023357 -0.0250000004 0.0321728459 0.0137807106 synchronous_release_0
0.025282 -0.0250000004 -0.0041519775 -0.0347528572 synchronous_release_0
0.03189 -0.0250000004 0.0041519775 0.0347528572 synchronous_release_0
0.028443 -0.0250000004 0.0119127806 0.0329102668 synchronous_release_0
0.025647 -0.0250000004 0.0296889357 0.018535563 synchronous_release_0
0.027349 -0.0250000004 0.00120780052 -0.034979154 synchronous_release_0
0.028007 -0.0250000004 -0.000529587513 0.000848255307 synchronous_release_0
0.003657 -0.0250000004 0.0306337132 0.0169285444 synchronous_release_0
0.040675 -0.0250000004 0.000710682627 -0.00070351276 synchronous_release_0
0.030609 -0.0250000004 0.0246229466 0.0248738919 synchronous_release_1
0.023326 -0.0250000004 0.0210557474 -0.0279581026 synchronous_release_0
0.028139 -0.0250000004 -0.0154334691 -0.0314135008 synchronous_release_0
0.023906 -0.0250000004 -0.00634851371 0.0344194186 synchronous_release_0
0.028896 -0.0250000004 0.0329823477 -0.0117117351 synchronous_release_0
0.028762 -0.0250000004 0.0153141465 -0.0314718433 synchronous_release_0
0.048815 -0.0250000004 0.034912489 -0.00247348175 synchronous_release_0
0.024804 -0.0250000004 -0.000943459987 0.000331486429 synchronous_release_0
0.025242 -0.0250000004 0.000310369884 0.000950615871 synchronous_release_0
0.005895 -0.0250000004 -0.0334519235 -0.0102941157 synchronous_release_0
0.029732 -0.0250000004 0.00781099605 0.0341172733 synchronous_release_0
0.008138 -0.0250000004 0.0276923501 -0.0214040591 synchronous_release_0
0.024164 -0.0250000004 0.032382634 0.0132802491 synchronous_release_0
0.023676 -0.0250000004 0.0118449954 -0.0329347246 synchronous_release_0
0.027191 -0.0250000004 0.0181134507 0.0299483372 synchronous_release_1
0.032798 -0.0250000004 0.0346069457 -0.00523061241 synchronous_release_0
0.024425 -0.0250000004 0.0218333161 0.027355188 synchronous_release_1
0.023341 -0.0250000004 0.0135059587 -0.032289148 synchronous_release_0
0.003801 -0.0250000004 0.0305112586 0.0171482682 synchronous_release_0
0.032117 -0.0250000004 -0.000404793435 -0.0349976591 synchronous_release_0
0.024411 -0.0250000004 -0.0255017521 0.0239720804 synchronous_release_0
0.033922 -0.0250000004 -0.00800955457 -0.0340712054 synchronous_release_0
0.028529 -0.0250000004 0.0335113067 0.010099125 synchronous_release_1
0.023589 -0.0250000004 0.0225235719 -0.0267897128 synchronous_release_1
0.00565 -0.0250000004 -0.0106190589 0.0333501962 synchronous_release_0
0.024914 -0.0250000004 0.0341916466 -0.00747872332 synchronous_release_0
0.027897 -0.0250000004 -0.0167822689 -0.030714092 synchronous_release_0
0.026882 -0.0250000004 0.0182823745 0.0298455153 synchronous_release_0
0.005956 -0.0250000004 0.0167057872 -0.0307557584 synchronous_release_1
0.0246 -0.0250000004 0.0127717806 0.0325865251 synchronous_release_0
0.007957 -0.0250000004 0.000948892423 0.000315599699 synchronous_release_0
0.023616 -0.0250000004 0.0342847678 -0.00703950992 synchronous_release_0
0.023485 -0.0250000004 0.0348738202 -0.00296928695 synchronous_release_1
0.028785 -0.0250000004 0.020008388 0.0287169707 synchronous_release_1
0.005436 -0.0250000004 0.0349999836 -3.3907637e-05 synchronous_release_0
0.014551 -0.0250000004 -0.0174706269 0.0303278287 synchronous_release_0
0.023888 -0.0250000004 0.0174706269 -0.0303278287 synchronous_release_0
0.011843 -0.0250000004 0.000453156118 -0.000891431171 synchronous_release_0
0.023967 -0.0250000004 -0.00186448065 -0.0349503035 synchronous_release_0
0.023534 -0.0250000004 0.034151318 0.00766077555 synchronous_release_0
0.003707 -0.0250000004 0.0344773547 0.00602594472 synchronous_release_0
0.023952 -0.0250000004 0.0224572986 -0.0268452927 synchronous_release_0
0.02348 -0.0250000004 -0.0277582477 0.0213185291 synchronous_release_0
0.01386 -0.0250000004 -0.0323415116 -0.0133800831 synchronous_release_1
0.026453 -0.0250000004 0.0223171167 0.0269619417 synchronous_release_0
0.027278 -0.0250000004 -0.00491273102 0.0346535002 synchronous_release_0
0.025935 -0.0250000004 -0.0235395679 0.0259015201 synchronous_release_0
0.032114 -0.0250000004 0.0342011583 0.00743510379 synchronous_release_0
0.023751 -0.0250000004 0.000967178545 -0.000254097742 synchronous_release_0
0.030888 -0.0250000004 0.0248693312 -0.024627553 synchronous_release_1
0.006113 -0.0250000004 -0.000764767947 0.000644305818 synchronous_release_0
0.007854 -0.0250000004 -0.0119054446 0.0329129213 synchronous_release_0
0.020165 -0.0250000004 0.0119054446 -0.0329129213 synchronous_release_0
0.010262 -0.0250000004 0.0344561483 -0.00614604314 synchronous_release_1
0.023957 -0.0250000004 0.030021814 -0.0179914058 synchronous_release_0
0.025239 -0.0250000004 0.0305919215 0.0170039507 synchronous_release_0
0.031415 -0.0250000004 -0.000514040165 -0.000857766115 synchronous_release_0
0.035479 -0.0250000004 -0.000570107448 -0.0349953565 synchronous_release_0
0.004647 -0.0250000004 0.0322252424 0.0136577361 synchronous_release_0
0.007825 -0.0250000004 0.0279405676 -0.0210790105 synchronous_release_0
0.032638 -0.0250000004 0.00428467479 0.0347367466 synchronous_release_0
0.027447 -0.0250000004 0.0204271101 -0.028420647 synchronous_release_0
0.004336 -0.0250000004 0.0158610618 -0.0311997872 synchronous_release_0
0.023418 -0.0250000004 0.0349503392 -0.00186381117 synchronous_release_0
0.027493 -0.0250000004 0.0348088488 -0.00365295035 synchronous_release_0
0.030392 -0.0250000004 0.0250473577 -0.0244464695 synchronous_release_0
0.039155 -0.0250000004 0.0336949425 0.00946841335 synchronous_release_0
0.028106 -0.0250000004 0.000359033914 0.000933324514 synchronous_release_0
0.006924 -0.0250000004 0.00545054185 -0.0345729894 synchronous_release_1
0.025031 -0.0250000004 0.0343489688 0.00671925143 synchronous_release_0
0.011217 -0.0250000004 0.0346176107 -0.00515955677 synchronous_release_0
0.024048 -0.0250000004 0.0128404981 -0.0325595087 synchronous_release_0
0.036416 -0.0250000004 0.000930271677 0.000366871376 synchronous_release_1
0.004856 -0.0250000004 0.0119582793 -0.0328937617 synchronous_release_0
0.010517 -0.0250000004 0.000939821762 0.000341665123 synchronous_release_0
0.008395 -0.0250000004 0.027295328 0.0219081051 synchronous_release_0
0.015276 -0.0250000004 0.0329085559 -0.011917506 synchronous_release_0
0.027326 -0.0250000004 0.006133415 -0.0344583984 synchronous_release_0
0.036533 -0.0250000004 -0.0267751409 -0.0225408924 synchronous_release_0
0.035202 -0.0250000004 0.032658343 0.0125870026 synchronous_release_1
0.023711 -0.0250000004 0.0192321092 0.0292425371 synchronous_release_0
0.024298 -0.0250000004 -0.0234693552 0.0259651568 synchronous_release_0
0.026182 -0.0250000004 0.034221163 0.00734247943 synchronous_release_0
0.024029 -0.0250000004 0.0326169465 -0.0126938883 synchronous_release_0
0.038518 -0.0250000004 -0.00531524348 0.0345940484 synchronous_release_1
0.023937 -0.0250000004 -0.0107786699 -0.0332989531 synchronous_release_0
0.026344 -0.0250000004 0.0349954819 -0.000562360504 synchronous_release_0
0.042454 -0.0250000004 0.000857879887 -0.000513850269 synchronous_release_0
0.011071 -0.0250000004 0.0349400296 0.00204800612 synchronous_release_0
0.023807 -0.0250000004 0.0156963895 0.0312829563 synchronous_release_0
0.030557 -0.0250000004 0.0192436401 -0.0292349502 synchronous_release_0
0.023956 -0.0250000004 0.0243145484 -0.0251754392 synchronous_release_0
0.032756 -0.0250000004 0.0113253862 0.0331169991 synchronous_release_0
0.008665 -0.0250000004 0.01744959 0.0303399375 synchronous_release_0
0.025374 -0.0250000004 0.0175503616 -0.030281757 synchronous_release_0
0.033363 -0.0250000004 0.0349999516 5.81805102e-05 synchronous_release_1
0.003644 -0.0250000004 0.0257506856 0.0237044762 synchronous_release_0
0.023533 -0.0250000004 -0.0329598555 0.0117748853 synchronous_release_0
0.039734 -0.0250000004 0.00628257798 -0.0344315148 synchronous_release_0
0.010214 -0.0250000004 -0.0017914269 -0.0349541241 synchronous_release_0
0.023421 -0.0250000004 0.029375446 -0.0190284832 synchronous_release_0
0.025434 -0.0250000004 0.0311668729 0.0159256408 synchronous_release_1
0.023764 -0.0250000004 0.0275825152 -0.0215454138 synchronous_release_0
0.039404 -0.0250000004 0.000374698629 -0.000927146665 synchronous_release_0
0.043314 -0.0250000004 -0.0324501333 -0.013114452 synchronous_release_0
0.0035 -0.0250000004 0.0317695699 0.014686539 synchronous_release_0
0.025186 -0.0250000004 0.0286037009 -0.0201699851 synchronous_release_0
0.046414 -0.0250000004 -0.00316586904 -0.0348565241 synchronous_release_0
0.00365 -0.0250000004 0.034968939 -0.00147421233 synchronous_release_0
0.027897 -0.0250000004 0.0162077642 -0.0310210957 synchronous_release_0
0.023889 -0.0250000004 0.0187611748 0.0295468834 synchronous_release_1
0.024315 -0.0250000004 0.0309964687 -0.0162548124 synchronous_release_0
0.006298 -0.0250000004 0.0336664673 -0.00956916825 synchronous_release_0
0.015705 -0.0250000004 0.000696326623 -0.000717725041 synchronous_release_0
0.043173 -0.0250000004 0.0251203764 0.0243714318 synchronous_release_0
0.025836 -0.0250000004 -0.0229218888 0.0264497072 synchronous_release_0
0.023395 -0.0250000004 0.0348076633 -0.00366422915 synchronous_release_0
0.038001 -0.0250000004 0.0205771472 0.0283122061 synchronous_release_0
0.023518 -0.0250000004 0.0292313967 0.0192490376 synchronous_release_0
0.030418 -0.0250000004 -0.0169670168 -0.0306124214 synchronous_release_0
0.023608 -0.0250000004 0.0180276262 -0.0300000782 synchronous_release_1
0.025041 -0.0250000004 0.034078196 -0.00797975939 synchronous_release_0
0.023583 -0.0250000004 -0.0239497723 -0.0255227037 synchronous_release_1
0.03911 -0.0250000004 -0.0325887715 0.0127660475 synchronous_release_1
0.023665 -0.0250000004 0.0253533135 -0.0241290177 synchronous_release_0
0.025091 -0.0250000004 -0.033572999 -0.0098921047 synchronous_release_0
0.025941 -0.0250000004 0.0215654062 0.0275668869 synchronous_release_0
0.023892 -0.0250000004 0.0215556447 -0.0275745205 synchronous_release_1
0.024258 -0.0250000004 -0.0142587371 -0.0319638611 synchronous_release_0
0.026064 -0.0250000004 0.0205521471 -0.0283303591 synchronous_release_0
0.047402 -0.0250000004 0.0142587371 0.0319638611 synchronous_release_0
0.004166 -0.0250000004 0.0314931747 0.0152702307 synchronous_release_0
0.007229 -0.0250000004 -0.0289709951 0.019638774 synchronous_release_0
0.005022 -0.0250000004 0.0332579697 -0.0109044694 synchronous_release_0
0.025137 -0.0250000004 -0.0260725324 -0.0233500119 synchronous_release_0
0.042875 -0.0250000004 0.0260725324 0.0233500119 synchronous_release_0
0.008491 -0.0250000004 0.000808488478 -0.000588512005 synchronous_release_0
0.024293 -0.0250000004 -0.0205979202 -0.0282970967 synchronous_release_0
0.024469 -0.0250000004 -0.0186300574 -0.029629731 synchronous_release_0
0.033767 -0.0250000004 0.0349751285 -0.00131923747 synchronous_release_1
0.049574 -0.0250000004 0.0163450711 -0.0309489685 synchronous_release_1
0.032575 -0.0250000004 0.0322191223 -0.0136721672 synchronous_release_0
0.024395 -0.0250000004 -0.0230452446 -0.0263422987 synchronous_release_0
0.034483 -0.0250000004 0.0343357222 -0.00678661788 synchronous_release_0
0.023632 -0.0250000004 0.0292065934 0.0192866509 synchronous_release_0
0.022892 -0.0250000004 0.0143931524 -0.0319035604 synchronous_release_0
0.025954 -0.0250000004 0.0244309452 -0.0250625002 synchronous_release_1
0.02148 -0.0250000004 0.0279122217 0.021116531 synchronous_release_0
0.026138 -0.0250000004 0.0322435631 -0.0136144276 synchronous_release_0
0.023963 -0.0250000004 0.00429695344 0.0347352298 synchronous_release_0
0.030406 -0.0250000004 -0.0322300682 -0.0136463441 synchronous_release_1
0.023948 -0.0250000004 0.00624043491 0.0344391779 synchronous_release_0
0.032214 -0.0250000004 -0.00624043491 -0.0344391779 synchronous_release_0
0.025197 -0.0250000004 0.0260035424 0.0234268176 synchronous_release_0
0.025131 -0.0250000004 0.0303163869 -0.0174904742 synchronous_release_0
0.035055 -0.0250000004 0.0303053884 0.0175095241 synchronous_release_0
0.031179 -0.0250000004 0.0287422818 -0.0199720114 synchronous_release_0
0.032383 -0.0250000004 0.000425872586 -0.000904783146 synchronous_release_0
0.023697 -0.0250000004 -0.0287422818 0.0199720114 synchronous_release_1
0.024195 -0.0250000004 0.00497802381 -0.034644181 synchronous_release_0
0.026575 -0.0250000004 -0.000989833744 -0.000142229252 synchronous_release_0
0.02765 -0.0250000004 0.027513729 0.0216331856 synchronous_release_0
0.026798 -0.0250000004 0.0215815162 0.0275542766 synchronous_release_0
0.02796 -0.0250000004 -0.00922133483 -0.0337633971 synchronous_release_0
0.023908 -0.0250000004 0.033850627 0.00889578833 synchronous_release_1
0.028714 -0.0250000004 -0.0180315098 0.0299977442 synchronous_release_0
0.025959 -0.0250000004 0.0180315098 -0.0299977442 synchronous_release_1
0.024393 -0.0250000004 0.0297699059 -0.0184052357 synchronous_release_1
0.008559 -0.0250000004 0.0266199274 -0.0227239844 synchronous_release_0
0.024283 -0.0250000004 0.0325435141 0.0128809816 synchronous_release_0
0.023314 -0.0250000004 0.0252276888 -0.0242603322 synchronous_release_0
0.024285 -0.0250000004 0.0202980186 -0.0285129872 synchronous_release_1
0.029839 -0.0250000004 0.0348419806 0.00332210615 synchronous_release_1
0.024103 -0.0250000004 0.0317981518 -0.0146245527 synchronous_release_0
0.024913 -0.0250000004 -0.0317981518 0.0146245527 synchronous_release_1
0.003696 -0.0250000004 0.0223516634 0.0269333092 synchronous_release_0
0.006783 -0.0250000004 0.0340261571 -0.0081988188 synchronous_release_0
0.023934 -0.0250000004 0.0331975257 0.0110871225 synchronous_release_0
0.008126 -0.0250000004 0.0125931082 -0.0326559891 synchronous_release_0
0.033866 -0.0250000004 0.0219843621 0.0272339461 synchronous_release_0
0.025295 -0.0250000004 0.026525683 -0.0228339252 synchronous_release_0
0.028122 -0.0250000004 -0.0110754555 0.0332014199 synchronous_release_0
0.025572 -0.0250000004 -0.0336114132 0.00976078405 synchronous_release_0
0.031353 -0.0250000004 -0.00835261963 0.0339887297 synchronous_release_0
0.038638 -0.0250000004 0.0252587935 0.0242279456 synchronous_release_0
0.007755 -0.0250000004 0.0338799843 0.00878331745 synchronous_release_0
0.02936 -0.0250000004 0.0245465682 -0.0249492683 synchronous_release_0
0.005014 -0.0250000004 0.0320148275 -0.0141439322 synchronous_release_0
0.03124 -0.0250000004 0.0263333024 0.0230555239 synchronous_release_0
0.00357 -0.0250000004 0.00635509669 0.0344182037 synchronous_release_0
0.010965 -0.0250000004 0.0266294904 -0.022712777 synchronous_release_0
0.025902 -0.0250000004 0.0329845871 0.0117054267 synchronous_release_0
0.039451 -0.0250000004 0.000464933064 -0.000885345834 synchronous_release_0
0.024598 -0.0250000004 0.0326967451 0.0124869075 synchronous_release_1
0.029866 -0.0250000004 0.000630650233 0.00077606719 synchronous_release_1
0.01458 -0.0250000004 0.0188711506 -0.029476765 synchronous_release_0
0.034192 -0.0250000004 0.0160920521 0.0310812783 synchronous_release_0
0.005966 -0.0250000004 0.0314669243 0.0153242513 synchronous_release_0
0.034914 -0.0250000004 0.000810928143 -0.000585145748 synchronous_release_1
0.034391 -0.0250000004 0.0203374686 0.0284848621 synchronous_release_0
0.023293 -0.0250000004 0.0348373485 -0.00337033343 synchronous_release_1
0.034074 -0.0250000004 0.0349050203 0.00257673461 synchronous_release_0
0.024329 -0.0250000004 -0.017602142 0.0302516875 synchronous_release_0
0.040122 -0.0250000004 -0.0173976589 -0.0303697459 synchronous_release_0
0.024012 -0.0250000004 0.0349998009 0.000118058391 synchronous_release_1
0.008754 -0.0250000004 -0.000919272565 -0.000393621585 synchronous_release_0
0.024454 -0.0250000004 0.00470675195 -0.0346820773 synchronous_release_0
0.024144 -0.0250000004 -0.00540283976 0.034580476 synchronous_release_0
0.005859 -0.0250000004 0.0332416889 0.0109540002 synchronous_release_0
0.019022 -0.0250000004 0.0261072869 -0.0233111469 synchronous_release_0
0.023822 -0.0250000004 0.0318566528 -0.0144966781 synchronous_release_0
0.02517 -0.0250000004 0.0041139558 0.0347573786 synchronous_release_0
0.005806 -0.0250000004 0.0348577682 0.00315214122 synchronous_release_0
0.027778 -0.0250000004 -0.0201587185 0.0286116422 synchronous_release_0
0.033366 -0.0250000004 0.0146990497 0.0317637834 synchronous_release_0
0.008823 -0.0250000004 0.0320687315 -0.014021286 synchronous_release_0
0.039997 -0.0250000004 -0.00389157582 0.0347829791 synchronous_release_0
0.031703 -0.0250000004 -0.0281771556 -0.0207616931 synchronous_release_1
0.02655 -0.0250000004 0.0346850639 -0.00468469261 synchronous_release_1
0.034636 -0.0250000004 -0.000922981096 0.00038484529 synchronous_release_0
0.038364 -0.0250000004 0.0212415851 -0.0278171721 synchronous_release_1
0.00379 -0.0250000004 0.0310048916 -0.0162387406 synchronous_release_0
0.023896 -0.0250000004 -0.00143928392 0.0349703941 synchronous_release_0
0.040587 -0.0250000004 -0.0295656077 -0.0187316535 synchronous_release_0
0.024033 -0.0250000004 -0.0251609186 0.0243295741 synchronous_release_0
0.028687 -0.0250000004 0.0336504885 0.00962520759 synchronous_release_1
0.009993 -0.0250000004 0.0316559597 0.0149298431 synchronous_release_0
0.042961 -0.0250000004 -0.00289835646 -0.0348797868 synchronous_release_0
0.00364 -0.0250000004 0.0279459742 -0.021071842 synchronous_release_0
0.011588 -0.0250000004 -0.0322217376 -0.0136660025 synchronous_release_0
0.006156 -0.0250000004 0.028084673 0.0208866259 synchronous_release_0
0.031416 -0.0250000004 -0.0321306851 0.0138787273 synchronous_release_0
0.039368 -0.0250000004 0.0321306851 -0.0138787273 synchronous_release_0
0.004475 -0.0250000004 0.0155595755 -0.0313512298 synchronous_release_0
0.024141 -0.0250000004 0.00400808492 -0.0347697463 synchronous_release_0
0.026331 -0.0250000004 0.032115526 -0.0139137698 synchronous_release_0
0.008711 -0.0250000004 0.0327230878 0.0124177103 synchronous_release_0
0.031232 -0.0250000004 -0.0327230878 -0.0124177103 synchronous_release_0
0.005835 -0.0250000004 -0.000948953446 -0.000315416167 synchronous_release_0
0.023892 -0.0250000004 0.0342834056 -0.00704614084 synchronous_release_1
0.037332 -0.0250000004 -0.0349826246 -0.00110271432 synchronous_release_0
0.024163 -0.0250000004 0.0257183068 0.0237396019 synchronous_release_0
0.024946 -0.0250000004 0.0218339138 -0.0273547109 synchronous_release_0
0.026848 -0.0250000004 -0.0127729176 -0.0325860795 synchronous_release_0
0.004414 -0.0250000004 0.0235547447 0.0258877191 synchronous_release_0
0.027309 -0.0250000004 -0.0106420501 0.0333428669 synchronous_release_0
0.031568 -0.0250000004 0.0341967948 -0.00745514773 synchronous_release_0
0.024738 -0.0250000004 0.0106420501 -0.0333428669 synchronous_release_1
0.007827 -0.0250000004 0.0334065455 -0.0104404368 synchronous_release_0
0.023368 -0.0250000004 0.00766158925 -0.0341511354 synchronous_release_0
0.004753 -0.0250000004 0.0156947583 -0.0312837747 synchronous_release_0
0.010021 -0.0250000004 0.0320030669 -0.0141705226 synchronous_release_0
0.023431 -0.0250000004 0.00372950089 -0.0348007302 synchronous_release_1
0.025346 -0.0250000004 0.028273566 0.0206302076 synchronous_release_1
0.024299 -0.0250000004 0.0318110484 -0.0145964791 synchronous_release_1
0.024267 -0.0250000004 0.0338625708 -0.0088502147 synchronous_release_0
0.037719 -0.0250000004 0.00926677463 -0.0337509539 synchronous_release_1
0.006721 -0.0250000004 -0.000542197833 -0.000840250861 synchronous_release_0
0.026218 -0.0250000004 0.00173010833 0.0349572128 synchronous_release_1
0.013535 -0.0250000004 -0.0186697361 -0.0296047454 synchronous_release_0
0.024168 -0.0250000004 0.0349733297 -0.00136609305 synchronous_release_0
0.025909 -0.0250000004 0.0186697361 0.0296047454 synchronous_release_0
0.032624 -0.0250000004 -0.0262870519 0.0231082432 synchronous_release_0
0.025526 -0.0250000004 0.0262870519 -0.0231082432 synchronous_release_1
0.02983 -0.0250000004 0.0201606035 0.028610314 synchronous_release_0
0.040358 -0.0250000004 -0.0201606035 -0.028610314 synchronous_release_0
0.024735 -0.0250000004 0.0348735204 -0.00297280556 synchronous_release_0
0.008876 -0.0250000004 5.62132479e-05 0.000998418785 synchronous_release_0
0.030535 -0.0250000004 0.0157684552 -0.0312466929 synchronous_release_1
0.023723 -0.0250000004 -0.0170903977 -0.0305437114 synchronous_release_0
0.044369 -0.0250000004 0.0349968289 0.000471137092 synchronous_release_0
0.004264 -0.0250000004 0.0278094857 0.0212516471 synchronous_release_0
0.024168 -0.0250000004 -0.00449972346 0.0347095446 synchronous_release_0
0.027759 -0.0250000004 0.0144287325 0.0318874846 synchronous_release_0
0.003687 -0.0250000004 0.0330009169 -0.011659309 synchronous_release_0
0.005665 -0.0250000004 0.0265977162 0.0227499779 synchronous_release_0
0.023103 -0.0250000004 0.00640320065 -0.0344092868 synchronous_release_0
0.005396 -0.0250000004 0.0311462343 -0.0159659666 synchronous_release_0
0.026846 -0.0250000004 0.0294000498 0.0189904468 synchronous_release_0
0.029243 -0.0250000004 -0.00174618448 0.0349564134 synchronous_release_0
0.029277 -0.0250000004 0.00174618448 -0.0349564134 synchronous_release_1
0.044151 -0.0250000004 0.0268668674 0.0224314831 synchronous_release_0
0.025402 -0.0250000004 -0.00599280055 0.0344831313 synchronous_release_1
0.028709 -0.0250000004 0.032859668 -0.0120516481 synchronous_release_1
0.032024 -0.0250000004 -0.0189011275 -0.0294575522 synchronous_release_1
0.0253 -0.0250000004 0.0272419353 -0.0219744616 synchronous_release_0
0.048653 -0.0250000004 -0.000627841759 -0.000778341009 synchronous_release_0
0.025622 -0.0250000004 -0.000479491841 0.000877546338 synchronous_release_0
0.023955 -0.0250000004 -0.0224315392 0.0268668206 synchronous_release_0
0.027276 -0.0250000004 -0.000352897334 0.00093566205 synchronous_release_1
0.03812 -0.0250000004 0.0137240663 -0.0321970496 synchronous_release_0
0.023466 -0.0250000004 0.0347454961 -0.00421313471 synchronous_release_1
0.024916 -0.0250000004 0.0322239499 -0.0136607852 synchronous_release_0
0.026278 -0.0250000004 0.027942562 0.0210763666 synchronous_release_0
0.005387 -0.0250000004 0.00171270739 0.0349580696 synchronous_release_0
0.024131 -0.0250000004 0.0311309301 0.0159957867 synchronous_release_0
0.012928 -0.0250000004 0.0167792143 -0.0307157609 synchronous_release_0
0.023935 -0.0250000004 0.018211022 0.0298891063 synchronous_release_0
0.031705 -0.0250000004 -0.0167792143 0.0307157609 synchronous_release_0
0.004995 -0.0250000004 -0.00489607931 0.0346558568 synchronous_release_0
0.023603 -0.0250000004 0.0275648127 0.0215680574 synchronous_release_1
0.023375 -0.0250000004 0.0172621727 -0.0304469603 synchronous_release_0
0.025327 -0.0250000004 -0.0317337263 0.0147638279 synchronous_release_0
0.023637 -0.0250000004 0.0346889524 0.00465581159 synchronous_release_0
0.024493 -0.0250000004 0.0308843699 -0.0164668059 synchronous_release_0
0.032251 -0.0250000004 0.0251296297 -0.0243618905 synchronous_release_0
0.023692 -0.0250000004 0.0281637493 0.0207798755 synchronous_release_0
0.037401 -0.0250000004 -0.0122235394 0.0327961139 synchronous_release_0
0.004728 -0.0250000004 0.0345140374 -0.00581216131 synchronous_release_1
0.0293 -0.0250000004 -0.000544837673 -0.000838541538 synchronous_release_0
0.024397 -0.0250000004 0.0659649693 0.0234226989 synchronous_release_0
0.042548 -0.0250000004 -0.000334609984 0.000942356705 synchronous_release_0
0.026918 -0.0250000004 0.00634891622 0.0344193443 synchronous_release_1
0.023769 -0.0250000004 -0.0122730794 -0.032777607 synchronous_release_0
0.025576 -0.0250000004 0.0222497007 -0.027017602 synchronous_release_0
0.004222 -0.0250000004 0.0240555307 -0.0254230495 synchronous_release_0
0.026928 -0.0250000004 0.034044772 0.00812117591 synchronous_release_0
0.030117 -0.0250000004 0.068089544 0.0162423518 synchronous_release_1
0.003771 -0.0250000004 0.0347835016 -0.00388690339 synchronous_release_0
0.024004 -0.0250000004 -0.0207579079 -0.0281799443 synchronous_release_0
0.027597 -0.0250000004 -0.012086695 -0.0328467929 synchronous_release_1
0.02373 -0.0250000004 0.0290493983 0.019522614 synchronous_release_0
0.037994 -0.0250000004 0.0314317788 -0.0153962099 synchronous_release_1
0.003933 -0.0250000004 0.0255333827 -0.0239383869 synchronous_release_0
0.023724 -0.0250000004 0.0334979425 0.0101433646 synchronous_release_1
0.027756 -0.0250000004 0.00796455981 0.0340817515 synchronous_release_1
0.023447 -0.0250000004 0.00864486666 -0.0339155758 synchronous_release_0
0.023409 -0.0250000004 0.0316730527 -0.0148935467 synchronous_release_0
0.041661 -0.0250000004 -0.0287347161 -0.0199828949 synchronous_release_0
0.032212 -0.0250000004 -0.0316730527 0.0148935467 synchronous_release_1
0.025971 -0.0250000004 0.0341041186 -0.00786823327 synchronous_release_0
0.035813 -0.0250000004 0.000224806665 0.000974403388 synchronous_release_0
0.023108 -0.0250000004 -0.0113313302 0.0331149657 synchronous_release_0
0.027331 -0.0250000004 0.0343440667 -0.00674426306 synchronous_release_1
0.024414 -0.0250000004 0.02529926 0.0241856868 synchronous_release_0
0.032831 -0.0250000004 -0.00829578918 0.0340026452 synchronous_release_0
0.023801 -0.0250000004 0.0348829189 0.00286041453 synchronous_release_0
0.037236 -0.0250000004 0.0199186511 -0.0287792866 synchronous_release_0
0.008693 -0.0250000004 -0.029304358 0.0191377794 synchronous_release_0
0.023694 -0.0250000004 0.029304358 -0.0191377794 synchronous_release_0
0.033144 -0.0250000004 -0.0312259822 -0.0158094288 synchronous_release_0
0.007795 -0.0250000004 0.034993474 0.000675854404 synchronous_release_0
0.029313 -0.0250000004 0.0169114299 0.0306431646 synchronous_release_0
0.003969 -0.0250000004 0.0180820441 -0.0299673102 synchronous_release_1
0.005607 -0.0250000004 -0.000576583443 0.000817038269 synchronous_release_0
0.023482 -0.0250000004 0.0270814202 0.0221719796 synchronous_release_0
0.023769 -0.0250000004 0.000982898478 -0.00018414826 synchronous_release_0
0.028935 -0.0250000004 0.0330151214 0.0116190259 synchronous_release_1
0.003878 -0.0250000004 -0.00802324732 0.0340679835 synchronous_release_0
0.029142 -0.0250000004 0.0254921155 0.0239823278 synchronous_release_1
0.026825 -0.0250000004 -0.0349788103 -0.00121771643 synchronous_release_0
0.029762 -0.0250000004 0.0349788103 0.00121771643 synchronous_release_0
0.041656 -0.0250000004 -0.0164348318 -0.0309013965 synchronous_release_0
0.035474 -0.0250000004 -0.0185439785 0.0296836801 synchronous_release_1
0.045972 -0.0250000004 -0.0253564177 0.0241257555 synchronous_release_0
0.026808 -0.0250000004 0.033571726 0.00989642412 synchronous_release_1
0.024759 -0.0250000004 0.0088707112 0.0338572073 synchronous_release_0
0.028775 -0.0250000004 0.024885846 -0.0246108649 synchronous_release_0
0.031827 -0.0250000004 -0.000264181211 0.000964473062 synchronous_release_0
0.04333 -0.0250000004 -0.024885846 0.0246108649 synchronous_release_0
0.023713 -0.0250000004 0.0210998526 -0.0279248316 synchronous_release_0
0.027243 -0.0250000004 -0.0347335399 -0.00431059256 synchronous_release_0
0.023737 -0.0250000004 0.029676034 0.018556212 synchronous_release_0
0.032508 -0.0250000004 0.030908168 -0.0164220934 synchronous_release_1
0.024175 -0.0250000004 0.0300673132 0.0179152638 synchronous_release_0
0.033751 -0.0250000004 0.00048804072 0.000872820861 synchronous_release_0
0.003876 -0.0250000004 0.00250459307 0.0349102709 synchronous_release_0
0.009681 -0.0250000004 -0.00250459307 -0.0349102709 synchronous_release_0
0.028252 -0.0250000004 0.0289808849 -0.0196241767 synchronous_release_0
0.023683 -0.0250000004 0.00221962818 0.034929547 synchronous_release_0
0.006264 -0.0250000004 0.0310013917 -0.0162454214 synchronous_release_0
0.023868 -0.0250000004 0.00143174822 -0.0349707034 synchronous_release_0
0.027756 -0.0250000004 -0.0295696434 -0.018725282 synchronous_release_0
0.009297 -0.0250000004 -0.0313451474 0.015571825 synchronous_release_0
0.026972 -0.0250000004 0.0291581697 0.0193597815 synchronous_release_0
0.004617 -0.0250000004 0.0340848486 0.00795129529 synchronous_release_0
0.007922 -0.0250000004 0.023928448 -0.0255426971 synchronous_release_0
0.024873 -0.0250000004 -0.023928448 0.0255426971 synchronous_release_0
0.010148 -0.0250000004 0.00862208708 -0.033921374 synchronous_release_0
0.024289 -0.0250000004 0.0250657281 0.0244276334 synchronous_release_0
0.023792 -0.0250000004 -0.0065280496 -0.0343858193 synchronous_release_0
0.025887 -0.0250000004 0.0065280496 0.0343858193 synchronous_release_0
0.006669 -0.0250000004 0.000688890928 0.000724865015 synchronous_release_0
0.034095 -0.0250000004 -0.0335660343 -0.00991571187 synchronous_release_0
0.030484 -0.0250000004 0.0256775928 -0.0237836336 synchronous_release_1
0.041203 -0.0250000004 -0.0163923141 0.0309239719 synchronous_release_1
0.007679 -0.0250000004 -0.0345386314 -0.0056641803 synchronous_release_0
0.023544 -0.0250000004 0.000161833723 -0.000986818041 synchronous_release_0
0.008118 -0.0250000004 0.0335194603 -0.0100720297 synchronous_release_0
0.02371 -0.0250000004 0.059001824 0.0139206595 synchronous_release_0
0.024991 -0.0250000004 0.000973277685 0.000229631329 synchronous_release_0
0.031536 -0.0250000004 -0.0254823638 -0.0239926893 synchronous_release_0
0.031397 -0.0250000004 0.0245069654 -0.0249881701 synchronous_release_0
0.023479 -0.0250000004 0.0318206016 -0.014575641 synchronous_release_0
0.023782 -0.0250000004 0.0289212393 0.019711974 synchronous_release_1
0.011877 -0.0250000004 0.0336883299 -0.00949191399 synchronous_release_0
0.030863 -0.0250000004 -0.00862392629 0.0339209065 synchronous_release_0
0.004403 -0.0250000004 0.00734676812 0.0342202425 synchronous_release_0
0.007447 -0.0250000004 0.0259622153 -0.0234726091 synchronous_release_0
0.039056 -0.0250000004 -0.00734676812 -0.0342202425 synchronous_release_0
0.023421 -0.0250000004 0.0304175804 -0.0173138904 synchronous_release_0
0.044782 -0.0250000004 0.000505298632 -0.000862944548 synchronous_release_0
0.031984 -0.0250000004 -0.00053004614 0.000847968802 synchronous_release_0
0.023754 -0.0250000004 0.00122671574 -0.0349784958 synchronous_release_1
0.01454 -0.0250000004 0.0290297646 0.019551797 synchronous_release_0
0.023662 -0.0250000004 0.0314472352 -0.0153646151 synchronous_release_1
0.023612 -0.0250000004 0.0314311421 0.0153975098 synchronous_release_1
0.023969 -0.0250000004 0.0181377831 -0.0299336069 synchronous_release_1
0.023744 -0.0250000004 0.0340556596 0.00807539782 synchronous_release_0
0.031584 -0.0250000004 -0.0100343301 -0.0335307653 synchronous_release_0
0.044742 -0.0250000004 0.0240213295 -0.0254553674 synchronous_release_0
0.024067 -0.0250000004 -0.0311923706 -0.0158756422 synchronous_release_0
0.009748 -0.0250000004 0.0018474759 0.0349512065 synchronous_release_1
0.023837 -0.0250000004 0.0348847992 0.00283739046 synchronous_release_0
0.023535 -0.0250000004 0.0303434243 -0.017443526 synchronous_release_0
0.031826 -0.0250000004 6.51754957e-05 -0.0349999393 synchronous_release_1
0.023992 -0.0250000004 -0.00851452283 0.0339485331 synchronous_release_0
0.028126 -0.0250000004 0.00851452283 -0.0339485331 synchronous_release_0
0.02896 -0.0250000004 -0.0332461351 -0.0109404982 synchronous_release_0
0.029854 -0.0250000004 0.026097817 -0.0233217484 synchronous_release_1
0.023446 -0.0250000004 0.0319786427 -0.0142255548 synchronous_release_0
0.00363 -0.0250000004 0.0150281777 -0.0316093953 synchronous_release_0
0.004004 -0.0250000004 0.0348289346 0.00345619898 synchronous_release_0
0.02404 -0.0250000004 0.0204076234 -0.0284346427 synchronous_release_0
0.026418 -0.0250000004 0.0285700007 0.0202176918 synchronous_release_0
0.028187 -0.0250000004 -0.00322403435 0.0348511923 synchronous_release_0
0.003547 -0.0250000004 -0.0121483395 0.0328240437 synchronous_release_0
0.025592 -0.0250000004 0.022352286 0.0269327925 synchronous_release_0
0.032362 -0.0250000004 0.0121483395 -0.0328240437 synchronous_release_0
0.027413 -0.0250000004 0.0024379789 -0.0349149862 synchronous_release_1
0.008341 -0.0250000004 -0.000536654216 0.000843802259 synchronous_release_0
0.024742 -0.0250000004 0.0325329329 -0.0511527934 synchronous_release_0
0.028397 -0.0250000004 0.031033006 -0.0161849479 synchronous_release_1
0.025031 -0.0250000004 0.0111359398 0.0331811821 synchronous_release_0
0.032635 -0.0250000004 0.0326668496 -0.012564909 synchronous_release_0
0.023313 -0.0250000004 0.0286825782 0.0200576595 synchronous_release_0
0.025199 -0.0250000004 -0.000996247747 -8.65472451e-05 synchronous_release_1
0.044047 -0.0250000004 -0.0286825782 -0.0200576595 synchronous_release_1
0.009768 -0.0250000004 0.00339758398 -0.0348347014 synchronous_release_0
0.026332 -0.0250000004 -0.00339758398 0.0348347014 synchronous_release_1
0.023539 -0.0250000004 0.0206200496 -0.0282809751 synchronous_release_0
0.031041 -0.0250000004 -0.0141820181 -0.0319979744 synchronous_release_0
0.03366 -0.0250000004 0.0141820181 0.0319979744 synchronous_release_0
0.023746 -0.0250000004 0.0337642154 -0.00921833818 synchronous_release_1
0.024535 -0.0250000004 -0.000986777168 0.000162082758 synchronous_release_0
0.008249 -0.0250000004 0.0176023093 0.0302515901 synchronous_release_0
0.023055 -0.0250000004 0.0349998002 -0.000118251974 synchronous_release_1
0.023124 -0.0250000004 0.0269926279 0.0222799918 synchronous_release_0
0.023807 -0.0250000004 -0.000986179927 -0.000165677856 synchronous_release_0
0.027731 -0.0250000004 0.0327913529 -0.0122363056 synchronous_release_1
0.006488 -0.0250000004 0.0255103138 0.0239629691 synchronous_release_0
0.018628 -0.0250000004 0.0335076969 -0.0101110953 synchronous_release_0
0.041393 -0.0250000004 -0.0335076969 0.0101110953 synchronous_release_1
0.0257 -0.0250000004 0.0175440688 0.0302854032 synchronous_release_0
0.032934 -0.0250000004 0.0340527333 0.00808772863 synchronous_release_0
0.04676 -0.0250000004 0.0240305451 -0.0254466678 synchronous_release_1
0.005428 -0.0250000004 0.0349996421 0.000158291039 synchronous_release_1
0.027956 -0.0250000004 -0.0207218629 -0.0282064602 synchronous_release_0
0.018306 -0.0250000004 0.0263997104 0.0229794536 synchronous_release_0
0.035132 -0.0250000004 -0.000656555818 0.000754277441 synchronous_release_1
0.029863 -0.0250000004 -0.0194254352 -0.0291144718 synchronous_release_0
0.027426 -0.0250000004 0.00061912721 0.000785290709 synchronous_release_1
0.025209 -0.0250000004 0.0150858292 -0.0315819214 synchronous_release_1
0.003508 -0.0250000004 0.0348500581 0.00323627122 synchronous_release_0
0.005856 -0.0250000004 0.0104672101 0.0333981663 synchronous_release_0
0.006549 -0.0250000004 -0.0104672101 -0.0333981663 synchronous_release_0
0.023791 -0.0250000004 0.000954233323 -0.000299063145 synchronous_release_0
0.042924 -0.0250000004 0.0341572655 0.00763421334 synchronous_release_0
0.043726 -0.0250000004 -0.0236900554 0.025763953 synchronous_release_1
0.024688 -0.0250000004 0.0328230628 0.0121509897 synchronous_release_0
0.031214 -0.0250000004 0.0269345971 -0.0223501113 synchronous_release_0
0.040698 -0.0250000004 -0.0070682736 -0.0342788493 synchronous_release_0
0.025657 -0.0250000004 0.0324263049 0.013173259 synchronous_release_0
0.032433 -0.0250000004 -0.000376378829 0.000926465853 synchronous_release_1
0.025491 -0.0250000004 0.0241425557 0.0253404223 synchronous_release_0
0.023855 -0.0250000004 0.0339394361 0.00855071194 synchronous_release_1
0.033886 -0.0250000004 -0.00286395347 0.0348826285 synchronous_release_0
0.024115 -0.0250000004 0.0316412192 -0.0149610578 synchronous_release_1
0.005692 -0.0250000004 0.0341227048 -0.00778723438 synchronous_release_1
0.040067 -0.0250000004 -0.0328397468 0.0121058262 synchronous_release_0
0.041189 -0.0250000004 0.00593592042 -0.0344929681 synchronous_release_1
0.024227 -0.0250000004 0.0259452641 -0.0234913446 synchronous_release_0
0.007319 -0.0250000004 -0.0314374804 0.0153845645 synchronous_release_0
0.030211 -0.0250000004 -0.00239531656 0.0349179389 synchronous_release_0
0.023548 -0.0250000004 0.0290421639 0.0195333745 synchronous_release_1
0.005005 -0.0250000004 0.0349589289 -0.00169507755 synchronous_release_0
0.028001 -0.0250000004 -0.0340635722 -0.00804195538 synchronous_release_0
0.025988 -0.0250000004 0.0239963238 -0.0254789412 synchronous_release_1
0.02412 -0.0250000004 0.0321436994 -0.0138485591 synchronous_release_1
0.023236 -0.0250000004 0.0330547741 -0.0115057338 synchronous_release_0
0.009489 -0.0250000004 0.0345918462 -0.0053295569 synchronous_release_0
0.02342 -0.0250000004 0.0254256003 -0.0240528345 synchronous_release_0
0.033231 -0.0250000004 0.0335431659 0.00999279849 synchronous_release_0
0.035044 -0.0250000004 0.00811756561 0.034045633 synchronous_release_0
0.038253 -0.0250000004 -0.0335431659 -0.00999279849 synchronous_release_0
0.023373 -0.0250000004 0.0293901684 0.019005736 synchronous_release_1
0.003152 -0.0250000004 0.0216277387 -0.0275180108 synchronous_release_0
0.03014 -0.0250000004 0.0346451658 0.00497116572 synchronous_release_0
0.026317 -0.0250000004 0.00992773223 -0.033562481 synchronous_release_0
0.009721 -0.0250000004 -0.0299849315 0.0180528081 synchronous_release_0
0.024321 -0.0250000004 -0.000641724696 -0.0349941165 synchronous_release_0
0.023445 -0.0250000004 0.0310954394 -0.0160646708 synchronous_release_0
0.007541 -0.0250000004 0.0244020535 -0.0250906314 synchronous_release_0
0.026935 -0.0250000004 0.0349999075 8.0484593e-05 synchronous_release_0
0.034141 -0.0250000004 -0.0349999075 -8.0484593e-05 synchronous_release_0
0.006966 -0.0250000004 0.00661739085 0.0343687378 synchronous_release_0
0.025625 -0.0250000004 -0.0330728955 -0.0114535403 synchronous_release_1
0.00512 -0.0250000004 0.0241547302 -0.0253288177 synchronous_release_0
0.024111 -0.0250000004 0.0340127647 0.00825420112 synchronous_release_0
0.024086 -0.0250000004 0.0292590104 0.0192070381 synchronous_release_0
0.023848 -0.0250000004 0.006870973 -0.0343189413 synchronous_release_0
0.038583 -0.0250000004 0.00066028308 -0.000751016813 synchronous_release_1
0.005471 -0.0250000004 -0.00406258142 0.0347634209 synchronous_release_0
0.026222 -0.0250000004 0.00406258142 -0.0347634209 synchronous_release_0
0.037194 -0.0250000004 0.0280747149 0.0209000092 synchronous_release_1
0.024088 -0.0250000004 -0.00770528013 -0.0341413043 synchronous_release_0
0.026649 -0.0250000004 -0.013603039 0.0322483694 synchronous_release_0
0.030274 -0.0250000004 -0.000124103068 -0.000992269333 synchronous_release_0
0.025255 -0.0250000004 -0.0335414395 0.00999859157 synchronous_release_0
0.037382 -0.0250000004 0.00811168547 -0.0340470345 synchronous_release_0
0.029287 -0.0250000004 -0.00702717938 0.0342872972 synchronous_release_0
0.031211 -0.0250000004 -0.0261800807 -0.0232293645 synchronous_release_1
0.025663 -0.0250000004 0.0349830704 -0.00108847829 synchronous_release_1
0.029112 -0.0250000004 0.00733593823 0.0342225658 synchronous_release_0
0.029363 -0.0250000004 0.0195222813 0.0290496219 synchronous_release_0
0.025065 -0.0250000004 0.00078525119 -0.000619177332 synchronous_release_0
0.03655 -0.0250000004 0.0129660585 -0.0325097113 synchronous_release_0
0.004624 -0.0250000004 0.03378066 0.00915789342 synchronous_release_0
0.024014 -0.0250000004 -0.03378066 -0.00915789342 synchronous_release_0
0.041007 -0.0250000004 -0.00895936163 -0.0338338564 synchronous_release_0
0.003776 -0.0250000004 -0.0282649067 -0.0206420699 synchronous_release_0
0.031294 -0.0250000004 0.0320090103 -0.0141570923 synchronous_release_0
0.006204 -0.0250000004 -0.00889649658 -0.0338504409 synchronous_release_0
0.03657 -0.0250000004 -0.03376359 -0.0092206284 synchronous_release_1
0.023303 -0.0250000004 0.0322295343 -0.0136476049 synchronous_release_0
0.023451 -0.0250000004 0.0230261389 -0.0263590009 synchronous_release_0
0.023252 -0.0250000004 0.0320820503 0.0139907845 synchronous_release_1
0.04754 -0.0250000004 0.0337641783 -0.00921847414 synchronous_release_0
0.023428 -0.0250000004 -0.00820953656 0.0340235728 synchronous_release_0
0.008229 -0.0250000004 0.0318854893 0.0144331414 synchronous_release_0
0.015132 -0.0250000004 -0.00344327759 -0.0348302145 synchronous_release_0
0.026169 -0.0250000004 -0.0321089938 0.0139288377 synchronous_release_0
0.023498 -0.0250000004 0.0202758213 0.0285287762 synchronous_release_0
0.027544 -0.0250000004 0.0145687342 -0.0318237644 synchronous_release_0
0.023624 -0.0250000004 0.0346695963 -0.00479782164 synchronous_release_0
0.030291 -0.0250000004 0.0131797627 -0.032423662 synchronous_release_0
0.004957 -0.0250000004 0.0253004664 0.0241844248 synchronous_release_1
0.029457 -0.0250000004 0.0171231586 -0.0305253573 synchronous_release_0
0.027343 -0.0250000004 0.000659554227 0.000751656984 synchronous_release_0
0.024792 -0.0250000004 -0.00683767781 -0.0343255905 synchronous_release_1
0.024189 -0.0250000004 0.0306281772 -0.0169385584 synchronous_release_0
0.027843 -0.0250000004 0.0160048459 -0.0311262736 synchronous_release_0
0.005392 -0.0250000004 0.0203538813 0.0284731368 synchronous_release_0
0.003458 -0.0250000004 0.0171966102 0.0304840384 synchronous_release_0
0.004826 -0.0250000004 0.0178016466 -0.0301347205 synchronous_release_0
0.009433 -0.0250000004 0.0349982568 0.000349317932 synchronous_release_0
0.026392 -0.0250000004 9.98051236e-06 -0.000999950193 synchronous_release_0
0.026397 -0.0250000004 0.0205195763 -0.0283539589 synchronous_release_1
0.025974 -0.0250000004 0.0349357169 -0.00212030221 synchronous_release_0
0.023509 -0.0250000004 0.0167875238 -0.0307112202 synchronous_release_0
0.024426 -0.0250000004 0.000877463433 0.000479643538 synchronous_release_0
0.024322 -0.0250000004 0.034510932 0.00583057238 synchronous_release_0
0.024097 -0.0250000004 -0.0297202174 -0.0184853639 synchronous_release_1
0.025979 -0.0250000004 -0.00114868602 0.0349811452 synchronous_release_2
0.007381 -0.0250000004 3.52977176e-05 -0.0349999822 synchronous_release_0
0.024785 -0.0250000004 0.0319408995 -0.0143100992 synchronous_release_1
0.024173 -0.0250000004 0.0246993958 -0.0247979808 synchronous_release_0
0.02475 -0.0250000004 0.0102077197 0.0334783879 synchronous_release_0
0.026586 -0.0250000004 -0.000995621704 -9.3474176e-05 synchronous_release_0
0.026196 -0.0250000004 0.0292291005 -0.0192525241 synchronous_release_0
0.024186 -0.0250000004 0.0343245327 -0.00684298565 synchronous_release_0
0.01215 -0.0250000004 0.0323542483 -0.0133492553 synchronous_release_0
0.02516 -0.0250000004 0.0089563226 -0.033834661 synchronous_release_0
0.003588 -0.0250000004 -0.0346968365 0.00459668787 synchronous_release_0
0.023645 -0.0250000004 0.0346968365 -0.00459668787 synchronous_release_0
0.034512 -0.0250000004 0.0133675698 -0.0323466857 synchronous_release_1
0.02343 -0.0250000004 0.0326934455 -0.0124955441 synchronous_release_0
0.029747 -0.0250000004 -0.00552526412 0.0345611264 synchronous_release_0
0.033398 -0.0250000004 0.00552526412 -0.0345611264 synchronous_release_0
0.033967 -0.0250000004 0.0139609127 0.0320950606 synchronous_release_0
0.004471 -0.0250000004 0.0349280276 -0.00224340942 synchronous_release_0
0.027287 -0.0250000004 -0.032041245 -0.0140839845 synchronous_release_0
0.00774 -0.0250000004 0.0349630754 -0.00160728294 synchronous_release_0
0.023119 -0.0250000004 0.0160895898 -0.031082553 synchronous_release_1
0.023721 -0.0250000004 0.0341553646 -0.00764271333 synchronous_release_0
0.041888 -0.0250000004 -0.0236964662 -0.0257580568 synchronous_release_0
0.038993 -0.0250000004 -0.0338484827 0.00890394394 synchronous_release_0
0.004914 -0.0250000004 0.0338484827 -0.00890394394 synchronous_release_1
0.023621 -0.0250000004 0.0255250905 0.0239472286 synchronous_release_0
0.0275 -0.0250000004 0.00797636307 -0.0340789911 synchronous_release_1
0.004435 -0.0250000004 -0.0255074454 0.0239660224 synchronous_release_1
0.02631 -0.0250000004 -0.000344464615 0.000938799302 synchronous_release_0
0.033545 -0.0250000004 0.0268700165 -0.0224277108 synchronous_release_1
0.008403 -0.0250000004 -0.00355962295 -0.0348185164 synchronous_release_0
0.010552 -0.0250000004 0.0283739083 -0.0204919821 synchronous_release_0
0.02624 -0.0250000004 0.00355962295 0.0348185164 synchronous_release_0
0.003778 -0.0250000004 0.0347818466 0.00390168515 synchronous_release_0
0.009896 -0.0250000004 0.0140119648 0.0320728053 synchronous_release_0
0.022146 -0.0250000004 0.000111476718 -0.000993767046 synchronous_release_0
0.030624 -0.0250000004 0.000122521371 -0.000992465875 synchronous_release_0
0.036578 -0.0250000004 0.0233074316 0.0261106038 synchronous_release_1
0.024868 -0.0250000004 0.000998902112 -4.68462443e-05 synchronous_release_0
0.02367 -0.0250000004 0.0327574438 -0.012326795 synchronous_release_0
0.027253 -0.0250000004 -0.000314438985 0.000949277686 synchronous_release_0
0.024132 -0.0250000004 -0.00098065799 -0.000195729168 synchronous_release_0
0.028366 -0.0250000004 0.00869478923 0.0339028117 synchronous_release_0
0.02531 -0.0250000004 0.0250133016 -0.0244813142 synchronous_release_1
0.022742 -0.0250000004 0.0280642796 -0.0209140194 synchronous_release_0
0.025855 -0.0250000004 0.0321442119 0.0138473694 synchronous_release_0
0.026353 -0.0250000004 0.0331075992 0.0113528356 synchronous_release_1
0.041433 -0.0250000004 0.0323092822 -0.013457722 synchronous_release_0
0.026868 -0.0250000004 -0.0278093703 -0.0212517982 synchronous_release_1
0.032052 -0.0250000004 -0.000991700577 -0.000128568913 synchronous_release_1
0.035614 -0.0250000004 0.00449991197 -0.0347095202 synchronous_release_1
0.023566 -0.0250000004 0.0334145629 0.0104147484 synchronous_release_0
0.026574 -0.0250000004 0.0257267181 -0.0237304862 synchronous_release_0
0.026311 -0.0250000004 -0.000100712393 0.000994915581 synchronous_release_0
0.008318 -0.0250000004 0.0157050097 -0.0312786296 synchronous_release_0
0.024271 -0.0250000004 0.0184129129 0.0297651581 synchronous_release_0
0.033034 -0.0250000004 0.0349838395 -0.00106347131 synchronous_release_1
0.027413 -0.0250000004 0.0113697283 0.0331018018 synchronous_release_0
0.035942 -0.0250000004 0.0343518654 0.00670442737 synchronous_release_0
0.006733 -0.0250000004 0.000123291185 -0.000992370538 synchronous_release_0
0.027452 -0.0250000004 0.0211035498 -0.0279220376 synchronous_release_0
0.023281 -0.0250000004 -0.000983724885 -0.000179681245 synchronous_release_1
0.005533 -0.0250000004 0.0191100431 -0.029322453 synchronous_release_0
0.037973 -0.0250000004 0.0158389677 0.0312110093 synchronous_release_0
0.027619 -0.0250000004 0.0138549046 0.0321409648 synchronous_release_0
0.003794 -0.0250000004 0.0255095715 -0.0239637593 synchronous_release_0
0.005218 -0.0250000004 0.0245663351 0.024929805 synchronous_release_0
0.009672 -0.0250000004 0.00930667693 -0.0337399728 synchronous_release_0
0.028089 -0.0250000004 -0.0245663351 -0.024929805 synchronous_release_0
0.012322 -0.0250000004 0.0339604828 -0.00846673529 synchronous_release_0
0.0283 -0.0250000004 0.0284173732 0.0204316641 synchronous_release_0
0.023747 -0.0250000004 0.0349163332 -0.00241861025 synchronous_release_0
0.003968 -0.0250000004 0.0153635887 -0.0314477367 synchronous_release_1
0.026397 -0.0250000004 0.0348256823 0.00348881834 synchronous_release_0
0.028776 -0.0250000004 0.0347586083 0.00410355353 synchronous_release_1
0.01908 -0.0250000004 -0.000211997206 0.034999358 synchronous_release_0
0.024166 -0.0250000004 0.0302043345 0.0176832739 synchronous_release_1
0.016522 -0.0250000004 0.0197998704 0.0288611353 synchronous_release_0
0.023462 -0.0250000004 -0.0150945411 0.0315777584 synchronous_release_0
0.03337 -0.0250000004 0.0348944116 -0.00271662313 synchronous_release_0
0.023599 -0.0250000004 0.0349828175 0.00109657626 synchronous_release_0
0.025696 -0.0250000004 0.0342893684 -0.00701706593 synchronous_release_0
0.026026 -0.0250000004 -0.000107627742 0.000994191264 synchronous_release_0
0.023818 -0.0250000004 0.0206606397 -0.0282513357 synchronous_release_1
0.023526 -0.0250000004 0.0526162865 -0.0301085767 synchronous_release_0
0.033391 -0.0250000004 -0.0349997407 -0.000134725225 synchronous_release_0
0.022701 -0.0250000004 0.0349754757 0.00130999967 synchronous_release_0
0.047533 -0.0250000004 0.0186222308 -0.0296346506 synchronous_release_0
0.033344 -0.0250000004 -0.000846704304 -0.000532063738 synchronous_release_1
0.023508 -0.0250000004 0.0170109721 0.0305880177 synchronous_release_0
0.024391 -0.0250000004 -0.00928265316 0.0337465902 synchronous_release_0
0.003624 -0.0250000004 0.0334983924 0.0101418788 synchronous_release_0
0.026103 -0.0250000004 -0.00796607157 -0.0340813982 synchronous_release_0
0.026393 -0.0250000004 0.0304981653 -0.0171715436 synchronous_release_1
0.026868 -0.0250000004 0.0316050786 -0.0150372539 synchronous_release_0
