0.002941 -0.0250000004 0.000315217976 0.000949019298 synchronous_release_0
0.04842 -0.0250000004 0.0217858257 0.0273930246 synchronous_release_0
0.05088 -0.0250000004 0.0348481934 -0.00325628845 synchronous_release_0
0.044397 -0.0250000004 0.0168559808 0.0306737006 synchronous_release_0
0.006518 -0.0250000004 0.0332895598 -0.0108076459 synchronous_release_0
0.042345 -0.0250000004 0.0152382561 0.0315086584 synchronous_release_0
0.050574 -0.0250000004 0.0343197535 -0.00686691481 synchronous_release_1
0.011431 -0.0250000004 0.0295424274 -0.0187681908 synchronous_release_0
0.014506 -0.0250000004 0.0230400242 0.0263468648 synchronous_release_0
0.015423 -0.0250000004 0.0347492994 0.00418164933 synchronous_release_0
0.054574 -0.0250000004 0.0318364329 0.0145410296 synchronous_release_0
0.015722 -0.0250000004 0.0087799818 0.0338808489 synchronous_release_0
0.056987 -0.0250000004 -0.00316735441 -0.0348563892 synchronous_release_1
0.067921 -0.0250000004 0.0113753729 0.0330998624 synchronous_release_0
0.047198 -0.0250000004 0.0349954893 0.000561899569 synchronous_release_0
0.006881 -0.0250000004 0.03075829 0.0167011257 synchronous_release_0
0.049794 -0.0250000004 0.0336922772 -0.00947789313 synchronous_release_1
0.055017 -0.0250000004 -0.0349621999 0.00162621568 synchronous_release_0
0.043232 -0.0250000004 0.0243740876 0.0251177996 synchronous_release_0
0.045259 -0.0250000004 0.0396409073 -0.0458650027 synchronous_release_0
0.050138 -0.0250000004 0.0128663025 0.0325493204 synchronous_release_0
0.042297 -0.0250000004 0.0150808906 -0.0315842799 synchronous_release_2
0.047793 -0.0250000004 0.0280433842 -0.0209420296 synchronous_release_0
0.006178 -0.0250000004 0.030519112 0.0171342873 synchronous_release_0
0.047927 -0.0250000004 0.0287740813 -0.0199261699 synchronous_release_0
0.048799 -0.0250000004 0.0342180788 -0.00735683932 synchronous_release_1
0.012134 -0.0250000004 0.000738466753 -0.000674289889 synchronous_release_1
0.049386 -0.0250000004 0.0341836569 -0.00751515788 synchronous_release_1
0.060605 -0.0250000004 0.0344440196 -0.00621365545 synchronous_release_1
0.075369 -0.0250000004 -0.0344440196 0.00621365545 synchronous_release_1
0.042566 -0.0250000004 -0.0269863818 0.022287557 synchronous_release_0
0.064981 -0.0250000004 0.0325081117 0.0129700683 synchronous_release_0
0.049894 -0.0250000004 -0.000997796661 -6.63462314e-05 synchronous_release_0
0.003392 -0.0250000004 -0.0323871253 0.0132692921 synchronous_release_0
0.042647 -0.0250000004 -0.0276851067 -0.0214134273 synchronous_release_0
0.067402 -0.0250000004 0.0269758887 0.0223002563 synchronous_release_1
0.049596 -0.0250000004 0.0348587557 0.00314120192 synchronous_release_1
0.05296 -0.0250000004 -0.0325012917 -0.0129871489 synchronous_release_0
0.043324 -0.0250000004 -0.00482326416 0.0346660659 synchronous_release_1
0.052563 -0.0250000004 8.98447661e-05 0.000995955781 synchronous_release_0
0.048136 -0.0250000004 0.0311716445 0.0159162992 synchronous_release_1
0.044975 -0.0250000004 0.0305088171 -0.0171526114 synchronous_release_0
0.042711 -0.0250000004 0.030245473 -0.0176128182 synchronous_release_0
0.054154 -0.0250000004 -0.020412702 0.0284309971 synchronous_release_1
0.05792 -0.0250000004 0.0256668692 0.0237952059 synchronous_release_0
0.064135 -0.0250000004 0.00495932266 -0.034646863 synchronous_release_0
0.053457 -0.0250000004 -0.00495932266 0.034646863 synchronous_release_1
0.069617 -0.0250000004 0.0275254022 0.0216183309 synchronous_release_1
0.053768 -0.0250000004 -0.00370923213 0.0348028964 synchronous_release_0
0.047891 -0.0250000004 0.000730902406 0.0349923675 synchronous_release_0
0.057472 -0.0250000004 -0.00108999759 0.0349830231 synchronous_release_0
0.007542 -0.0250000004 0.0316635589 0.0149137199 synchronous_release_0
0.005282 -0.0250000004 0.0339984195 0.00831309053 synchronous_release_0
0.0533 -0.0250000004 0.0142958044 0.0319473 synchronous_release_0
0.042943 -0.0250000004 -0.0344303293 0.00628907187 synchronous_release_0
0.051035 -0.0250000004 0.034995799 0.00054226869 synchronous_release_0
0.01182 -0.0250000004 -0.000233444782 0.0349992215 synchronous_release_0
0.0432 -0.0250000004 -0.00548919731 -0.0345668731 synchronous_release_0
0.004232 -0.0250000004 -0.0147236513 -0.0317523872 synchronous_release_0
0.052495 -0.0250000004 0.0338478859 0.00890621253 synchronous_release_1
0.042409 -0.0250000004 0.0349492677 -0.0018837964 synchronous_release_0
0.048198 -0.0250000004 0.000891681481 0.00045266338 synchronous_release_0
0.044596 -0.0250000004 0.0336194224 0.00973316166 synchronous_release_0
0.047342 -0.0250000004 0.000470324235 0.000882493691 synchronous_release_0
0.056956 -0.0250000004 0.00118769384 -0.0349798425 synchronous_release_0
0.002771 -0.0250000004 0.0318691601 0.0144691616 synchronous_release_0
0.043402 -0.0250000004 -0.0206700103 -0.0282444804 synchronous_release_0
0.06027 -0.0250000004 0.0019463115 -0.034945842 synchronous_release_1
0.04656 -0.0250000004 0.0312371427 -0.0157873658 synchronous_release_2
0.009931 -0.0250000004 0.00768282171 0.0341463651 synchronous_release_0
0.057165 -0.0250000004 0.0349534704 0.00180413594 synchronous_release_0
0.043001 -0.0250000004 -0.0165137261 -0.0308593074 synchronous_release_0
0.048709 -0.0250000004 0.000617625817 0.000786472091 synchronous_release_0
0.003047 -0.0250000004 0.0291593224 -0.0193580452 synchronous_release_0
0.004186 -0.0250000004 0.0349418489 -0.00201672972 synchronous_release_0
0.00634 -0.0250000004 0.024038632 0.0254390285 synchronous_release_0
0.005743 -0.0250000004 -0.0203721954 0.0284600361 synchronous_release_0
0.044299 -0.0250000004 0.0335498934 0.00997018822 synchronous_release_0
0.052188 -0.0250000004 0.00894860383 -0.0338367033 synchronous_release_0
0.043208 -0.0250000004 0.0322664002 0.0135602145 synchronous_release_1
0.051227 -0.0250000004 0.0278766904 -0.021163415 synchronous_release_1
0.046006 -0.0250000004 0.0144243079 -0.0318894864 synchronous_release_0
0.054211 -0.0250000004 0.0349659016 0.00154457914 synchronous_release_0
0.046125 -0.0250000004 0.0327937691 0.0509859658 synchronous_release_0
0.04401 -0.0250000004 0.0107890032 -0.0332956065 synchronous_release_0
0.044912 -0.0250000004 0.0274546168 -0.0217081556 synchronous_release_0
0.047801 -0.0250000004 0.0047727541 0.0346730561 synchronous_release_0
0.06796 -0.0250000004 -0.03348064 -0.0102003306 synchronous_release_0
0.047315 -0.0250000004 0.0347240055 -0.00438673494 synchronous_release_0
0.061242 -0.0250000004 -0.0589488764 0.0141431953 synchronous_release_0
0.002801 -0.0250000004 0.0287568874 0.0199509756 synchronous_release_0
0.048873 -0.0250000004 0.00365774681 0.0348083451 synchronous_release_0
0.049503 -0.0250000004 0.0126461821 0.0326354727 synchronous_release_0
0.042605 -0.0250000004 -0.000939085487 -0.0349873994 synchronous_release_0
0.04562 -0.0250000004 0.059913702 -0.00923841477 synchronous_release_0
0.043957 -0.0250000004 0.034825991 0.00348573535 synchronous_release_0
0.021708 -0.0250000004 -0.0021373237 0.0349346797 synchronous_release_0
0.044542 -0.0250000004 0.00163120699 -0.0349619674 synchronous_release_0
