0.406935 -0.0250000004 0.0346257063 -0.00510494522 synchronous_release_0
0.403451 -0.0250000004 0.0323667978 -0.0133187989 synchronous_release_0
0.415065 -0.0250000004 0.000914149242 0.000405377803 synchronous_release_0
0.307229 -0.0250000004 0.0169755745 0.0581964764 synchronous_release_0
0.326332 -0.0250000004 0.0671995027 -0.019601705 synchronous_release_0
0.508924 -0.0250000004 0.0337292056 0.00934562403 synchronous_release_0
0.515251 -0.0250000004 0.0317834322 0.0146565152 synchronous_release_0
0.503579 -0.0250000004 0.0346647112 -0.0497328643 synchronous_release_0
0.509441 -0.0250000004 0.0287132826 0.0200136804 synchronous_release_0
0.211883 -0.0250000004 0.00125525565 0.0349774832 synchronous_release_0
0.303249 -0.0250000004 0.0296637612 -0.0185758249 synchronous_release_1
0.320699 -0.0250000004 -0.0059609073 -0.0344886588 synchronous_release_1
0.111239 -0.0250000004 0.0316510957 0.014940152 synchronous_release_0
0.504642 -0.0250000004 0.000581033014 0.000813879989 synchronous_release_0
0.312379 -0.0250000004 -0.00521027555 0.0346100134 synchronous_release_0
0.313653 -0.0250000004 0.0213987356 0.027696464 synchronous_release_0
0.517624 -0.0250000004 0.0346852092 -0.00468361662 synchronous_release_0
0.204321 -0.0250000004 0.0167910954 -0.0307092676 synchronous_release_0
0.507178 -0.0250000004 0.0181994581 0.029896149 synchronous_release_1
0.513492 -0.0250000004 0.029998737 0.0180298579 synchronous_release_0
0.304371 -0.0250000004 0.0325530705 0.0128568116 synchronous_release_0
0.504083 -0.0250000004 0.0287603339 0.019946007 synchronous_release_0
0.319822 -0.0250000004 0.0231902748 0.0262147126 synchronous_release_0
0.412492 -0.0250000004 0.0349998967 8.50287013e-05 synchronous_release_2
0.315847 -0.0250000004 0.000951064703 -0.000308991796 synchronous_release_0
0.304322 -0.0250000004 0.0252089201 0.0242798341 synchronous_release_1
0.408026 -0.0250000004 -0.0247315504 0.0247659124 synchronous_release_1
0.514466 -0.0250000004 0.0614872524 0.033456207 synchronous_release_0
0.218082 -0.0250000004 0.0343346437 -0.00679207188 synchronous_release_0
0.404101 -0.0250000004 0.0161036752 0.0310752578 synchronous_release_1
0.406181 -0.0250000004 0.0241881001 0.0252969527 synchronous_release_1
0.513525 -0.0250000004 0.0271336931 -0.054210356 synchronous_release_0
0.110321 -0.0250000004 0.0333139973 -0.010732082 synchronous_release_0
0.205269 -0.0250000004 0.00736274298 -0.034216809 synchronous_release_0
0.407455 -0.0250000004 0.0347019108 -0.00455822194 synchronous_release_0
0.512403 -0.0250000004 -0.0347019108 0.00455822194 synchronous_release_0
0.209728 -0.0250000004 0.0349173147 -0.00240439924 synchronous_release_0
0.523642 -0.0250000004 0.0544582428 0.0266326827 synchronous_release_0
0.50426 -0.0250000004 0.0554647735 -0.0244675071 synchronous_release_0
0.503727 -0.0250000004 0.0215578106 0.0275728272 synchronous_release_0
0.404197 -0.0250000004 0.0310640526 0.0161252795 synchronous_release_1
0.50401 -0.0250000004 0.0115785922 -0.0330293234 synchronous_release_0
0.305408 -0.0250000004 0.0219995062 -0.0272217143 synchronous_release_0
0.515105 -0.0250000004 0.0565739553 -0.0217804402 synchronous_release_0
0.513172 -0.0250000004 0.0343540639 0.00669315256 synchronous_release_0
0.512322 -0.0250000004 0.0326033613 -0.0127287405 synchronous_release_1
0.503643 -0.0250000004 0.0488410218 -0.0501453347 synchronous_release_1
0.104058 -0.0250000004 -0.000789253283 -0.000614067794 synchronous_release_0
0.213633 -0.0250000004 0.0349410039 0.00203131725 synchronous_release_0
0.405463 -0.0250000004 0.0192296743 -0.0292441383 synchronous_release_0
0.205321 -0.0250000004 0.0107043586 -0.0333229157 synchronous_release_0
0.503417 -0.0250000004 0.0449150293 -0.040714127 synchronous_release_0
0.105409 -0.0250000004 -0.000948890827 0.000315604496 synchronous_release_0
0.405922 -0.0250000004 -0.0220923147 -0.0664223579 synchronous_release_0
0.515217 -0.0250000004 0.0308202423 -0.0165865206 synchronous_release_0
0.304427 -0.0250000004 0.00096367005 -0.000267095552 synchronous_release_0
0.425767 -0.0250000004 0.0186966887 0.0674569035 synchronous_release_0
0.406787 -0.0250000004 0.0338236623 0.00899777033 synchronous_release_0
0.507748 -0.0250000004 -0.000708379017 -0.000705832252 synchronous_release_0
0.204792 -0.0250000004 0.0249985103 -0.0244964177 synchronous_release_0
0.516172 -0.0250000004 -0.0337137752 -0.00940113617 synchronous_release_0
0.510918 -0.0250000004 0.0315960412 0.0150562339 synchronous_release_1
0.204853 -0.0250000004 0.000645983976 0.0349940381 synchronous_release_0
0.517418 -0.0250000004 0.0273808234 -0.0218011585 synchronous_release_0
0.503664 -0.0250000004 0.0287098608 -0.0200185886 synchronous_release_0
0.472611 -0.0250000004 0.00410697724 -0.0347582039 synchronous_release_0
0.503413 -0.0250000004 0.0349859807 -0.000990531356 synchronous_release_1
0.206329 -0.0250000004 0.03499729 0.000435540039 synchronous_release_0
0.50532 -0.0250000004 0.0286593193 -0.0200908789 synchronous_release_0
0.303642 -0.0250000004 0.0224252017 0.0268721106 synchronous_release_0
0.410829 -0.0250000004 -0.0224252017 -0.0268721106 synchronous_release_0
0.306858 -0.0250000004 0.0341868059 0.0075008199 synchronous_release_0
0.313997 -0.0250000004 -0.0024977063 0.0349107643 synchronous_release_1
0.503667 -0.0250000004 0.0281940963 -0.020738682 synchronous_release_0
0.326398 -0.0250000004 0.0094500604 0.0693591837 synchronous_release_0
0.407704 -0.0250000004 0.00929390073 -0.0337434943 synchronous_release_0
0.507068 -0.0250000004 0.0584454466 0.0160975083 synchronous_release_0
0.405296 -0.0250000004 0.0086577596 -0.0339122868 synchronous_release_0
0.304333 -0.0250000004 0.0266191148 0.0227249362 synchronous_release_0
0.528462 -0.0250000004 0.0251627716 -0.0243276576 synchronous_release_0
0.309132 -0.0250000004 0.0347191584 0.00442493409 synchronous_release_0
0.417424 -0.0250000004 0.00998900014 0.0335442972 synchronous_release_1
0.403835 -0.0250000004 0.0228574071 -0.0265054512 synchronous_release_0
0.303378 -0.0250000004 0.0318501916 0.0145108682 synchronous_release_0
0.506359 -0.0250000004 0.000995385975 -9.59518642e-05 synchronous_release_0
0.314056 -0.0250000004 0.000287284341 0.000957845346 synchronous_release_0
0.411239 -0.0250000004 0.0349973904 -0.00042739007 synchronous_release_0
0.10352 -0.0250000004 0.020655553 -0.0282550549 synchronous_release_0
0.303576 -0.0250000004 0.0347973719 0.00376070618 synchronous_release_0
0.220361 -0.0250000004 0.0554529249 -0.0244943487 synchronous_release_1
0.409817 -0.0250000004 -0.00042919683 -0.000903210984 synchronous_release_0
0.503671 -0.0250000004 -0.00300090862 -0.0348711134 synchronous_release_0
0.412406 -0.0250000004 0.0220994733 0.0271406205 synchronous_release_0
0.531564 -0.0250000004 0.0108850723 -0.0596365257 synchronous_release_1
0.30812 -0.0250000004 -0.00117353616 -0.0349803204 synchronous_release_1
0.208855 -0.0250000004 0.000353405865 0.000935470093 synchronous_release_0
0.306324 -0.0250000004 0.0349158579 0.00242546256 synchronous_release_0
0.407308 -0.0250000004 0.0324382826 -0.013143737 synchronous_release_0
0.21976 -0.0250000004 0.0348748164 0.0029575635 synchronous_release_1
0.503876 -0.0250000004 0.0686130503 -0.0138654002 synchronous_release_0
0.404969 -0.0250000004 0.020757306 -0.0281803877 synchronous_release_0
0.11996 -0.0250000004 0.003956415 0.0347756636 synchronous_release_0
0.509608 -0.0250000004 0.0175084544 -0.0303060064 synchronous_release_0
0.303513 -0.0250000004 0.0347179986 -0.00443402442 synchronous_release_0
0.522555 -0.0250000004 -0.0135190215 0.032283681 synchronous_release_1
0.312361 -0.0250000004 0.0270225882 0.0222436446 synchronous_release_0
0.307112 -0.0250000004 0.0324761374 0.0130499233 synchronous_release_1
0.505525 -0.0250000004 -0.0526319595 0.0300811709 synchronous_release_0
0.204456 -0.0250000004 -0.000407178593 -0.000913348561 synchronous_release_0
0.414441 -0.0250000004 0.028325545 0.0205587816 synchronous_release_0
0.406469 -0.0250000004 -0.0316956407 0.0148454155 synchronous_release_0
0.405842 -0.0250000004 0.0667317388 0.021139419 synchronous_release_1
0.50474 -0.0250000004 -0.0199009261 -0.0287915463 synchronous_release_0
0.5128 -0.0250000004 -0.00918583641 0.0337730723 synchronous_release_0
0.409013 -0.0250000004 0.00918583641 -0.0337730723 synchronous_release_2
0.224148 -0.0250000004 0.000980297274 -0.000197527858 synchronous_release_0
0.403779 -0.0250000004 0.059427364 -0.01197449 synchronous_release_0
0.510449 -0.0250000004 0.0305401213 0.0170968123 synchronous_release_0
0.504027 -0.0250000004 0.0408664738 -0.0447764595 synchronous_release_0
0.310981 -0.0250000004 0.0314743061 0.0153090842 synchronous_release_0
0.210544 -0.0250000004 -0.0349475756 0.00191493106 synchronous_release_0
0.303839 -0.0250000004 -0.00594716623 -0.0344910309 synchronous_release_0
0.41588 -0.0250000004 0.0328436921 0.0120951184 synchronous_release_0
0.503635 -0.0250000004 0.0147191767 -0.0684349753 synchronous_release_0
0.508535 -0.0250000004 0.0210423222 -0.0279682083 synchronous_release_0
0.404566 -0.0250000004 0.0319268843 -0.0143413408 synchronous_release_0
0.505469 -0.0250000004 0.015884363 0.0311879305 synchronous_release_0
0.203768 -0.0250000004 0.0399210879 -0.0456213409 synchronous_release_0
0.206388 -0.0250000004 -0.0142169418 -0.0319824728 synchronous_release_0
0.513399 -0.0250000004 0.0490230466 0.0356614765 synchronous_release_0
0.506057 -0.0250000004 -0.0330155181 -0.0116178983 synchronous_release_0
0.411237 -0.0250000004 0.00370026232 -0.0605087437 synchronous_release_0
0.430748 -0.0250000004 0.0132312628 0.0324026802 synchronous_release_1
0.510647 -0.0250000004 -0.0214459128 0.0276599498 synchronous_release_1
0.303398 -0.0250000004 0.0608932371 0.0345255511 synchronous_release_0
0.52167 -0.0250000004 -0.00862798375 0.060004649 synchronous_release_1
0.129775 -0.0250000004 0.0194007095 0.0291309538 synchronous_release_0
0.204313 -0.0250000004 0.0316542296 0.014933511 synchronous_release_0
0.507209 -0.0250000004 0.0349446617 0.00196738912 synchronous_release_0
0.506781 -0.0250000004 0.0423704969 0.0433559799 synchronous_release_0
0.41759 -0.0250000004 0.0337010418 0.00944668103 synchronous_release_1
0.214428 -0.0250000004 0.0284751328 -0.0203510888 synchronous_release_1
0.505294 -0.0250000004 0.000814398143 -0.000580306527 synchronous_release_1
0.516367 -0.0250000004 0.0599467106 -0.00902174502 synchronous_release_0
0.504111 -0.0250000004 0.0273690019 -0.0218159973 synchronous_release_1
0.524721 -0.0250000004 -0.0231253126 -0.0262720368 synchronous_release_0
0.216413 -0.0250000004 0.0290009771 -0.0195944719 synchronous_release_0
0.404728 -0.0250000004 0.0341377225 0.00772113361 synchronous_release_0
0.104641 -0.0250000004 0.0197837828 0.0288721655 synchronous_release_0
0.122987 -0.0250000004 -0.0151121373 0.0315693412 synchronous_release_0
0.524962 -0.0250000004 0.0197837828 0.0288721655 synchronous_release_0
0.412542 -0.0250000004 -0.0151121373 0.0315693412 synchronous_release_1
0.481424 -0.0250000004 -0.0249684584 -0.0245270481 synchronous_release_0
0.212814 -0.0250000004 0.0347756667 0.00395638757 synchronous_release_0
0.509023 -0.0250000004 0.0208141655 -0.028138417 synchronous_release_0
0.204791 -0.0250000004 -0.00328933984 -0.0348450892 synchronous_release_0
0.506484 -0.0250000004 0.0318214024 0.0145738927 synchronous_release_0
0.5142 -0.0250000004 -0.0285320625 0.0202711965 synchronous_release_0
0.305706 -0.0250000004 -0.0285320625 0.0202711965 synchronous_release_1
0.103877 -0.0250000004 -0.03422192 -0.00733895022 synchronous_release_0
0.504278 -0.0250000004 0.0166974834 -0.0307602673 synchronous_release_1
0.308989 -0.0250000004 0.0430556083 -0.0426756909 synchronous_release_1
0.312005 -0.0250000004 0.000565761893 -0.034995427 synchronous_release_0
0.40802 -0.0250000004 0.0305898098 -0.0170077493 synchronous_release_0
0.508705 -0.0250000004 -0.000565761893 0.034995427 synchronous_release_0
0.203494 -0.0250000004 0.058558245 -0.0383527306 synchronous_release_0
0.317231 -0.0250000004 0.00196765828 0.0349446465 synchronous_release_0
0.505261 -0.0250000004 0.0312467808 0.0157682812 synchronous_release_0
0.503404 -0.0250000004 0.029002732 0.0195918743 synchronous_release_0
0.503613 -0.0250000004 -0.0102426009 0.0597502228 synchronous_release_0
0.403908 -0.0250000004 0.0301603068 -0.0177582626 synchronous_release_0
0.307293 -0.0250000004 -0.00804887873 0.0600850693 synchronous_release_0
0.513013 -0.0250000004 0.0133206261 0.0323660458 synchronous_release_0
0.50442 -0.0250000004 0.0693802619 0.0092940446 synchronous_release_1
0.303426 -0.0250000004 0.0267055531 -0.022623294 synchronous_release_1
0.507325 -0.0250000004 0.0101978207 0.0334814046 synchronous_release_1
0.204891 -0.0250000004 -0.0174602882 -0.0303337821 synchronous_release_0
0.304389 -0.0250000004 0.0598611101 0.00957326968 synchronous_release_0
0.410412 -0.0250000004 0.00552712983 -0.0345608281 synchronous_release_0
0.517609 -0.0250000004 0.0349775375 0.00125374196 synchronous_release_0
0.503553 -0.0250000004 0.0269912639 0.0222816444 synchronous_release_0
0.504202 -0.0250000004 0.0327710592 -0.0122905525 synchronous_release_0
0.308136 -0.0250000004 0.0111859994 -0.0331643396 synchronous_release_0
0.322194 -0.0250000004 0.0343141602 -0.00689481015 synchronous_release_0
0.405336 -0.0250000004 -0.0104170882 -0.0334138336 synchronous_release_0
0.504076 -0.0250000004 0.0188315586 -0.0295020745 synchronous_release_0
0.412605 -0.0250000004 0.030400325 -0.0173441703 synchronous_release_0
0.403366 -0.0250000004 -0.000581791035 -0.000813338301 synchronous_release_0
0.303859 -0.0250000004 0.0532358489 0.0289990412 synchronous_release_1
0.305159 -0.0250000004 0.0305788323 -0.0523443886 synchronous_release_0
0.308245 -0.0250000004 0.0302210468 0.0176546971 synchronous_release_0
0.403807 -0.0250000004 0.0697856793 -0.00547347868 synchronous_release_0
0.404402 -0.0250000004 0.0348928827 -0.0027361908 synchronous_release_0
0.505993 -0.0250000004 0.0198160521 0.0288500274 synchronous_release_0
0.403792 -0.0250000004 0.0579444544 -0.0178168518 synchronous_release_0
0.52592 -0.0250000004 -0.00229156671 -0.060578451 synchronous_release_0
0.508226 -0.0250000004 0.034974985 -0.00132303666 synchronous_release_1
0.308986 -0.0250000004 -0.00467436305 -0.0698437566 synchronous_release_0
0.511304 -0.0250000004 0.000351795953 -0.00093607671 synchronous_release_0
0.207563 -0.0250000004 0.0592666454 -0.0127461657 synchronous_release_0
0.204078 -0.0250000004 0.0333128238 0.010735724 synchronous_release_1
0.210882 -0.0250000004 0.0294813814 0.0188639379 synchronous_release_0
0.405105 -0.0250000004 0.0258159893 0.0236333387 synchronous_release_0
0.40336 -0.0250000004 0.0135652619 0.0322642786 synchronous_release_0
0.207666 -0.0250000004 0.0344938596 0.00593073784 synchronous_release_0
0.20628 -0.0250000004 0.0312298447 -0.0158017974 synchronous_release_0
0.305385 -0.0250000004 0.0218399444 0.0273498964 synchronous_release_0
0.306071 -0.0250000004 0.01355923 0.0322668139 synchronous_release_1
0.404354 -0.0250000004 0.0211642656 -0.0278760446 synchronous_release_2
0.307408 -0.0250000004 -0.0327374082 0.0123799072 synchronous_release_0
0.406604 -0.0250000004 -0.00564739001 0.0345413808 synchronous_release_0
0.407957 -0.0250000004 0.0327374082 -0.0123799072 synchronous_release_0
0.103971 -0.0250000004 0.0258218638 -0.02362692 synchronous_release_0
0.409515 -0.0250000004 0.0526679535 0.0300181058 synchronous_release_0
0.545062 -0.0250000004 0.017668496 0.0302129815 synchronous_release_0
0.508604 -0.0250000004 0.0184429804 -0.0297465372 synchronous_release_0
0.204389 -0.0250000004 0.0248173318 -0.0553091316 synchronous_release_0
0.406944 -0.0250000004 -0.000442535738 -0.000896750869 synchronous_release_0
0.312065 -0.0250000004 0.0172012187 0.0304814382 synchronous_release_0
0.406328 -0.0250000004 0.00240429355 -0.034917322 synchronous_release_1
0.510832 -0.0250000004 0.000958949642 0.000283576417 synchronous_release_0
0.40428 -0.0250000004 -0.00084167688 0.0349898783 synchronous_release_0
0.308536 -0.0250000004 0.0106319679 0.0333460831 synchronous_release_0
0.403812 -0.0250000004 0.0235625711 -0.0258805959 synchronous_release_0
0.512204 -0.0250000004 -0.034194539 -0.00746548724 synchronous_release_0
0.428144 -0.0250000004 0.00071067329 -0.000703522192 synchronous_release_0
0.504244 -0.0250000004 -0.0339842557 0.00837080415 synchronous_release_0
0.110216 -0.0250000004 -0.0278930084 0.0211419035 synchronous_release_0
0.406895 -0.0250000004 0.0322559297 0.0135851021 synchronous_release_0
0.404508 -0.0250000004 0.0246392326 0.0248577597 synchronous_release_0
0.509123 -0.0250000004 0.00724699139 0.0342415116 synchronous_release_0
0.503389 -0.0250000004 0.0547699457 -0.0259856315 synchronous_release_0
0.303503 -0.0250000004 0.0611323294 -0.034100415 synchronous_release_0
0.506007 -0.0250000004 0.0300489952 0.0179459714 synchronous_release_0
0.405394 -0.0250000004 0.0606208378 -0.00033766636 synchronous_release_0
0.50631 -0.0250000004 -0.0570108859 -0.0206096795 synchronous_release_0
0.50491 -0.0250000004 0.0601868745 0.00724845767 synchronous_release_0
0.306815 -0.0250000004 0.00672596306 0.0343476552 synchronous_release_0
0.513111 -0.0250000004 -0.0188001261 -0.0576329355 synchronous_release_0
0.111791 -0.0250000004 0.0260372585 0.0233893388 synchronous_release_2
0.304738 -0.0250000004 0.00074134239 0.000671127008 synchronous_release_1
0.203727 -0.0250000004 0.0276892084 0.0214081232 synchronous_release_0
0.310317 -0.0250000004 0.0310260397 0.0161982981 synchronous_release_0
0.203965 -0.0250000004 0.0300996338 0.0178609084 synchronous_release_0
0.306259 -0.0250000004 0.000418183483 -0.0349975017 synchronous_release_0
0.213819 -0.0250000004 -0.00097589556 0.00021823807 synchronous_release_0
0.506446 -0.0250000004 -0.0257610959 0.0236931622 synchronous_release_0
0.504429 -0.0250000004 0.0442259312 0.041461633 synchronous_release_0
0.529251 -0.0250000004 0.0681638161 0.0159277798 synchronous_release_1
0.354794 -0.0250000004 0.0226133959 -0.0267139351 synchronous_release_1
0.404037 -0.0250000004 0.0156399286 0.0313112221 synchronous_release_0
0.108188 -0.0250000004 0.0193357938 -0.0291740823 synchronous_release_0
0.303644 -0.0250000004 0.043894023 0.0418128538 synchronous_release_0
0.306635 -0.0250000004 0.0341955056 0.00746105872 synchronous_release_1
0.404372 -0.0250000004 0.0346807241 -0.00471671241 synchronous_release_0
0.205589 -0.0250000004 0.0582140244 0.0169152996 synchronous_release_1
0.417632 -0.0250000004 0.0335409628 0.0100001906 synchronous_release_1
0.203792 -0.0250000004 0.027072253 0.0221831719 synchronous_release_0
0.203664 -0.0250000004 0.0277040247 -0.0213889461 synchronous_release_0
0.403494 -0.0250000004 0.0188299313 -0.0295031132 synchronous_release_0
0.30334 -0.0250000004 -0.0063939212 -0.0344110124 synchronous_release_0
0.311311 -0.0250000004 0.0341113142 -0.00783697941 synchronous_release_1
0.21003 -0.0250000004 0.0347217443 -0.00440459663 synchronous_release_0
0.203181 -0.0250000004 0.0114359345 -0.0330789873 synchronous_release_0
0.305814 -0.0250000004 0.000945113923 0.000326740986 synchronous_release_1
0.411798 -0.0250000004 0.000215141595 -0.000976582866 synchronous_release_0
0.511334 -0.0250000004 0.0105690671 0.0333660729 synchronous_release_0
0.403635 -0.0250000004 0.0447494674 0.0408960287 synchronous_release_1
0.503558 -0.0250000004 0.0344863859 0.00597404275 synchronous_release_1
0.52086 -0.0250000004 0.0200569914 0.0286830454 synchronous_release_0
0.503875 -0.0250000004 0.069693781 -0.00654040445 synchronous_release_0
0.304033 -0.0250000004 -0.0243060652 -0.055535711 synchronous_release_0
0.305999 -0.0250000004 0.0281848115 0.0207512988 synchronous_release_0
0.510087 -0.0250000004 0.000135769671 0.000990740428 synchronous_release_1
0.405878 -0.0250000004 0.0180438089 0.0299903478 synchronous_release_0
0.506562 -0.0250000004 0.0313481613 0.0155657567 synchronous_release_0
0.403668 -0.0250000004 0.0264731236 0.0228948406 synchronous_release_0
0.504297 -0.0250000004 0.0533941857 -0.0287064616 synchronous_release_1
0.510983 -0.0250000004 -0.0184102512 0.0297668045 synchronous_release_1
0.507692 -0.0250000004 0.0128934269 0.0325385854 synchronous_release_0
0.518168 -0.0250000004 0.0217325281 -0.027435328 synchronous_release_1
0.519586 -0.0250000004 0.0315417916 0.0151695544 synchronous_release_0
0.403812 -0.0250000004 -0.0326338266 0.0126504293 synchronous_release_0
0.505033 -0.0250000004 0.0328640211 0.0120397722 synchronous_release_0
0.411029 -0.0250000004 0.034316978 0.00688077166 synchronous_release_0
0.510458 -0.0250000004 0.0231174121 -0.0262789889 synchronous_release_0
0.104735 -0.0250000004 0.0305882551 -0.0170105453 synchronous_release_0
0.404146 -0.0250000004 0.0429380659 -0.042793954 synchronous_release_0
0.409638 -0.0250000004 0.0175991482 0.0302534292 synchronous_release_0
0.306237 -0.0250000004 0.0602489436 0.0067130313 synchronous_release_0
0.409095 -0.0250000004 -0.010199607 0.0334808605 synchronous_release_0
0.513126 -0.0250000004 0.0340950792 -0.00790731144 synchronous_release_0
0.210898 -0.0250000004 0.0285169582 0.0202924393 synchronous_release_0
0.430927 -0.0250000004 0.0289228073 0.0197096732 synchronous_release_1
0.104141 -0.0250000004 0.0349999741 -4.2611636e-05 synchronous_release_0
0.138344 -0.0250000004 0.0299793529 -0.0180620707 synchronous_release_0
0.41239 -0.0250000004 0.0324570757 0.0130972607 synchronous_release_0
0.203291 -0.0250000004 0.060028174 -0.00846276096 synchronous_release_1
0.407215 -0.0250000004 0.0349165092 0.00241606803 synchronous_release_1
0.323553 -0.0250000004 0.000239887276 -0.000970800749 synchronous_release_0
0.423936 -0.0250000004 0.0242602097 -0.0252278065 synchronous_release_0
0.305335 -0.0250000004 0.0267858198 -0.0225282013 synchronous_release_0
0.436613 -0.0250000004 -0.0330244082 0.0115926039 synchronous_release_1
0.530324 -0.0250000004 -0.0265516936 -0.0228036745 synchronous_release_1
0.504233 -0.0250000004 -0.0217439847 -0.0274262489 synchronous_release_0
0.403412 -0.0250000004 0.0431088699 -0.0551509324 synchronous_release_0
0.503449 -0.0250000004 0.0215544349 -0.0275754662 synchronous_release_0
0.514979 -0.0250000004 0.0346582717 0.00487895512 synchronous_release_0
0.212021 -0.0250000004 0.00648185429 0.0343945572 synchronous_release_1
0.414031 -0.0250000004 -0.0121148503 0.0328364188 synchronous_release_0
0.503756 -0.0250000004 0.0121148503 -0.0328364188 synchronous_release_0
0.507521 -0.0250000004 0.0223340118 0.0269479483 synchronous_release_0
0.208145 -0.0250000004 -0.00646309613 0.034398087 synchronous_release_0
0.105308 -0.0250000004 0.0128121386 -0.0325706786 synchronous_release_0
0.104655 -0.0250000004 0.0335954837 0.00981547124 synchronous_release_0
0.403948 -0.0250000004 0.0587689574 -0.0148731181 synchronous_release_0
0.214794 -0.0250000004 0.0501819587 -0.0488033915 synchronous_release_1
0.430075 -0.0250000004 -0.00362402958 0.0699061257 synchronous_release_0
0.510765 -0.0250000004 -0.0287972393 -0.0198926873 synchronous_release_0
0.592056 -0.0250000004 0.0193440885 -0.0291685831 synchronous_release_0
0.30476 -0.0250000004 0.0312977131 -0.0156669447 synchronous_release_1
0.503887 -0.0250000004 0.000966917969 0.000255087516 synchronous_release_0
0.10878 -0.0250000004 0.0237875093 -0.0256740024 synchronous_release_0
0.513248 -0.0250000004 0.0299365556 -0.0181329158 synchronous_release_0
0.504407 -0.0250000004 0.0606083992 -0.00127355602 synchronous_release_1
0.403529 -0.0250000004 0.0581537828 0.0171212601 synchronous_release_0
0.404234 -0.0250000004 0.0348753549 0.00295120676 synchronous_release_0
0.515357 -0.0250000004 0.0148818574 0.0316785467 synchronous_release_0
0.203786 -0.0250000004 0.034912321 -0.00247585242 synchronous_release_0
0.308358 -0.0250000004 0.0196003116 0.0289970306 synchronous_release_0
0.203532 -0.0250000004 0.000557507228 0.000830172085 synchronous_release_1
0.581837 -0.0250000004 0.0308382958 -0.0165529307 synchronous_release_1
0.203969 -0.0250000004 0.0349641528 0.00158367155 synchronous_release_0
0.504763 -0.0250000004 -0.0322211533 -0.0621433607 synchronous_release_0
0.304141 -0.0250000004 0.0266136107 -0.022731382 synchronous_release_1
0.405193 -0.0250000004 0.00637914895 0.0344137539 synchronous_release_1
0.527437 -0.0250000004 0.0393719086 0.0460961258 synchronous_release_1
0.305061 -0.0250000004 0.0264663043 0.0229027234 synchronous_release_1
0.503859 -0.0250000004 -0.000998836802 4.8218696e-05 synchronous_release_0
0.303599 -0.0250000004 0.0243428475 0.0251480769 synchronous_release_0
0.50712 -0.0250000004 -0.00960744971 0.0336555628 synchronous_release_0
0.406426 -0.0250000004 0.0223648714 0.0269223425 synchronous_release_0
0.427827 -0.0250000004 0.0226813676 -0.0266562481 synchronous_release_0
0.518629 -0.0250000004 0.0117443043 0.0329707646 synchronous_release_0
0.204636 -0.0250000004 0.060889599 0.0345319669 synchronous_release_0
0.508295 -0.0250000004 0.0348111818 -0.00363065062 synchronous_release_0
0.319102 -0.0250000004 0.0684498046 -0.0146500597 synchronous_release_0
0.315132 -0.0250000004 0.0129955418 0.0324979368 synchronous_release_0
0.503854 -0.0250000004 0.0339291788 0.00859132289 synchronous_release_1
0.415128 -0.0250000004 -0.0349453527 0.00195507747 synchronous_release_0
0.508422 -0.0250000004 0.0157795296 -0.0312411019 synchronous_release_0
0.412403 -0.0250000004 0.0271138497 0.0221323102 synchronous_release_0
0.104469 -0.0250000004 0.0349842747 0.00104905754 synchronous_release_0
0.21647 -0.0250000004 0.0344730104 0.00605074834 synchronous_release_0
0.406036 -0.0250000004 0.0201138043 0.0286432344 synchronous_release_1
0.303507 -0.0250000004 -0.0347851305 -0.00387229847 synchronous_release_0
0.517493 -0.0250000004 0.0347851305 0.00387229847 synchronous_release_1
0.236317 -0.0250000004 0.0348737878 0.00296966755 synchronous_release_1
0.410496 -0.0250000004 0.02778384 -0.0212851647 synchronous_release_0
0.513533 -0.0250000004 -0.000608147563 -0.000793823999 synchronous_release_0
0.204184 -0.0250000004 -0.0322015618 0.0137134758 synchronous_release_1
0.51079 -0.0250000004 0.0148911297 0.0587643962 synchronous_release_1
0.404125 -0.0250000004 0.0195941572 0.0290011897 synchronous_release_0
0.418743 -0.0250000004 -0.0151551733 -0.031548704 synchronous_release_0
0.111179 -0.0250000004 0.0179210599 -0.0300638589 synchronous_release_0
0.404703 -0.0250000004 0.0349965955 0.000488163718 synchronous_release_1
0.503636 -0.0250000004 0.0333293099 0.0106844326 synchronous_release_0
0.310454 -0.0250000004 0.0290209832 -0.0195648291 synchronous_release_0
0.407068 -0.0250000004 0.0604751137 -0.00421433492 synchronous_release_0
0.5038 -0.0250000004 -0.028069127 -0.0209075133 synchronous_release_0
0.412347 -0.0250000004 0.0593700675 0.0122554104 synchronous_release_0
0.407032 -0.0250000004 0.0338041302 -0.00907087542 synchronous_release_0
0.504653 -0.0250000004 -0.000970255033 0.000242085048 synchronous_release_1
0.209479 -0.0250000004 -0.000968063745 -0.00025070418 synchronous_release_1
0.519447 -0.0250000004 -0.0161306758 0.0310612507 synchronous_release_1
0.403635 -0.0250000004 0.0606087234 -0.035022602 synchronous_release_0
0.503436 -0.0250000004 0.0303174124 0.0174886966 synchronous_release_0
0.404427 -0.0250000004 0.0325853587 -0.0127747563 synchronous_release_1
0.212525 -0.0250000004 -0.0127737223 0.0325857641 synchronous_release_0
0.412023 -0.0250000004 0.0127383864 -0.0325995937 synchronous_release_0
0.304111 -0.0250000004 0.0572606733 -0.0199051573 synchronous_release_0
0.503478 -0.0250000004 0.0259729131 -0.0234607712 synchronous_release_1
0.515009 -0.0250000004 0.0131973796 0.0324164953 synchronous_release_0
0.409506 -0.0250000004 0.0561470169 -0.0228585321 synchronous_release_1
0.408407 -0.0250000004 -0.0134751121 0.0323020333 synchronous_release_0
0.310518 -0.0250000004 0.000746997519 0.000664826825 synchronous_release_0
0.50737 -0.0250000004 0.0247294666 0.0247679931 synchronous_release_1
0.313208 -0.0250000004 0.0329443391 0.0118182282 synchronous_release_0
0.517345 -0.0250000004 -0.0267070554 0.0226215205 synchronous_release_0
0.412301 -0.0250000004 0.0248819982 0.024614755 synchronous_release_0
0.50626 -0.0250000004 0.0299076961 -0.0181804762 synchronous_release_0
0.222868 -0.0250000004 0.0305637866 -0.0170544701 synchronous_release_0
0.506242 -0.0250000004 0.000999892876 1.4636827e-05 synchronous_release_0
0.412399 -0.0250000004 -0.0343405074 0.00676236292 synchronous_release_1
0.204926 -0.0250000004 0.0319193257 0.0143581561 synchronous_release_0
0.303605 -0.0250000004 0.0301738707 0.0177352059 synchronous_release_0
0.403505 -0.0250000004 0.0674731422 0.018638001 synchronous_release_0
0.304054 -0.0250000004 0.0307269265 0.0167587585 synchronous_release_1
0.205871 -0.0250000004 0.0314485821 0.0153618581 synchronous_release_0
0.317657 -0.0250000004 0.0318634052 -0.0144818303 synchronous_release_0
0.522712 -0.0250000004 0.0352534748 -0.0493172638 synchronous_release_0
0.504358 -0.0250000004 -0.0107047428 0.0333227922 synchronous_release_0
0.405709 -0.0250000004 0.0349945796 -0.000615954881 synchronous_release_1
0.505582 -0.0250000004 0.0118504192 -0.0329327734 synchronous_release_1
0.509649 -0.0250000004 0.0603608348 -0.00561868472 synchronous_release_0
0.303623 -0.0250000004 0.0328129552 -0.0121782581 synchronous_release_0
0.503497 -0.0250000004 0.0597661137 0.0101494657 synchronous_release_0
0.508132 -0.0250000004 0.0269531585 0.0223277238 synchronous_release_0
0.307571 -0.0250000004 0.0337633277 0.009221589 synchronous_release_0
0.306222 -0.0250000004 0.0272096979 0.0220143667 synchronous_release_0
0.404235 -0.0250000004 0.00546015186 -0.0345714729 synchronous_release_0
0.213908 -0.0250000004 0.0217982251 0.0273831587 synchronous_release_0
0.403449 -0.0250000004 0.000930554174 0.000366154243 synchronous_release_0
0.509639 -0.0250000004 -0.000995926348 -9.01704447e-05 synchronous_release_1
0.12052 -0.0250000004 -0.0347583192 0.00410600135 synchronous_release_0
0.406487 -0.0250000004 0.0332494096 -0.0109305426 synchronous_release_0
0.403913 -0.0250000004 0.0683635507 0.0150474228 synchronous_release_0
0.410664 -0.0250000004 0.053944292 0.0276588749 synchronous_release_0
0.506911 -0.0250000004 0.0257867252 -0.0236652658 synchronous_release_0
0.524388 -0.0250000004 0.00760135873 0.034164592 synchronous_release_0
0.405871 -0.0250000004 0.0341344131 -0.00773575112 synchronous_release_0
0.408878 -0.0250000004 0.0492207315 0.0353881278 synchronous_release_0
0.303513 -0.0250000004 0.0303848534 0.0173712602 synchronous_release_0
0.511999 -0.0250000004 -0.0300879053 0.0526281099 synchronous_release_0
0.506262 -0.0250000004 0.0347238689 0.0043878156 synchronous_release_0
0.203847 -0.0250000004 0.00626868276 -0.0344340473 synchronous_release_0
0.10374 -0.0250000004 -0.000859683906 0.0349894405 synchronous_release_0
0.209387 -0.0250000004 -0.0118132142 0.0329461374 synchronous_release_1
0.303605 -0.0250000004 0.0323383092 0.0133878213 synchronous_release_0
0.316137 -0.0250000004 0.00093252616 0.0349875749 synchronous_release_0
0.420445 -0.0250000004 0.0307663917 0.0166861961 synchronous_release_1
0.503476 -0.0250000004 0.0346286382 -0.00508501904 synchronous_release_0
0.513019 -0.0250000004 -0.0129105634 0.0325317899 synchronous_release_0
0.205591 -0.0250000004 -0.000987300313 -0.000158865011 synchronous_release_0
0.407103 -0.0250000004 0.0207197414 0.0282080187 synchronous_release_0
0.413628 -0.0250000004 0.0227342066 0.0266111978 synchronous_release_1
0.503593 -0.0250000004 0.0141615634 -0.0320070324 synchronous_release_0
0.50724 -0.0250000004 -0.0206381215 -0.0282677898 synchronous_release_0
0.205228 -0.0250000004 0.0180154026 -0.0300074203 synchronous_release_0
0.503487 -0.0250000004 0.00710153359 0.0342719743 synchronous_release_0
0.118334 -0.0250000004 0.0264886425 -0.0228768839 synchronous_release_0
0.510439 -0.0250000004 0.0320101652 0.0141544807 synchronous_release_0
0.21242 -0.0250000004 0.000977385355 -0.000211465999 synchronous_release_0
0.517823 -0.0250000004 0.0333260741 0.0106945213 synchronous_release_0
0.114016 -0.0250000004 0.0337743779 -0.00918103473 synchronous_release_0
0.210987 -0.0250000004 -0.0248381982 -0.0246589519 synchronous_release_0
0.204999 -0.0250000004 0.0348941506 -0.0027199727 synchronous_release_0
0.214166 -0.0250000004 0.0546967914 0.0261392618 synchronous_release_2
0.203533 -0.0250000004 0.00846979795 0.0339597191 synchronous_release_0
0.404011 -0.0250000004 0.0076367429 0.0341567 synchronous_release_0
0.306564 -0.0250000004 0.0343706737 0.00660732829 synchronous_release_0
0.306926 -0.0250000004 0.033798105 0.00909329948 synchronous_release_0
0.313324 -0.0250000004 0.00599106645 -0.0344834326 synchronous_release_1
0.513722 -0.0250000004 0.0293442405 0.0190765707 synchronous_release_0
0.504481 -0.0250000004 0.00184867464 -0.0349511431 synchronous_release_1
0.115727 -0.0250000004 0.0299146754 -0.0181689899 synchronous_release_0
0.509998 -0.0250000004 0.0246448508 0.0248521896 synchronous_release_0
0.520034 -0.0250000004 -0.0126419297 -0.0326371202 synchronous_release_0
0.404698 -0.0250000004 0.0279678997 -0.0210427324 synchronous_release_0
0.505638 -0.0250000004 0.0143244466 0.0319344677 synchronous_release_0
0.303697 -0.0250000004 0.0342082281 0.00740250835 synchronous_release_0
0.5162 -0.0250000004 0.0143427725 0.0319262412 synchronous_release_1
0.413084 -0.0250000004 0.0349976128 0.000408773308 synchronous_release_0
0.418795 -0.0250000004 0.035705629 -0.0602088703 synchronous_release_0
0.30428 -0.0250000004 -0.0274755199 0.0216816929 synchronous_release_0
0.308978 -0.0250000004 0.026949523 -0.0223321116 synchronous_release_1
0.505379 -0.0250000004 0.0219752913 -0.027241266 synchronous_release_0
0.312589 -0.0250000004 -0.034579274 -0.00541052755 synchronous_release_1
0.203869 -0.0250000004 -0.000964428443 -0.000264344053 synchronous_release_0
0.210436 -0.0250000004 0.00925204184 -0.0337549955 synchronous_release_0
0.527725 -0.0250000004 -0.000785947439 -0.000618293315 synchronous_release_0
0.416829 -0.0250000004 0.0258561373 -0.0235894078 synchronous_release_0
0.513677 -0.0250000004 -0.0348527714 0.00320691842 synchronous_release_0
0.504665 -0.0250000004 0.000997831324 -6.58228533e-05 synchronous_release_0
0.412351 -0.0250000004 -0.0212513339 0.0278097251 synchronous_release_1
0.522868 -0.0250000004 -0.017109345 -0.0581572894 synchronous_release_0
0.404858 -0.0250000004 0.0253432359 0.0241396022 synchronous_release_1
0.105995 -0.0250000004 0.023520597 0.0259187484 synchronous_release_0
0.204123 -0.0250000004 0.034206593 -0.00741006027 synchronous_release_1
0.203476 -0.0250000004 0.0198828467 0.0288040346 synchronous_release_0
0.426492 -0.0250000004 0.0241947594 -0.0252905836 synchronous_release_0
0.305375 -0.0250000004 0.0291019777 -0.0194441481 synchronous_release_0
0.505397 -0.0250000004 0.031390115 0.0154809779 synchronous_release_1
0.404563 -0.0250000004 0.0104693193 -0.0333975052 synchronous_release_0
0.406179 -0.0250000004 -0.000954214434 -0.000299123409 synchronous_release_0
0.304434 -0.0250000004 0.034312761 -0.00690177037 synchronous_release_1
0.207227 -0.0250000004 -0.0349867703 0.000962238447 synchronous_release_1
0.40541 -0.0250000004 0.03339722 0.0104702289 synchronous_release_0
0.303235 -0.0250000004 0.0254356334 -0.0240422244 synchronous_release_0
0.403559 -0.0250000004 0.0235744479 0.0258697779 synchronous_release_0
0.33288 -0.0250000004 0.0343353048 -0.00678872914 synchronous_release_0
0.504172 -0.0250000004 0.0330928346 0.0113958017 synchronous_release_0
0.518289 -0.0250000004 0.0397701982 0.045752938 synchronous_release_0
0.119458 -0.0250000004 0.00423922475 -0.0347423225 synchronous_release_0
0.404257 -0.0250000004 -0.0279681215 -0.0210424376 synchronous_release_0
0.509302 -0.0250000004 0.0339625328 0.00845850848 synchronous_release_0
0.205191 -0.0250000004 0.0219175866 -0.0272877152 synchronous_release_0
0.210358 -0.0250000004 0.0345906478 0.00533732915 synchronous_release_1
0.303894 -0.0250000004 0.0349990605 0.000256447237 synchronous_release_0
0.116038 -0.0250000004 0.0121353101 -0.032828863 synchronous_release_0
0.303578 -0.0250000004 0.0344982844 -0.00590494468 synchronous_release_0
0.209925 -0.0250000004 0.0267770742 -0.0225385958 synchronous_release_0
0.510887 -0.0250000004 -0.00613045942 -0.0344589243 synchronous_release_0
0.503414 -0.0250000004 0.0289247707 -0.053276239 synchronous_release_0
0.305155 -0.0250000004 0.0267238568 -0.0226016698 synchronous_release_0
0.510385 -0.0250000004 -0.00621169181 -0.0344443738 synchronous_release_0
0.203764 -0.0250000004 -0.0263779838 0.0230043903 synchronous_release_0
0.515981 -0.0250000004 0.0343959424 0.0064744995 synchronous_release_0
0.405628 -0.0250000004 0.000920756782 0.00039013709 synchronous_release_0
0.404332 -0.0250000004 0.0598756098 0.00948215977 synchronous_release_0
0.107757 -0.0250000004 -0.0126439008 -0.0326363566 synchronous_release_0
0.20618 -0.0250000004 0.0298691711 -0.0182437008 synchronous_release_0
0.536537 -0.0250000004 0.0691382041 0.0109502846 synchronous_release_0
0.405253 -0.0250000004 0.0518557772 -0.0314002925 synchronous_release_0
0.403857 -0.0250000004 -0.018590388 0.0296546367 synchronous_release_1
0.318283 -0.0250000004 -0.000156419193 0.0349996505 synchronous_release_0
0.306805 -0.0250000004 0.000496124635 0.000868251315 synchronous_release_1
0.340108 -0.0250000004 -0.000223833034 -0.000974627505 synchronous_release_1
0.417601 -0.0250000004 0.0120672465 0.0328539429 synchronous_release_0
0.510953 -0.0250000004 0.0224187259 -0.0268775135 synchronous_release_0
0.506689 -0.0250000004 -0.0347534856 -0.00414671458 synchronous_release_0
0.404185 -0.0250000004 0.0137855826 0.0321707586 synchronous_release_1
0.507775 -0.0250000004 -0.0186222019 0.0296346688 synchronous_release_0
0.523041 -0.0250000004 0.0349124346 0.00247424978 synchronous_release_0
0.417606 -0.0250000004 0.0343928599 0.00649085406 synchronous_release_0
0.2068 -0.0250000004 0.000707686264 -0.000706526823 synchronous_release_0
0.316563 -0.0250000004 -0.0346068106 -0.0052315066 synchronous_release_0
0.205425 -0.0250000004 0.0349620801 0.0016287904 synchronous_release_0
0.103335 -0.0250000004 0.0244735687 -0.0250208799 synchronous_release_0
0.50896 -0.0250000004 0.033905502 0.00868429228 synchronous_release_0
0.404311 -0.0250000004 0.0287002 -0.0200324366 synchronous_release_0
0.212942 -0.0250000004 0.0582560773 -0.0167698972 synchronous_release_0
0.204329 -0.0250000004 -0.00452431004 -0.0347063484 synchronous_release_0
0.303308 -0.0250000004 0.0555888487 -0.0425426832 synchronous_release_0
0.304348 -0.0250000004 0.0277944244 -0.0212713416 synchronous_release_0
0.514753 -0.0250000004 0.000554014948 0.000832506719 synchronous_release_0
0.209667 -0.0250000004 0.0149603349 -0.031641561 synchronous_release_0
0.10389 -0.0250000004 0.015199238 0.0315274985 synchronous_release_0
0.503841 -0.0250000004 0.0349032337 0.00260082304 synchronous_release_0
0.206765 -0.0250000004 0.0643414842 0.0275712425 synchronous_release_0
0.504884 -0.0250000004 0.0300105082 -0.0180102582 synchronous_release_0
0.503901 -0.0250000004 0.0111730687 0.0331686981 synchronous_release_0
0.109751 -0.0250000004 -0.011919352 -0.0329078873 synchronous_release_0
0.221319 -0.0250000004 0.000765040152 0.000643982582 synchronous_release_0
0.519963 -0.0250000004 0.0344587424 0.006131482 synchronous_release_0
0.304009 -0.0250000004 0.0014336397 -0.0349706259 synchronous_release_0
0.508887 -0.0250000004 0.03243591 -0.0512143705 synchronous_release_0
0.540602 -0.0250000004 -0.000535053753 0.000844818017 synchronous_release_0
0.304587 -0.0250000004 0.0337283799 0.0093486037 synchronous_release_0
0.504224 -0.0250000004 -0.000522593607 -0.000852581915 synchronous_release_0
0.520803 -0.0250000004 0.0307604604 0.0166971278 synchronous_release_1
0.505638 -0.0250000004 -0.0173595944 -0.0303915199 synchronous_release_1
0.313913 -0.0250000004 0.0349602707 0.00166717421 synchronous_release_0
0.409443 -0.0250000004 0.0199552157 -0.0287539452 synchronous_release_0
0.406403 -0.0250000004 0.0207195002 -0.0282081958 synchronous_release_1
0.409625 -0.0250000004 0.000995689323 -9.27511269e-05 synchronous_release_0
0.503449 -0.0250000004 0.0349980297 -0.000371370005 synchronous_release_0
0.313966 -0.0250000004 0.0303839028 0.017372923 synchronous_release_0
0.523711 -0.0250000004 -0.000999991233 4.18739335e-06 synchronous_release_0
0.30967 -0.0250000004 0.0341256946 -0.00777412157 synchronous_release_1
0.303728 -0.0250000004 0.0232829323 0.0261324523 synchronous_release_0
0.503773 -0.0250000004 0.0262749369 0.0546317462 synchronous_release_0
0.22745 -0.0250000004 0.0342705569 -0.00710837033 synchronous_release_0
0.412463 -0.0250000004 0.0232913077 0.0261249877 synchronous_release_0
0.403763 -0.0250000004 0.0109792492 -0.0332333581 synchronous_release_1
0.505492 -0.0250000004 -0.0134597213 0.0323084494 synchronous_release_0
0.321119 -0.0250000004 0.0340671343 0.00802685244 synchronous_release_1
0.505145 -0.0250000004 0.0567291864 -0.0213728662 synchronous_release_1
0.420342 -0.0250000004 0.00249070898 -0.0349112642 synchronous_release_0
0.30504 -0.0250000004 0.0234551548 0.0259779851 synchronous_release_0
0.311092 -0.0250000004 0.0306704646 -0.0168618682 synchronous_release_0
0.305356 -0.0250000004 0.0187150461 -0.0295761229 synchronous_release_0
0.404066 -0.0250000004 0.0348471162 -0.00326779591 synchronous_release_0
0.510057 -0.0250000004 -0.00964438699 0.0336449966 synchronous_release_0
0.309216 -0.0250000004 -0.0243152283 -0.0251747825 synchronous_release_1
0.504163 -0.0250000004 0.0605233776 0.00345264593 synchronous_release_0
0.519216 -0.0250000004 -0.0209533948 -0.0280348934 synchronous_release_0
0.209 -0.0250000004 0.00599777819 0.0344822658 synchronous_release_0
0.508927 -0.0250000004 0.0306914412 -0.0168236571 synchronous_release_0
0.324464 -0.0250000004 0.029915435 0.0181677392 synchronous_release_1
0.108562 -0.0250000004 0.0250435513 -0.0244503688 synchronous_release_0
0.109442 -0.0250000004 0.0293667574 0.0190418895 synchronous_release_0
0.303819 -0.0250000004 -0.0281295586 0.0208261358 synchronous_release_0
0.103836 -0.0250000004 0.0275425222 -0.0215965153 synchronous_release_0
0.506367 -0.0250000004 0.0341003114 -0.00788471681 synchronous_release_1
0.104221 -0.0250000004 0.0195091835 0.0290584198 synchronous_release_0
0.109518 -0.0250000004 0.0345214621 0.0057678987 synchronous_release_0
0.216857 -0.0250000004 0.0122655842 0.0327804125 synchronous_release_0
0.315447 -0.0250000004 0.0467870463 0.0385483112 synchronous_release_0
0.415945 -0.0250000004 0.031900697 -0.0143994976 synchronous_release_0
0.416156 -0.0250000004 0.0517513583 -0.0315720907 synchronous_release_1
0.211094 -0.0250000004 0.0299712335 0.0180755404 synchronous_release_0
0.506188 -0.0250000004 -0.000668260395 0.0349936198 synchronous_release_0
0.110959 -0.0250000004 -0.0287760315 -0.0199233535 synchronous_release_1
0.51234 -0.0250000004 0.0131157559 0.0591859523 synchronous_release_1
0.510852 -0.0250000004 0.033485861 -0.0101831781 synchronous_release_1
0.40397 -0.0250000004 0.034954456 -0.00178493913 synchronous_release_0
0.303871 -0.0250000004 0.029921863 -0.0181571505 synchronous_release_0
0.303755 -0.0250000004 -0.00342655659 0.0348318634 synchronous_release_0
0.511228 -0.0250000004 0.000258814945 0.000965926925 synchronous_release_0
