0.000050 0.084
0.000100 0.093
0.000150 0.090
0.000200 0.081
0.000250 0.095
0.000300 0.094
0.000350 0.103
0.000400 0.090
0.000450 0.064
0.000500 0.108
0.000550 0.096
0.000600 0.109
0.000650 0.080
0.000700 0.096
0.000750 0.064
0.000800 0.120
0.000850 0.093
0.000900 0.099
0.000950 0.085
0.001000 0.106
0.001050 0.100
0.001100 0.090
0.001150 0.098
0.001200 0.087
0.001250 0.098
0.001300 0.097
0.001350 0.109
0.001400 0.119
0.001450 0.090
0.001500 0.094
0.001550 0.118
0.001600 0.137
0.001650 0.100
0.001700 0.096
0.001750 0.083
0.001800 0.090
0.001850 0.099
0.001900 0.117
0.001950 0.098
0.002000 0.132
0.002050 0.108
0.002100 0.133
0.002150 0.142
0.002200 0.175
0.002250 0.222
0.002300 0.254
0.002350 0.273
0.002400 0.309
0.002450 0.391
0.002500 0.443
0.002550 0.587
0.002600 0.778
0.002650 1.063
0.002700 1.291
0.002750 1.636
0.002800 2.089
0.002850 2.643
0.002900 3.160
0.002950 3.662
0.003000 4.469
0.003050 4.982
0.003100 5.634
0.003150 5.892
0.003200 6.328
0.003250 6.493
0.003300 6.561
0.003350 6.576
0.003400 6.021
0.003450 5.714
0.003500 5.037
0.003550 4.427
0.003600 3.918
0.003650 3.364
0.003700 2.770
0.003750 2.468
0.003800 2.090
0.003850 2.030
0.003900 1.702
0.003950 1.525
0.004000 1.456
0.004050 1.388
0.004100 1.152
0.004150 1.147
0.004200 1.152
0.004250 1.037
0.004300 0.989
0.004350 0.962
0.004400 0.887
0.004450 0.895
0.004500 0.848
0.004550 0.828
0.004600 0.858
0.004650 0.801
0.004700 0.784
0.004750 0.740
0.004800 0.773
0.004850 0.776
0.004900 0.704
0.004950 0.790
0.005000 0.771
0.005050 0.730
0.005100 0.680
0.005150 0.682
0.005200 0.677
0.005250 0.676
0.005300 0.596
0.005350 0.674
0.005400 0.612
0.005450 0.636
0.005500 0.654
0.005550 0.677
0.005600 0.680
0.005650 0.642
0.005700 0.725
0.005750 0.627
0.005800 0.629
0.005850 0.559
0.005900 0.630
0.005950 0.643
0.006000 0.606
0.006050 0.557
0.006100 0.597
0.006150 0.650
0.006200 0.636
0.006250 0.631
0.006300 0.596
0.006350 0.592
0.006400 0.622
0.006450 0.609
0.006500 0.651
0.006550 0.553
0.006600 0.570
0.006650 0.565
0.006700 0.554
0.006750 0.619
0.006800 0.537
0.006850 0.564
0.006900 0.508
0.006950 0.603
0.007000 0.552
0.007050 0.516
0.007100 0.584
0.007150 0.542
0.007200 0.520
0.007250 0.540
0.007300 0.529
0.007350 0.536
0.007400 0.544
0.007450 0.523
0.007500 0.548
0.007550 0.553
0.007600 0.533
0.007650 0.577
0.007700 0.569
0.007750 0.531
0.007800 0.532
0.007850 0.523
0.007900 0.481
0.007950 0.477
0.008000 0.551
0.008050 0.497
0.008100 0.590
0.008150 0.495
0.008200 0.534
0.008250 0.511
0.008300 0.484
0.008350 0.533
0.008400 0.501
0.008450 0.489
0.008500 0.460
0.008550 0.533
0.008600 0.486
0.008650 0.498
0.008700 0.479
0.008750 0.525
0.008800 0.476
0.008850 0.551
0.008900 0.531
0.008950 0.547
0.009000 0.447
0.009050 0.515
0.009100 0.467
0.009150 0.536
0.009200 0.485
0.009250 0.513
0.009300 0.482
0.009350 0.464
0.009400 0.510
0.009450 0.503
0.009500 0.466
0.009550 0.471
0.009600 0.527
0.009650 0.446
0.009700 0.475
0.009750 0.472
0.009800 0.480
0.009850 0.402
0.009900 0.454
0.009950 0.469
0.010000 0.461
0.010050 0.491
0.010100 0.480
0.010150 0.541
0.010200 0.539
0.010250 0.539
0.010300 0.466
0.010350 0.410
0.010400 0.509
0.010450 0.498
0.010500 0.518
0.010550 0.434
0.010600 0.490
0.010650 0.495
0.010700 0.456
0.010750 0.453
0.010800 0.463
0.010850 0.422
0.010900 0.441
0.010950 0.475
0.011000 0.437
0.011050 0.530
0.011100 0.411
0.011150 0.469
0.011200 0.434
0.011250 0.498
0.011300 0.476
0.011350 0.459
0.011400 0.505
0.011450 0.486
0.011500 0.502
0.011550 0.479
0.011600 0.446
0.011650 0.442
0.011700 0.413
0.011750 0.467
0.011800 0.487
0.011850 0.408
0.011900 0.478
0.011950 0.423
0.012000 0.459
0.012050 0.477
0.012100 0.444
0.012150 0.490
0.012200 0.451
0.012250 0.435
0.012300 0.452
0.012350 0.493
0.012400 0.452
0.012450 0.392
0.012500 0.399
0.012550 0.432
0.012600 0.418
0.012650 0.429
0.012700 0.457
0.012750 0.439
0.012800 0.419
0.012850 0.499
0.012900 0.453
0.012950 0.408
0.013000 0.403
0.013050 0.469
0.013100 0.447
0.013150 0.407
0.013200 0.421
0.013250 0.393
0.013300 0.425
0.013350 0.384
0.013400 0.397
0.013450 0.409
0.013500 0.393
0.013550 0.421
0.013600 0.391
0.013650 0.413
0.013700 0.378
0.013750 0.434
0.013800 0.437
0.013850 0.359
0.013900 0.404
0.013950 0.385
0.014000 0.432
0.014050 0.414
0.014100 0.410
0.014150 0.411
0.014200 0.393
0.014250 0.414
0.014300 0.361
0.014350 0.339
0.014400 0.413
0.014450 0.394
0.014500 0.464
0.014550 0.345
0.014600 0.396
0.014650 0.416
0.014700 0.417
0.014750 0.340
0.014800 0.440
0.014850 0.391
0.014900 0.398
0.014950 0.408
0.015000 0.415
0.015050 0.415
0.015100 0.415
0.015150 0.412
0.015200 0.462
0.015250 0.373
0.015300 0.372
0.015350 0.389
0.015400 0.348
0.015450 0.359
0.015500 0.386
0.015550 0.382
0.015600 0.400
0.015650 0.392
0.015700 0.340
0.015750 0.336
0.015800 0.445
0.015850 0.341
0.015900 0.413
0.015950 0.436
0.016000 0.390
0.016050 0.399
0.016100 0.432
0.016150 0.355
0.016200 0.398
0.016250 0.408
0.016300 0.396
0.016350 0.373
0.016400 0.369
0.016450 0.360
0.016500 0.392
0.016550 0.351
0.016600 0.389
0.016650 0.384
0.016700 0.436
0.016750 0.395
0.016800 0.341
0.016850 0.405
0.016900 0.359
0.016950 0.355
0.017000 0.318
0.017050 0.349
0.017100 0.378
0.017150 0.402
0.017200 0.396
0.017250 0.369
0.017300 0.352
0.017350 0.420
0.017400 0.357
0.017450 0.389
0.017500 0.379
0.017550 0.444
0.017600 0.373
0.017650 0.373
0.017700 0.389
0.017750 0.358
0.017800 0.359
0.017850 0.330
0.017900 0.369
0.017950 0.356
0.018000 0.391
0.018050 0.364
0.018100 0.387
0.018150 0.369
0.018200 0.345
0.018250 0.388
0.018300 0.314
0.018350 0.363
0.018400 0.386
0.018450 0.331
0.018500 0.347
0.018550 0.358
0.018600 0.341
0.018650 0.341
0.018700 0.352
0.018750 0.406
0.018800 0.330
0.018850 0.344
0.018900 0.313
0.018950 0.323
0.019000 0.343
0.019050 0.318
0.019100 0.371
0.019150 0.377
0.019200 0.367
0.019250 0.349
0.019300 0.374
0.019350 0.325
0.019400 0.369
0.019450 0.398
0.019500 0.360
0.019550 0.329
0.019600 0.357
0.019650 0.378
0.019700 0.355
0.019750 0.332
0.019800 0.368
0.019850 0.308
0.019900 0.322
0.019950 0.365
0.020000 0.322
0.020050 0.379
0.020100 0.360
0.020150 0.301
0.020200 0.321
0.020250 0.358
0.020300 0.359
0.020350 0.367
0.020400 0.377
0.020450 0.376
0.020500 0.367
0.020550 0.334
0.020600 0.316
0.020650 0.339
0.020700 0.315
0.020750 0.332
0.020800 0.389
0.020850 0.334
0.020900 0.362
0.020950 0.321
0.021000 0.355
0.021050 0.306
0.021100 0.342
0.021150 0.327
0.021200 0.323
0.021250 0.362
0.021300 0.301
0.021350 0.305
0.021400 0.322
0.021450 0.315
0.021500 0.314
0.021550 0.320
0.021600 0.314
0.021650 0.338
0.021700 0.333
0.021750 0.345
0.021800 0.343
0.021850 0.325
0.021900 0.351
0.021950 0.367
0.022000 0.323
0.022050 0.385
0.022100 0.398
0.022150 0.422
0.022200 0.460
0.022250 0.528
0.022300 0.578
0.022350 0.614
0.022400 0.635
0.022450 0.729
0.022500 0.884
0.022550 1.071
0.022600 1.365
0.022650 1.646
0.022700 2.041
0.022750 2.596
0.022800 3.263
0.022850 3.780
0.022900 4.733
0.022950 5.400
0.023000 6.115
0.023050 6.990
0.023100 7.515
0.023150 8.058
0.023200 8.755
0.023250 8.631
0.023300 9.044
0.023350 8.831
0.023400 8.686
0.023450 7.784
0.023500 7.309
0.023550 6.409
0.023600 5.943
0.023650 5.016
0.023700 4.458
0.023750 3.943
0.023800 3.572
0.023850 3.248
0.023900 2.778
0.023950 2.592
0.024000 2.417
0.024050 2.227
0.024100 2.179
0.024150 1.948
0.024200 1.779
0.024250 1.756
0.024300 1.697
0.024350 1.589
0.024400 1.658
0.024450 1.580
0.024500 1.491
0.024550 1.440
0.024600 1.457
0.024650 1.416
0.024700 1.360
0.024750 1.371
0.024800 1.309
0.024850 1.182
0.024900 1.292
0.024950 1.214
0.025000 1.214
0.025050 1.288
0.025100 1.217
0.025150 1.245
0.025200 1.186
0.025250 1.174
0.025300 1.196
0.025350 1.149
0.025400 1.102
0.025450 1.115
0.025500 1.104
0.025550 1.095
0.025600 1.076
0.025650 1.051
0.025700 1.068
0.025750 1.043
0.025800 1.070
0.025850 1.129
0.025900 0.993
0.025950 1.061
0.026000 0.991
0.026050 1.132
0.026100 1.043
0.026150 1.055
0.026200 0.987
0.026250 0.969
0.026300 1.048
0.026350 0.972
0.026400 1.038
0.026450 0.962
0.026500 0.944
0.026550 0.926
0.026600 0.945
0.026650 0.993
0.026700 0.962
0.026750 0.929
0.026800 0.976
0.026850 1.001
0.026900 0.940
0.026950 0.903
0.027000 0.983
0.027050 0.922
0.027100 0.943
0.027150 0.952
0.027200 0.990
0.027250 0.890
0.027300 0.881
0.027350 0.975
0.027400 0.921
0.027450 0.906
0.027500 0.850
0.027550 0.890
0.027600 0.862
0.027650 0.921
0.027700 0.897
0.027750 0.922
0.027800 0.881
0.027850 0.883
0.027900 0.870
0.027950 0.826
0.028000 0.831
0.028050 0.833
0.028100 0.848
0.028150 0.904
0.028200 0.930
0.028250 0.894
0.028300 0.924
0.028350 0.828
0.028400 0.923
0.028450 0.873
0.028500 0.850
0.028550 0.913
0.028600 0.895
0.028650 0.834
0.028700 0.851
0.028750 0.822
0.028800 0.834
0.028850 0.848
0.028900 0.859
0.028950 0.767
0.029000 0.820
0.029050 0.801
0.029100 0.848
0.029150 0.848
0.029200 0.893
0.029250 0.814
0.029300 0.814
0.029350 0.824
0.029400 0.827
0.029450 0.844
0.029500 0.750
0.029550 0.852
0.029600 0.774
0.029650 0.787
0.029700 0.779
0.029750 0.825
0.029800 0.740
0.029850 0.780
0.029900 0.816
0.029950 0.807
0.030000 0.759
0.030050 0.799
0.030100 0.761
0.030150 0.767
0.030200 0.796
0.030250 0.787
0.030300 0.733
0.030350 0.778
0.030400 0.744
0.030450 0.703
0.030500 0.731
0.030550 0.794
0.030600 0.737
0.030650 0.832
0.030700 0.788
0.030750 0.776
0.030800 0.750
0.030850 0.795
0.030900 0.798
0.030950 0.731
0.031000 0.683
0.031050 0.703
0.031100 0.712
0.031150 0.732
0.031200 0.766
0.031250 0.689
0.031300 0.770
0.031350 0.736
0.031400 0.813
0.031450 0.764
0.031500 0.771
0.031550 0.764
0.031600 0.677
0.031650 0.776
0.031700 0.695
0.031750 0.719
0.031800 0.666
0.031850 0.717
0.031900 0.762
0.031950 0.735
0.032000 0.719
0.032050 0.682
0.032100 0.707
0.032150 0.694
0.032200 0.728
0.032250 0.686
0.032300 0.650
0.032350 0.676
0.032400 0.750
0.032450 0.719
0.032500 0.713
0.032550 0.725
0.032600 0.739
0.032650 0.725
0.032700 0.652
0.032750 0.670
0.032800 0.616
0.032850 0.691
0.032900 0.679
0.032950 0.664
0.033000 0.668
0.033050 0.653
0.033100 0.720
0.033150 0.658
0.033200 0.649
0.033250 0.640
0.033300 0.625
0.033350 0.656
0.033400 0.615
0.033450 0.678
0.033500 0.620
0.033550 0.683
0.033600 0.683
0.033650 0.664
0.033700 0.691
0.033750 0.741
0.033800 0.728
0.033850 0.653
0.033900 0.681
0.033950 0.647
0.034000 0.674
0.034050 0.643
0.034100 0.667
0.034150 0.600
0.034200 0.676
0.034250 0.660
0.034300 0.631
0.034350 0.628
0.034400 0.652
0.034450 0.638
0.034500 0.637
0.034550 0.641
0.034600 0.626
0.034650 0.594
0.034700 0.678
0.034750 0.647
0.034800 0.625
0.034850 0.642
0.034900 0.643
0.034950 0.611
0.035000 0.585
0.035050 0.622
0.035100 0.612
0.035150 0.612
0.035200 0.645
0.035250 0.644
0.035300 0.606
0.035350 0.637
0.035400 0.564
0.035450 0.630
0.035500 0.591
0.035550 0.603
0.035600 0.649
0.035650 0.596
0.035700 0.585
0.035750 0.631
0.035800 0.634
0.035850 0.597
0.035900 0.626
0.035950 0.637
0.036000 0.601
0.036050 0.605
0.036100 0.629
0.036150 0.623
0.036200 0.578
0.036250 0.593
0.036300 0.525
0.036350 0.558
0.036400 0.618
0.036450 0.631
0.036500 0.609
0.036550 0.560
0.036600 0.584
0.036650 0.623
0.036700 0.649
0.036750 0.651
0.036800 0.597
0.036850 0.587
0.036900 0.614
0.036950 0.574
0.037000 0.643
0.037050 0.559
0.037100 0.537
0.037150 0.598
0.037200 0.617
0.037250 0.654
0.037300 0.593
0.037350 0.541
0.037400 0.573
0.037450 0.541
0.037500 0.528
0.037550 0.524
0.037600 0.623
0.037650 0.607
0.037700 0.581
0.037750 0.643
0.037800 0.577
0.037850 0.600
0.037900 0.645
0.037950 0.590
0.038000 0.577
0.038050 0.564
0.038100 0.605
0.038150 0.602
0.038200 0.619
0.038250 0.542
0.038300 0.555
0.038350 0.530
0.038400 0.541
0.038450 0.493
0.038500 0.559
0.038550 0.563
0.038600 0.566
0.038650 0.548
0.038700 0.558
0.038750 0.581
0.038800 0.587
0.038850 0.567
0.038900 0.604
0.038950 0.592
0.039000 0.570
0.039050 0.558
0.039100 0.615
0.039150 0.629
0.039200 0.607
0.039250 0.533
0.039300 0.523
0.039350 0.513
0.039400 0.519
0.039450 0.613
0.039500 0.524
0.039550 0.596
0.039600 0.551
0.039650 0.530
0.039700 0.490
0.039750 0.540
0.039800 0.469
0.039850 0.560
0.039900 0.587
0.039950 0.536
0.040000 0.542
0.040050 0.512
0.040100 0.505
0.040150 0.531
0.040200 0.580
0.040250 0.561
0.040300 0.534
0.040350 0.504
0.040400 0.518
0.040450 0.494
0.040500 0.535
0.040550 0.507
0.040600 0.534
0.040650 0.536
0.040700 0.564
0.040750 0.525
0.040800 0.480
0.040850 0.535
0.040900 0.545
0.040950 0.519
0.041000 0.530
0.041050 0.535
0.041100 0.509
0.041150 0.500
0.041200 0.494
0.041250 0.553
0.041300 0.479
0.041350 0.517
0.041400 0.571
0.041450 0.513
0.041500 0.483
0.041550 0.486
0.041600 0.506
0.041650 0.492
0.041700 0.552
0.041750 0.504
0.041800 0.543
0.041850 0.478
0.041900 0.477
0.041950 0.517
0.042000 0.508
0.042050 0.496
0.042100 0.502
0.042150 0.546
0.042200 0.563
0.042250 0.505
0.042300 0.555
0.042350 0.471
0.042400 0.508
0.042450 0.477
0.042500 0.536
0.042550 0.536
0.042600 0.520
0.042650 0.489
0.042700 0.547
0.042750 0.439
0.042800 0.526
0.042850 0.488
0.042900 0.506
0.042950 0.519
0.043000 0.520
0.043050 0.505
0.043100 0.497
0.043150 0.511
0.043200 0.504
0.043250 0.479
0.043300 0.515
0.043350 0.512
0.043400 0.518
0.043450 0.443
0.043500 0.471
0.043550 0.531
0.043600 0.531
0.043650 0.496
0.043700 0.506
0.043750 0.526
0.043800 0.493
0.043850 0.456
0.043900 0.518
0.043950 0.509
0.044000 0.470
0.044050 0.460
0.044100 0.477
0.044150 0.491
0.044200 0.482
0.044250 0.480
0.044300 0.480
0.044350 0.505
0.044400 0.539
0.044450 0.546
0.044500 0.503
0.044550 0.521
0.044600 0.487
0.044650 0.475
0.044700 0.469
0.044750 0.530
0.044800 0.491
0.044850 0.518
0.044900 0.462
0.044950 0.501
0.045000 0.517
0.045050 0.499
0.045100 0.484
0.045150 0.473
0.045200 0.471
0.045250 0.506
0.045300 0.477
0.045350 0.486
0.045400 0.487
0.045450 0.465
0.045500 0.554
0.045550 0.496
0.045600 0.475
0.045650 0.475
0.045700 0.473
0.045750 0.465
0.045800 0.486
0.045850 0.509
0.045900 0.425
0.045950 0.441
0.046000 0.480
0.046050 0.450
0.046100 0.513
0.046150 0.517
0.046200 0.508
0.046250 0.459
0.046300 0.446
0.046350 0.464
0.046400 0.480
0.046450 0.494
0.046500 0.451
0.046550 0.438
0.046600 0.448
0.046650 0.445
0.046700 0.471
0.046750 0.436
0.046800 0.438
0.046850 0.459
0.046900 0.452
0.046950 0.426
0.047000 0.483
0.047050 0.438
0.047100 0.440
0.047150 0.467
0.047200 0.476
0.047250 0.438
0.047300 0.437
0.047350 0.479
0.047400 0.404
0.047450 0.435
0.047500 0.446
0.047550 0.494
0.047600 0.517
0.047650 0.469
0.047700 0.444
0.047750 0.453
0.047800 0.433
0.047850 0.440
0.047900 0.454
0.047950 0.471
0.048000 0.436
0.048050 0.476
0.048100 0.469
0.048150 0.443
0.048200 0.504
0.048250 0.516
0.048300 0.455
0.048350 0.391
0.048400 0.407
0.048450 0.410
0.048500 0.395
0.048550 0.448
0.048600 0.412
0.048650 0.465
0.048700 0.482
0.048750 0.448
0.048800 0.502
0.048850 0.471
0.048900 0.480
0.048950 0.398
0.049000 0.408
0.049050 0.480
0.049100 0.433
0.049150 0.461
0.049200 0.413
0.049250 0.493
0.049300 0.402
0.049350 0.474
0.049400 0.487
0.049450 0.413
0.049500 0.482
0.049550 0.431
0.049600 0.449
0.049650 0.452
0.049700 0.489
0.049750 0.483
0.049800 0.471
0.049850 0.436
0.049900 0.438
0.049950 0.375
0.050000 0.407
