0.000050 0.087
0.000100 0.079
0.000150 0.095
0.000200 0.081
0.000250 0.081
0.000300 0.095
0.000350 0.092
0.000400 0.081
0.000450 0.086
0.000500 0.106
0.000550 0.078
0.000600 0.091
0.000650 0.105
0.000700 0.087
0.000750 0.077
0.000800 0.108
0.000850 0.114
0.000900 0.137
0.000950 0.150
0.001000 0.118
0.001050 0.138
0.001100 0.173
0.001150 0.158
0.001200 0.184
0.001250 0.238
0.001300 0.272
0.001350 0.353
0.001400 0.404
0.001450 0.407
0.001500 0.531
0.001550 0.761
0.001600 0.984
0.001650 1.192
0.001700 1.476
0.001750 2.058
0.001800 2.354
0.001850 2.967
0.001900 3.639
0.001950 4.239
0.002000 4.837
0.002050 5.205
0.002100 5.845
0.002150 6.170
0.002200 6.309
0.002250 6.407
0.002300 6.177
0.002350 5.504
0.002400 5.332
0.002450 4.844
0.002500 4.280
0.002550 3.411
0.002600 2.905
0.002650 2.713
0.002700 2.289
0.002750 1.920
0.002800 1.776
0.002850 1.603
0.002900 1.425
0.002950 1.137
0.003000 1.194
0.003050 1.221
0.003100 1.079
0.003150 0.919
0.003200 1.015
0.003250 0.938
0.003300 0.889
0.003350 0.807
0.003400 0.758
0.003450 0.785
0.003500 0.803
0.003550 0.731
0.003600 0.738
0.003650 0.752
0.003700 0.713
0.003750 0.728
0.003800 0.719
0.003850 0.684
0.003900 0.704
0.003950 0.689
0.004000 0.669
0.004050 0.632
0.004100 0.631
0.004150 0.587
0.004200 0.599
0.004250 0.661
0.004300 0.740
0.004350 0.622
0.004400 0.584
0.004450 0.602
0.004500 0.557
0.004550 0.585
0.004600 0.598
0.004650 0.612
0.004700 0.620
0.004750 0.559
0.004800 0.603
0.004850 0.578
0.004900 0.620
0.004950 0.661
0.005000 0.650
0.005050 0.605
0.005100 0.641
0.005150 0.546
0.005200 0.603
0.005250 0.528
0.005300 0.582
0.005350 0.594
0.005400 0.580
0.005450 0.557
0.005500 0.611
0.005550 0.576
0.005600 0.600
0.005650 0.621
0.005700 0.628
0.005750 0.520
0.005800 0.584
0.005850 0.519
0.005900 0.515
0.005950 0.544
0.006000 0.576
0.006050 0.549
0.006100 0.556
0.006150 0.566
0.006200 0.511
0.006250 0.506
0.006300 0.496
0.006350 0.618
0.006400 0.494
0.006450 0.477
0.006500 0.542
0.006550 0.550
0.006600 0.603
0.006650 0.573
0.006700 0.519
0.006750 0.553
0.006800 0.567
0.006850 0.473
0.006900 0.523
0.006950 0.557
0.007000 0.638
0.007050 0.534
0.007100 0.630
0.007150 0.593
0.007200 0.517
0.007250 0.519
0.007300 0.542
0.007350 0.548
0.007400 0.472
0.007450 0.621
0.007500 0.547
0.007550 0.511
0.007600 0.524
0.007650 0.545
0.007700 0.545
0.007750 0.569
0.007800 0.497
0.007850 0.535
0.007900 0.597
0.007950 0.508
0.008000 0.565
0.008050 0.500
0.008100 0.454
0.008150 0.510
0.008200 0.606
0.008250 0.502
0.008300 0.466
0.008350 0.573
0.008400 0.480
0.008450 0.531
0.008500 0.537
0.008550 0.489
0.008600 0.560
0.008650 0.522
0.008700 0.476
0.008750 0.512
0.008800 0.509
0.008850 0.583
0.008900 0.554
0.008950 0.500
0.009000 0.497
0.009050 0.535
0.009100 0.466
0.009150 0.539
0.009200 0.502
0.009250 0.521
0.009300 0.573
0.009350 0.497
0.009400 0.530
0.009450 0.550
0.009500 0.565
0.009550 0.622
0.009600 0.581
0.009650 0.464
0.009700 0.574
0.009750 0.545
0.009800 0.617
0.009850 0.594
0.009900 0.529
0.009950 0.467
0.010000 0.424
0.010050 0.493
0.010100 0.454
0.010150 0.503
0.010200 0.535
0.010250 0.490
0.010300 0.503
0.010350 0.540
0.010400 0.550
0.010450 0.508
0.010500 0.502
0.010550 0.540
0.010600 0.502
0.010650 0.484
0.010700 0.544
0.010750 0.555
0.010800 0.477
0.010850 0.413
0.010900 0.496
0.010950 0.537
0.011000 0.537
0.011050 0.423
0.011100 0.530
0.011150 0.477
0.011200 0.527
0.011250 0.504
0.011300 0.619
0.011350 0.533
0.011400 0.472
0.011450 0.533
0.011500 0.546
0.011550 0.549
0.011600 0.600
0.011650 0.488
0.011700 0.432
0.011750 0.569
0.011800 0.514
0.011850 0.500
0.011900 0.469
0.011950 0.468
0.012000 0.551
0.012050 0.563
0.012100 0.523
0.012150 0.500
0.012200 0.461
0.012250 0.535
0.012300 0.506
0.012350 0.492
0.012400 0.495
0.012450 0.549
0.012500 0.429
0.012550 0.560
0.012600 0.562
0.012650 0.530
0.012700 0.547
0.012750 0.548
0.012800 0.546
0.012850 0.539
0.012900 0.521
0.012950 0.515
0.013000 0.508
0.013050 0.511
0.013100 0.628
0.013150 0.505
0.013200 0.583
0.013250 0.538
0.013300 0.515
0.013350 0.517
0.013400 0.548
0.013450 0.541
0.013500 0.586
0.013550 0.520
0.013600 0.483
0.013650 0.498
0.013700 0.535
0.013750 0.541
0.013800 0.514
0.013850 0.492
0.013900 0.636
0.013950 0.488
0.014000 0.536
0.014050 0.503
0.014100 0.521
0.014150 0.522
0.014200 0.480
0.014250 0.533
0.014300 0.544
0.014350 0.528
0.014400 0.522
0.014450 0.547
0.014500 0.542
0.014550 0.438
0.014600 0.501
0.014650 0.561
0.014700 0.558
0.014750 0.531
0.014800 0.545
0.014850 0.582
0.014900 0.525
0.014950 0.586
0.015000 0.609
0.015050 0.464
0.015100 0.564
0.015150 0.619
0.015200 0.540
0.015250 0.596
0.015300 0.510
0.015350 0.637
0.015400 0.577
0.015450 0.578
0.015500 0.599
0.015550 0.511
0.015600 0.566
0.015650 0.457
0.015700 0.525
0.015750 0.564
0.015800 0.507
0.015850 0.550
0.015900 0.540
0.015950 0.502
0.016000 0.527
0.016050 0.504
0.016100 0.581
0.016150 0.430
0.016200 0.521
0.016250 0.575
0.016300 0.581
0.016350 0.585
0.016400 0.491
0.016450 0.531
0.016500 0.537
0.016550 0.589
0.016600 0.579
0.016650 0.624
0.016700 0.551
0.016750 0.535
0.016800 0.564
0.016850 0.515
0.016900 0.589
0.016950 0.515
0.017000 0.501
0.017050 0.508
0.017100 0.668
0.017150 0.523
0.017200 0.654
0.017250 0.613
0.017300 0.548
0.017350 0.539
0.017400 0.566
0.017450 0.575
0.017500 0.531
0.017550 0.539
0.017600 0.622
0.017650 0.572
0.017700 0.579
0.017750 0.579
0.017800 0.554
0.017850 0.559
0.017900 0.549
0.017950 0.640
0.018000 0.564
0.018050 0.585
0.018100 0.536
0.018150 0.516
0.018200 0.538
0.018250 0.498
0.018300 0.560
0.018350 0.511
0.018400 0.598
0.018450 0.592
0.018500 0.593
0.018550 0.531
0.018600 0.593
0.018650 0.579
0.018700 0.589
0.018750 0.665
0.018800 0.592
0.018850 0.668
0.018900 0.545
0.018950 0.638
0.019000 0.744
0.019050 0.621
0.019100 0.520
0.019150 0.528
0.019200 0.589
0.019250 0.529
0.019300 0.521
0.019350 0.512
0.019400 0.562
0.019450 0.595
0.019500 0.594
0.019550 0.530
0.019600 0.571
0.019650 0.537
0.019700 0.579
0.019750 0.560
0.019800 0.647
0.019850 0.576
0.019900 0.587
0.019950 0.585
0.020000 0.596
0.020050 0.494
0.020100 0.618
0.020150 0.524
0.020200 0.544
0.020250 0.570
0.020300 0.515
0.020350 0.582
0.020400 0.562
0.020450 0.575
0.020500 0.543
0.020550 0.563
0.020600 0.518
0.020650 0.554
0.020700 0.528
0.020750 0.558
0.020800 0.576
0.020850 0.571
0.020900 0.541
0.020950 0.592
0.021000 0.546
0.021050 0.560
0.021100 0.651
0.021150 0.574
0.021200 0.530
0.021250 0.543
0.021300 0.535
0.021350 0.577
0.021400 0.628
0.021450 0.610
0.021500 0.499
0.021550 0.599
0.021600 0.594
0.021650 0.568
0.021700 0.568
0.021750 0.592
0.021800 0.584
0.021850 0.604
0.021900 0.593
0.021950 0.615
0.022000 0.588
0.022050 0.611
0.022100 0.574
0.022150 0.595
0.022200 0.511
0.022250 0.570
0.022300 0.611
0.022350 0.580
0.022400 0.521
0.022450 0.562
0.022500 0.576
0.022550 0.625
0.022600 0.606
0.022650 0.567
0.022700 0.678
0.022750 0.597
0.022800 0.605
0.022850 0.524
0.022900 0.560
0.022950 0.586
0.023000 0.642
0.023050 0.574
0.023100 0.541
0.023150 0.575
0.023200 0.641
0.023250 0.644
0.023300 0.483
0.023350 0.593
0.023400 0.590
0.023450 0.573
0.023500 0.603
0.023550 0.504
0.023600 0.679
0.023650 0.561
0.023700 0.651
0.023750 0.646
0.023800 0.559
0.023850 0.516
0.023900 0.574
0.023950 0.630
0.024000 0.575
0.024050 0.639
0.024100 0.599
0.024150 0.641
0.024200 0.552
0.024250 0.602
0.024300 0.602
0.024350 0.605
0.024400 0.639
0.024450 0.561
0.024500 0.537
0.024550 0.557
0.024600 0.584
0.024650 0.582
0.024700 0.571
0.024750 0.576
0.024800 0.629
0.024850 0.570
0.024900 0.562
0.024950 0.592
0.025000 0.633
0.025050 0.616
0.025100 0.595
0.025150 0.630
0.025200 0.555
0.025250 0.621
0.025300 0.618
0.025350 0.566
0.025400 0.597
0.025450 0.540
0.025500 0.571
0.025550 0.620
0.025600 0.551
0.025650 0.573
0.025700 0.598
0.025750 0.568
0.025800 0.550
0.025850 0.595
0.025900 0.583
0.025950 0.607
0.026000 0.694
0.026050 0.591
0.026100 0.565
0.026150 0.531
0.026200 0.532
0.026250 0.582
0.026300 0.655
0.026350 0.606
0.026400 0.637
0.026450 0.542
0.026500 0.607
0.026550 0.620
0.026600 0.550
0.026650 0.583
0.026700 0.570
0.026750 0.626
0.026800 0.654
0.026850 0.643
0.026900 0.678
0.026950 0.656
0.027000 0.539
0.027050 0.641
0.027100 0.605
0.027150 0.576
0.027200 0.652
0.027250 0.627
0.027300 0.710
0.027350 0.623
0.027400 0.658
0.027450 0.564
0.027500 0.618
0.027550 0.589
0.027600 0.568
0.027650 0.610
0.027700 0.619
0.027750 0.604
0.027800 0.584
0.027850 0.693
0.027900 0.618
0.027950 0.573
0.028000 0.566
0.028050 0.668
0.028100 0.723
0.028150 0.492
0.028200 0.514
0.028250 0.607
0.028300 0.577
0.028350 0.676
0.028400 0.597
0.028450 0.703
0.028500 0.664
0.028550 0.579
0.028600 0.574
0.028650 0.654
0.028700 0.608
0.028750 0.656
0.028800 0.586
0.028850 0.537
0.028900 0.647
0.028950 0.693
0.029000 0.625
0.029050 0.612
0.029100 0.659
0.029150 0.645
0.029200 0.542
0.029250 0.594
0.029300 0.713
0.029350 0.666
0.029400 0.685
0.029450 0.590
0.029500 0.618
0.029550 0.566
0.029600 0.593
0.029650 0.606
0.029700 0.634
0.029750 0.637
0.029800 0.558
0.029850 0.581
0.029900 0.543
0.029950 0.615
0.030000 0.657
0.030050 0.667
0.030100 0.565
0.030150 0.730
0.030200 0.547
0.030250 0.645
0.030300 0.625
0.030350 0.660
0.030400 0.668
0.030450 0.668
0.030500 0.631
0.030550 0.605
0.030600 0.543
0.030650 0.731
0.030700 0.582
0.030750 0.563
0.030800 0.745
0.030850 0.620
0.030900 0.617
0.030950 0.500
0.031000 0.602
0.031050 0.591
0.031100 0.654
0.031150 0.657
0.031200 0.506
0.031250 0.619
0.031300 0.653
0.031350 0.566
0.031400 0.618
0.031450 0.590
0.031500 0.562
0.031550 0.602
0.031600 0.619
0.031650 0.601
0.031700 0.744
0.031750 0.621
0.031800 0.699
0.031850 0.648
0.031900 0.686
0.031950 0.633
0.032000 0.630
0.032050 0.640
0.032100 0.525
0.032150 0.717
0.032200 0.607
0.032250 0.685
0.032300 0.575
0.032350 0.543
0.032400 0.670
0.032450 0.615
0.032500 0.588
0.032550 0.729
0.032600 0.618
0.032650 0.605
0.032700 0.617
0.032750 0.587
0.032800 0.605
0.032850 0.633
0.032900 0.518
0.032950 0.623
0.033000 0.609
0.033050 0.594
0.033100 0.574
0.033150 0.662
0.033200 0.629
0.033250 0.715
0.033300 0.675
0.033350 0.725
0.033400 0.641
0.033450 0.609
0.033500 0.604
0.033550 0.693
0.033600 0.690
0.033650 0.574
0.033700 0.676
0.033750 0.706
0.033800 0.678
0.033850 0.591
0.033900 0.628
0.033950 0.698
0.034000 0.632
0.034050 0.651
0.034100 0.666
0.034150 0.678
0.034200 0.601
0.034250 0.698
0.034300 0.682
0.034350 0.658
0.034400 0.618
0.034450 0.700
0.034500 0.641
0.034550 0.645
0.034600 0.638
0.034650 0.659
0.034700 0.635
0.034750 0.657
0.034800 0.645
0.034850 0.675
0.034900 0.566
0.034950 0.682
0.035000 0.634
0.035050 0.691
0.035100 0.638
0.035150 0.674
0.035200 0.656
0.035250 0.586
0.035300 0.714
0.035350 0.639
0.035400 0.739
0.035450 0.635
0.035500 0.660
0.035550 0.712
0.035600 0.656
0.035650 0.641
0.035700 0.623
0.035750 0.678
0.035800 0.576
0.035850 0.668
0.035900 0.650
0.035950 0.623
0.036000 0.584
0.036050 0.682
0.036100 0.636
0.036150 0.594
0.036200 0.664
0.036250 0.711
0.036300 0.690
0.036350 0.590
0.036400 0.706
0.036450 0.663
0.036500 0.701
0.036550 0.580
0.036600 0.630
0.036650 0.668
0.036700 0.618
0.036750 0.608
0.036800 0.707
0.036850 0.687
0.036900 0.645
0.036950 0.649
0.037000 0.670
0.037050 0.714
0.037100 0.649
0.037150 0.678
0.037200 0.633
0.037250 0.691
0.037300 0.637
0.037350 0.638
0.037400 0.634
0.037450 0.738
0.037500 0.679
0.037550 0.683
0.037600 0.687
0.037650 0.696
0.037700 0.684
0.037750 0.618
0.037800 0.635
0.037850 0.611
0.037900 0.694
0.037950 0.700
0.038000 0.720
0.038050 0.708
0.038100 0.777
0.038150 0.735
0.038200 0.751
0.038250 0.673
0.038300 0.739
0.038350 0.748
0.038400 0.601
0.038450 0.673
0.038500 0.580
0.038550 0.715
0.038600 0.627
0.038650 0.688
0.038700 0.662
0.038750 0.739
0.038800 0.671
0.038850 0.652
0.038900 0.641
0.038950 0.719
0.039000 0.678
0.039050 0.790
0.039100 0.699
0.039150 0.644
0.039200 0.705
0.039250 0.704
0.039300 0.690
0.039350 0.685
0.039400 0.717
0.039450 0.709
0.039500 0.648
0.039550 0.758
0.039600 0.687
0.039650 0.738
0.039700 0.621
0.039750 0.737
0.039800 0.703
0.039850 0.762
0.039900 0.725
0.039950 0.752
0.040000 0.695
0.040050 0.698
0.040100 0.719
0.040150 0.764
0.040200 0.717
0.040250 0.713
0.040300 0.636
0.040350 0.777
0.040400 0.787
0.040450 0.799
0.040500 0.737
0.040550 0.771
0.040600 0.721
0.040650 0.657
0.040700 0.679
0.040750 0.752
0.040800 0.675
0.040850 0.655
0.040900 0.768
0.040950 0.702
0.041000 0.723
0.041050 0.726
0.041100 0.701
0.041150 0.669
0.041200 0.681
0.041250 0.708
0.041300 0.723
0.041350 0.735
0.041400 0.658
0.041450 0.727
0.041500 0.785
0.041550 0.701
0.041600 0.805
0.041650 0.703
0.041700 0.658
0.041750 0.691
0.041800 0.680
0.041850 0.693
0.041900 0.637
0.041950 0.654
0.042000 0.648
0.042050 0.750
0.042100 0.733
0.042150 0.749
0.042200 0.781
0.042250 0.731
0.042300 0.747
0.042350 0.646
0.042400 0.765
0.042450 0.873
0.042500 0.697
0.042550 0.744
0.042600 0.726
0.042650 0.733
0.042700 0.764
0.042750 0.767
0.042800 0.674
0.042850 0.695
0.042900 0.682
0.042950 0.794
0.043000 0.702
0.043050 0.781
0.043100 0.758
0.043150 0.652
0.043200 0.742
0.043250 0.817
0.043300 0.665
0.043350 0.760
0.043400 0.723
0.043450 0.702
0.043500 0.714
0.043550 0.772
0.043600 0.686
0.043650 0.763
0.043700 0.736
0.043750 0.672
0.043800 0.710
0.043850 0.689
0.043900 0.748
0.043950 0.719
0.044000 0.774
0.044050 0.744
0.044100 0.821
0.044150 0.764
0.044200 0.719
0.044250 0.789
0.044300 0.633
0.044350 0.784
0.044400 0.761
0.044450 0.784
0.044500 0.724
0.044550 0.652
0.044600 0.769
0.044650 0.768
0.044700 0.687
0.044750 0.780
0.044800 0.742
0.044850 0.772
0.044900 0.780
0.044950 0.783
0.045000 0.637
0.045050 0.786
0.045100 0.772
0.045150 0.691
0.045200 0.742
0.045250 0.740
0.045300 0.771
0.045350 0.672
0.045400 0.856
0.045450 0.728
0.045500 0.785
0.045550 0.724
0.045600 0.654
0.045650 0.656
0.045700 0.655
0.045750 0.689
0.045800 0.760
0.045850 0.758
0.045900 0.795
0.045950 0.791
0.046000 0.809
0.046050 0.717
0.046100 0.769
0.046150 0.737
0.046200 0.729
0.046250 0.782
0.046300 0.763
0.046350 0.772
0.046400 0.688
0.046450 0.716
0.046500 0.704
0.046550 0.764
0.046600 0.721
0.046650 0.709
0.046700 0.740
0.046750 0.726
0.046800 0.661
0.046850 0.770
0.046900 0.715
0.046950 0.720
0.047000 0.772
0.047050 0.757
0.047100 0.825
0.047150 0.718
0.047200 0.705
0.047250 0.825
0.047300 0.699
0.047350 0.677
0.047400 0.738
0.047450 0.791
0.047500 0.784
0.047550 0.699
0.047600 0.775
0.047650 0.786
0.047700 0.802
0.047750 0.708
0.047800 0.716
0.047850 0.694
0.047900 0.680
0.047950 0.646
0.048000 0.744
0.048050 0.796
0.048100 0.825
0.048150 0.718
0.048200 0.786
0.048250 0.784
0.048300 0.753
0.048350 0.693
0.048400 0.711
0.048450 0.742
0.048500 0.706
0.048550 0.728
0.048600 0.725
0.048650 0.719
0.048700 0.693
0.048750 0.767
0.048800 0.811
0.048850 0.682
0.048900 0.706
0.048950 0.774
0.049000 0.852
0.049050 0.677
0.049100 0.722
0.049150 0.793
0.049200 0.760
0.049250 0.760
0.049300 0.703
0.049350 0.779
0.049400 0.685
0.049450 0.621
0.049500 0.775
0.049550 0.771
0.049600 0.781
0.049650 0.784
0.049700 0.784
0.049750 0.649
0.049800 0.802
0.049850 0.802
0.049900 0.798
0.049950 0.564
0.050000 0.790
0.050050 0.844
0.050100 0.759
0.050150 0.760
0.050200 0.764
0.050250 0.783
0.050300 0.765
0.050350 0.790
0.050400 0.729
0.050450 0.757
0.050500 0.801
0.050550 0.871
0.050600 0.819
0.050650 0.803
0.050700 0.719
0.050750 0.762
0.050800 0.909
0.050850 0.867
0.050900 0.787
0.050950 0.687
0.051000 0.700
0.051050 0.674
0.051100 0.780
0.051150 0.776
0.051200 0.683
0.051250 0.831
0.051300 0.758
0.051350 0.810
0.051400 0.720
0.051450 0.706
0.051500 0.718
0.051550 0.802
0.051600 0.765
0.051650 0.705
0.051700 0.793
0.051750 0.687
0.051800 0.848
0.051850 0.791
0.051900 0.753
0.051950 0.655
0.052000 0.749
0.052050 0.774
0.052100 0.663
0.052150 0.755
0.052200 0.813
0.052250 0.828
0.052300 0.706
0.052350 0.788
0.052400 0.779
0.052450 0.792
0.052500 0.787
0.052550 0.755
0.052600 0.758
0.052650 0.789
0.052700 0.776
0.052750 0.765
0.052800 0.798
0.052850 0.748
0.052900 0.757
0.052950 0.928
0.053000 0.823
0.053050 0.764
0.053100 0.823
0.053150 0.913
0.053200 0.745
0.053250 0.811
0.053300 0.777
0.053350 0.737
0.053400 0.729
0.053450 0.765
0.053500 0.750
0.053550 0.807
0.053600 0.798
0.053650 0.819
0.053700 0.857
0.053750 0.712
0.053800 0.815
0.053850 0.876
0.053900 0.725
0.053950 0.892
0.054000 0.781
0.054050 0.784
0.054100 0.745
0.054150 0.733
0.054200 0.749
0.054250 0.861
0.054300 0.908
0.054350 0.791
0.054400 0.882
0.054450 0.736
0.054500 0.767
0.054550 0.746
0.054600 0.778
0.054650 0.800
0.054700 0.831
0.054750 0.769
0.054800 0.765
0.054850 0.794
0.054900 0.848
0.054950 0.758
0.055000 0.773
0.055050 0.736
0.055100 0.734
0.055150 0.831
0.055200 0.718
0.055250 0.722
0.055300 0.697
0.055350 0.813
0.055400 0.691
0.055450 0.798
0.055500 0.747
0.055550 0.710
0.055600 0.886
0.055650 0.721
0.055700 0.851
0.055750 0.873
0.055800 0.855
0.055850 0.837
0.055900 0.651
0.055950 0.742
0.056000 0.754
0.056050 0.782
0.056100 0.816
0.056150 0.752
0.056200 0.783
0.056250 0.852
0.056300 0.805
0.056350 0.888
0.056400 0.884
0.056450 0.799
0.056500 0.789
0.056550 0.748
0.056600 0.698
0.056650 0.846
0.056700 0.722
0.056750 0.716
0.056800 0.784
0.056850 0.823
0.056900 0.748
0.056950 0.757
0.057000 0.836
0.057050 0.802
0.057100 0.770
0.057150 0.759
0.057200 0.710
0.057250 0.766
0.057300 0.749
0.057350 0.748
0.057400 0.843
0.057450 0.776
0.057500 0.839
0.057550 0.845
0.057600 0.832
0.057650 0.776
0.057700 0.798
0.057750 0.742
0.057800 0.852
0.057850 0.841
0.057900 0.747
0.057950 0.727
0.058000 0.893
0.058050 0.740
0.058100 0.879
0.058150 0.846
0.058200 0.708
0.058250 0.818
0.058300 0.856
0.058350 0.853
0.058400 0.842
0.058450 0.856
0.058500 0.766
0.058550 0.839
0.058600 0.735
0.058650 0.837
0.058700 0.757
0.058750 0.854
0.058800 0.856
0.058850 0.898
0.058900 0.895
0.058950 0.856
0.059000 0.740
0.059050 0.913
0.059100 0.843
0.059150 0.754
0.059200 0.848
0.059250 0.750
0.059300 0.838
0.059350 0.806
0.059400 0.794
0.059450 0.846
0.059500 0.790
0.059550 0.843
0.059600 0.915
0.059650 0.746
0.059700 0.820
0.059750 0.815
0.059800 0.733
0.059850 0.761
0.059900 0.806
0.059950 0.767
0.060000 0.770
0.060050 0.850
0.060100 0.812
0.060150 0.772
0.060200 0.749
0.060250 0.785
0.060300 0.739
0.060350 0.731
0.060400 0.824
0.060450 0.856
0.060500 0.834
0.060550 0.808
0.060600 0.843
0.060650 0.828
0.060700 0.784
0.060750 0.961
0.060800 0.713
0.060850 0.806
0.060900 0.861
0.060950 0.758
0.061000 0.815
0.061050 0.815
0.061100 0.871
0.061150 0.864
0.061200 0.812
0.061250 0.838
0.061300 0.765
0.061350 0.909
0.061400 0.844
0.061450 0.866
0.061500 0.868
0.061550 0.775
0.061600 0.756
0.061650 0.773
0.061700 0.892
0.061750 0.780
0.061800 0.819
0.061850 0.708
0.061900 0.786
0.061950 0.765
0.062000 0.655
0.062050 0.789
0.062100 0.786
0.062150 0.849
0.062200 0.741
0.062250 0.739
0.062300 0.775
0.062350 0.769
0.062400 0.726
0.062450 0.848
0.062500 0.816
0.062550 0.812
0.062600 0.756
0.062650 0.832
0.062700 0.788
0.062750 0.761
0.062800 0.768
0.062850 0.789
0.062900 0.916
0.062950 0.838
0.063000 0.813
0.063050 0.786
0.063100 0.733
0.063150 0.862
0.063200 0.663
0.063250 0.736
0.063300 0.735
0.063350 0.732
0.063400 0.815
0.063450 0.827
0.063500 0.794
0.063550 0.840
0.063600 0.841
0.063650 0.821
0.063700 0.866
0.063750 0.872
0.063800 0.781
0.063850 0.844
0.063900 0.794
0.063950 0.870
0.064000 0.902
0.064050 0.803
0.064100 0.908
0.064150 0.861
0.064200 0.750
0.064250 0.773
0.064300 0.924
0.064350 0.845
0.064400 0.870
0.064450 0.773
0.064500 0.801
0.064550 0.887
0.064600 0.704
0.064650 0.781
0.064700 0.832
0.064750 0.818
0.064800 0.944
0.064850 0.875
0.064900 0.832
0.064950 0.780
0.065000 0.858
0.065050 0.865
0.065100 0.839
0.065150 0.809
0.065200 0.823
0.065250 0.729
0.065300 0.864
0.065350 0.906
0.065400 0.788
0.065450 0.945
0.065500 0.778
0.065550 0.770
0.065600 0.828
0.065650 0.727
0.065700 0.683
0.065750 0.775
0.065800 0.834
0.065850 0.795
0.065900 0.806
0.065950 0.764
0.066000 0.841
0.066050 0.799
0.066100 0.794
0.066150 0.839
0.066200 0.745
0.066250 0.807
0.066300 0.846
0.066350 0.828
0.066400 0.856
0.066450 0.849
0.066500 0.723
0.066550 0.845
0.066600 0.861
0.066650 0.759
0.066700 0.838
0.066750 0.713
0.066800 0.829
0.066850 0.858
0.066900 0.803
0.066950 0.882
0.067000 0.790
0.067050 0.826
0.067100 0.935
0.067150 0.799
0.067200 0.911
0.067250 0.771
0.067300 0.819
0.067350 0.803
0.067400 0.867
0.067450 0.836
0.067500 0.726
0.067550 0.766
0.067600 0.776
0.067650 0.826
0.067700 0.913
0.067750 0.841
0.067800 0.740
0.067850 0.887
0.067900 0.760
0.067950 0.808
0.068000 0.780
0.068050 0.872
0.068100 0.811
0.068150 0.780
0.068200 0.835
0.068250 0.898
0.068300 0.727
0.068350 0.758
0.068400 0.858
0.068450 0.737
0.068500 0.795
0.068550 0.696
0.068600 0.737
0.068650 0.839
0.068700 0.815
0.068750 0.796
0.068800 0.743
0.068850 0.803
0.068900 0.890
0.068950 0.866
0.069000 0.872
0.069050 0.780
0.069100 0.778
0.069150 0.817
0.069200 0.914
0.069250 0.778
0.069300 0.836
0.069350 0.772
0.069400 0.844
0.069450 0.818
0.069500 0.852
0.069550 0.933
0.069600 0.827
0.069650 0.896
0.069700 0.790
0.069750 0.847
0.069800 0.914
0.069850 0.828
0.069900 0.862
0.069950 0.799
0.070000 0.822
0.070050 0.826
0.070100 0.776
0.070150 0.919
0.070200 0.784
0.070250 0.832
0.070300 0.977
0.070350 0.809
0.070400 0.786
0.070450 0.828
0.070500 0.857
0.070550 0.881
0.070600 0.805
0.070650 0.724
0.070700 0.786
0.070750 0.818
0.070800 0.900
0.070850 0.843
0.070900 0.807
0.070950 0.803
0.071000 0.939
0.071050 0.831
0.071100 0.968
0.071150 0.983
0.071200 0.838
0.071250 0.873
0.071300 0.812
0.071350 0.908
0.071400 0.791
0.071450 0.925
0.071500 0.820
0.071550 0.832
0.071600 0.842
0.071650 0.837
0.071700 0.805
0.071750 0.743
0.071800 0.916
0.071850 0.755
0.071900 0.797
0.071950 0.825
0.072000 0.872
0.072050 0.889
0.072100 0.885
0.072150 0.761
0.072200 0.855
0.072250 0.751
0.072300 0.909
0.072350 0.893
0.072400 0.807
0.072450 0.841
0.072500 0.962
0.072550 0.810
0.072600 0.788
0.072650 0.789
0.072700 0.937
0.072750 0.923
0.072800 0.875
0.072850 0.776
0.072900 0.863
0.072950 0.865
0.073000 0.829
0.073050 0.891
0.073100 0.812
0.073150 0.766
0.073200 0.834
0.073250 0.788
0.073300 0.900
0.073350 0.907
0.073400 0.811
0.073450 0.782
0.073500 0.718
0.073550 0.882
0.073600 0.914
0.073650 0.827
0.073700 0.882
0.073750 0.818
0.073800 0.863
0.073850 0.897
0.073900 0.884
0.073950 0.932
0.074000 0.987
0.074050 0.734
0.074100 0.787
0.074150 0.860
0.074200 0.887
0.074250 0.866
0.074300 0.945
0.074350 0.784
0.074400 0.839
0.074450 0.853
0.074500 0.854
0.074550 0.854
0.074600 0.940
0.074650 0.877
0.074700 0.771
0.074750 0.827
0.074800 0.864
0.074850 0.756
0.074900 0.768
0.074950 0.866
0.075000 0.805
0.075050 0.880
0.075100 0.844
0.075150 0.787
0.075200 0.848
0.075250 0.834
0.075300 0.791
0.075350 0.877
0.075400 0.843
0.075450 0.951
0.075500 0.828
0.075550 0.966
0.075600 0.845
0.075650 0.933
0.075700 0.909
0.075750 0.899
0.075800 0.811
0.075850 0.872
0.075900 0.864
0.075950 0.853
0.076000 0.814
0.076050 0.826
0.076100 0.856
0.076150 0.808
0.076200 0.904
0.076250 0.879
0.076300 0.918
0.076350 0.848
0.076400 0.805
0.076450 0.870
0.076500 0.900
0.076550 0.870
0.076600 0.885
0.076650 0.798
0.076700 0.848
0.076750 0.830
0.076800 0.840
0.076850 0.789
0.076900 0.845
0.076950 0.803
0.077000 0.855
0.077050 0.832
0.077100 0.828
0.077150 0.771
0.077200 0.966
0.077250 0.821
0.077300 0.894
0.077350 0.863
0.077400 0.836
0.077450 0.825
0.077500 0.899
0.077550 0.772
0.077600 0.926
0.077650 0.855
0.077700 0.884
0.077750 0.855
0.077800 0.855
0.077850 0.864
0.077900 0.817
0.077950 0.781
0.078000 0.894
0.078050 0.929
0.078100 0.896
0.078150 0.923
0.078200 0.933
0.078250 0.854
0.078300 0.875
0.078350 0.972
0.078400 0.847
0.078450 0.882
0.078500 0.912
0.078550 0.786
0.078600 0.768
0.078650 0.994
0.078700 0.918
0.078750 0.861
0.078800 0.927
0.078850 0.934
0.078900 0.793
0.078950 0.874
0.079000 0.918
0.079050 0.947
0.079100 0.895
0.079150 0.889
0.079200 0.803
0.079250 0.907
0.079300 0.835
0.079350 0.890
0.079400 0.797
0.079450 0.910
0.079500 1.008
0.079550 0.893
0.079600 0.933
0.079650 0.912
0.079700 0.916
0.079750 0.842
0.079800 0.871
0.079850 0.868
0.079900 0.862
0.079950 0.863
0.080000 0.784
0.080050 0.820
0.080100 0.813
0.080150 0.802
0.080200 0.908
0.080250 0.885
0.080300 0.849
0.080350 0.876
0.080400 0.841
0.080450 0.855
0.080500 0.815
0.080550 0.865
0.080600 0.929
0.080650 0.804
0.080700 0.846
0.080750 0.971
0.080800 0.926
0.080850 0.881
0.080900 0.912
0.080950 0.967
0.081000 0.880
0.081050 0.879
0.081100 0.883
0.081150 0.900
0.081200 0.898
0.081250 0.905
0.081300 0.938
0.081350 0.936
0.081400 0.843
0.081450 0.809
0.081500 0.789
0.081550 0.794
0.081600 0.966
0.081650 0.884
0.081700 0.969
0.081750 0.890
0.081800 0.943
0.081850 0.928
0.081900 0.933
0.081950 0.874
0.082000 0.992
0.082050 0.799
0.082100 0.812
0.082150 0.866
0.082200 0.847
0.082250 0.812
0.082300 0.798
0.082350 0.914
0.082400 0.953
0.082450 0.861
0.082500 0.870
0.082550 0.851
0.082600 0.816
0.082650 0.893
0.082700 0.828
0.082750 0.927
0.082800 0.807
0.082850 0.882
0.082900 0.862
0.082950 0.928
0.083000 0.895
0.083050 0.806
0.083100 0.900
0.083150 0.946
0.083200 0.821
0.083250 0.935
0.083300 0.989
0.083350 0.810
0.083400 0.855
0.083450 0.943
0.083500 0.797
0.083550 0.942
0.083600 0.952
0.083650 0.895
0.083700 0.832
0.083750 0.836
0.083800 0.818
0.083850 0.876
0.083900 0.903
0.083950 0.866
0.084000 0.937
0.084050 0.968
0.084100 0.994
0.084150 0.905
0.084200 0.883
0.084250 0.867
0.084300 0.925
0.084350 0.823
0.084400 0.942
0.084450 0.827
0.084500 0.959
0.084550 0.907
0.084600 0.865
0.084650 0.924
0.084700 0.854
0.084750 0.893
0.084800 0.831
0.084850 0.804
0.084900 0.933
0.084950 0.838
0.085000 0.897
0.085050 1.003
0.085100 0.947
0.085150 0.843
0.085200 0.911
0.085250 0.893
0.085300 0.782
0.085350 0.942
0.085400 0.880
0.085450 0.873
0.085500 0.965
0.085550 0.834
0.085600 0.974
0.085650 0.965
0.085700 0.883
0.085750 0.895
0.085800 0.970
0.085850 0.834
0.085900 0.933
0.085950 0.831
0.086000 0.825
0.086050 0.979
0.086100 0.879
0.086150 0.814
0.086200 0.930
0.086250 0.956
0.086300 0.962
0.086350 0.798
0.086400 0.828
0.086450 0.892
0.086500 1.005
0.086550 0.803
0.086600 0.921
0.086650 0.904
0.086700 0.915
0.086750 0.956
0.086800 0.929
0.086850 0.945
0.086900 0.861
0.086950 0.832
0.087000 0.893
0.087050 0.901
0.087100 0.904
0.087150 0.932
0.087200 0.864
0.087250 0.832
0.087300 0.963
0.087350 0.942
0.087400 0.930
0.087450 0.945
0.087500 0.819
0.087550 0.852
0.087600 0.889
0.087650 0.951
0.087700 0.839
0.087750 0.951
0.087800 0.876
0.087850 0.880
0.087900 0.936
0.087950 1.025
0.088000 0.893
0.088050 0.877
0.088100 0.930
0.088150 0.943
0.088200 0.834
0.088250 0.804
0.088300 0.858
0.088350 0.841
0.088400 0.851
0.088450 0.773
0.088500 0.991
0.088550 1.028
0.088600 0.989
0.088650 1.033
0.088700 0.900
0.088750 0.853
0.088800 0.963
0.088850 1.008
0.088900 0.857
0.088950 1.049
0.089000 0.860
0.089050 0.942
0.089100 0.967
0.089150 0.957
0.089200 0.846
0.089250 0.881
0.089300 0.879
0.089350 0.907
0.089400 1.025
0.089450 0.873
0.089500 0.946
0.089550 0.877
0.089600 0.945
0.089650 0.896
0.089700 0.885
0.089750 0.921
0.089800 0.898
0.089850 0.918
0.089900 1.034
0.089950 1.011
0.090000 0.940
0.090050 0.836
0.090100 0.957
0.090150 0.877
0.090200 0.909
0.090250 0.816
0.090300 0.910
0.090350 0.897
0.090400 0.940
0.090450 0.946
0.090500 0.855
0.090550 0.815
0.090600 0.875
0.090650 0.885
0.090700 0.817
0.090750 0.951
0.090800 0.921
0.090850 0.882
0.090900 0.924
0.090950 0.938
0.091000 0.899
0.091050 0.921
0.091100 0.999
0.091150 0.921
0.091200 0.912
0.091250 0.922
0.091300 0.969
0.091350 1.006
0.091400 0.952
0.091450 0.983
0.091500 0.949
0.091550 0.796
0.091600 0.818
0.091650 0.810
0.091700 0.908
0.091750 0.997
0.091800 0.911
0.091850 0.940
0.091900 0.836
0.091950 0.771
0.092000 0.952
0.092050 0.948
0.092100 0.887
0.092150 0.905
0.092200 0.940
0.092250 0.943
0.092300 0.957
0.092350 0.882
0.092400 0.888
0.092450 0.900
0.092500 0.834
0.092550 0.814
0.092600 0.880
0.092650 0.974
0.092700 0.836
0.092750 0.873
0.092800 0.880
0.092850 0.849
0.092900 0.912
0.092950 0.933
0.093000 0.901
0.093050 0.875
0.093100 0.945
0.093150 0.922
0.093200 0.945
0.093250 0.868
0.093300 0.921
0.093350 0.898
0.093400 0.873
0.093450 0.818
0.093500 1.011
0.093550 0.901
0.093600 0.822
0.093650 0.916
0.093700 0.743
0.093750 0.936
0.093800 0.881
0.093850 0.948
0.093900 0.894
0.093950 0.975
0.094000 1.024
0.094050 0.834
0.094100 0.929
0.094150 0.927
0.094200 0.789
0.094250 0.996
0.094300 0.880
0.094350 0.933
0.094400 0.904
0.094450 0.992
0.094500 0.999
0.094550 0.901
0.094600 0.929
0.094650 0.912
0.094700 0.945
0.094750 0.980
0.094800 0.838
0.094850 0.926
0.094900 0.877
0.094950 0.967
0.095000 0.890
0.095050 0.936
0.095100 0.995
0.095150 0.933
0.095200 0.922
0.095250 0.825
0.095300 0.829
0.095350 0.914
0.095400 0.917
0.095450 0.814
0.095500 0.866
0.095550 0.977
0.095600 1.001
0.095650 0.853
0.095700 0.970
0.095750 0.975
0.095800 0.943
0.095850 1.002
0.095900 0.898
0.095950 0.944
0.096000 0.940
0.096050 0.856
0.096100 0.944
0.096150 0.839
0.096200 1.014
0.096250 1.006
0.096300 0.936
0.096350 0.862
0.096400 0.794
0.096450 0.871
0.096500 0.954
0.096550 0.923
0.096600 0.890
0.096650 0.945
0.096700 0.873
0.096750 0.985
0.096800 0.836
0.096850 0.875
0.096900 1.005
0.096950 0.899
0.097000 0.864
0.097050 0.926
0.097100 0.837
0.097150 0.826
0.097200 0.906
0.097250 0.846
0.097300 0.939
0.097350 0.857
0.097400 0.890
0.097450 0.837
0.097500 0.910
0.097550 0.876
0.097600 0.898
0.097650 0.901
0.097700 0.865
0.097750 0.892
0.097800 0.926
0.097850 0.842
0.097900 0.852
0.097950 0.875
0.098000 0.767
0.098050 0.942
0.098100 0.829
0.098150 0.819
0.098200 0.864
0.098250 0.865
0.098300 0.831
0.098350 0.849
0.098400 0.721
0.098450 0.831
0.098500 0.803
0.098550 0.885
0.098600 0.877
0.098650 0.957
0.098700 0.857
0.098750 0.841
0.098800 0.784
0.098850 0.969
0.098900 0.687
0.098950 0.848
0.099000 1.038
0.099050 0.876
0.099100 0.841
0.099150 0.977
0.099200 0.895
0.099250 0.854
0.099300 0.962
0.099350 0.858
0.099400 0.853
0.099450 0.915
0.099500 0.953
0.099550 0.910
0.099600 0.792
0.099650 0.923
0.099700 0.869
0.099750 0.868
0.099800 0.944
0.099850 0.912
0.099900 0.988
0.099950 0.867
0.100000 0.837
0.100050 0.896
0.100100 0.951
0.100150 0.893
0.100200 0.865
0.100250 0.916
0.100300 0.920
0.100350 0.886
0.100400 0.889
0.100450 0.857
0.100500 1.016
0.100550 0.864
0.100600 0.838
0.100650 0.744
0.100700 0.780
0.100750 0.952
0.100800 0.809
0.100850 0.843
0.100900 0.804
0.100950 0.847
0.101000 1.032
0.101050 0.853
0.101100 0.912
0.101150 1.010
0.101200 0.994
0.101250 1.151
0.101300 1.032
0.101350 1.149
0.101400 1.184
0.101450 1.422
0.101500 1.498
0.101550 1.846
0.101600 2.043
0.101650 2.353
0.101700 2.876
0.101750 3.652
0.101800 4.042
0.101850 5.114
0.101900 5.861
0.101950 6.894
0.102000 7.225
0.102050 7.980
0.102100 8.727
0.102150 9.158
0.102200 9.112
0.102250 9.134
0.102300 8.940
0.102350 9.001
0.102400 7.846
0.102450 7.210
0.102500 6.091
0.102550 5.727
0.102600 4.912
0.102650 4.577
0.102700 3.901
0.102750 3.539
0.102800 3.367
0.102850 2.945
0.102900 2.779
0.102950 2.443
0.103000 2.404
0.103050 2.259
0.103100 2.213
0.103150 2.051
0.103200 2.094
0.103250 2.139
0.103300 1.869
0.103350 1.863
0.103400 1.850
0.103450 1.864
0.103500 1.891
0.103550 1.711
0.103600 1.789
0.103650 1.781
0.103700 1.584
0.103750 1.674
0.103800 1.712
0.103850 1.800
0.103900 1.790
0.103950 1.807
0.104000 1.612
0.104050 1.716
0.104100 1.680
0.104150 1.685
0.104200 1.667
0.104250 1.608
0.104300 1.713
0.104350 1.708
0.104400 1.456
0.104450 1.514
0.104500 1.611
0.104550 1.588
0.104600 1.694
0.104650 1.522
0.104700 1.554
0.104750 1.651
0.104800 1.554
0.104850 1.530
0.104900 1.586
0.104950 1.579
0.105000 1.621
0.105050 1.575
0.105100 1.523
0.105150 1.595
0.105200 1.621
0.105250 1.476
0.105300 1.563
0.105350 1.610
0.105400 1.547
0.105450 1.604
0.105500 1.552
0.105550 1.631
0.105600 1.646
0.105650 1.543
0.105700 1.632
0.105750 1.550
0.105800 1.467
0.105850 1.483
0.105900 1.583
0.105950 1.558
0.106000 1.396
0.106050 1.648
0.106100 1.631
0.106150 1.577
0.106200 1.469
0.106250 1.403
0.106300 1.504
0.106350 1.546
0.106400 1.507
0.106450 1.273
0.106500 1.447
0.106550 1.384
0.106600 1.596
0.106650 1.418
0.106700 1.491
0.106750 1.426
0.106800 1.475
0.106850 1.513
0.106900 1.490
0.106950 1.471
0.107000 1.422
0.107050 1.327
0.107100 1.410
0.107150 1.353
0.107200 1.416
0.107250 1.398
0.107300 1.585
0.107350 1.498
0.107400 1.334
0.107450 1.460
0.107500 1.446
0.107550 1.347
0.107600 1.498
0.107650 1.450
0.107700 1.321
0.107750 1.348
0.107800 1.500
0.107850 1.527
0.107900 1.456
0.107950 1.429
0.108000 1.386
0.108050 1.409
0.108100 1.310
0.108150 1.441
0.108200 1.356
0.108250 1.343
0.108300 1.429
0.108350 1.298
0.108400 1.502
0.108450 1.399
0.108500 1.336
0.108550 1.351
0.108600 1.448
0.108650 1.401
0.108700 1.427
0.108750 1.340
0.108800 1.213
0.108850 1.394
0.108900 1.379
0.108950 1.384
0.109000 1.459
0.109050 1.511
0.109100 1.350
0.109150 1.344
0.109200 1.429
0.109250 1.400
0.109300 1.396
0.109350 1.391
0.109400 1.328
0.109450 1.420
0.109500 1.520
0.109550 1.341
0.109600 1.500
0.109650 1.273
0.109700 1.447
0.109750 1.388
0.109800 1.348
0.109850 1.304
0.109900 1.429
0.109950 1.295
0.110000 1.323
0.110050 1.270
0.110100 1.267
0.110150 1.324
0.110200 1.339
0.110250 1.451
0.110300 1.366
0.110350 1.456
0.110400 1.409
0.110450 1.348
0.110500 1.221
0.110550 1.277
0.110600 1.245
0.110650 1.304
0.110700 1.330
0.110750 1.331
0.110800 1.270
0.110850 1.334
0.110900 1.270
0.110950 1.337
0.111000 1.280
0.111050 1.132
0.111100 1.366
0.111150 1.371
0.111200 1.394
0.111250 1.298
0.111300 1.195
0.111350 1.341
0.111400 1.448
0.111450 1.308
0.111500 1.262
0.111550 1.257
0.111600 1.401
0.111650 1.180
0.111700 1.224
0.111750 1.360
0.111800 1.309
0.111850 1.345
0.111900 1.357
0.111950 1.356
0.112000 1.361
0.112050 1.273
0.112100 1.343
0.112150 1.398
0.112200 1.360
0.112250 1.354
0.112300 1.291
0.112350 1.269
0.112400 1.305
0.112450 1.313
0.112500 1.359
0.112550 1.236
0.112600 1.327
0.112650 1.264
0.112700 1.444
0.112750 1.380
0.112800 1.315
0.112850 1.260
0.112900 1.224
0.112950 1.309
0.113000 1.328
0.113050 1.397
0.113100 1.285
0.113150 1.259
0.113200 1.308
0.113250 1.319
0.113300 1.397
0.113350 1.251
0.113400 1.434
0.113450 1.298
0.113500 1.183
0.113550 1.312
0.113600 1.276
0.113650 1.259
0.113700 1.361
0.113750 1.142
0.113800 1.273
0.113850 1.255
0.113900 1.249
0.113950 1.177
0.114000 1.178
0.114050 1.225
0.114100 1.244
0.114150 1.242
0.114200 1.318
0.114250 1.429
0.114300 1.282
0.114350 1.328
0.114400 1.266
0.114450 1.270
0.114500 1.320
0.114550 1.380
0.114600 1.301
0.114650 1.256
0.114700 1.167
0.114750 1.258
0.114800 1.239
0.114850 1.185
0.114900 1.260
0.114950 1.133
0.115000 1.163
0.115050 1.246
0.115100 1.206
0.115150 1.195
0.115200 1.287
0.115250 1.304
0.115300 1.369
0.115350 1.298
0.115400 1.284
0.115450 1.294
0.115500 1.202
0.115550 1.212
0.115600 1.176
0.115650 1.280
0.115700 1.353
0.115750 1.367
0.115800 1.235
0.115850 1.230
0.115900 1.236
0.115950 1.316
0.116000 1.302
0.116050 1.204
0.116100 1.172
0.116150 1.230
0.116200 1.201
0.116250 1.205
0.116300 1.284
0.116350 1.172
0.116400 1.192
0.116450 1.028
0.116500 1.185
0.116550 1.231
0.116600 1.158
0.116650 1.310
0.116700 1.198
0.116750 1.298
0.116800 1.416
0.116850 1.278
0.116900 1.158
0.116950 1.293
0.117000 1.226
0.117050 1.110
0.117100 1.329
0.117150 1.443
0.117200 1.306
0.117250 1.300
0.117300 1.300
0.117350 1.165
0.117400 1.116
0.117450 1.350
0.117500 1.263
0.117550 1.333
0.117600 1.322
0.117650 1.192
0.117700 1.257
0.117750 1.213
0.117800 1.089
0.117850 1.274
0.117900 1.300
0.117950 1.120
0.118000 1.276
0.118050 1.312
0.118100 1.300
0.118150 1.235
0.118200 1.178
0.118250 1.221
0.118300 1.306
0.118350 1.200
0.118400 1.256
0.118450 1.315
0.118500 1.144
0.118550 1.250
0.118600 1.251
0.118650 1.234
0.118700 1.123
0.118750 1.187
0.118800 1.315
0.118850 1.342
0.118900 1.339
0.118950 1.183
0.119000 1.243
0.119050 1.190
0.119100 1.300
0.119150 1.177
0.119200 1.210
0.119250 1.096
0.119300 1.075
0.119350 1.025
0.119400 1.163
0.119450 1.178
0.119500 1.283
0.119550 1.101
0.119600 1.136
0.119650 1.202
0.119700 1.156
0.119750 1.222
0.119800 1.186
0.119850 1.238
0.119900 1.176
0.119950 1.154
0.120000 1.250
0.120050 1.232
0.120100 1.075
0.120150 1.243
0.120200 1.202
0.120250 1.206
0.120300 1.229
0.120350 1.263
0.120400 1.141
0.120450 1.195
0.120500 1.189
0.120550 1.169
0.120600 1.211
0.120650 1.157
0.120700 1.245
0.120750 1.352
0.120800 1.230
0.120850 1.175
0.120900 1.264
0.120950 1.199
0.121000 1.332
0.121050 1.201
0.121100 1.130
0.121150 1.197
0.121200 1.292
0.121250 1.223
0.121300 1.184
0.121350 1.284
0.121400 1.119
0.121450 1.188
0.121500 1.154
0.121550 1.138
0.121600 1.142
0.121650 1.207
0.121700 1.151
0.121750 1.211
0.121800 1.245
0.121850 1.159
0.121900 1.135
0.121950 1.299
0.122000 1.279
0.122050 1.311
0.122100 1.176
0.122150 1.047
0.122200 1.197
0.122250 1.198
0.122300 1.231
0.122350 1.212
0.122400 1.182
0.122450 1.219
0.122500 1.147
0.122550 1.163
0.122600 1.268
0.122650 1.010
0.122700 1.183
0.122750 1.124
0.122800 1.133
0.122850 1.153
0.122900 1.117
0.122950 1.099
0.123000 1.219
0.123050 1.085
0.123100 1.046
0.123150 1.139
0.123200 1.117
0.123250 1.042
0.123300 1.187
0.123350 1.140
0.123400 1.140
0.123450 1.189
0.123500 1.126
0.123550 1.057
0.123600 1.166
0.123650 1.162
0.123700 1.220
0.123750 1.244
0.123800 1.054
0.123850 1.067
0.123900 1.096
0.123950 1.159
0.124000 1.173
0.124050 1.129
0.124100 0.979
0.124150 1.145
0.124200 1.216
0.124250 1.102
0.124300 1.230
0.124350 1.140
0.124400 1.157
0.124450 1.112
0.124500 1.142
0.124550 1.164
0.124600 1.250
0.124650 1.078
0.124700 1.119
0.124750 1.178
0.124800 1.203
0.124850 1.154
0.124900 1.205
0.124950 1.034
0.125000 1.234
0.125050 1.159
0.125100 1.099
0.125150 1.134
0.125200 1.144
0.125250 1.131
0.125300 1.065
0.125350 1.159
0.125400 1.200
0.125450 1.154
0.125500 1.171
0.125550 1.182
0.125600 1.126
0.125650 1.121
0.125700 1.098
0.125750 1.096
0.125800 1.069
0.125850 1.262
0.125900 1.205
0.125950 1.059
0.126000 1.160
0.126050 1.113
0.126100 1.095
0.126150 1.213
0.126200 1.133
0.126250 1.139
0.126300 1.275
0.126350 1.183
0.126400 1.181
0.126450 1.161
0.126500 1.103
0.126550 1.123
0.126600 1.186
0.126650 1.169
0.126700 1.053
0.126750 1.128
0.126800 1.029
0.126850 1.089
0.126900 1.044
0.126950 1.088
0.127000 1.197
0.127050 1.111
0.127100 1.138
0.127150 1.277
0.127200 1.064
0.127250 1.112
0.127300 1.038
0.127350 1.196
0.127400 1.145
0.127450 1.170
0.127500 1.129
0.127550 1.110
0.127600 1.159
0.127650 1.198
0.127700 1.070
0.127750 1.123
0.127800 1.184
0.127850 1.188
0.127900 1.160
0.127950 1.185
0.128000 1.236
0.128050 1.207
0.128100 1.045
0.128150 0.963
0.128200 1.068
0.128250 1.073
0.128300 1.156
0.128350 1.150
0.128400 1.008
0.128450 1.249
0.128500 1.144
0.128550 1.109
0.128600 1.079
0.128650 1.061
0.128700 1.202
0.128750 1.302
0.128800 1.133
0.128850 1.147
0.128900 0.974
0.128950 1.085
0.129000 1.024
0.129050 1.120
0.129100 1.120
0.129150 1.123
0.129200 1.258
0.129250 1.132
0.129300 1.148
0.129350 1.242
0.129400 1.019
0.129450 1.137
0.129500 1.354
0.129550 1.125
0.129600 1.182
0.129650 1.010
0.129700 1.059
0.129750 1.161
0.129800 1.136
0.129850 1.106
0.129900 1.216
0.129950 1.205
0.130000 1.173
0.130050 1.065
0.130100 1.086
0.130150 1.109
0.130200 1.101
0.130250 0.989
0.130300 1.078
0.130350 1.186
0.130400 1.211
0.130450 1.161
0.130500 1.194
0.130550 1.149
0.130600 1.163
0.130650 1.148
0.130700 1.183
0.130750 1.154
0.130800 1.152
0.130850 1.017
0.130900 1.081
0.130950 1.106
0.131000 1.155
0.131050 1.084
0.131100 1.146
0.131150 1.172
0.131200 1.154
0.131250 1.128
0.131300 1.125
0.131350 1.119
0.131400 1.174
0.131450 1.178
0.131500 1.065
0.131550 1.059
0.131600 1.054
0.131650 1.131
0.131700 1.097
0.131750 1.195
0.131800 1.034
0.131850 1.201
0.131900 1.025
0.131950 1.105
0.132000 1.115
0.132050 1.143
0.132100 1.065
0.132150 1.098
0.132200 1.225
0.132250 1.174
0.132300 1.061
0.132350 1.083
0.132400 1.180
0.132450 0.952
0.132500 1.062
0.132550 1.135
0.132600 1.082
0.132650 1.064
0.132700 1.055
0.132750 1.084
0.132800 1.075
0.132850 1.143
0.132900 1.026
0.132950 1.223
0.133000 1.061
0.133050 1.092
0.133100 1.078
0.133150 1.170
0.133200 1.074
0.133250 1.118
0.133300 1.139
0.133350 1.170
0.133400 1.083
0.133450 1.099
0.133500 1.136
0.133550 1.091
0.133600 1.067
0.133650 1.133
0.133700 1.229
0.133750 1.092
0.133800 1.103
0.133850 1.105
0.133900 1.103
0.133950 1.112
0.134000 1.110
0.134050 1.029
0.134100 1.140
0.134150 1.034
0.134200 1.126
0.134250 1.134
0.134300 1.098
0.134350 1.151
0.134400 1.105
0.134450 1.015
0.134500 1.139
0.134550 1.042
0.134600 1.059
0.134650 1.100
0.134700 1.126
0.134750 1.198
0.134800 1.091
0.134850 1.054
0.134900 1.159
0.134950 1.064
0.135000 1.092
0.135050 1.075
0.135100 0.980
0.135150 1.074
0.135200 1.109
0.135250 1.100
0.135300 1.099
0.135350 1.092
0.135400 1.100
0.135450 1.112
0.135500 1.174
0.135550 1.111
0.135600 1.066
0.135650 1.197
0.135700 1.171
0.135750 1.098
0.135800 1.020
0.135850 1.023
0.135900 1.034
0.135950 1.114
0.136000 1.236
0.136050 1.171
0.136100 1.129
0.136150 1.153
0.136200 1.159
0.136250 1.094
0.136300 0.997
0.136350 1.020
0.136400 1.026
0.136450 0.987
0.136500 1.021
0.136550 1.120
0.136600 1.102
0.136650 1.220
0.136700 1.136
0.136750 1.156
0.136800 1.264
0.136850 1.162
0.136900 1.190
0.136950 1.043
0.137000 1.182
0.137050 1.102
0.137100 1.056
0.137150 1.120
0.137200 1.134
0.137250 0.985
0.137300 1.111
0.137350 0.997
0.137400 1.103
0.137450 1.249
0.137500 1.074
0.137550 1.159
0.137600 1.034
0.137650 1.087
0.137700 1.147
0.137750 1.124
0.137800 1.072
0.137850 1.209
0.137900 1.129
0.137950 1.115
0.138000 1.180
0.138050 0.950
0.138100 1.018
0.138150 1.111
0.138200 1.132
0.138250 1.019
0.138300 1.064
0.138350 1.123
0.138400 1.021
0.138450 1.161
0.138500 1.129
0.138550 1.092
0.138600 1.065
0.138650 1.064
0.138700 1.106
0.138750 1.165
0.138800 1.003
0.138850 0.936
0.138900 1.188
0.138950 1.138
0.139000 1.092
0.139050 1.141
0.139100 1.153
0.139150 1.164
0.139200 1.050
0.139250 1.203
0.139300 1.066
0.139350 1.138
0.139400 1.111
0.139450 1.181
0.139500 1.233
0.139550 1.172
0.139600 1.129
0.139650 1.120
0.139700 1.112
0.139750 1.162
0.139800 1.070
0.139850 1.038
0.139900 1.062
0.139950 1.131
0.140000 1.086
0.140050 1.054
0.140100 1.043
0.140150 1.122
0.140200 1.123
0.140250 1.110
0.140300 1.020
0.140350 1.088
0.140400 1.163
0.140450 1.132
0.140500 1.223
0.140550 1.217
0.140600 1.148
0.140650 1.219
0.140700 1.068
0.140750 1.149
0.140800 1.190
0.140850 0.942
0.140900 1.009
0.140950 1.080
0.141000 1.248
0.141050 1.194
0.141100 1.063
0.141150 1.150
0.141200 1.096
0.141250 1.094
0.141300 1.128
0.141350 1.064
0.141400 1.094
0.141450 1.119
0.141500 1.118
0.141550 1.102
0.141600 1.112
0.141650 1.049
0.141700 1.115
0.141750 0.962
0.141800 1.060
0.141850 1.057
0.141900 1.080
0.141950 1.057
0.142000 1.196
0.142050 1.089
0.142100 1.105
0.142150 1.017
0.142200 1.188
0.142250 1.050
0.142300 1.153
0.142350 1.050
0.142400 1.139
0.142450 1.212
0.142500 1.113
0.142550 1.136
0.142600 1.077
0.142650 1.196
0.142700 1.104
0.142750 1.060
0.142800 1.023
0.142850 1.196
0.142900 1.106
0.142950 1.077
0.143000 1.039
0.143050 1.087
0.143100 1.230
0.143150 1.097
0.143200 1.118
0.143250 1.129
0.143300 1.215
0.143350 1.160
0.143400 1.155
0.143450 1.119
0.143500 1.108
0.143550 1.026
0.143600 1.009
0.143650 0.979
0.143700 1.087
0.143750 1.056
0.143800 1.050
0.143850 1.054
0.143900 1.046
0.143950 1.011
0.144000 1.138
0.144050 0.951
0.144100 1.038
0.144150 1.067
0.144200 1.190
0.144250 1.191
0.144300 1.008
0.144350 1.023
0.144400 1.043
0.144450 1.167
0.144500 1.059
0.144550 1.091
0.144600 0.980
0.144650 1.126
0.144700 0.985
0.144750 1.034
0.144800 1.174
0.144850 1.029
0.144900 1.085
0.144950 1.198
0.145000 1.121
0.145050 1.093
0.145100 0.916
0.145150 1.065
0.145200 1.055
0.145250 0.998
0.145300 1.023
0.145350 1.045
0.145400 1.010
0.145450 1.080
0.145500 0.946
0.145550 0.987
0.145600 1.082
0.145650 0.972
0.145700 1.026
0.145750 1.052
0.145800 1.126
0.145850 1.010
0.145900 1.018
0.145950 0.936
0.146000 0.990
0.146050 1.072
0.146100 1.044
0.146150 1.051
0.146200 0.971
0.146250 1.035
0.146300 1.087
0.146350 1.148
0.146400 0.977
0.146450 0.990
0.146500 1.158
0.146550 1.023
0.146600 1.179
0.146650 1.016
0.146700 1.093
0.146750 0.987
0.146800 1.061
0.146850 1.087
0.146900 1.056
0.146950 1.033
0.147000 1.042
0.147050 1.090
0.147100 1.095
0.147150 1.053
0.147200 1.036
0.147250 1.140
0.147300 1.023
0.147350 1.053
0.147400 1.155
0.147450 1.184
0.147500 0.946
0.147550 1.035
0.147600 0.978
0.147650 0.979
0.147700 1.105
0.147750 0.967
0.147800 1.080
0.147850 1.053
0.147900 1.045
0.147950 0.948
0.148000 0.936
0.148050 1.033
0.148100 0.924
0.148150 0.993
0.148200 0.976
0.148250 0.960
0.148300 1.107
0.148350 1.206
0.148400 1.015
0.148450 0.999
0.148500 0.972
0.148550 1.086
0.148600 0.968
0.148650 1.105
0.148700 1.090
0.148750 1.120
0.148800 0.989
0.148850 0.948
0.148900 1.054
0.148950 1.088
0.149000 1.027
0.149050 1.101
0.149100 1.036
0.149150 1.048
0.149200 1.068
0.149250 0.980
0.149300 1.109
0.149350 1.065
0.149400 1.165
0.149450 0.964
0.149500 1.008
0.149550 1.076
0.149600 1.013
0.149650 1.054
0.149700 1.135
0.149750 1.057
0.149800 1.101
0.149850 1.118
0.149900 1.014
0.149950 1.029
0.150000 1.051
0.150050 1.041
0.150100 1.063
0.150150 1.062
0.150200 1.005
0.150250 1.059
0.150300 1.153
0.150350 1.090
0.150400 1.080
0.150450 1.071
0.150500 1.074
0.150550 1.070
0.150600 1.087
0.150650 1.071
0.150700 0.978
0.150750 0.976
0.150800 1.021
0.150850 1.050
0.150900 1.067
0.150950 1.045
0.151000 1.020
0.151050 0.970
0.151100 1.008
0.151150 1.084
0.151200 1.085
0.151250 1.003
0.151300 1.019
0.151350 1.018
0.151400 1.045
0.151450 1.036
0.151500 1.002
0.151550 1.051
0.151600 1.003
0.151650 1.040
0.151700 0.980
0.151750 1.051
0.151800 1.032
0.151850 1.025
0.151900 0.913
0.151950 1.127
0.152000 1.121
0.152050 1.029
0.152100 1.038
0.152150 1.125
0.152200 1.030
0.152250 1.054
0.152300 0.906
0.152350 1.113
0.152400 1.076
0.152450 0.980
0.152500 1.194
0.152550 1.119
0.152600 1.051
0.152650 1.137
0.152700 1.025
0.152750 1.013
0.152800 1.155
0.152850 1.050
0.152900 1.025
0.152950 0.953
0.153000 1.050
0.153050 1.014
0.153100 1.072
0.153150 1.022
0.153200 0.954
0.153250 0.956
0.153300 0.991
0.153350 1.054
0.153400 1.097
0.153450 0.983
0.153500 1.071
0.153550 1.098
0.153600 0.982
0.153650 1.053
0.153700 0.942
0.153750 0.994
0.153800 0.984
0.153850 0.865
0.153900 1.074
0.153950 0.953
0.154000 1.027
0.154050 0.954
0.154100 1.018
0.154150 1.041
0.154200 0.926
0.154250 0.968
0.154300 0.995
0.154350 0.937
0.154400 1.055
0.154450 0.896
0.154500 1.030
0.154550 0.991
0.154600 1.057
0.154650 1.012
0.154700 1.026
0.154750 0.928
0.154800 0.948
0.154850 1.015
0.154900 1.094
0.154950 0.888
0.155000 1.014
0.155050 0.978
0.155100 0.900
0.155150 0.987
0.155200 0.993
0.155250 1.084
0.155300 0.965
0.155350 0.923
0.155400 1.074
0.155450 1.029
0.155500 1.059
0.155550 1.016
0.155600 0.974
0.155650 1.085
0.155700 1.014
0.155750 1.019
0.155800 1.047
0.155850 0.963
0.155900 1.050
0.155950 0.973
0.156000 1.033
0.156050 1.008
0.156100 1.054
0.156150 1.115
0.156200 1.021
0.156250 1.025
0.156300 0.943
0.156350 1.210
0.156400 0.996
0.156450 0.962
0.156500 1.021
0.156550 0.904
0.156600 0.990
0.156650 1.036
0.156700 1.061
0.156750 1.038
0.156800 1.043
0.156850 0.996
0.156900 1.012
0.156950 0.962
0.157000 1.021
0.157050 1.048
0.157100 0.969
0.157150 1.004
0.157200 1.023
0.157250 1.003
0.157300 0.927
0.157350 0.936
0.157400 0.937
0.157450 1.039
0.157500 1.023
0.157550 0.954
0.157600 0.953
0.157650 1.008
0.157700 1.026
0.157750 0.973
0.157800 1.068
0.157850 1.107
0.157900 0.950
0.157950 0.958
0.158000 0.998
0.158050 1.026
0.158100 0.986
0.158150 0.944
0.158200 1.003
0.158250 1.026
0.158300 0.975
0.158350 0.993
0.158400 0.974
0.158450 1.044
0.158500 1.021
0.158550 1.006
0.158600 0.940
0.158650 0.926
0.158700 0.954
0.158750 1.007
0.158800 1.017
0.158850 0.988
0.158900 0.904
0.158950 0.999
0.159000 1.093
0.159050 0.975
0.159100 0.975
0.159150 0.910
0.159200 0.970
0.159250 1.030
0.159300 0.946
0.159350 0.954
0.159400 0.964
0.159450 1.018
0.159500 1.048
0.159550 1.046
0.159600 1.010
0.159650 0.974
0.159700 0.944
0.159750 0.896
0.159800 1.039
0.159850 1.053
0.159900 0.885
0.159950 1.002
0.160000 1.004
0.160050 0.985
0.160100 0.988
0.160150 0.978
0.160200 0.967
0.160250 1.077
0.160300 0.937
0.160350 0.931
0.160400 0.995
0.160450 0.973
0.160500 1.006
0.160550 1.031
0.160600 0.945
0.160650 1.038
0.160700 0.987
0.160750 1.010
0.160800 0.893
0.160850 1.003
0.160900 1.143
0.160950 1.093
0.161000 1.032
0.161050 0.932
0.161100 1.004
0.161150 1.020
0.161200 1.008
0.161250 1.007
0.161300 1.002
0.161350 1.027
0.161400 0.990
0.161450 1.064
0.161500 0.927
0.161550 0.956
0.161600 0.974
0.161650 1.001
0.161700 0.915
0.161750 0.973
0.161800 0.908
0.161850 0.943
0.161900 0.951
0.161950 0.969
0.162000 0.966
0.162050 0.885
0.162100 0.982
0.162150 0.941
0.162200 0.947
0.162250 0.971
0.162300 0.946
0.162350 1.046
0.162400 1.169
0.162450 1.026
0.162500 1.045
0.162550 0.950
0.162600 0.934
0.162650 0.982
0.162700 0.910
0.162750 1.013
0.162800 1.059
0.162850 1.004
0.162900 0.998
0.162950 1.070
0.163000 1.051
0.163050 0.979
0.163100 0.855
0.163150 0.943
0.163200 0.886
0.163250 1.081
0.163300 1.024
0.163350 1.068
0.163400 1.100
0.163450 0.963
0.163500 0.931
0.163550 1.015
0.163600 0.993
0.163650 0.949
0.163700 0.978
0.163750 0.872
0.163800 0.862
0.163850 1.008
0.163900 0.930
0.163950 0.993
0.164000 0.926
0.164050 1.011
0.164100 0.941
0.164150 1.030
0.164200 0.962
0.164250 0.961
0.164300 1.014
0.164350 0.948
0.164400 1.028
0.164450 0.894
0.164500 0.952
0.164550 0.961
0.164600 0.878
0.164650 1.045
0.164700 1.010
0.164750 0.954
0.164800 0.967
0.164850 0.925
0.164900 1.046
0.164950 0.955
0.165000 0.947
0.165050 0.891
0.165100 1.046
0.165150 0.946
0.165200 0.984
0.165250 0.955
0.165300 0.948
0.165350 0.954
0.165400 1.001
0.165450 0.999
0.165500 0.875
0.165550 0.928
0.165600 1.055
0.165650 0.866
0.165700 1.034
0.165750 1.003
0.165800 1.049
0.165850 0.923
0.165900 0.929
0.165950 1.016
0.166000 0.910
0.166050 0.961
0.166100 0.955
0.166150 0.895
0.166200 0.984
0.166250 0.929
0.166300 0.893
0.166350 0.797
0.166400 0.920
0.166450 0.879
0.166500 0.919
0.166550 0.932
0.166600 0.964
0.166650 0.883
0.166700 0.979
0.166750 0.912
0.166800 0.834
0.166850 0.903
0.166900 0.855
0.166950 0.975
0.167000 0.858
0.167050 0.911
0.167100 0.999
0.167150 1.030
0.167200 0.981
0.167250 0.979
0.167300 0.931
0.167350 0.919
0.167400 0.819
0.167450 0.857
0.167500 0.898
0.167550 1.028
0.167600 1.075
0.167650 1.041
0.167700 0.985
0.167750 1.064
0.167800 1.044
0.167850 0.996
0.167900 0.948
0.167950 0.947
0.168000 0.933
0.168050 0.984
0.168100 0.945
0.168150 0.991
0.168200 0.895
0.168250 0.979
0.168300 1.000
0.168350 0.933
0.168400 1.068
0.168450 0.920
0.168500 0.947
0.168550 0.956
0.168600 0.959
0.168650 0.925
0.168700 0.920
0.168750 0.991
0.168800 0.893
0.168850 0.963
0.168900 0.884
0.168950 0.914
0.169000 0.960
0.169050 0.896
0.169100 0.874
0.169150 0.800
0.169200 0.891
0.169250 0.868
0.169300 1.006
0.169350 0.961
0.169400 0.911
0.169450 0.938
0.169500 1.050
0.169550 0.927
0.169600 0.994
0.169650 1.012
0.169700 0.960
0.169750 0.922
0.169800 1.070
0.169850 0.891
0.169900 0.996
0.169950 0.945
0.170000 0.991
0.170050 0.886
0.170100 0.893
0.170150 1.064
0.170200 0.933
0.170250 0.829
0.170300 0.913
0.170350 0.952
0.170400 0.918
0.170450 0.967
0.170500 0.937
0.170550 0.956
0.170600 0.989
0.170650 0.959
0.170700 0.873
0.170750 0.955
0.170800 0.957
0.170850 0.964
0.170900 0.903
0.170950 0.921
0.171000 0.964
0.171050 0.934
0.171100 1.079
0.171150 0.888
0.171200 0.911
0.171250 0.897
0.171300 1.025
0.171350 0.896
0.171400 0.858
0.171450 0.851
0.171500 0.903
0.171550 0.912
0.171600 0.980
0.171650 0.919
0.171700 0.847
0.171750 0.870
0.171800 0.972
0.171850 1.026
0.171900 0.927
0.171950 0.930
0.172000 0.825
0.172050 0.984
0.172100 0.945
0.172150 0.958
0.172200 0.989
0.172250 0.857
0.172300 0.889
0.172350 0.976
0.172400 0.983
0.172450 0.900
0.172500 0.953
0.172550 0.897
0.172600 1.034
0.172650 1.009
0.172700 1.033
0.172750 0.868
0.172800 0.906
0.172850 1.021
0.172900 0.941
0.172950 0.916
0.173000 0.961
0.173050 0.936
0.173100 0.959
0.173150 0.947
0.173200 0.960
0.173250 1.069
0.173300 1.017
0.173350 0.977
0.173400 0.867
0.173450 0.962
0.173500 0.930
0.173550 0.929
0.173600 0.800
0.173650 0.936
0.173700 0.937
0.173750 0.994
0.173800 0.896
0.173850 0.871
0.173900 0.870
0.173950 0.898
0.174000 0.904
0.174050 0.880
0.174100 0.852
0.174150 0.865
0.174200 0.898
0.174250 0.870
0.174300 0.831
0.174350 1.030
0.174400 0.856
0.174450 0.991
0.174500 0.780
0.174550 0.917
0.174600 0.913
0.174650 0.920
0.174700 0.927
0.174750 0.892
0.174800 0.845
0.174850 0.974
0.174900 0.908
0.174950 0.986
0.175000 0.921
0.175050 0.884
0.175100 0.924
0.175150 0.886
0.175200 0.872
0.175250 0.884
0.175300 0.964
0.175350 1.005
0.175400 0.963
0.175450 0.843
0.175500 0.922
0.175550 0.996
0.175600 0.972
0.175650 0.892
0.175700 0.934
0.175750 0.827
0.175800 0.926
0.175850 0.940
0.175900 0.911
0.175950 0.886
0.176000 0.816
0.176050 0.865
0.176100 1.021
0.176150 0.871
0.176200 0.922
0.176250 1.039
0.176300 0.902
0.176350 0.921
0.176400 0.890
0.176450 0.893
0.176500 0.902
0.176550 0.903
0.176600 0.958
0.176650 0.808
0.176700 0.879
0.176750 0.871
0.176800 0.938
0.176850 0.961
0.176900 1.011
0.176950 0.982
0.177000 0.843
0.177050 0.910
0.177100 0.935
0.177150 0.854
0.177200 0.957
0.177250 0.949
0.177300 0.817
0.177350 0.825
0.177400 0.868
0.177450 0.940
0.177500 0.766
0.177550 1.026
0.177600 0.967
0.177650 0.912
0.177700 0.782
0.177750 0.906
0.177800 0.914
0.177850 0.903
0.177900 0.891
0.177950 0.919
0.178000 0.790
0.178050 0.916
0.178100 0.922
0.178150 0.879
0.178200 0.911
0.178250 1.018
0.178300 0.935
0.178350 0.939
0.178400 0.975
0.178450 0.914
0.178500 0.926
0.178550 0.921
0.178600 0.798
0.178650 0.912
0.178700 0.894
0.178750 0.887
0.178800 0.937
0.178850 1.005
0.178900 0.861
0.178950 1.091
0.179000 0.931
0.179050 0.830
0.179100 0.898
0.179150 0.879
0.179200 0.927
0.179250 0.977
0.179300 0.847
0.179350 0.835
0.179400 0.893
0.179450 0.873
0.179500 0.807
0.179550 0.830
0.179600 0.927
0.179650 0.958
0.179700 0.909
0.179750 0.901
0.179800 0.922
0.179850 0.760
0.179900 0.947
0.179950 0.874
0.180000 0.856
0.180050 0.914
0.180100 0.796
0.180150 0.915
0.180200 0.931
0.180250 0.930
0.180300 1.021
0.180350 0.929
0.180400 0.784
0.180450 0.887
0.180500 0.946
0.180550 0.913
0.180600 0.891
0.180650 0.923
0.180700 0.764
0.180750 0.834
0.180800 0.901
0.180850 0.814
0.180900 0.840
0.180950 0.826
0.181000 0.915
0.181050 0.837
0.181100 0.844
0.181150 0.777
0.181200 0.839
0.181250 0.877
0.181300 0.896
0.181350 0.893
0.181400 0.775
0.181450 0.902
0.181500 0.842
0.181550 0.856
0.181600 0.864
0.181650 0.823
0.181700 0.846
0.181750 0.836
0.181800 0.851
0.181850 0.850
0.181900 0.881
0.181950 0.813
0.182000 0.814
0.182050 0.954
0.182100 0.836
0.182150 0.955
0.182200 0.854
0.182250 0.861
0.182300 0.701
0.182350 0.920
0.182400 0.857
0.182450 0.830
0.182500 0.845
0.182550 0.762
0.182600 0.879
0.182650 0.859
0.182700 0.810
0.182750 0.818
0.182800 0.742
0.182850 0.854
0.182900 0.797
0.182950 0.811
0.183000 0.843
0.183050 0.853
0.183100 0.877
0.183150 0.844
0.183200 0.904
0.183250 0.837
0.183300 0.910
0.183350 0.947
0.183400 0.809
0.183450 0.893
0.183500 0.923
0.183550 0.823
0.183600 0.941
0.183650 0.817
0.183700 0.915
0.183750 0.858
0.183800 0.810
0.183850 0.867
0.183900 0.839
0.183950 0.909
0.184000 0.898
0.184050 0.835
0.184100 0.868
0.184150 0.854
0.184200 0.877
0.184250 0.827
0.184300 0.835
0.184350 0.868
0.184400 0.994
0.184450 0.820
0.184500 0.796
0.184550 0.900
0.184600 0.838
0.184650 0.838
0.184700 0.940
0.184750 0.842
0.184800 0.877
0.184850 0.843
0.184900 0.929
0.184950 0.821
0.185000 0.838
0.185050 0.895
0.185100 0.885
0.185150 0.875
0.185200 0.893
0.185250 0.844
0.185300 0.857
0.185350 0.862
0.185400 0.878
0.185450 0.848
0.185500 0.866
0.185550 0.885
0.185600 0.948
0.185650 0.785
0.185700 0.940
0.185750 0.843
0.185800 0.898
0.185850 0.857
0.185900 0.886
0.185950 0.781
0.186000 0.800
0.186050 0.832
0.186100 0.788
0.186150 0.775
0.186200 0.859
0.186250 0.797
0.186300 0.883
0.186350 0.850
0.186400 0.791
0.186450 0.718
0.186500 0.752
0.186550 0.854
0.186600 0.854
0.186650 0.854
0.186700 0.921
0.186750 0.821
0.186800 0.865
0.186850 0.913
0.186900 0.740
0.186950 0.864
0.187000 0.976
0.187050 0.822
0.187100 0.942
0.187150 0.862
0.187200 0.860
0.187250 0.762
0.187300 0.794
0.187350 0.870
0.187400 0.819
0.187450 0.810
0.187500 0.821
0.187550 0.893
0.187600 0.873
0.187650 0.864
0.187700 0.838
0.187750 0.809
0.187800 0.852
0.187850 0.829
0.187900 0.891
0.187950 0.785
0.188000 0.816
0.188050 0.929
0.188100 0.838
0.188150 0.871
0.188200 0.794
0.188250 0.723
0.188300 0.801
0.188350 0.758
0.188400 0.830
0.188450 0.848
0.188500 0.832
0.188550 0.823
0.188600 0.765
0.188650 0.879
0.188700 0.822
0.188750 0.831
0.188800 0.908
0.188850 0.831
0.188900 0.879
0.188950 0.879
0.189000 0.778
0.189050 0.874
0.189100 0.785
0.189150 0.828
0.189200 0.937
0.189250 0.802
0.189300 0.814
0.189350 0.842
0.189400 0.774
0.189450 0.769
0.189500 0.862
0.189550 0.825
0.189600 0.801
0.189650 0.835
0.189700 0.971
0.189750 0.858
0.189800 0.915
0.189850 0.767
0.189900 0.877
0.189950 0.840
0.190000 0.783
0.190050 0.802
0.190100 0.793
0.190150 0.872
0.190200 0.833
0.190250 0.895
0.190300 0.883
0.190350 0.786
0.190400 0.886
0.190450 0.764
0.190500 0.862
0.190550 0.832
0.190600 0.785
0.190650 0.833
0.190700 0.860
0.190750 0.784
0.190800 0.785
0.190850 0.801
0.190900 0.906
0.190950 1.001
0.191000 0.851
0.191050 0.828
0.191100 0.842
0.191150 0.804
0.191200 0.832
0.191250 0.895
0.191300 0.778
0.191350 0.817
0.191400 0.877
0.191450 0.924
0.191500 0.780
0.191550 0.853
0.191600 0.942
0.191650 0.850
0.191700 0.900
0.191750 0.910
0.191800 0.826
0.191850 0.863
0.191900 0.821
0.191950 0.823
0.192000 0.760
0.192050 0.836
0.192100 0.828
0.192150 0.805
0.192200 0.952
0.192250 0.939
0.192300 0.846
0.192350 0.845
0.192400 0.920
0.192450 0.779
0.192500 0.899
0.192550 0.757
0.192600 0.930
0.192650 0.820
0.192700 0.934
0.192750 0.844
0.192800 0.817
0.192850 0.720
0.192900 0.860
0.192950 0.915
0.193000 0.845
0.193050 0.794
0.193100 0.805
0.193150 0.704
0.193200 0.848
0.193250 0.806
0.193300 0.869
0.193350 0.933
0.193400 0.882
0.193450 0.817
0.193500 0.802
0.193550 0.830
0.193600 0.705
0.193650 0.914
0.193700 0.772
0.193750 0.814
0.193800 0.827
0.193850 0.872
0.193900 0.834
0.193950 0.827
0.194000 0.964
0.194050 0.804
0.194100 0.890
0.194150 0.826
0.194200 1.008
0.194250 0.849
0.194300 1.014
0.194350 0.894
0.194400 0.856
0.194450 0.833
0.194500 0.780
0.194550 0.805
0.194600 0.937
0.194650 0.779
0.194700 0.825
0.194750 0.708
0.194800 0.834
0.194850 0.848
0.194900 0.744
0.194950 0.809
0.195000 0.797
0.195050 0.822
0.195100 0.815
0.195150 0.823
0.195200 0.888
0.195250 0.817
0.195300 0.863
0.195350 0.747
0.195400 1.047
0.195450 0.911
0.195500 0.928
0.195550 0.821
0.195600 0.896
0.195650 0.883
0.195700 0.811
0.195750 0.888
0.195800 0.851
0.195850 0.841
0.195900 0.814
0.195950 0.862
0.196000 0.926
0.196050 0.826
0.196100 0.849
0.196150 0.822
0.196200 0.737
0.196250 0.767
0.196300 0.898
0.196350 0.785
0.196400 0.835
0.196450 0.818
0.196500 0.910
0.196550 0.844
0.196600 0.849
0.196650 0.792
0.196700 0.728
0.196750 0.806
0.196800 0.866
0.196850 0.819
0.196900 0.854
0.196950 0.845
0.197000 0.872
0.197050 0.858
0.197100 0.747
0.197150 0.794
0.197200 0.765
0.197250 0.907
0.197300 0.791
0.197350 0.865
0.197400 0.810
0.197450 0.788
0.197500 0.853
0.197550 0.782
0.197600 0.859
0.197650 0.823
0.197700 0.705
0.197750 0.943
0.197800 0.896
0.197850 0.857
0.197900 0.778
0.197950 0.915
0.198000 0.871
0.198050 0.861
0.198100 0.813
0.198150 0.859
0.198200 0.816
0.198250 0.861
0.198300 0.822
0.198350 0.878
0.198400 0.841
0.198450 0.790
0.198500 0.852
0.198550 0.909
0.198600 0.796
0.198650 0.784
0.198700 0.870
0.198750 0.918
0.198800 0.848
0.198850 0.799
0.198900 0.983
0.198950 0.868
0.199000 0.821
0.199050 0.884
0.199100 0.792
0.199150 0.834
0.199200 0.829
0.199250 0.879
0.199300 0.787
0.199350 0.766
0.199400 0.757
0.199450 0.796
0.199500 0.795
0.199550 0.809
0.199600 0.759
0.199650 0.717
0.199700 0.807
0.199750 0.783
0.199800 0.861
0.199850 0.866
0.199900 0.798
0.199950 0.730
0.200000 0.759
