0.133707 -0.0250000004 -0.0315274777 -0.0151992812 asynchronous_release_0
0.105436 -0.0250000004 -0.0190447584 -0.029364897 asynchronous_release_0
0.140656 -0.0250000004 -0.0127722736 -0.0325863319 asynchronous_release_0
0.125212 -0.0250000004 -0.0291572394 -0.0193611825 asynchronous_release_0
0.099079 -0.0250000004 0.00056691426 0.000823776803 asynchronous_release_0
0.126086 -0.0250000004 0.0338866234 -0.00875766829 asynchronous_release_0
0.145146 -0.0250000004 -0.000963586025 -0.000267398528 asynchronous_release_0
0.08335 -0.0250000004 -0.000319406711 -0.000947617725 asynchronous_release_0
0.011566 -0.0250000004 0.0264906486 -0.022874561 asynchronous_release_0
0.194891 -0.0250000004 -0.00098707815 0.000160239589 asynchronous_release_0
0.070904 -0.0250000004 -0.012332532 0.0327552844 asynchronous_release_0
0.146535 -0.0250000004 0.000120285122 -0.000992739386 asynchronous_release_0
0.118164 -0.0250000004 -0.00407588913 -0.0347618631 asynchronous_release_0
0.122398 -0.0250000004 0.0210510325 -0.0279616528 asynchronous_release_0
0.110222 -0.0250000004 0.000198544602 0.000980091853 asynchronous_release_0
0.121998 -0.0250000004 -0.0231696709 -0.026232925 asynchronous_release_1
0.198108 -0.0250000004 0.00627482854 -0.0344329279 asynchronous_release_0
0.162564 -0.0250000004 -0.0348862049 -0.00282005394 asynchronous_release_0
0.13537 -0.0250000004 -0.000256815592 0.0349990578 asynchronous_release_0
0.173374 -0.0250000004 -0.0258581671 0.0235871829 asynchronous_release_0
0.008972 -0.0250000004 0.0333561831 0.0106002381 asynchronous_release_1
0.18541 -0.0250000004 -0.0313693929 0.0155229246 asynchronous_release_0
0.030781 -0.0250000004 -0.0222929867 -0.0269818966 asynchronous_release_0
0.109207 -0.0250000004 -0.0122205145 0.0327972411 asynchronous_release_0
0.059794 -0.0250000004 -0.0322300419 -0.013646406 asynchronous_release_0
0.117556 -0.0250000004 0.00964049569 -0.0336461119 asynchronous_release_0
0.067185 -0.0250000004 0.0348014388 0.00372288256 asynchronous_release_0
0.175337 -0.0250000004 0.0344955881 -0.00592067565 asynchronous_release_0
0.170592 -0.0250000004 -0.0349538463 0.00179683778 asynchronous_release_0
0.190255 -0.0250000004 0.0190330303 0.0293725 asynchronous_release_0
0.114777 -0.0250000004 0.00308522737 -0.0348637544 asynchronous_release_0
0.121758 -0.0250000004 0.0330604074 -0.011489537 asynchronous_release_0
0.065968 -0.0250000004 -0.0345775697 -0.00542140912 asynchronous_release_0
0.058564 -0.0250000004 0.0206848527 -0.0282336124 asynchronous_release_0
0.12947 -0.0250000004 -0.0127276032 0.0326038052 asynchronous_release_0
0.195889 -0.0250000004 -0.023908238 0.0255616149 asynchronous_release_0
0.16583 -0.0250000004 0.0291427379 -0.0193830036 asynchronous_release_0
0.013277 -0.0250000004 0.0277650996 -0.0213096045 asynchronous_release_0
0.150094 -0.0250000004 0.0103195842 0.0334440754 asynchronous_release_0
0.192834 -0.0250000004 -0.0103195842 -0.0334440754 asynchronous_release_0
0.009276 -0.0250000004 -0.0342862478 0.00703229797 asynchronous_release_0
0.131878 -0.0250000004 0.0342862478 -0.00703229797 asynchronous_release_0
0.116297 -0.0250000004 0.0209989641 -0.0280007769 asynchronous_release_0
0.169186 -0.0250000004 0.0186046436 -0.0296456951 asynchronous_release_0
0.102086 -0.0250000004 -0.0136553534 -0.0322262521 asynchronous_release_1
0.123307 -0.0250000004 0.0318957558 0.0144104394 asynchronous_release_0
0.055925 -0.0250000004 0.0285069832 0.02030645 asynchronous_release_0
0.018927 -0.0250000004 -0.0329352604 0.0118435054 asynchronous_release_0
0.161644 -0.0250000004 -0.00647789081 -0.0343953039 asynchronous_release_0
0.046847 -0.0250000004 -0.0248045585 -0.02469279 asynchronous_release_0
0.104844 -0.0250000004 0.000999523244 3.08753224e-05 asynchronous_release_0
0.162912 -0.0250000004 -0.00108063628 0.0349833135 asynchronous_release_0
0.15188 -0.0250000004 -0.00074278839 -0.000669526256 asynchronous_release_0
0.132736 -0.0250000004 -0.0331870168 0.0111185393 asynchronous_release_0
0.128295 -0.0250000004 -0.000296018482 -0.000955182212 asynchronous_release_0
0.11633 -0.0250000004 -0.0575796721 0.0189626306 asynchronous_release_0
0.078073 -0.0250000004 -0.000611302269 -0.000791397205 asynchronous_release_0
0.050628 -0.0250000004 0.0295527799 -0.0187518852 asynchronous_release_0
0.102518 -0.0250000004 0.00587646102 -0.0345031478 asynchronous_release_1
0.111931 -0.0250000004 -0.0342135054 -0.00737807903 asynchronous_release_0
0.177693 -0.0250000004 0.0284123005 0.0204387177 asynchronous_release_0
0.141242 -0.0250000004 0.0167531201 -0.0307300011 asynchronous_release_1
0.129883 -0.0250000004 0.0154472548 0.0314067241 asynchronous_release_0
0.033641 -0.0250000004 -0.0230034099 0.0263788388 asynchronous_release_0
0.143088 -0.0250000004 -0.00093759858 -0.000347719575 asynchronous_release_0
0.17342 -0.0250000004 0.0345045392 -0.00586828567 asynchronous_release_0
0.088621 -0.0250000004 -1.04437184e-05 -0.000999945463 asynchronous_release_0
0.134057 -0.0250000004 0.000160967693 0.0349996298 asynchronous_release_0
0.135503 -0.0250000004 0.00025681221 -0.000966461323 asynchronous_release_0
0.191113 -0.0250000004 0.000250364064 0.000968151763 asynchronous_release_0
0.099974 -0.0250000004 -0.0331415908 -0.0112532199 asynchronous_release_0
0.123923 -0.0250000004 0.0273731385 0.0218108067 asynchronous_release_0
0.160854 -0.0250000004 0.0296905533 0.0185329718 asynchronous_release_0
0.101927 -0.0250000004 0.0107456499 -0.0333096233 asynchronous_release_0
0.170968 -0.0250000004 0.0299464744 -0.0181165302 asynchronous_release_0
0.198398 -0.0250000004 -0.0100199508 0.033535065 asynchronous_release_0
0.046581 -0.0250000004 0.00740695997 -0.0342072645 asynchronous_release_0
0.154738 -0.0250000004 0.03332784 -0.0106890167 asynchronous_release_0
0.171601 -0.0250000004 0.031569933 -0.015110901 asynchronous_release_0
0.117473 -0.0250000004 -0.0106502361 0.033340253 asynchronous_release_0
0.163022 -0.0250000004 0.0346501778 -0.0049361099 asynchronous_release_0
0.105037 -0.0250000004 0.0331181849 -0.0113219182 asynchronous_release_0
0.187429 -0.0250000004 0.0285898015 -0.0201896817 asynchronous_release_0
0.036868 -0.0250000004 -0.000998413642 5.63045325e-05 asynchronous_release_0
0.177631 -0.0250000004 -0.0292774759 0.0191788792 asynchronous_release_0
0.098004 -0.0250000004 0.0321987827 -0.0137199998 asynchronous_release_0
0.131218 -0.0250000004 0.00666032457 -0.0343604435 asynchronous_release_0
0.171246 -0.0250000004 0.0185123895 0.0297033909 asynchronous_release_0
0.197549 -0.0250000004 0.0149592163 -0.0683829061 asynchronous_release_0
0.176248 -0.0250000004 -0.0259729131 0.0234607712 asynchronous_release_0
0.074927 -0.0250000004 0.0349237699 -0.00230874314 asynchronous_release_0
0.157564 -0.0250000004 0.0194613152 0.0290905004 asynchronous_release_0
0.129498 -0.0250000004 0.000677657734 0.000735377451 asynchronous_release_1
0.032194 -0.0250000004 0.0086406076 0.0339166611 asynchronous_release_0
0.109227 -0.0250000004 -0.0250523863 0.0244413162 asynchronous_release_0
0.103665 -0.0250000004 0.0316814513 -0.0148756728 asynchronous_release_0
0.009471 -0.0250000004 0.0275745104 -0.0215556576 asynchronous_release_0
0.156512 -0.0250000004 0.000451434814 -0.000892304101 asynchronous_release_0
0.033784 -0.0250000004 -0.0276319821 0.0214819358 asynchronous_release_1
0.097607 -0.0250000004 -0.0209350611 -0.0280485867 asynchronous_release_0
0.071262 -0.0250000004 0.0326235841 -0.0126768198 asynchronous_release_0
0.170032 -0.0250000004 0.034889924 -0.00277366213 asynchronous_release_0
0.066158 -0.0250000004 -0.0345363515 0.00567806536 asynchronous_release_0
0.15993 -0.0250000004 -0.00340635158 0.0348338452 asynchronous_release_0
0.184464 -0.0250000004 0.0224959952 0.0268128738 asynchronous_release_0
0.196453 -0.0250000004 0.0279694335 -0.0210406937 asynchronous_release_0
0.10776 -0.0250000004 0.0257872112 -0.0236647361 asynchronous_release_0
0.185884 -0.0250000004 -0.0126823884 -0.0326214197 asynchronous_release_0
0.08631 -0.0250000004 -0.00095743683 -0.000288642889 asynchronous_release_0
0.108665 -0.0250000004 -0.0348527105 -0.00320757978 asynchronous_release_0
0.137616 -0.0250000004 0.0273362423 0.0218570322 asynchronous_release_0
0.154999 -0.0250000004 0.0113201317 0.0331187955 asynchronous_release_0
0.191017 -0.0250000004 -0.0195470723 0.0290329462 asynchronous_release_0
0.105781 -0.0250000004 -0.0343019235 0.00695543264 asynchronous_release_1
0.166738 -0.0250000004 -0.0335949566 -0.00981727497 asynchronous_release_0
0.137402 -0.0250000004 0.0326118613 -0.012706947 asynchronous_release_0
0.151216 -0.0250000004 0.0606104194 0.00117348323 asynchronous_release_1
0.00754 -0.0250000004 0.034039962 -0.00814131339 asynchronous_release_0
0.039238 -0.0250000004 0.0262484768 0.023152051 asynchronous_release_0
0.147466 -0.0250000004 -0.0195445011 0.0290346771 asynchronous_release_0
0.195243 -0.0250000004 -0.0342208077 -0.0073441349 asynchronous_release_0
0.093937 -0.0250000004 -0.0336711125 -0.00955281032 asynchronous_release_0
0.016934 -0.0250000004 0.000598270918 0.000801293896 asynchronous_release_0
0.107055 -0.0250000004 0.0267190028 -0.0226074078 asynchronous_release_0
0.047768 -0.0250000004 0.0345536956 -0.00557154591 asynchronous_release_0
0.197997 -0.0250000004 0.000528241451 0.000849094205 asynchronous_release_0
0.140575 -0.0250000004 -0.0193674972 0.0291530454 asynchronous_release_0
0.142972 -0.0250000004 -0.0336905019 -0.00948420154 asynchronous_release_0
0.183059 -0.0250000004 -0.0283654572 -0.0205036786 asynchronous_release_1
0.170612 -0.0250000004 0.0345747936 0.00543908523 asynchronous_release_0
0.046191 -0.0250000004 0.0108325041 0.0332814792 asynchronous_release_0
0.165744 -0.0250000004 -0.00623026667 -0.0344410188 asynchronous_release_0
0.131514 -0.0250000004 -0.0251210068 -0.0243707821 asynchronous_release_0
0.086869 -0.0250000004 -0.0186109755 -0.0296417205 asynchronous_release_0
0.067095 -0.0250000004 0.0287197014 -0.0200044683 asynchronous_release_0
0.130961 -0.0250000004 -0.0131600644 -0.0324316621 asynchronous_release_0
0.057736 -0.0250000004 -0.0231936238 0.0262117496 asynchronous_release_0
0.087131 -0.0250000004 0.0231936238 -0.0262117496 asynchronous_release_0
0.050598 -0.0250000004 -0.0186424962 -0.0296219063 asynchronous_release_0
0.151118 -0.0250000004 -0.0127245473 0.032604998 asynchronous_release_0
0.044415 -0.0250000004 -0.0337490638 0.00927365592 asynchronous_release_0
0.102464 -0.0250000004 4.05125555e-05 0.000999179029 asynchronous_release_0
0.167063 -0.0250000004 -0.0187136046 -0.0295770351 asynchronous_release_0
0.141612 -0.0250000004 -0.0138442912 -0.0321455378 asynchronous_release_0
0.145648 -0.0250000004 0.0239609023 -0.0255122551 asynchronous_release_0
0.161055 -0.0250000004 0.0289696674 0.0196407324 asynchronous_release_0
0.152088 -0.0250000004 0.0341060208 0.0078599838 asynchronous_release_0
