0 0.094845
5e-05 0.119421
0.0001 0.103152
0.00015 0.074422
0.0002 0.08965
0.00025 0.093118
0.0003 0.106954
0.00035 0.093118
0.0004 0.074074
0.00045 0.099346
0.0005 0.125654
0.00055 0.075114
0.0006 0.105918
0.00065 0.101772
0.0007 0.059532
0.00075 0.11943
0.0008 0.070946
0.00085 0.096586
0.0009 0.088268
0.00095 0.0751
0.001 0.116316
0.00105 0.12427
0.0011 0.137771
0.00115 0.215631
0.0012 0.231242
0.00125 0.262028
0.0013 0.319154
0.00135 0.434424
0.0014 0.364837
0.00145 0.499127
0.0015 0.675344
0.00155 0.972316
0.0016 1.33337
0.00165 1.75257
0.0017 2.07551
0.00175 2.42579
0.0018 3.12365
0.00185 3.80521
0.0019 4.48641
0.00195 4.98314
0.002 5.60656
0.00205 5.96896
0.0021 6.4079
0.00215 6.70834
0.0022 6.47574
0.00225 6.75194
0.0023 6.20681
0.00235 5.76922
0.0024 4.96964
0.00245 4.28881
0.0025 3.76296
0.00255 3.22715
0.0026 2.85641
0.00265 2.22258
0.0027 2.17485
0.00275 1.7093
0.0028 1.53691
0.00285 1.42475
0.0029 1.24888
0.00295 1.12917
0.003 1.27244
0.00305 0.984735
0.0031 0.939799
0.00315 0.877517
0.0032 0.953962
0.00325 0.885786
0.0033 0.744597
0.00335 0.858807
0.0034 0.782613
0.00345 0.762207
0.0035 0.736291
0.00355 0.750113
0.0036 0.759449
0.00365 0.708533
0.0037 0.793004
0.00375 0.658758
0.0038 0.710929
0.00385 0.647351
0.0039 0.692612
0.00395 0.65078
0.004 0.765632
0.00405 0.637646
0.0041 0.673627
0.00415 0.639327
0.0042 0.656248
0.00425 0.706182
0.0043 0.560747
0.00435 0.573231
0.0044 0.606118
0.00445 0.655592
0.0045 0.634494
0.00455 0.635484
0.0046 0.652179
0.00465 0.556259
0.0047 0.641754
0.00475 0.541048
0.0048 0.596706
0.00485 0.657406
0.0049 0.584264
0.00495 0.621976
0.005 0.683035
0.00505 0.634477
0.0051 0.556889
0.00515 0.565247
0.0052 0.573257
0.00525 0.598899
0.0053 0.56802
0.00535 0.619944
0.0054 0.45201
0.00545 0.552182
0.0055 0.5503
0.00555 0.544156
0.0056 0.514037
0.00565 0.491577
0.0057 0.635185
0.00575 0.573877
0.0058 0.489751
0.00585 0.594707
0.0059 0.515488
0.00595 0.524682
0.006 0.618275
0.00605 0.598837
0.0061 0.531948
0.00615 0.52234
0.0062 0.552155
0.00625 0.520215
0.0063 0.464533
0.00635 0.532473
0.0064 0.527852
0.00645 0.483202
0.0065 0.569683
0.00655 0.524815
0.0066 0.547242
0.00665 0.456236
0.0067 0.447514
0.00675 0.534856
0.0068 0.604773
0.00685 0.552779
0.0069 0.461053
0.00695 0.477299
0.007 0.459705
0.00705 0.530693
0.0071 0.545187
0.00715 0.548647
0.0072 0.530893
0.00725 0.557033
0.0073 0.528168
0.00735 0.466314
0.0074 0.406053
0.00745 0.471057
0.0075 0.560806
0.00755 0.473148
0.0076 0.529253
0.00765 0.462497
0.0077 0.549586
0.00775 0.571908
0.0078 0.488662
0.00785 0.56606
0.0079 0.425652
0.00795 0.427998
0.008 0.493815
0.00805 0.500907
0.0081 0.477782
0.00815 0.432548
0.0082 0.522083
0.00825 0.511295
0.0083 0.488071
0.00835 0.467907
0.0084 0.513075
0.00845 0.534007
0.0085 0.544133
0.00855 0.421929
0.0086 0.568439
0.00865 0.397453
0.0087 0.456536
0.00875 0.465892
0.0088 0.408789
0.00885 0.482901
0.0089 0.45062
0.00895 0.494398
0.009 0.475479
0.00905 0.438323
0.0091 0.398821
0.00915 0.486653
0.0092 0.451704
0.00925 0.496258
0.0093 0.421384
0.00935 0.449922
0.0094 0.452174
0.00945 0.439922
0.0095 0.551333
0.00955 0.449735
0.0096 0.49079
0.00965 0.457684
0.0097 0.414588
0.00975 0.417754
0.0098 0.462228
0.00985 0.417374
0.0099 0.44694
0.00995 0.460634
0.01 0.413707
0.01005 0.435843
0.0101 0.435042
0.01015 0.444504
0.0102 0.408464
0.01025 0.391538
0.0103 0.465107
0.01035 0.455579
0.0104 0.438455
0.01045 0.380831
0.0105 0.454115
0.01055 0.405767
0.0106 0.362336
0.01065 0.42579
0.0107 0.385932
0.01075 0.465246
0.0108 0.405765
0.01085 0.422909
0.0109 0.548758
0.01095 0.331212
0.011 0.379259
0.01105 0.380521
0.0111 0.37116
0.01115 0.464328
0.0112 0.422457
0.01125 0.471835
0.0113 0.455413
0.01135 0.435175
0.0114 0.474261
0.01145 0.402821
0.0115 0.405802
0.01155 0.47546
0.0116 0.418854
0.01165 0.452824
0.0117 0.362025
0.01175 0.410769
0.0118 0.399279
0.01185 0.408637
0.0119 0.440868
0.01195 0.360992
0.012 0.430305
0.01205 0.408573
0.0121 0.357699
0.01215 0.351383
0.0122 0.417315
0.01225 0.408829
0.0123 0.456599
0.01235 0.417945
0.0124 0.447835
0.01245 0.414377
0.0125 0.361982
0.01255 0.377546
0.0126 0.370824
0.01265 0.445854
0.0127 0.376974
0.01275 0.383096
0.0128 0.391131
0.01285 0.374275
0.0129 0.368918
0.01295 0.3573
0.013 0.37978
0.01305 0.39732
0.0131 0.399846
0.01315 0.407718
0.0132 0.365631
0.01325 0.378697
0.0133 0.410639
0.01335 0.392593
0.0134 0.335105
0.01345 0.385551
0.0135 0.368305
0.01355 0.385991
0.0136 0.346305
0.01365 0.398555
0.0137 0.359289
0.01375 0.318799
0.0138 0.428869
0.01385 0.345291
0.0139 0.318314
0.01395 0.413442
0.014 0.416334
0.01405 0.433104
0.0141 0.343107
0.01415 0.418039
0.0142 0.351296
0.01425 0.382834
0.0143 0.357335
0.01435 0.406191
0.0144 0.374667
0.01445 0.353283
0.0145 0.429192
0.01455 0.34327
0.0146 0.338823
0.01465 0.323483
0.0147 0.400057
0.01475 0.397521
0.0148 0.400925
0.01485 0.402601
0.0149 0.385781
0.01495 0.343017
0.015 0.384131
0.01505 0.311225
0.0151 0.384878
0.01515 0.318234
0.0152 0.416267
0.01525 0.376675
0.0153 0.386451
0.01535 0.370167
0.0154 0.383103
0.01545 0.322719
0.0155 0.384308
0.01555 0.36259
0.0156 0.357901
0.01565 0.373601
0.0157 0.395775
0.01575 0.367623
0.0158 0.373461
0.01585 0.374925
0.0159 0.361113
0.01595 0.415993
0.016 0.38474
0.01605 0.39604
0.0161 0.326393
0.01615 0.374055
0.0162 0.391307
0.01625 0.358861
0.0163 0.371589
0.01635 0.351655
0.0164 0.33452
0.01645 0.342
0.0165 0.372409
0.01655 0.297871
0.0166 0.36154
0.01665 0.341304
0.0167 0.360436
0.01675 0.36464
0.0168 0.319025
0.01685 0.328455
0.0169 0.34477
0.01695 0.33881
0.017 0.317472
0.01705 0.245692
0.0171 0.319078
0.01715 0.329834
0.0172 0.353469
0.01725 0.319201
0.0173 0.293329
0.01735 0.353557
0.0174 0.327773
0.01745 0.352185
0.0175 0.263101
0.01755 0.362297
0.0176 0.311276
0.01765 0.367808
0.0177 0.303783
0.01775 0.358849
0.0178 0.285521
0.01785 0.346917
0.0179 0.357869
0.01795 0.320689
0.018 0.383934
0.01805 0.310886
0.0181 0.398056
0.01815 0.409524
0.0182 0.356495
0.01825 0.370387
0.0183 0.388812
0.01835 0.33417
0.0184 0.328911
0.01845 0.352485
0.0185 0.408914
0.01855 0.33673
0.0186 0.346036
0.01865 0.240988
0.0187 0.261112
0.01875 0.299088
0.0188 0.355858
0.01885 0.337874
0.0189 0.323551
0.01895 0.336489
0.019 0.37469
0.01905 0.338334
0.0191 0.333877
0.01915 0.332087
0.0192 0.299112
0.01925 0.350428
0.0193 0.32708
0.01935 0.307056
0.0194 0.364691
0.01945 0.321775
0.0195 0.362606
0.01955 0.329284
0.0196 0.335412
0.01965 0.297078
0.0197 0.33786
0.01975 0.41025
0.0198 0.320034
0.01985 0.32586
0.0199 0.287853
0.01995 0.306373
0.02 0.327452
0.02005 0.331014
0.0201 0.319301
0.02015 0.323673
0.0202 0.270985
0.02025 0.302367
0.0203 0.382428
0.02035 0.360276
0.0204 0.358012
0.02045 0.370502
0.0205 0.355146
0.02055 0.384184
0.0206 0.324236
0.02065 0.40545
0.0207 0.324584
0.02075 0.303462
0.0208 0.334324
0.02085 0.336996
0.0209 0.345983
0.02095 0.328165
0.021 0.333806
0.02105 0.333168
0.0211 0.25978
0.02115 0.319866
0.0212 0.29284
0.02125 0.305252
0.0213 0.336551
0.02135 0.300457
0.0214 0.281709
0.02145 0.324331
0.0215 0.318559
0.02155 0.310165
0.0216 0.289599
0.02165 0.311433
0.0217 0.293844
0.02175 0.300124
0.0218 0.302525
0.02185 0.316779
0.0219 0.336848
0.02195 0.246184
0.022 0.290739
0.02205 0.299807
0.0221 0.307618
0.02215 0.283524
0.0222 0.294432
0.02225 0.33932
0.0223 0.296908
0.02235 0.29454
0.0224 0.258491
0.02245 0.309061
0.0225 0.305408
0.02255 0.300836
0.0226 0.31844
0.02265 0.24991
0.0227 0.266476
0.02275 0.303226
0.0228 0.327432
0.02285 0.294556
0.0229 0.328487
0.02295 0.304689
0.023 0.281666
0.02305 0.335656
0.0231 0.339076
0.02315 0.303086
0.0232 0.320811
0.02325 0.332135
0.0233 0.323459
0.02335 0.274019
0.0234 0.271639
0.02345 0.338813
0.0235 0.38523
0.02355 0.287046
0.0236 0.289466
0.02365 0.30613
0.0237 0.419333
0.02375 0.277171
0.0238 0.265293
0.02385 0.308797
0.0239 0.272111
0.02395 0.303363
0.024 0.350211
0.02405 0.278305
0.0241 0.310286
0.02415 0.290202
0.0242 0.236536
0.02425 0.277802
0.0243 0.333455
0.02435 0.306499
0.0244 0.272049
0.02445 0.255035
0.0245 0.280151
0.02455 0.315269
0.0246 0.353074
0.02465 0.314546
0.0247 0.284205
0.02475 0.266583
0.0248 0.269239
0.02485 0.307775
0.0249 0.243757
0.02495 0.283361
0.025 0.374313
0.02505 0.260499
0.0251 0.265221
0.02515 0.299715
0.0252 0.279377
0.02525 0.266009
0.0253 0.24395
0.02535 0.238532
0.0254 0.307913
0.02545 0.286931
0.0255 0.226485
0.02555 0.248635
0.0256 0.282209
0.02565 0.335005
0.0257 0.236191
0.02575 0.289027
0.0258 0.291512
0.02585 0.260348
0.0259 0.290771
0.02595 0.326577
0.026 0.23964
0.02605 0.266526
0.0261 0.262717
0.02615 0.285093
0.0262 0.296579
0.02625 0.312345
0.0263 0.266548
0.02635 0.297584
0.0264 0.307114
0.02645 0.259464
0.0265 0.300758
0.02655 0.296008
0.0266 0.256592
0.02665 0.295458
0.0267 0.285864
0.02675 0.307846
0.0268 0.279479
0.02685 0.247193
0.0269 0.311753
0.02695 0.288659
0.027 0.360117
0.02705 0.299187
0.0271 0.307971
0.02715 0.252073
0.0272 0.246557
0.02725 0.314727
0.0273 0.243246
0.02735 0.245906
0.0274 0.277135
0.02745 0.251341
0.0275 0.274451
0.02755 0.244149
0.0276 0.282813
0.02765 0.333327
0.0277 0.27423
0.02775 0.270974
0.0278 0.30224
0.02785 0.248306
0.0279 0.291912
0.02795 0.308878
0.028 0.261986
0.02805 0.294652
0.0281 0.285836
0.02815 0.29277
0.0282 0.347206
0.02825 0.310244
0.0283 0.257214
0.02835 0.291948
0.0284 0.289317
0.02845 0.354507
0.0285 0.279008
0.02855 0.320376
0.0286 0.255388
0.02865 0.250908
0.0287 0.32346
0.02875 0.24318
0.0288 0.244997
0.02885 0.307519
0.0289 0.294522
0.02895 0.280302
0.029 0.291577
0.02905 0.252863
0.0291 0.218618
0.02915 0.299834
0.0292 0.215918
0.02925 0.261668
0.0293 0.253654
0.02935 0.24384
0.0294 0.291114
0.02945 0.249544
0.0295 0.286961
0.02955 0.347069
0.0296 0.292444
0.02965 0.291006
0.0297 0.26279
0.02975 0.262448
0.0298 0.251363
0.02985 0.256373
0.0299 0.303942
0.02995 0.304354
0.03 0.238061
0.03005 0.287627
0.0301 0.230111
0.03015 0.261101
0.0302 0.23417
0.03025 0.254984
0.0303 0.283797
0.03035 0.274453
0.0304 0.278465
0.03045 0.290431
0.0305 0.318346
0.03055 0.253378
0.0306 0.288627
0.03065 0.279231
0.0307 0.218133
0.03075 0.241133
0.0308 0.285228
0.03085 0.224482
0.0309 0.274865
0.03095 0.345337
0.031 0.250968
0.03105 0.237628
0.0311 0.224851
0.03115 0.221377
0.0312 0.268516
0.03125 0.243896
0.0313 0.269322
0.03135 0.24903
0.0314 0.290916
0.03145 0.263076
0.0315 0.307672
0.03155 0.282332
0.0316 0.313212
0.03165 0.255482
0.0317 0.273682
0.03175 0.27162
0.0318 0.231332
0.03185 0.287834
0.0319 0.251951
0.03195 0.291423
0.032 0.274676
0.03205 0.258496
0.0321 0.321333
0.03215 0.244075
0.0322 0.259985
0.03225 0.246257
0.0323 0.25382
0.03235 0.295766
0.0324 0.241858
0.03245 0.259204
0.0325 0.214138
0.03255 0.20864
0.0326 0.335027
0.03265 0.274955
0.0327 0.228365
0.03275 0.257005
0.0328 0.273954
0.03285 0.267954
0.0329 0.273792
0.03295 0.2559
0.033 0.25776
0.03305 0.274196
0.0331 0.286732
0.03315 0.258824
0.0332 0.276678
0.03325 0.26065
0.0333 0.255892
0.03335 0.27984
0.0334 0.260414
0.03345 0.346094
0.0335 0.291922
0.03355 0.263046
0.0336 0.291922
0.03365 0.245442
0.0337 0.210233
0.03375 0.268159
0.0338 0.253907
0.03385 0.224001
0.0339 0.208904
0.03395 0.249504
0.034 0.280753
0.03405 0.248717
0.0341 0.287575
0.03415 0.250683
0.0342 0.254732
0.03425 0.199806
0.0343 0.27586
0.03435 0.327482
0.0344 0.250489
0.03445 0.273213
0.0345 0.273236
0.03455 0.236586
0.0346 0.26908
0.03465 0.263548
0.0347 0.24757
0.03475 0.238486
0.0348 0.198001
0.03485 0.278797
0.0349 0.229231
0.03495 0.255055
0.035 0.252252
0.03505 0.19679
0.0351 0.248653
0.03515 0.272581
0.0352 0.263479
0.03525 0.216923
0.0353 0.25784
0.03535 0.288314
0.0354 0.255819
0.03545 0.279989
0.0355 0.258049
0.03555 0.270907
0.0356 0.254589
0.03565 0.268907
0.0357 0.279713
0.03575 0.183167
0.0358 0.214562
0.03585 0.23963
0.0359 0.177807
0.03595 0.249649
0.036 0.235274
0.03605 0.280046
0.0361 0.235355
0.03615 0.295461
0.0362 0.263744
0.03625 0.223186
0.0363 0.231899
0.03635 0.258123
0.0364 0.234886
0.03645 0.237836
0.0365 0.267848
0.03655 0.271634
0.0366 0.247584
0.03665 0.252798
0.0367 0.269061
0.03675 0.260369
0.0368 0.27965
0.03685 0.262112
0.0369 0.282933
0.03695 0.229101
0.037 0.226182
0.03705 0.252934
0.0371 0.234474
0.03715 0.253886
0.0372 0.251029
0.03725 0.228021
0.0373 0.263936
0.03735 0.304486
0.0374 0.244835
0.03745 0.278697
0.0375 0.246609
0.03755 0.191835
0.0376 0.254313
0.03765 0.225809
0.0377 0.209274
0.03775 0.266764
0.0378 0.26771
0.03785 0.237584
0.0379 0.228593
0.03795 0.184609
0.038 0.227969
0.03805 0.238737
0.0381 0.263284
0.03815 0.243618
0.0382 0.237647
0.03825 0.243911
0.0383 0.252503
0.03835 0.244235
0.0384 0.302071
0.03845 0.269275
0.0385 0.274132
0.03855 0.206442
0.0386 0.283815
0.03865 0.202821
0.0387 0.23234
0.03875 0.2806
0.0388 0.282429
0.03885 0.169901
0.0389 0.246238
0.03895 0.255012
0.039 0.220086
0.03905 0.225692
0.0391 0.227407
0.03915 0.281659
0.0392 0.233286
0.03925 0.226388
0.0393 0.270621
0.03935 0.239377
0.0394 0.280604
0.03945 0.26353
0.0395 0.21238
0.03955 0.239446
0.0396 0.236483
0.03965 0.212867
0.0397 0.279794
0.03975 0.213248
0.0398 0.241296
0.03985 0.263068
0.0399 0.288919
0.03995 0.319669
0.04 0.202351
0.04005 0.268253
0.0401 0.213151
0.04015 0.225381
0.0402 0.245709
0.04025 0.236293
0.0403 0.263966
0.04035 0.255384
0.0404 0.276705
0.04045 0.227637
0.0405 0.184066
0.04055 0.195552
0.0406 0.216839
0.04065 0.225997
0.0407 0.233561
0.04075 0.203619
0.0408 0.252001
0.04085 0.180317
0.0409 0.246783
0.04095 0.216735
0.041 0.294951
0.04105 0.242757
0.0411 0.22494
0.04115 0.282868
0.0412 0.227984
0.04125 0.205942
0.0413 0.235096
0.04135 0.256906
0.0414 0.205845
0.04145 0.286571
0.0415 0.247096
0.04155 0.22828
0.0416 0.251048
0.04165 0.249714
0.0417 0.187422
0.04175 0.21018
0.0418 0.21126
0.04185 0.219888
0.0419 0.211769
0.04195 0.287623
0.042 0.224985
0.04205 0.221907
0.0421 0.207861
0.04215 0.202207
0.0422 0.208365
0.04225 0.226391
0.0423 0.266505
0.04235 0.277083
0.0424 0.174783
0.04245 0.206423
0.0425 0.199031
0.04255 0.215471
0.0426 0.233677
0.04265 0.163987
0.0427 0.251374
0.04275 0.209814
0.0428 0.221244
0.04285 0.187242
0.0429 0.251049
0.04295 0.207581
0.043 0.283642
0.04305 0.23498
0.0431 0.278491
0.04315 0.232299
0.0432 0.258608
0.04325 0.282412
0.0433 0.226536
0.04335 0.24338
0.0434 0.213358
0.04345 0.232824
0.0435 0.250617
0.04355 0.210921
0.0436 0.265374
0.04365 0.267576
0.0437 0.275037
0.04375 0.229089
0.0438 0.232097
0.04385 0.277261
0.0439 0.166119
0.04395 0.217399
0.044 0.23714
0.04405 0.233136
0.0441 0.231769
0.04415 0.193271
0.0442 0.162609
0.04425 0.215129
0.0443 0.231462
0.04435 0.180364
0.0444 0.189547
0.04445 0.240593
0.0445 0.219642
0.04455 0.204866
0.0446 0.236478
0.04465 0.269986
0.0447 0.279443
0.04475 0.217253
0.0448 0.250835
0.04485 0.267469
0.0449 0.256291
0.04495 0.225277
0.045 0.227498
0.04505 0.24416
0.0451 0.290678
0.04515 0.28492
0.0452 0.251089
0.04525 0.214429
0.0453 0.282861
0.04535 0.214413
0.0454 0.215733
0.04545 0.205229
0.0455 0.227488
0.04555 0.191454
0.0456 0.237473
0.04565 0.211439
0.0457 0.226496
0.04575 0.197636
0.0458 0.320905
0.04585 0.212325
0.0459 0.209995
0.04595 0.227899
0.046 0.238495
0.04605 0.210403
0.0461 0.207142
0.04615 0.208492
0.0462 0.220023
0.04625 0.219555
0.0463 0.247824
0.04635 0.185242
0.0464 0.218146
0.04645 0.190708
0.0465 0.176217
0.04655 0.207349
0.0466 0.282434
0.04665 0.21019
0.0467 0.25085
0.04675 0.203658
0.0468 0.21441
0.04685 0.258028
0.0469 0.238874
0.04695 0.21966
0.047 0.226734
0.04705 0.252672
0.0471 0.220228
0.04715 0.192402
0.0472 0.253319
0.04725 0.199965
0.0473 0.236408
0.04735 0.19618
0.0474 0.175755
0.04745 0.212267
0.0475 0.222268
0.04755 0.206598
0.0476 0.255684
0.04765 0.202848
0.0477 0.252032
0.04775 0.179004
0.0478 0.286621
0.04785 0.245129
0.0479 0.242827
0.04795 0.211719
0.048 0.187242
0.04805 0.235802
0.0481 0.1834
0.04815 0.2523
0.0482 0.234566
0.04825 0.234166
0.0483 0.231832
0.04835 0.197548
0.0484 0.240679
0.04845 0.197615
0.0485 0.257345
0.04855 0.206453
0.0486 0.205028
0.04865 0.195808
0.0487 0.220686
0.04875 0.208554
0.0488 0.212018
0.04885 0.233098
0.0489 0.241517
0.04895 0.226443
0.049 0.219172
0.04905 0.229556
0.0491 0.222279
0.04915 0.205141
0.0492 0.240157
0.04925 0.195415
0.0493 0.201862
0.04935 0.204378
0.0494 0.216793
0.04945 0.216377
0.0495 0.210015
0.04955 0.220499
0.0496 0.176401
0.04965 0.248469
0.0497 0.256081
0.04975 0.211925
0.0498 0.234436
0.04985 0.168194
0.0499 0.182673
0.04995 0.213197
0.05 0.237808
0.05005 0.232434
0.0501 0.187928
0.05015 0.235658
0.0502 0.239312
0.05025 0.232918
0.0503 0.242618
0.05035 0.237228
0.0504 0.215679
0.05045 0.250627
0.0505 0.232097
0.05055 0.205417
0.0506 0.221205
0.05065 0.195467
0.0507 0.199089
0.05075 0.185451
0.0508 0.256185
0.05085 0.237545
0.0509 0.21987
0.05095 0.228664
0.051 0.186435
0.05105 0.174743
0.0511 0.239743
0.05115 0.176935
0.0512 0.210294
0.05125 0.197582
0.0513 0.183807
0.05135 0.195693
0.0514 0.194238
0.05145 0.26179
0.0515 0.19551
0.05155 0.185798
0.0516 0.204983
0.05165 0.226293
0.0517 0.214546
0.05175 0.179974
0.0518 0.226189
0.05185 0.190537
0.0519 0.193226
0.05195 0.211524
0.052 0.164293
0.05205 0.206539
0.0521 0.182156
0.05215 0.209904
0.0522 0.202203
0.05225 0.228999
0.0523 0.205617
0.05235 0.202081
0.0524 0.198536
0.05245 0.207582
0.0525 0.241879
0.05255 0.231039
0.0526 0.202268
0.05265 0.21663
0.0527 0.163514
0.05275 0.251752
0.0528 0.184863
0.05285 0.255325
0.0529 0.238091
0.05295 0.200669
0.053 0.188606
0.05305 0.156332
0.0531 0.240898
0.05315 0.221432
0.0532 0.181677
0.05325 0.217497
0.0533 0.189399
0.05335 0.221031
0.0534 0.169371
0.05345 0.208517
0.0535 0.194224
0.05355 0.23242
0.0536 0.223512
0.05365 0.245726
0.0537 0.227153
0.05375 0.173021
0.0538 0.246902
0.05385 0.211034
0.0539 0.208516
0.05395 0.209232
0.054 0.231571
0.05405 0.183643
0.0541 0.172405
0.05415 0.225093
0.0542 0.206318
0.05425 0.20704
0.0543 0.168633
0.05435 0.205193
0.0544 0.198295
0.05445 0.249149
0.0545 0.231411
0.05455 0.171037
0.0546 0.209961
0.05465 0.218361
0.0547 0.172035
0.05475 0.211071
0.0548 0.208529
0.05485 0.211471
0.0549 0.259481
0.05495 0.231723
0.055 0.20389
0.05505 0.199124
0.0551 0.256114
0.05515 0.226044
0.0552 0.201418
0.05525 0.191104
0.0553 0.202903
0.05535 0.170415
0.0554 0.228778
0.05545 0.22292
0.0555 0.202604
0.05555 0.210034
0.0556 0.210807
0.05565 0.206013
0.0557 0.200092
0.05575 0.285668
0.0558 0.192755
0.05585 0.224809
0.0559 0.221142
0.05595 0.236506
0.056 0.255275
0.05605 0.212385
0.0561 0.207563
0.05615 0.280285
0.0562 0.256452
0.05625 0.207784
0.0563 0.172511
0.05635 0.246561
0.0564 0.197748
0.05645 0.217736
0.0565 0.182359
0.05655 0.170661
0.0566 0.182726
0.05665 0.194824
0.0567 0.211495
0.05675 0.214579
0.0568 0.18811
0.05685 0.24237
0.0569 0.21021
0.05695 0.211026
0.057 0.20614
0.05705 0.229792
0.0571 0.224932
0.05715 0.217772
0.0572 0.259829
0.05725 0.203441
0.0573 0.224902
0.05735 0.170652
0.0574 0.223118
0.05745 0.183722
0.0575 0.19717
0.05755 0.19683
0.0576 0.228774
0.05765 0.213488
0.0577 0.185458
0.05775 0.21978
0.0578 0.206755
0.05785 0.145061
0.0579 0.182882
0.05795 0.176722
0.058 0.206538
0.05805 0.221326
0.0581 0.193122
0.05815 0.20093
0.0582 0.239049
0.05825 0.231793
0.0583 0.224519
0.05835 0.182187
0.0584 0.236774
0.05845 0.165142
0.0585 0.191691
0.05855 0.208933
0.0586 0.180473
0.05865 0.189509
0.0587 0.151569
0.05875 0.165277
0.0588 0.26965
0.05885 0.21526
0.0589 0.181954
0.05895 0.237064
0.059 0.204921
0.05905 0.183335
0.0591 0.222028
0.05915 0.215828
0.0592 0.233313
0.05925 0.238983
0.0593 0.150895
0.05935 0.221777
0.0594 0.202475
0.05945 0.212875
0.0595 0.188763
0.05955 0.218231
0.0596 0.158299
0.05965 0.216423
0.0597 0.162364
0.05975 0.243318
0.0598 0.168866
0.05985 0.20085
0.0599 0.172965
0.05995 0.189411
0.06 0.157859
0.06005 0.181521
0.0601 0.160732
0.06015 0.224172
0.0602 0.203421
0.06025 0.201915
0.0603 0.189543
0.06035 0.177141
0.0604 0.193725
0.06045 0.169211
0.0605 0.217297
0.06055 0.241263
0.0606 0.23739
0.06065 0.183734
0.0607 0.179761
0.06075 0.176995
0.0608 0.177874
0.06085 0.203116
0.0609 0.22964
0.06095 0.18913
0.061 0.264516
0.06105 0.203224
0.0611 0.169911
0.06115 0.153653
0.0612 0.175331
0.06125 0.200741
0.0613 0.217625
0.06135 0.202623
0.0614 0.191272
0.06145 0.206954
0.0615 0.175897
0.06155 0.175565
0.0616 0.207291
0.06165 0.213181
0.0617 0.189446
0.06175 0.194082
0.0618 0.219759
0.06185 0.250451
0.0619 0.209356
0.06195 0.221482
0.062 0.227433
0.06205 0.194897
0.0621 0.16104
0.06215 0.25399
0.0622 0.27371
0.06225 0.193798
0.0623 0.224677
0.06235 0.185743
0.0624 0.222905
0.06245 0.206407
0.0625 0.224898
0.06255 0.183338
0.0626 0.194305
0.06265 0.168933
0.0627 0.257706
0.06275 0.208532
0.0628 0.215806
0.06285 0.22184
0.0629 0.195155
0.06295 0.192347
0.063 0.184489
0.06305 0.150111
0.0631 0.19901
0.06315 0.194938
0.0632 0.216157
0.06325 0.251353
0.0633 0.270162
0.06335 0.187576
0.0634 0.189818
0.06345 0.188256
0.0635 0.199401
0.06355 0.220749
0.0636 0.187409
0.06365 0.193485
0.0637 0.176626
0.06375 0.23246
0.0638 0.236069
0.06385 0.191123
0.0639 0.184442
0.06395 0.213586
0.064 0.187716
0.06405 0.187426
0.0641 0.243588
0.06415 0.239534
0.0642 0.159656
0.06425 0.181186
0.0643 0.243951
0.06435 0.228295
0.0644 0.171355
0.06445 0.220063
0.0645 0.203044
0.06455 0.120094
0.0646 0.232195
0.06465 0.204805
0.0647 0.225267
0.06475 0.179681
0.0648 0.139178
0.06485 0.247852
0.0649 0.203496
0.06495 0.213638
0.065 0.187376
0.06505 0.188396
0.0651 0.25066
0.06515 0.197012
0.0652 0.188916
0.06525 0.235654
0.0653 0.189703
0.06535 0.226051
0.0654 0.212741
0.06545 0.171891
0.0655 0.220096
0.06555 0.193628
0.0656 0.211742
0.06565 0.172082
0.0657 0.178357
0.06575 0.199123
0.0658 0.16594
0.06585 0.210444
0.0659 0.218118
0.06595 0.22977
0.066 0.185967
0.06605 0.258401
0.0661 0.1987
0.06615 0.199768
0.0662 0.219389
0.06625 0.209883
0.0663 0.212299
0.06635 0.209409
0.0664 0.217145
0.06645 0.192979
0.0665 0.150125
0.06655 0.228387
0.0666 0.217515
0.06665 0.191945
0.0667 0.181003
0.06675 0.175381
0.0668 0.23526
0.06685 0.194924
0.0669 0.157176
0.06695 0.154184
0.067 0.140458
0.06705 0.21259
0.0671 0.19356
0.06715 0.236312
0.0672 0.19577
0.06725 0.160522
0.0673 0.150789
0.06735 0.230003
0.0674 0.202823
0.06745 0.195833
0.0675 0.236113
0.06755 0.221051
0.0676 0.18972
0.06765 0.194878
0.0677 0.148558
0.06775 0.186208
0.0678 0.207658
0.06785 0.208786
0.0679 0.163711
0.06795 0.206937
0.068 0.193097
0.06805 0.186037
0.0681 0.188503
0.06815 0.201887
0.0682 0.203016
0.06825 0.167266
0.0683 0.205256
0.06835 0.205026
0.0684 0.184261
0.06845 0.163451
0.0685 0.18921
0.06855 0.187586
0.0686 0.207927
0.06865 0.217321
0.0687 0.267986
0.06875 0.204554
0.0688 0.142361
0.06885 0.198541
0.0689 0.147282
0.06895 0.207692
0.069 0.200565
0.06905 0.204479
0.0691 0.165529
0.06915 0.202615
0.0692 0.162222
0.06925 0.218762
0.0693 0.189431
0.06935 0.203065
0.0694 0.195894
0.06945 0.220678
0.0695 0.214914
0.06955 0.185474
0.0696 0.203333
0.06965 0.218443
0.0697 0.201501
0.06975 0.176147
0.0698 0.185664
0.06985 0.18262
0.0699 0.211747
0.06995 0.203137
0.07 0.177697
0.07005 0.176037
0.0701 0.168762
0.07015 0.247116
0.0702 0.214643
0.07025 0.235529
0.0703 0.208622
0.07035 0.20137
0.0704 0.196921
0.07045 0.167083
0.0705 0.192211
0.07055 0.230101
0.0706 0.187531
0.07065 0.201431
0.0707 0.155931
0.07075 0.193879
0.0708 0.217738
0.07085 0.210452
0.0709 0.193218
0.07095 0.201508
0.071 0.171449
0.07105 0.215271
0.0711 0.163845
0.07115 0.149335
0.0712 0.20462
0.07125 0.212964
0.0713 0.235596
0.07135 0.199728
0.0714 0.218087
0.07145 0.197875
0.0715 0.1905
0.07155 0.188838
0.0716 0.2144
0.07165 0.215638
0.0717 0.176699
0.07175 0.209479
0.0718 0.173352
0.07185 0.1731
0.0719 0.195872
0.07195 0.178372
0.072 0.20983
0.07205 0.218282
0.0721 0.195006
0.07215 0.173126
0.0722 0.209001
0.07225 0.216031
0.0723 0.178219
0.07235 0.160601
0.0724 0.183519
0.07245 0.171685
0.0725 0.199004
0.07255 0.195888
0.0726 0.230544
0.07265 0.258002
0.0727 0.227317
0.07275 0.179097
0.0728 0.196343
0.07285 0.241327
0.0729 0.182815
0.07295 0.182583
0.073 0.202805
0.07305 0.177747
0.0731 0.203843
0.07315 0.209497
0.0732 0.178538
0.07325 0.179768
0.0733 0.214742
0.07335 0.246852
0.0734 0.185012
0.07345 0.178906
0.0735 0.215447
0.07355 0.143135
0.0736 0.160529
0.07365 0.189751
0.0737 0.130533
0.07375 0.196655
0.0738 0.16543
0.07385 0.17257
0.0739 0.170851
0.07395 0.186889
0.074 0.195555
0.07405 0.183491
0.0741 0.21441
0.07415 0.175644
0.0742 0.21996
0.07425 0.194524
0.0743 0.192829
0.07435 0.180715
0.0744 0.232604
0.07445 0.175828
0.0745 0.229272
0.07455 0.16794
0.0746 0.215474
0.07465 0.188404
0.0747 0.189685
0.07475 0.208921
0.0748 0.133885
0.07485 0.217487
0.0749 0.209818
0.07495 0.244134
0.075 0.191461
0.07505 0.207775
0.0751 0.204583
0.07515 0.228457
0.0752 0.220774
0.07525 0.184462
0.0753 0.196302
0.07535 0.238326
0.0754 0.179331
0.07545 0.156459
0.0755 0.189449
0.07555 0.177145
0.0756 0.163304
0.07565 0.19637
0.0757 0.173447
0.07575 0.165639
0.0758 0.215462
0.07585 0.218326
0.0759 0.161955
0.07595 0.233153
0.076 0.184333
0.07605 0.219127
0.0761 0.19307
0.07615 0.220302
0.0762 0.165238
0.07625 0.134482
0.0763 0.192232
0.07635 0.219536
0.0764 0.231604
0.07645 0.190146
0.0765 0.202192
0.07655 0.215794
0.0766 0.203362
0.07665 0.172498
0.0767 0.187624
0.07675 0.147484
0.0768 0.250207
0.07685 0.162419
0.0769 0.188346
0.07695 0.202004
0.077 0.255755
0.07705 0.152327
0.0771 0.152079
0.07715 0.253735
0.0772 0.188729
0.07725 0.200897
0.0773 0.199166
0.07735 0.166472
0.0774 0.160048
0.07745 0.173762
0.0775 0.210768
0.07755 0.15007
0.0776 0.14361
0.07765 0.183758
0.0777 0.209989
0.07775 0.226935
0.0778 0.201875
0.07785 0.192347
0.0779 0.175006
0.07795 0.168552
0.078 0.191745
0.07805 0.154065
0.0781 0.219471
0.07815 0.213059
0.0782 0.21446
0.07825 0.192374
0.0783 0.206287
0.07835 0.174755
0.0784 0.209061
0.07845 0.221453
0.0785 0.177313
0.07855 0.181821
0.0786 0.180046
0.07865 0.176694
0.0787 0.195386
0.07875 0.117978
0.0788 0.15239
0.07885 0.21685
0.0789 0.17564
0.07895 0.188072
0.079 0.194204
0.07905 0.168708
0.0791 0.233395
0.07915 0.201581
0.0792 0.222012
0.07925 0.190144
0.0793 0.189956
0.07935 0.194532
0.0794 0.14668
0.07945 0.133718
0.0795 0.190736
0.07955 0.188958
0.0796 0.196735
0.07965 0.156707
0.0797 0.170834
0.07975 0.183392
0.0798 0.221526
0.07985 0.194214
0.0799 0.18444
0.07995 0.152248
0.08 0.185637
0.08005 0.185447
0.0801 0.190066
0.08015 0.236398
0.0802 0.151207
0.08025 0.226457
0.0803 0.195786
0.08035 0.173098
0.0804 0.172894
0.08045 0.21455
0.0805 0.149958
0.08055 0.196474
0.0806 0.191461
0.08065 0.197737
0.0807 0.21533
0.08075 0.202252
0.0808 0.177831
0.08085 0.200287
0.0809 0.216309
0.08095 0.208061
0.081 0.17062
0.08105 0.219076
0.0811 0.17998
0.08115 0.134316
0.0812 0.179568
0.08125 0.16962
0.0813 0.169416
0.08135 0.216424
0.0814 0.201617
0.08145 0.175373
0.0815 0.173546
0.08155 0.171716
0.0816 0.20091
0.08165 0.171334
0.0817 0.182579
0.08175 0.200389
0.0818 0.196951
0.08185 0.157471
0.0819 0.191674
0.08195 0.18166
0.082 0.168346
0.08205 0.240392
0.0821 0.250136
0.08215 0.146462
0.0822 0.202164
0.08225 0.167438
0.0823 0.185353
0.08235 0.232965
0.0824 0.176777
0.08245 0.202987
0.0825 0.191272
0.08255 0.247268
0.0826 0.157902
0.08265 0.154382
0.0827 0.195541
0.08275 0.172191
0.0828 0.162055
0.08285 0.155217
0.0829 0.199796
0.08295 0.257736
0.083 0.222765
0.08305 0.212661
0.0831 0.189235
0.08315 0.199047
0.0832 0.197222
0.08325 0.175402
0.0833 0.190217
0.08335 0.280119
0.0834 0.213297
0.08345 0.161385
0.0835 0.182904
0.08355 0.172694
0.0836 0.187561
0.08365 0.152235
0.0837 0.175471
0.08375 0.180313
0.0838 0.183487
0.08385 0.218549
0.0839 0.171403
0.08395 0.214893
0.084 0.216436
0.08405 0.18266
0.0841 0.175752
0.08415 0.158728
0.0842 0.177059
0.08425 0.219027
0.0843 0.161537
0.08435 0.151209
0.0844 0.206734
0.08445 0.162648
0.0845 0.216562
0.08455 0.17582
0.0846 0.217963
0.08465 0.173787
0.0847 0.170213
0.08475 0.171721
0.0848 0.171535
0.08485 0.161161
0.0849 0.150769
0.08495 0.172659
0.085 0.194588
0.08505 0.264212
0.0851 0.170471
0.08515 0.122573
0.0852 0.173481
0.08525 0.173299
0.0853 0.202136
0.08535 0.152456
0.0854 0.150541
0.08545 0.162303
0.0855 0.177508
0.08555 0.163636
0.0856 0.202843
0.08565 0.204411
0.0857 0.192262
0.08575 0.18524
0.0858 0.200527
0.08585 0.164301
0.0859 0.191615
0.08595 0.157057
0.086 0.17579
0.08605 0.179058
0.0861 0.208177
0.08615 0.195971
0.0862 0.269994
0.08625 0.15256
0.0863 0.200714
0.08635 0.209208
0.0864 0.188324
0.08645 0.203734
0.0865 0.20013
0.08655 0.172272
0.0866 0.196356
0.08665 0.237822
0.0867 0.22384
0.08675 0.189002
0.0868 0.176685
0.08685 0.178251
0.0869 0.167647
0.08695 0.195305
0.087 0.170781
0.08705 0.184539
0.0871 0.177405
0.08715 0.189443
0.0872 0.206737
0.08725 0.225807
0.0873 0.222199
0.08735 0.164397
0.0874 0.207938
0.08745 0.207804
0.0875 0.212923
0.08755 0.216299
0.0876 0.153067
0.08765 0.179181
0.0877 0.18077
0.08775 0.184118
0.0878 0.168145
0.08785 0.160935
0.0879 0.151954
0.08795 0.164078
0.088 0.162135
0.08805 0.183095
0.0881 0.168831
0.08815 0.191587
0.0882 0.187907
0.08825 0.184221
0.0883 0.2035
0.08835 0.137948
0.0884 0.181963
0.08845 0.211893
0.0885 0.169263
0.08855 0.195669
0.0886 0.188433
0.08865 0.188281
0.0887 0.161504
0.08875 0.180858
0.0888 0.178921
0.08885 0.203651
0.0889 0.167937
0.08895 0.176663
0.089 0.194309
0.08905 0.231587
0.0891 0.202957
0.08915 0.184983
0.0892 0.175904
0.08925 0.195386
0.0893 0.200605
0.08935 0.195105
0.0894 0.221798
0.08945 0.189466
0.0895 0.176781
0.08955 0.128235
0.0896 0.217669
0.08965 0.183467
0.0897 0.199468
0.08975 0.202924
0.0898 0.19201
0.08985 0.218836
0.0899 0.218722
0.08995 0.251008
0.09 0.159079
0.09005 0.176919
0.0901 0.218228
0.09015 0.17121
0.0902 0.163824
0.09025 0.17268
0.0903 0.147218
0.09035 0.203074
0.0904 0.157719
0.09045 0.233559
0.0905 0.170078
0.09055 0.15904
0.0906 0.184244
0.09065 0.216746
0.0907 0.163997
0.09075 0.167457
0.0908 0.143668
0.09085 0.172562
0.0909 0.223332
0.09095 0.203206
0.091 0.15209
0.09105 0.170126
0.0911 0.184546
0.09115 0.191694
0.0912 0.142279
0.09125 0.178605
0.0913 0.205856
0.09135 0.211216
0.0914 0.176347
0.09145 0.178021
0.0915 0.190684
0.09155 0.174056
0.0916 0.168399
0.09165 0.214085
0.0917 0.190116
0.09175 0.200992
0.0918 0.165961
0.09185 0.250343
0.0919 0.206133
0.09195 0.189451
0.092 0.176424
0.09205 0.189164
0.0921 0.19271
0.09215 0.185198
0.0922 0.162914
0.09225 0.19782
0.0923 0.188455
0.09235 0.184619
0.0924 0.17523
0.09245 0.208376
0.0925 0.184195
0.09255 0.202571
0.0926 0.178358
0.09265 0.222704
0.0927 0.191067
0.09275 0.161235
0.0928 0.203778
0.09285 0.220378
0.0929 0.170081
0.09295 0.162483
0.093 0.158595
0.09305 0.225457
0.0931 0.189962
0.09315 0.13577
0.0932 0.135576
0.09325 0.200692
0.0933 0.1931
0.09335 0.22846
0.0934 0.187248
0.09345 0.15345
0.0935 0.25431
0.09355 0.188724
0.0936 0.188588
0.09365 0.224058
0.0937 0.195835
0.09375 0.188203
0.0938 0.201206
0.09385 0.174792
0.0939 0.14082
0.09395 0.144394
0.094 0.163022
0.09405 0.198618
0.0941 0.206026
0.09415 0.166346
0.0942 0.190693
0.09425 0.198105
0.0943 0.21119
0.09435 0.178984
0.0944 0.182618
0.09445 0.239178
0.0945 0.189932
0.09455 0.201152
0.0946 0.248357
0.09465 0.191467
0.0947 0.212182
0.09475 0.189322
0.0948 0.185396
0.09485 0.173872
0.0949 0.149037
0.09495 0.165963
0.095 0.156302
0.09505 0.167548
0.0951 0.207357
0.09515 0.152029
0.0952 0.184244
0.09525 0.186014
0.0953 0.117228
0.09535 0.220054
0.0954 0.181776
0.09545 0.152988
0.0955 0.200595
0.09555 0.183269
0.0956 0.167829
0.09565 0.169591
0.0957 0.161781
0.09575 0.182699
0.0958 0.18448
0.09585 0.184346
0.0959 0.174617
0.09595 0.197513
0.096 0.205077
0.09605 0.153071
0.0961 0.166366
0.09615 0.162366
0.0962 0.248835
0.09625 0.162099
0.0963 0.150381
0.09635 0.200341
0.0964 0.144284
0.09645 0.22517
0.0965 0.252114
0.09655 0.157384
0.0966 0.211348
0.09665 0.164828
0.0967 0.164676
0.09675 0.17614
0.0968 0.158567
0.09685 0.201045
0.0969 0.179602
0.09695 0.214386
0.097 0.206522
0.09705 0.204472
0.0971 0.19659
0.09715 0.243128
0.0972 0.171093
0.09725 0.186517
0.0973 0.159131
0.09735 0.162871
0.0974 0.213393
0.09745 0.182093
0.0975 0.185863
0.09755 0.189639
0.0976 0.154361
0.09765 0.154201
0.0977 0.163816
0.09775 0.179314
0.0978 0.245718
0.09785 0.18887
0.0979 0.135853
0.09795 0.172915
0.098 0.139438
0.09805 0.176542
0.0981 0.186221
0.09815 0.191987
0.0982 0.213482
0.09825 0.231078
0.0983 0.230998
0.09835 0.217142
0.0984 0.201296
0.09845 0.187396
0.0985 0.187272
0.09855 0.177288
0.0986 0.192938
0.09865 0.228352
0.0987 0.22037
0.09875 0.155072
0.0988 0.166778
0.09885 0.198282
0.0989 0.170464
0.09895 0.225764
0.099 0.150402
0.09905 0.185918
0.0991 0.185794
0.09915 0.197574
0.0992 0.187537
0.09925 0.179471
0.0993 0.137614
0.09935 0.197082
0.0994 0.198959
0.09945 0.192879
0.0995 0.180817
0.09955 0.168737
0.0996 0.162618
0.09965 0.224286
0.0997 0.194277
0.09975 0.194163
0.0998 0.222007
0.09985 0.217925
0.0999 0.201843
0.09995 0.143737
0.1 0.159581
0.10005 0.169443
0.1001 0.17932
0.10015 0.197228
0.1002 0.189098
0.10025 0.176944
0.1003 0.235017
0.10035 0.168681
0.1004 0.196669
0.10045 0.208619
0.1005 0.210532
0.10055 0.238604
0.1006 0.180159
0.10065 0.252537
0.1007 0.206138
0.10075 0.206038
0.1008 0.236193
0.10085 0.215943
0.1009 0.211815
0.10095 0.187481
0.101 0.193426
0.10105 0.282282
0.1011 0.255959
0.10115 0.253885
0.1012 0.369258
0.10125 0.454412
0.1013 0.497125
0.10135 0.468921
0.1014 0.564444
0.10145 0.641838
0.1015 0.86964
0.10155 1.13435
0.1016 1.46451
0.10165 1.93551
0.1017 2.23015
0.10175 3.03422
0.1018 3.37911
0.10185 4.30941
0.1019 5.13913
0.10195 5.60286
0.102 6.22034
0.10205 6.66515
0.1021 7.30061
0.10215 7.473
0.1022 7.45136
0.10225 7.52175
0.1023 6.92286
0.10235 6.57499
0.1024 5.7164
0.10245 5.19479
0.1025 4.56986
0.10255 4.01994
0.1026 3.35629
0.10265 3.01619
0.1027 2.69204
0.10275 2.28928
0.1028 2.08134
0.10285 1.77637
0.1029 1.79422
0.10295 1.56283
0.103 1.40118
0.10305 1.23104
0.1031 1.32059
0.10315 1.27818
0.1032 1.25015
0.10325 1.0816
0.1033 1.06989
0.10335 1.03955
0.1034 0.969858
0.10345 1.09464
0.1035 1.01872
0.10355 0.994485
0.1036 1.02204
0.10365 0.85053
0.1037 0.923621
0.10375 0.851497
0.1038 0.905965
0.10385 0.925185
0.1039 0.848798
0.10395 0.89086
0.104 0.885119
0.10405 0.877287
0.1041 0.871526
0.10415 0.757388
0.1042 0.84533
0.10425 0.866646
0.1043 0.856687
0.10435 0.781985
0.1044 0.715531
0.10445 0.822451
0.1045 0.730879
0.10455 0.750051
0.1046 0.8739
0.10465 0.815748
0.1047 0.828742
0.10475 0.747434
0.1048 0.697464
0.10485 0.739734
0.1049 0.691807
0.10495 0.700511
0.105 0.686116
0.10505 0.736862
0.1051 0.735105
0.10515 0.771217
0.1052 0.71476
0.10525 0.715084
0.1053 0.829186
0.10535 0.75373
0.1054 0.770962
0.10545 0.851518
0.1055 0.695756
0.10555 0.715068
0.1056 0.776667
0.10565 0.705171
0.1057 0.709713
0.10575 0.716377
0.1058 0.737869
0.10585 0.651373
0.1059 0.708846
0.10595 0.73036
0.106 0.766751
0.10605 0.699215
0.1061 0.712257
0.10615 0.653101
0.1062 0.649111
0.10625 0.630233
0.1063 0.702789
0.10635 0.666919
0.1064 0.660804
0.10645 0.72284
0.1065 0.627269
0.10655 0.665879
0.1066 0.619223
0.10665 0.636521
0.1067 0.675193
0.10675 0.594303
0.1068 0.673574
0.10685 0.613986
0.1069 0.644152
0.10695 0.70004
0.107 0.696058
0.10705 0.730626
0.1071 0.696666
0.10715 0.55117
0.1072 0.660725
0.10725 0.654549
0.1073 0.656952
0.10735 0.655062
0.1074 0.597295
0.10745 0.653397
0.1075 0.642896
0.10755 0.63238
0.1076 0.65845
0.10765 0.72979
0.1077 0.602969
0.10775 0.536339
0.1078 0.536483
0.10785 0.571155
0.1079 0.63826
0.10795 0.625538
0.108 0.651696
0.10805 0.654108
0.1081 0.593796
0.10815 0.606976
0.1082 0.566049
0.10825 0.629033
0.1083 0.609758
0.10835 0.616472
0.1084 0.618857
0.10845 0.668985
0.1085 0.619316
0.10855 0.58261
0.1086 0.584967
0.10865 0.576457
0.1087 0.60926
0.10875 0.681276
0.1088 0.605355
0.10885 0.594669
0.1089 0.651517
0.10895 0.597263
0.109 0.590916
0.10905 0.610744
0.1091 0.643697
0.10915 0.602439
0.1092 0.569864
0.10925 0.535058
0.1093 0.635798
0.10935 0.476304
0.1094 0.568326
0.10945 0.557544
0.1095 0.625623
0.10955 0.579811
0.1096 0.544901
0.10965 0.575763
0.1097 0.474967
0.10975 0.558497
0.1098 0.56964
0.10985 0.547828
0.1099 0.609548
0.10995 0.574552
0.11 0.598935
0.11005 0.629957
0.1101 0.539856
0.11015 0.555424
0.1102 0.520298
0.11025 0.511596
0.1103 0.465363
0.11035 0.549339
0.1104 0.478799
0.11045 0.584963
0.1105 0.487859
0.11055 0.549887
0.1106 0.623064
0.11065 0.532504
0.1107 0.534851
0.11075 0.614761
0.1108 0.512985
0.11085 0.482047
0.1109 0.499885
0.11095 0.482227
0.111 0.548943
0.11105 0.560199
0.1111 0.631491
0.11115 0.509391
0.1112 0.585151
0.11125 0.600911
0.1113 0.516477
0.11135 0.558925
0.1114 0.541247
0.11145 0.521315
0.1115 0.519204
0.11155 0.546106
0.1116 0.494889
0.11165 0.550835
0.1117 0.506281
0.11175 0.548871
0.1118 0.555726
0.11185 0.524544
0.1119 0.564968
0.11195 0.491206
0.112 0.511467
0.11205 0.616951
0.1121 0.570052
0.11215 0.496162
0.1122 0.525443
0.11225 0.473907
0.1123 0.512182
0.11235 0.552756
0.1124 0.516918
0.11245 0.532782
0.1125 0.546416
0.11255 0.548808
0.1126 0.632311
0.11265 0.531097
0.1127 0.504163
0.11275 0.479449
0.1128 0.465987
0.11285 0.567665
0.1129 0.540715
0.11295 0.479829
0.113 0.586176
0.11305 0.48456
0.1131 0.507274
0.11315 0.455306
0.1132 0.498399
0.11325 0.530219
0.1133 0.602887
0.11335 0.446583
0.1134 0.526048
0.11345 0.555678
0.1135 0.560366
0.11355 0.521892
0.1136 0.512916
0.11365 0.458448
0.1137 0.476708
0.11375 0.494992
0.1138 0.49053
0.11385 0.536178
0.1139 0.511237
0.11395 0.563783
0.114 0.399703
0.11405 0.433941
0.1141 0.438545
0.11415 0.431735
0.1142 0.445481
0.11425 0.491249
0.1143 0.51192
0.11435 0.528042
0.1144 0.548763
0.11445 0.434401
0.1145 0.542116
0.11455 0.484948
0.1146 0.4621
0.11465 0.47822
0.1147 0.469116
0.11475 0.441632
0.1148 0.499101
0.11485 0.430255
0.1149 0.432588
0.11495 0.407324
0.115 0.582214
0.11505 0.471884
0.1151 0.467348
0.11515 0.506582
0.1152 0.506682
0.11525 0.462968
0.1153 0.543775
0.11535 0.539291
0.1154 0.518638
0.11545 0.444828
0.1155 0.479539
0.11555 0.588279
0.1156 0.482051
0.11565 0.438163
0.1157 0.472928
0.11575 0.472998
0.1158 0.41746
0.11585 0.440662
0.1159 0.477808
0.11595 0.429162
0.116 0.459367
0.11605 0.431561
0.1161 0.526838
0.11615 0.487446
0.1162 0.503803
0.11625 0.462031
0.1163 0.534228
0.11635 0.403982
0.1164 0.497152
0.11645 0.464622
0.1165 0.434381
0.11655 0.511373
0.1166 0.413489
0.11665 0.448517
0.1167 0.439225
0.11675 0.425249
0.1168 0.387885
0.11685 0.481401
0.1169 0.40429
0.11695 0.45344
0.117 0.418377
0.11705 0.427767
0.1171 0.455913
0.11715 0.373927
0.1172 0.418466
0.11725 0.498252
0.1173 0.399768
0.11735 0.46317
0.1174 0.482022
0.11745 0.428048
0.1175 0.411621
0.11755 0.496309
0.1176 0.402277
0.11765 0.496445
0.1177 0.480048
0.11775 0.449494
0.1178 0.473112
0.11785 0.501476
0.1179 0.433157
0.11795 0.503991
0.118 0.402562
0.11805 0.36714
0.1181 0.466364
0.11815 0.43333
0.1182 0.440459
0.11825 0.502015
0.1183 0.40506
0.11835 0.41691
0.1184 0.447727
0.11845 0.457253
0.1185 0.431226
0.11855 0.478698
0.1186 0.433683
0.11865 0.424221
0.1187 0.436122
0.11875 0.426654
0.1188 0.481353
0.11885 0.414843
0.1189 0.407724
0.11895 0.491036
0.119 0.369687
0.11905 0.443509
0.1191 0.422104
0.11915 0.496032
0.1192 0.388793
0.11925 0.443667
0.1193 0.515319
0.11935 0.441393
0.1194 0.482046
0.11945 0.4869
0.1195 0.534798
0.11955 0.398572
0.1196 0.427292
0.11965 0.41535
0.1197 0.432133
0.11975 0.412997
0.1198 0.456159
0.11985 0.439425
0.1199 0.410675
0.11995 0.461089
0.12 0.434734
0.12005 0.393934
0.1201 0.432382
0.12015 0.461262
0.1202 0.408408
0.12025 0.495036
0.1203 0.413282
0.12035 0.439786
0.1204 0.439824
0.12045 0.386842
0.1205 0.394069
0.12055 0.362713
0.1206 0.420599
0.12065 0.456831
0.1207 0.355453
0.12075 0.398909
0.1208 0.389245
0.12085 0.444855
0.1209 0.466668
0.12095 0.379608
0.121 0.425595
0.12105 0.413511
0.1211 0.432911
0.12115 0.386887
0.1212 0.428106
0.12125 0.471802
0.1213 0.42818
0.12135 0.4015
0.1214 0.450086
0.12145 0.403962
0.1215 0.384522
0.12155 0.479362
0.1216 0.406442
0.12165 0.474604
0.1217 0.43084
0.12175 0.360226
0.1218 0.438182
0.12185 0.348012
0.1219 0.374803
0.12195 0.330867
0.122 0.411368
0.12205 0.399172
0.1221 0.433378
0.12215 0.401638
0.1222 0.369859
0.12225 0.443219
0.1223 0.411448
0.12235 0.435942
0.1224 0.448221
0.12245 0.411515
0.1225 0.369862
0.12255 0.42869
0.1226 0.460607
0.12265 0.352685
0.1227 0.438576
0.12275 0.426332
0.1228 0.477955
0.12285 0.342833
0.1229 0.362463
0.12295 0.443617
0.123 0.374749
0.12305 0.391967
0.1231 0.419058
0.12315 0.40183
0.1232 0.431416
0.12325 0.431446
0.1233 0.409273
0.12335 0.406817
0.1234 0.438924
0.12345 0.36733
0.1235 0.354953
0.12355 0.345033
0.1236 0.44144
0.12365 0.43653
0.1237 0.394489
0.12375 0.354873
0.1238 0.369703
0.12385 0.374639
0.1239 0.444035
0.12395 0.434155
0.124 0.39201
0.12405 0.379598
0.1241 0.369654
0.12415 0.387022
0.1242 0.401926
0.12425 0.391988
0.1243 0.434265
0.12435 0.394489
0.1244 0.481604
0.12445 0.421914
0.1245 0.349697
0.12455 0.404485
0.1246 0.389535
0.12465 0.357109
0.1247 0.416959
0.12475 0.441937
0.1248 0.374556
0.12485 0.367046
0.1249 0.339535
0.12495 0.356991
0.125 0.399478
0.12505 0.374462
0.1251 0.39447
0.12515 0.361918
0.1252 0.454577
0.12525 0.412023
0.1253 0.374432
0.12535 0.427084
0.1254 0.394493
0.12545 0.366883
0.1255 0.36435
0.12555 0.399494
0.1256 0.404524
0.12565 0.311514
0.1257 0.374323
0.12575 0.439723
0.1258 0.351664
0.12585 0.407026
0.1259 0.424669
0.12595 0.422173
0.126 0.326397
0.12605 0.394437
0.1261 0.402006
0.12615 0.336388
0.1262 0.401992
0.12625 0.399472
0.1263 0.346409
0.12635 0.399459
0.1264 0.379231
0.12645 0.351389
0.1265 0.376665
0.12655 0.407035
0.1266 0.414644
0.12665 0.422262
0.1267 0.277789
0.12675 0.303057
0.1268 0.361336
0.12685 0.343544
0.1269 0.401901
0.12695 0.409527
0.127 0.328227
0.12705 0.429855
0.1271 0.368851
0.12715 0.353567
0.1272 0.37135
0.12725 0.419706
0.1273 0.358598
0.12735 0.34583
0.1274 0.366184
0.12745 0.345762
0.1275 0.391642
0.12755 0.358464
0.1276 0.376307
0.12765 0.343091
0.1277 0.394151
0.12775 0.366035
0.1278 0.44528
0.12785 0.358348
0.1279 0.399264
0.12795 0.322468
0.128 0.373632
0.12805 0.396674
0.1281 0.347979
0.12815 0.371019
0.1282 0.350481
0.12825 0.337617
0.1283 0.345274
0.12835 0.334964
0.1284 0.352901
0.12845 0.352869
0.1285 0.324556
0.12855 0.381086
0.1286 0.381076
0.12865 0.347604
0.1287 0.388768
0.12875 0.381036
0.1288 0.368141
0.12885 0.370699
0.1289 0.417103
0.12895 0.391321
0.129 0.383576
0.12905 0.388732
0.1291 0.388728
0.12915 0.34738
0.1292 0.344759
0.12925 0.455919
0.1293 0.334378
0.12935 0.33692
0.1294 0.349821
0.12945 0.398997
0.1295 0.411956
0.12955 0.36013
0.1296 0.347139
0.12965 0.380825
0.1297 0.36784
0.12975 0.388588
0.1298 0.380793
0.12985 0.424949
0.1299 0.349602
0.12995 0.336568
0.13 0.370337
0.13005 0.313075
0.1301 0.349455
0.13015 0.370253
0.1302 0.27906
0.13025 0.367576
0.1303 0.310202
0.13035 0.35969
0.1304 0.336183
0.13045 0.403999
0.1305 0.299567
0.13055 0.398751
0.1306 0.354334
0.13065 0.40397
0.1307 0.338603
0.13075 0.349025
0.1308 0.359459
0.13085 0.422265
0.1309 0.377764
0.13095 0.327972
0.131 0.414415
0.13105 0.343637
0.1311 0.312123
0.13115 0.411773
0.1312 0.348787
0.13125 0.314615
0.1313 0.359214
0.13135 0.332908
0.1314 0.385442
0.13145 0.422256
0.1315 0.361765
0.13155 0.327525
0.1316 0.377502
0.13165 0.432804
0.1317 0.395944
0.13175 0.359042
0.1318 0.340557
0.13185 0.406467
0.1319 0.430228
0.13195 0.380096
0.132 0.372163
0.13205 0.306097
0.1321 0.356248
0.13215 0.4091
0.1322 0.361502
0.13225 0.271514
0.1323 0.353479
0.13235 0.329617
0.1324 0.366655
0.13245 0.305685
0.1325 0.337431
0.13255 0.334737
0.1326 0.286939
0.13265 0.379749
0.1327 0.355844
0.13275 0.27348
0.1328 0.350443
0.13285 0.406229
0.1329 0.339764
0.13295 0.337064
0.133 0.352988
0.13305 0.411522
0.1331 0.358276
0.13315 0.336938
0.1332 0.344891
0.13325 0.299533
0.1333 0.374139
0.13335 0.358117
0.1334 0.355422
0.13345 0.312674
0.1335 0.352679
0.13355 0.355321
0.1336 0.341928
0.13365 0.320498
0.1337 0.398019
0.13375 0.363235
0.1338 0.384629
0.13385 0.352487
0.1339 0.347099
0.13395 0.400665
0.134 0.406033
0.13405 0.363131
0.1341 0.419452
0.13415 0.379212
0.1342 0.336242
0.13425 0.328142
0.1343 0.287789
0.13435 0.360287
0.1344 0.330684
0.13445 0.387128
0.1345 0.335995
0.13455 0.381717
0.1346 0.370937
0.13465 0.381697
0.1347 0.341264
0.13475 0.349314
0.1348 0.370858
0.13485 0.357352
0.1349 0.300647
0.13495 0.343779
0.135 0.346444
0.13505 0.338304
0.1351 0.351779
0.13515 0.408533
0.1352 0.332805
0.13525 0.346291
0.1353 0.311066
0.13535 0.343502
0.1354 0.411191
0.13545 0.416625
0.1355 0.302781
0.13555 0.389499
0.1356 0.362367
0.13565 0.351489
0.1357 0.337884
0.13575 0.362288
0.1358 0.329662
0.13585 0.345924
0.1359 0.280634
0.13595 0.359432
0.136 0.302267
0.13605 0.315811
0.1361 0.313032
0.13615 0.332042
0.1362 0.258423
0.13625 0.326475
0.1363 0.361878
0.13635 0.258192
0.1364 0.35088
0.13645 0.32355
0.1365 0.331693
0.13655 0.312525
0.1366 0.301535
0.13665 0.276863
0.1367 0.287719
0.13675 0.287643
0.1368 0.358729
0.13685 0.323111
0.1369 0.306627
0.13695 0.323005
0.137 0.339401
0.13705 0.325653
0.1371 0.380465
0.13715 0.361249
0.1372 0.309072
0.13725 0.339218
0.1373 0.292481
0.13735 0.339125
0.1374 0.322593
0.13745 0.358293
0.1375 0.33351
0.13755 0.333468
0.1376 0.341685
0.13765 0.355419
0.1377 0.349883
0.13775 0.341585
0.1378 0.355334
0.13785 0.377372
0.1379 0.302869
0.13795 0.264165
0.138 0.31101
0.13805 0.310952
0.1381 0.349576
0.13815 0.355074
0.1382 0.335693
0.13825 0.355015
0.1383 0.294115
0.13835 0.327261
0.1384 0.329984
0.13845 0.36872
0.1385 0.293887
0.13855 0.343713
0.1386 0.271581
0.13865 0.371359
0.1387 0.34637
0.13875 0.285266
0.1388 0.343507
0.13885 0.343473
0.1389 0.326765
0.13895 0.304479
0.139 0.298855
0.13905 0.343301
0.1391 0.354399
0.13915 0.293125
0.1392 0.3404
0.13925 0.34315
0.1393 0.32082
0.13935 0.295678
0.1394 0.309555
0.13945 0.337397
0.1395 0.317822
0.13955 0.284266
0.1396 0.362394
0.13965 0.203116
0.1397 0.323167
0.13975 0.264403
0.1398 0.348223
0.13985 0.356587
0.1399 0.353764
0.13995 0.378938
0.14 0.26689
0.14005 0.303228
0.1401 0.339605
0.14015 0.277881
0.1402 0.291826
0.14025 0.347876
0.1403 0.283285
0.14035 0.350601
0.1404 0.367427
0.14045 0.330881
0.1405 0.308351
0.14055 0.387029
0.1406 0.327954
0.14065 0.350422
0.1407 0.310984
0.14075 0.2884
0.1408 0.310864
0.14085 0.338988
0.1409 0.324857
0.14095 0.293791
0.141 0.395279
0.14105 0.350131
0.1411 0.31905
0.14115 0.30488
0.1412 0.285045
0.14125 0.352795
0.1413 0.378212
0.14135 0.352752
0.1414 0.282001
0.14145 0.321545
0.1415 0.32999
0.14155 0.259148
0.1416 0.332714
0.14165 0.284496
0.1417 0.426172
0.14175 0.321266
0.1418 0.360936
0.14185 0.352402
0.1419 0.358054
0.14195 0.306912
0.142 0.301172
0.14205 0.318162
0.1421 0.289682
0.14215 0.32374
0.1422 0.300934
0.14225 0.315102
0.1423 0.332132
0.14235 0.323548
0.1424 0.369086
0.14245 0.297822
0.1425 0.300609
0.14255 0.340475
0.1426 0.309058
0.14265 0.249068
0.1427 0.331765
0.14275 0.288885
0.1428 0.300243
0.14285 0.323045
0.1429 0.363025
0.14295 0.277207
0.143 0.300017
0.14305 0.388677
0.1431 0.319965
0.14315 0.305597
0.1432 0.296944
0.14325 0.288282
0.1433 0.319749
0.14335 0.331173
0.1434 0.371299
0.14345 0.313887
0.1435 0.316706
0.14355 0.35112
0.1436 0.336729
0.14365 0.351063
0.1437 0.279162
0.14375 0.264706
0.1438 0.310652
0.14385 0.319232
0.1439 0.293273
0.14395 0.284567
0.144 0.344996
0.14405 0.275798
0.1441 0.313199
0.14415 0.298727
0.1442 0.367905
0.14425 0.336145
0.1443 0.284143
0.14435 0.344719
0.1444 0.292687
0.14445 0.309961
0.1445 0.327253
0.14455 0.292507
0.1446 0.33005
0.14465 0.303964
0.1447 0.318381
0.14475 0.292269
0.1448 0.26613
0.14485 0.280536
0.1449 0.326846
0.14495 0.338404
0.145 0.283251
0.14505 0.288983
0.1451 0.317945
0.14515 0.320801
0.1452 0.373045
0.14525 0.323633
0.1453 0.326496
0.14535 0.31773
0.1454 0.329318
0.14545 0.305998
0.1455 0.346696
0.14555 0.230188
0.1456 0.279601
0.14565 0.326151
0.1457 0.302789
0.14575 0.296899
0.1458 0.32309
0.14585 0.28803
0.1459 0.261691
0.14595 0.322925
0.146 0.29075
0.14605 0.319904
0.1461 0.325704
0.14615 0.305194
0.1462 0.258338
0.14625 0.290436
0.1463 0.302078
0.14635 0.293236
0.1464 0.354681
0.14645 0.342939
0.1465 0.28722
0.14655 0.26956
0.1466 0.287078
0.14665 0.298746
0.1467 0.284011
0.14675 0.327981
0.1468 0.28976
0.14685 0.298508
0.1469 0.248485
0.14695 0.342471
0.147 0.330677
0.14705 0.274741
0.1471 0.286437
0.14715 0.359969
0.1472 0.268656
0.14725 0.321604
0.1473 0.318613
0.14735 0.277295
0.1474 0.318507
0.14745 0.347961
0.1475 0.271209
0.14755 0.271131
0.1476 0.312395
0.14765 0.303483
0.1477 0.321157
0.14775 0.267905
0.1478 0.321051
0.14785 0.315091
0.1479 0.312084
0.14795 0.258754
0.148 0.273473
0.14805 0.314865
0.1481 0.291113
0.14815 0.341437
0.1482 0.362162
0.14825 0.323588
0.1483 0.290909
0.14835 0.356141
0.1484 0.305648
0.14845 0.332324
0.1485 0.320404
0.14855 0.356024
0.1486 0.323301
0.14865 0.293519
0.1487 0.355932
0.14875 0.317224
0.1488 0.299316
0.14885 0.287346
0.1489 0.34686
0.14895 0.269354
0.149 0.290143
0.14905 0.299025
0.1491 0.269137
0.14915 0.269059
0.1492 0.319726
0.14925 0.280864
0.1493 0.292742
0.14935 0.265788
0.1494 0.268697
0.14945 0.316459
0.1495 0.271548
0.14955 0.322336
0.1496 0.331273
0.14965 0.253393
0.1497 0.3162
0.14975 0.298178
0.1498 0.283135
0.14985 0.355019
0.1499 0.259031
0.14995 0.300947
0.15 0.312895
0.15005 0.261813
0.1501 0.285755
0.15015 0.339761
0.1502 0.324706
0.15025 0.2916
0.1503 0.351678
0.15035 0.282472
0.1504 0.32453
0.15045 0.30944
0.1505 0.312401
0.15055 0.300305
0.1506 0.267106
0.15065 0.242916
0.1507 0.318197
0.15075 0.303073
0.1508 0.31207
0.15085 0.266752
0.1509 0.245541
0.15095 0.266589
0.151 0.26349
0.15105 0.269454
0.1511 0.299608
0.15115 0.39632
0.1512 0.284403
0.15125 0.317623
0.1513 0.293363
0.15135 0.317527
0.1514 0.347773
0.15145 0.296239
0.1515 0.271933
0.15155 0.308243
0.1516 0.283929
0.15165 0.286897
0.1517 0.344498
0.15175 0.36876
0.1518 0.36875
0.15185 0.356588
0.1519 0.271478
0.15195 0.289644
0.152 0.271336
0.15205 0.32906
0.1521 0.252949
0.15215 0.368535
0.1522 0.34721
0.15225 0.316726
0.1523 0.264883
0.15235 0.286141
0.1524 0.319616
0.15245 0.249424
0.1525 0.282897
0.15255 0.328611
0.1526 0.328575
0.15265 0.297999
0.1527 0.252118
0.15275 0.282592
0.1528 0.264184
0.15285 0.294686
0.1529 0.264038
0.15295 0.27926
0.153 0.257765
0.15305 0.263807
0.1531 0.349493
0.15315 0.202399
0.1532 0.300361
0.15325 0.248185
0.1533 0.297169
0.15335 0.303249
0.1534 0.290921
0.15345 0.312351
0.1535 0.281595
0.15355 0.315321
0.1536 0.382883
0.15365 0.315255
0.1537 0.272161
0.15375 0.250557
0.1538 0.281241
0.15385 0.302721
0.1539 0.293432
0.15395 0.268734
0.154 0.274822
0.15405 0.327146
0.1541 0.293197
0.15415 0.290055
0.1542 0.31159
0.15425 0.234394
0.1543 0.292951
0.15435 0.317597
0.1544 0.326822
0.15445 0.286616
0.1545 0.255644
0.15455 0.255562
0.1546 0.249294
0.15465 0.286336
0.1547 0.280084
0.15475 0.314074
0.1548 0.25209
0.15485 0.255104
0.1549 0.282913
0.15495 0.289049
0.155 0.288989
0.15505 0.285827
0.1551 0.264044
0.15515 0.285696
0.1552 0.291844
0.15525 0.266938
0.1553 0.266864
0.15535 0.279222
0.1554 0.300919
0.15545 0.260437
0.1555 0.285247
0.15555 0.272737
0.1556 0.278893
0.15565 0.294397
0.1557 0.272536
0.15575 0.28493
0.1558 0.225645
0.15585 0.275433
0.1559 0.309674
0.15595 0.240988
0.156 0.234656
0.15605 0.381296
0.1561 0.275114
0.15615 0.30941
0.1562 0.218739
0.15625 0.259273
0.1563 0.290465
0.15635 0.249743
0.1564 0.274691
0.15645 0.277753
0.1565 0.280818
0.15655 0.252566
0.1566 0.236819
0.15665 0.258665
0.1567 0.315017
0.15675 0.255391
0.1568 0.330599
0.15685 0.255255
0.1569 0.292843
0.15695 0.299067
0.157 0.317861
0.15705 0.302111
0.1571 0.352349
0.15715 0.267443
0.1572 0.261081
0.15725 0.308195
0.1573 0.371089
0.15735 0.267199
0.1574 0.22619
0.15745 0.257592
0.1575 0.248061
0.15755 0.301561
0.1576 0.282593
0.15765 0.276223
0.1577 0.282467
0.15775 0.269781
0.1578 0.257083
0.15785 0.288585
0.1579 0.24746
0.15795 0.285296
0.158 0.250465
0.15805 0.278841
0.1581 0.335711
0.15815 0.291387
0.1582 0.269176
0.15825 0.221616
0.1583 0.262687
0.15835 0.275285
0.1584 0.256205
0.15845 0.373417
0.1585 0.290967
0.15855 0.256019
0.1586 0.332093
0.15865 0.268583
0.1587 0.281213
0.15875 0.258919
0.1588 0.268374
0.15885 0.312796
0.1589 0.290501
0.15895 0.284085
0.159 0.252215
0.15905 0.293501
0.1591 0.20114
0.15915 0.261524
0.1592 0.29967
0.15925 0.293248
0.1593 0.299568
0.15935 0.274014
0.1594 0.324972
0.15945 0.248378
0.1595 0.302543
0.15955 0.292919
0.1596 0.289672
0.15965 0.27684
0.1597 0.273581
0.15975 0.267123
0.1598 0.286235
0.15985 0.356533
0.1599 0.218962
0.15995 0.247662
0.16 0.27959
0.16005 0.225094
0.1601 0.279449
0.16015 0.272979
0.1602 0.288938
0.16025 0.304912
0.1603 0.272796
0.16035 0.324058
0.1604 0.327233
0.16045 0.256581
0.1605 0.30467
0.16055 0.2982
0.1606 0.253168
0.16065 0.323798
0.1607 0.326979
0.16075 0.256195
0.1608 0.278638
0.16085 0.317192
0.1609 0.252774
0.16095 0.268796
0.161 0.265507
0.16105 0.316989
0.1611 0.255714
0.16115 0.242742
0.1612 0.291033
0.16125 0.284527
0.1613 0.290923
0.16135 0.284413
0.1614 0.252065
0.16145 0.255217
0.1615 0.258372
0.16155 0.22921
0.1616 0.277613
0.16165 0.248445
0.1617 0.222485
0.16175 0.319469
0.1618 0.303248
0.16185 0.248156
0.1619 0.290183
0.16195 0.260969
0.162 0.30303
0.16205 0.290016
0.1621 0.270504
0.16215 0.205558
0.1622 0.299557
0.16225 0.283279
0.1623 0.266986
0.16235 0.32863
0.1624 0.29611
0.16245 0.23431
0.1625 0.253728
0.16255 0.26666
0.1626 0.260086
0.16265 0.269776
0.1627 0.28924
0.16275 0.292442
0.1628 0.266334
0.16285 0.266266
0.1629 0.249903
0.16295 0.331325
0.163 0.279121
0.16305 0.308419
0.1631 0.314903
0.16315 0.305073
0.1632 0.259319
0.16325 0.295173
0.1633 0.249385
0.16335 0.239503
0.1634 0.265571
0.16345 0.252423
0.1635 0.275244
0.16355 0.265366
0.1636 0.284936
0.16365 0.28488
0.1637 0.248799
0.16375 0.294585
0.1638 0.271596
0.16385 0.27481
0.1639 0.314096
0.16395 0.281258
0.164 0.320572
0.16405 0.327102
0.1641 0.235148
0.16415 0.27447
0.1642 0.313828
0.16425 0.284216
0.1643 0.372909
0.16435 0.307147
0.1644 0.234747
0.16445 0.254401
0.1645 0.287237
0.16455 0.221343
0.1646 0.290402
0.16465 0.231058
0.1647 0.27051
0.16475 0.253966
0.1648 0.286862
0.16485 0.319788
0.1649 0.286764
0.16495 0.29661
0.165 0.280057
0.16505 0.286603
0.1651 0.227095
0.16515 0.306301
0.1652 0.302954
0.16525 0.26985
0.1653 0.259865
0.16535 0.325955
0.1654 0.30938
0.16545 0.26631
0.1655 0.269555
0.16555 0.269491
0.1656 0.249549
0.16565 0.315753
0.1657 0.259362
0.16575 0.28582
0.1658 0.295717
0.16585 0.279079
0.1659 0.229236
0.16595 0.288908
0.166 0.315424
0.16605 0.282168
0.1661 0.305373
0.16615 0.265443
0.1662 0.262052
0.16625 0.321852
0.1663 0.245299
0.16635 0.298469
0.1664 0.288436
0.16645 0.305034
0.1665 0.255027
0.16655 0.241627
0.1666 0.324872
0.16665 0.301504
0.1667 0.26144
0.16675 0.264708
0.1668 0.267979
0.16685 0.271253
0.1669 0.251157
0.16695 0.271123
0.167 0.307812
0.16705 0.301088
0.1671 0.331131
0.16715 0.270913
0.1672 0.310991
0.16725 0.297569
0.1673 0.254012
0.16735 0.257288
0.1674 0.297406
0.16745 0.27726
0.1675 0.267149
0.16755 0.320717
0.1676 0.300567
0.16765 0.307231
0.1677 0.297126
0.16775 0.260164
0.1678 0.253382
0.16785 0.246594
0.1679 0.236441
0.16795 0.273319
0.168 0.253093
0.16805 0.300089
0.1681 0.289956
0.16815 0.303362
0.1682 0.347065
0.16825 0.252801
0.1683 0.252729
0.16835 0.252657
0.1684 0.225633
0.16845 0.225545
0.1685 0.259167
0.16855 0.316423
0.1686 0.255675
0.16865 0.242109
0.1687 0.309531
0.16875 0.241973
0.1688 0.248649
0.16885 0.306001
0.1689 0.24176
0.16895 0.272102
0.169 0.258518
0.16905 0.278742
0.1691 0.268537
0.16915 0.285395
0.1692 0.268418
0.16925 0.268356
0.1693 0.278455
0.16935 0.237743
0.1694 0.244441
0.16945 0.268095
0.1695 0.301943
0.16955 0.264589
0.1696 0.271311
0.16965 0.325555
0.1697 0.233862
0.16975 0.3017
0.1698 0.271085
0.16985 0.264229
0.1699 0.175791
0.16995 0.236875
0.17 0.325221
0.17005 0.280967
0.1701 0.267301
0.17015 0.260431
0.1702 0.24334
0.17025 0.2637
0.1703 0.321555
0.17035 0.232917
0.1704 0.290788
0.17045 0.21572
0.1705 0.25656
0.17055 0.283788
0.1706 0.321279
0.17065 0.290523
0.1707 0.28023
0.17075 0.266512
0.1708 0.286952
0.17085 0.228796
0.1709 0.290254
0.17095 0.286786
0.171 0.252526
0.17105 0.296942
0.1711 0.248976
0.17115 0.276296
0.1712 0.293365
0.17125 0.320727
0.1713 0.24873
0.17135 0.231518
0.1714 0.228007
0.17145 0.279373
0.1715 0.217561
0.17155 0.275815
0.1716 0.286058
0.17165 0.258536
0.1717 0.261905
0.17175 0.292765
0.1718 0.241164
0.17185 0.247964
0.1719 0.28916
0.17195 0.258152
0.172 0.233999
0.17205 0.288991
0.1721 0.271728
0.17215 0.261338
0.1722 0.264719
0.17225 0.312901
0.1723 0.330102
0.17235 0.25767
0.1724 0.223114
0.17245 0.281678
0.1725 0.257469
0.17255 0.253951
0.1726 0.264242
0.17265 0.215824
0.1727 0.281379
0.17275 0.277871
0.1728 0.284731
0.17285 0.232811
0.1729 0.253485
0.17295 0.256877
0.173 0.270655
0.17305 0.322527
0.1731 0.239387
0.17315 0.270487
0.1732 0.277359
0.17325 0.298101
0.1733 0.232186
0.17335 0.266786
0.1734 0.249381
0.17345 0.249311
0.1735 0.266596
0.17355 0.231816
0.1736 0.249101
0.17365 0.252505
0.1737 0.259387
0.17375 0.207183
0.1738 0.224474
0.17385 0.269604
0.1739 0.248672
0.17395 0.269482
0.174 0.248538
0.17405 0.248468
0.1741 0.237949
0.17415 0.286649
0.1742 0.331906
0.17425 0.258678
0.1743 0.237692
0.17435 0.23064
0.1744 0.244516
0.17445 0.251424
0.1745 0.282775
0.17455 0.272249
0.1746 0.247742
0.17465 0.23719
0.1747 0.237114
0.17475 0.285982
0.1748 0.299922
0.17485 0.208934
0.1749 0.198345
0.17495 0.299747
0.175 0.247192
0.17505 0.292648
0.1751 0.243562
0.17515 0.268018
0.1752 0.215385
0.17525 0.229321
0.1753 0.243269
0.17535 0.267753
0.1754 0.274713
0.17545 0.267639
0.1755 0.257048
0.17555 0.21484
0.1756 0.285012
0.17565 0.190086
0.1757 0.214589
0.17575 0.263725
0.1758 0.334005
0.17585 0.235481
0.1759 0.291709
0.17595 0.242385
0.176 0.330338
0.17605 0.217612
0.1761 0.242187
0.17615 0.270307
0.1762 0.242051
0.17625 0.196141
0.1763 0.308907
0.17635 0.277121
0.1764 0.280598
0.17645 0.255838
0.1765 0.266367
0.17655 0.227457
0.1766 0.269773
0.17665 0.216707
0.1767 0.304996
0.17675 0.258992
0.1768 0.237708
0.17685 0.301318
0.1769 0.322514
0.17695 0.216288
0.177 0.265776
0.17705 0.26926
0.1771 0.286919
0.17715 0.279785
0.1772 0.24074
0.17725 0.23003
0.1773 0.222858
0.17735 0.279544
0.1774 0.265298
0.17745 0.21554
0.1775 0.243862
0.17755 0.250896
0.1776 0.218853
0.17765 0.232985
0.1777 0.211579
0.17775 0.243495
0.1778 0.29678
0.17785 0.275392
0.1779 0.250427
0.17795 0.261041
0.178 0.278786
0.17805 0.221744
0.1781 0.27867
0.17815 0.232288
0.1782 0.267862
0.17825 0.26424
0.1783 0.246347
0.17835 0.271255
0.1784 0.299753
0.17845 0.264015
0.1785 0.228247
0.17855 0.288893
0.1786 0.220962
0.17865 0.22088
0.1787 0.277998
0.17875 0.281524
0.1788 0.260014
0.17885 0.238486
0.1789 0.25273
0.17895 0.252666
0.179 0.184563
0.17905 0.241773
0.1791 0.277533
0.17915 0.245227
0.1792 0.237989
0.17925 0.280949
0.1793 0.284488
0.17935 0.237798
0.1794 0.291561
0.17945 0.219719
0.1795 0.241183
0.17955 0.241113
0.1796 0.269787
0.17965 0.298485
0.1797 0.258902
0.17975 0.30559
0.1798 0.222825
0.17985 0.273117
0.1799 0.233476
0.17995 0.265802
0.18 0.269347
0.18005 0.218865
0.1801 0.269225
0.18015 0.330439
0.1802 0.215059
0.18025 0.251035
0.1803 0.236543
0.18035 0.261727
0.1804 0.25806
0.18045 0.24717
0.1805 0.322935
0.18055 0.250671
0.1806 0.21809
0.18065 0.19271
0.1807 0.282989
0.18075 0.301023
0.1808 0.250349
0.18085 0.210487
0.1809 0.282781
0.18095 0.268255
0.181 0.26458
0.18105 0.231926
0.1811 0.224606
0.18115 0.260768
0.1812 0.271585
0.18125 0.257029
0.1813 0.246088
0.18135 0.275046
0.1814 0.256851
0.18145 0.249531
0.1815 0.282146
0.18155 0.238516
0.1816 0.271143
0.18165 0.263823
0.1817 0.252862
0.18175 0.303704
0.1818 0.256389
0.18185 0.241777
0.1819 0.223514
0.18195 0.219796
0.182 0.230639
0.18205 0.230565
0.1821 0.230491
0.18215 0.244993
0.1822 0.252217
0.18225 0.248509
0.1823 0.259386
0.18235 0.332288
0.1824 0.233747
0.18245 0.237325
0.1825 0.244557
0.18255 0.237187
0.1826 0.255382
0.18265 0.229744
0.1827 0.240635
0.18275 0.266159
0.1828 0.240506
0.18285 0.269702
0.1829 0.255014
0.18295 0.258614
0.183 0.2732
0.18305 0.240192
0.1831 0.229135
0.18315 0.229061
0.1832 0.283962
0.18325 0.25459
0.1833 0.236195
0.18335 0.258133
0.1834 0.258075
0.18345 0.250677
0.1835 0.302009
0.18355 0.195487
0.1836 0.246817
0.18365 0.206339
0.1837 0.254028
0.18375 0.228236
0.1838 0.253901
0.18385 0.242807
0.1839 0.235383
0.18395 0.279473
0.184 0.286789
0.18405 0.257291
0.1841 0.260916
0.18415 0.286648
0.1842 0.268181
0.18425 0.316047
0.1843 0.253342
0.18435 0.249594
0.1844 0.234776
0.18445 0.231016
0.1845 0.267854
0.18455 0.260418
0.1846 0.201274
0.18465 0.29723
0.1847 0.300889
0.18475 0.289767
0.1848 0.234272
0.18485 0.29337
0.1849 0.293332
0.18495 0.278494
0.185 0.24884
0.18505 0.222864
0.1851 0.189461
0.18515 0.211591
0.1852 0.248559
0.18525 0.252203
0.1853 0.229901
0.18535 0.248369
0.1854 0.192672
0.18545 0.2742
0.1855 0.251886
0.18555 0.27781
0.1856 0.270338
0.18565 0.24429
0.1857 0.218221
0.18575 0.303611
0.1858 0.255258
0.18585 0.307252
0.1859 0.27747
0.18595 0.258824
0.186 0.255047
0.18605 0.221491
0.1861 0.236307
0.18615 0.191551
0.1862 0.247334
0.18625 0.243546
0.1863 0.254663
0.18635 0.191229
0.1864 0.265717
0.18645 0.269395
0.1865 0.284269
0.18655 0.317815
0.1866 0.220733
0.18665 0.205721
0.1867 0.272867
0.18675 0.284027
0.1868 0.321355
0.18685 0.272739
0.1869 0.23904
0.18695 0.283854
0.187 0.220215
0.18705 0.238849
0.1871 0.306157
0.18715 0.268687
0.1872 0.231187
0.18725 0.294799
0.1873 0.219823
0.18735 0.238487
0.1874 0.257166
0.18745 0.25711
0.1875 0.272058
0.18755 0.249498
0.1876 0.271956
0.18765 0.268154
0.1877 0.249329
0.18775 0.268049
0.1878 0.245457
0.18785 0.234121
0.1879 0.222776
0.18795 0.226462
0.188 0.260239
0.18805 0.275233
0.1881 0.222505
0.18815 0.271363
0.1882 0.27508
0.18825 0.31646
0.1883 0.320203
0.18835 0.282501
0.1884 0.225924
0.18845 0.229622
0.1885 0.29743
0.18855 0.240816
0.1886 0.278482
0.18865 0.244472
0.1887 0.240635
0.18875 0.240571
0.1888 0.229176
0.18885 0.244218
0.1889 0.297062
0.18895 0.244108
0.189 0.278075
0.18905 0.296941
0.1891 0.251511
0.18915 0.281725
0.1892 0.262758
0.18925 0.281636
0.1893 0.205854
0.18935 0.258804
0.1894 0.262539
0.18945 0.228377
0.1895 0.197979
0.18955 0.266149
0.1896 0.247134
0.18965 0.277426
0.1897 0.224252
0.18975 0.239364
0.1898 0.273473
0.18985 0.254437
0.1899 0.239185
0.18995 0.280921
0.19 0.223864
0.19005 0.269416
0.1901 0.273171
0.19015 0.235085
0.1902 0.238824
0.19025 0.253984
0.1903 0.204437
0.19035 0.280515
0.1904 0.307136
0.19045 0.310918
0.1905 0.276593
0.19055 0.200309
0.1906 0.211664
0.19065 0.211586
0.1907 0.257288
0.19075 0.211442
0.1908 0.234266
0.19085 0.264744
0.1909 0.222685
0.19095 0.256993
0.191 0.214908
0.19105 0.26834
0.1911 0.275938
0.19115 0.287366
0.1912 0.241428
0.19125 0.241366
0.1913 0.268093
0.19135 0.241249
0.1914 0.218213
0.19145 0.252609
0.1915 0.206581
0.19155 0.279309
0.1916 0.214106
0.19165 0.206362
0.1917 0.256137
0.19175 0.267591
0.1918 0.236847
0.19185 0.275163
0.1919 0.255924
0.19195 0.26355
0.192 0.221249
0.19205 0.271123
0.1921 0.278763
0.19215 0.247969
0.1922 0.255601
0.19225 0.255547
0.1923 0.228564
0.19235 0.243888
0.1924 0.220734
0.19245 0.205262
0.1925 0.201331
0.19255 0.212805
0.1926 0.255112
0.19265 0.262766
0.1927 0.224166
0.19275 0.243376
0.1928 0.239459
0.19285 0.281835
0.1929 0.293372
0.19295 0.192978
0.193 0.270112
0.19305 0.262342
0.1931 0.188895
0.19315 0.258359
0.1932 0.273767
0.19325 0.250527
0.1933 0.231136
0.19335 0.277486
0.1934 0.242623
0.19345 0.215473
0.1935 0.250238
0.19355 0.22695
0.1936 0.246247
0.19365 0.191953
0.1937 0.234492
0.19375 0.28094
0.1938 0.238253
0.19385 0.280849
0.1939 0.203229
0.19395 0.241949
0.194 0.241889
0.19405 0.261239
0.1941 0.24954
0.19415 0.22618
0.1942 0.249422
0.19425 0.237708
0.1943 0.175454
0.19435 0.21424
0.1944 0.245278
0.19445 0.26078
0.1945 0.326877
0.19455 0.229561
0.1946 0.268425
0.19465 0.241121
0.1947 0.209901
0.19475 0.233201
0.1948 0.287695
0.19485 0.182413
0.1949 0.260303
0.19495 0.225153
0.195 0.264095
0.19505 0.267949
0.1951 0.221067
0.19515 0.263941
0.1952 0.197508
0.19525 0.295076
0.1953 0.283323
0.19535 0.252021
0.1954 0.283239
0.19545 0.181541
0.1955 0.236205
0.19555 0.220495
0.1956 0.247816
0.19565 0.259502
0.1957 0.239877
0.19575 0.298557
0.1958 0.298527
0.19585 0.274989
0.1959 0.271028
0.19595 0.255304
0.196 0.227805
0.19605 0.192441
0.1961 0.215895
0.19615 0.290379
0.1962 0.243245
0.19625 0.235335
0.1963 0.258835
0.19635 0.227361
0.1964 0.199792
0.19645 0.274382
0.1965 0.223237
0.19655 0.199577
0.1966 0.246693
0.19665 0.223033
0.1967 0.222965
0.19675 0.215025
0.1968 0.238575
0.19685 0.230639
0.1969 0.277843
0.19695 0.309323
0.197 0.250184
0.19705 0.25013
0.1971 0.24219
0.19715 0.21058
0.1972 0.253901
0.19725 0.234119
0.1973 0.214322
0.19735 0.222146
0.1974 0.257619
0.19745 0.253619
0.1975 0.237763
0.19755 0.277223
0.1976 0.182311
0.19765 0.217809
0.1977 0.253334
0.19775 0.257238
0.1978 0.229489
0.19785 0.316501
0.1979 0.237301
0.19795 0.241201
0.198 0.209455
0.19805 0.205419
0.1981 0.268751
0.19815 0.233031
0.1982 0.209179
0.19825 0.221003
0.1983 0.252671
0.19835 0.288331
0.1984 0.304173
0.19845 0.212837
0.1985 0.208794
0.19855 0.24844
0.1986 0.228521
0.19865 0.224483
0.1987 0.212492
0.19875 0.240252
0.1988 0.236217
0.19885 0.220245
0.1989 0.271904
0.19895 0.295742
0.199 0.283769
0.19905 0.247895
0.1991 0.263773
0.19915 0.267711
0.1992 0.243757
0.19925 0.291533
0.1993 0.263592
0.19935 0.251582
0.1994 0.235574
0.19945 0.283394
0.1995 0.295331
0.19955 0.235421
0.1996 0.267305
0.19965 0.267261
0.1997 0.235257
0.19975 0.319113
0.1998 0.223167
0.19985 0.223101
0.1999 0.259026
