0.505631 -0.0250000004 0.0339556233 -0.00848620331 synchronous_release_1
0.513241 -0.0250000004 0.0538796282 -0.0277846301 synchronous_release_0
0.222788 -0.0250000004 -0.00347520202 0.0348270437 synchronous_release_1
0.213633 -0.0250000004 0.0322515891 -0.0135954037 synchronous_release_0
0.304435 -0.0250000004 0.0336284783 0.009701827 synchronous_release_0
0.405678 -0.0250000004 0.0347491485 -0.00418290338 synchronous_release_0
0.403592 -0.0250000004 -0.00882738111 0.0338685303 synchronous_release_0
0.203758 -0.0250000004 0.0326338722 -0.0126503116 synchronous_release_0
0.106914 -0.0250000004 0.0210236797 -0.0279822246 synchronous_release_0
0.406369 -0.0250000004 0.0604771216 0.00418542336 synchronous_release_0
0.525974 -0.0250000004 -0.0024164553 0.0349164824 synchronous_release_0
0.514549 -0.0250000004 0.0348767541 -0.00293462488 synchronous_release_0
0.408034 -0.0250000004 0.0322343536 0.0136362183 synchronous_release_0
0.214263 -0.0250000004 -0.00989810794 0.0335712296 synchronous_release_0
0.309983 -0.0250000004 0.0283453288 -0.0205314962 synchronous_release_0
0.403921 -0.0250000004 0.00360813289 0.0348135229 synchronous_release_0
0.415291 -0.0250000004 -0.000983707358 -0.000179777181 synchronous_release_0
0.505223 -0.0250000004 0.0271720776 0.0541911266 synchronous_release_0
0.403763 -0.0250000004 0.0298974955 0.018197246 synchronous_release_1
0.506513 -0.0250000004 0.0348222152 -0.00352325491 synchronous_release_0
0.312001 -0.0250000004 0.0349998967 8.50287013e-05 synchronous_release_0
0.212285 -0.0250000004 0.0586787841 -0.0152249891 synchronous_release_1
0.303467 -0.0250000004 0.0349981251 0.000362265617 synchronous_release_0
0.304091 -0.0250000004 0.0249102674 0.0245861461 synchronous_release_0
0.404552 -0.0250000004 0.000265138609 0.000964210308 synchronous_release_0
0.203462 -0.0250000004 0.0458061531 0.0529319973 synchronous_release_0
0.30503 -0.0250000004 -0.0114343877 -0.0595336441 synchronous_release_0
0.306189 -0.0250000004 0.00075617139 -0.000654373616 synchronous_release_1
0.409302 -0.0250000004 0.0347919699 0.00381035804 synchronous_release_0
0.425581 -0.0250000004 0.0605571297 -0.00279893619 synchronous_release_0
0.421772 -0.0250000004 -0.0320052538 -0.0141655825 synchronous_release_0
0.105782 -0.0250000004 0.0242474321 0.0252400879 synchronous_release_1
0.512716 -0.0250000004 0.011142509 -0.0331789767 synchronous_release_0
0.103858 -0.0250000004 0.0477617079 0.0511744004 synchronous_release_0
0.503788 -0.0250000004 0.0338170885 0.00902244576 synchronous_release_0
0.218647 -0.0250000004 0.0690892689 -0.0112549067 synchronous_release_0
0.511808 -0.0250000004 0.0194852971 -0.0290744423 synchronous_release_0
0.408439 -0.0250000004 0.0544071513 -0.0267369012 synchronous_release_1
0.507363 -0.0250000004 0.0133974419 -0.0323343247 synchronous_release_0
0.219647 -0.0250000004 -0.0279832882 0.0210222639 synchronous_release_1
0.507407 -0.0250000004 -0.0017342411 0.034957008 synchronous_release_0
0.310531 -0.0250000004 0.0181287885 0.0299390552 synchronous_release_0
0.303532 -0.0250000004 0.0299940719 0.0180376177 synchronous_release_0
0.507944 -0.0250000004 -0.0081816974 -0.0340302781 synchronous_release_1
0.41488 -0.0250000004 0.0232862109 0.0261295308 synchronous_release_0
0.410893 -0.0250000004 0.024552686 -0.0249432478 synchronous_release_0
0.504189 -0.0250000004 -0.0326938835 -0.012494398 synchronous_release_0
0.205537 -0.0250000004 0.0277737512 0.0212983273 synchronous_release_0
0.504305 -0.0250000004 -0.023484697 0.0259512814 synchronous_release_0
0.403668 -0.0250000004 0.0338405007 -0.00893423242 synchronous_release_0
0.212168 -0.0250000004 0.00822033715 0.034020965 synchronous_release_0
0.309678 -0.0250000004 -0.023238646 0.0261718424 synchronous_release_0
0.405703 -0.0250000004 0.0110461574 0.033211179 synchronous_release_0
0.520822 -0.0250000004 0.0326462745 0.0126182708 synchronous_release_0
0.203657 -0.0250000004 0.0611298098 -0.0341049315 synchronous_release_0
0.126431 -0.0250000004 0.0297944731 -0.0183654397 synchronous_release_0
0.506532 -0.0250000004 0.0167684361 0.0307216463 synchronous_release_0
0.304082 -0.0250000004 0.0283031979 0.0205895358 synchronous_release_0
0.408388 -0.0250000004 0.0315205273 -0.0152136898 synchronous_release_0
0.419301 -0.0250000004 0.0281163883 -0.020843913 synchronous_release_0
0.407188 -0.0250000004 0.0572820745 0.0198434861 synchronous_release_0
0.303471 -0.0250000004 -0.00816763047 0.0340336571 synchronous_release_0
0.309985 -0.0250000004 0.0172225659 0.0581238611 synchronous_release_1
0.504106 -0.0250000004 0.0335578268 -0.00994345306 synchronous_release_1
0.203737 -0.0250000004 0.062768348 -0.030986037 synchronous_release_1
0.107275 -0.0250000004 0.0341733356 -0.0075619531 synchronous_release_0
0.515442 -0.0250000004 -0.034995273 -0.000575213933 synchronous_release_0
0.403988 -0.0250000004 0.0699905459 0.00115042787 synchronous_release_1
0.404806 -0.0250000004 0.0347458785 0.00420997926 synchronous_release_0
0.408642 -0.0250000004 -0.0210188883 0.0279858239 synchronous_release_0
0.503531 -0.0250000004 0.0349997114 0.000142128927 synchronous_release_0
0.520202 -0.0250000004 -3.8426716e-06 -0.0349999998 synchronous_release_0
0.530052 -0.0250000004 0.0349950917 0.000586136763 synchronous_release_0
0.40648 -0.0250000004 -0.0263862412 -0.0229949184 synchronous_release_1
0.329195 -0.0250000004 -0.0325844949 -0.0511199637 synchronous_release_0
0.109258 -0.0250000004 0.0605386629 -0.00317337228 synchronous_release_0
0.418681 -0.0250000004 0.0348579146 -0.00315052189 synchronous_release_0
0.506255 -0.0250000004 0.0682238126 0.0156688034 synchronous_release_0
0.518355 -0.0250000004 -0.00736104711 0.0601732082 synchronous_release_0
0.206031 -0.0250000004 0.0196627579 -0.0289547224 synchronous_release_0
0.306903 -0.0250000004 0.0324585837 -0.013093523 synchronous_release_0
0.203966 -0.0250000004 0.0330492578 -0.0115215694 synchronous_release_0
0.307016 -0.0250000004 0.0265026007 0.0228607121 synchronous_release_0
0.507593 -0.0250000004 0.000709639177 -0.0349928051 synchronous_release_0
0.311496 -0.0250000004 0.0336441967 -0.00964717707 synchronous_release_1
0.413232 -0.0250000004 0.0235030233 0.0558802997 synchronous_release_0
0.503864 -0.0250000004 -0.0164314618 0.0309031886 synchronous_release_0
0.409401 -0.0250000004 0.0226581183 -0.0266760131 synchronous_release_0
0.304062 -0.0250000004 -0.000456723695 0.0349970199 synchronous_release_0
0.104593 -0.0250000004 0.0133973697 0.0323343546 synchronous_release_0
0.407559 -0.0250000004 0.0213036876 -0.0277696398 synchronous_release_0
0.114676 -0.0250000004 0.0347010573 0.00456471481 synchronous_release_1
0.404778 -0.0250000004 0.0558012595 0.0236900705 synchronous_release_0
0.417112 -0.0250000004 -0.000920482062 -0.000390784817 synchronous_release_0
0.511914 -0.0250000004 0.0210618954 0.0279534714 synchronous_release_0
0.105523 -0.0250000004 0.0348341923 0.00340280014 synchronous_release_0
0.203613 -0.0250000004 0.0312333492 0.0157948694 synchronous_release_0
0.306418 -0.0250000004 -0.0331712657 -0.0507411779 synchronous_release_0
0.513855 -0.0250000004 0.0293991655 0.0189918158 synchronous_release_0
0.504088 -0.0250000004 -0.0198929999 -0.0287970234 synchronous_release_0
0.410783 -0.0250000004 0.0280630862 -0.0209156207 synchronous_release_0
0.508052 -0.0250000004 -0.0101998596 -0.0334807835 synchronous_release_0
0.509816 -0.0250000004 0.0238952793 -0.0255737293 synchronous_release_0
0.40401 -0.0250000004 0.0525150014 -0.0462836324 synchronous_release_0
0.542198 -0.0250000004 -0.0341997586 -0.00744153965 synchronous_release_1
0.306541 -0.0250000004 0.0337944814 0.00910675711 synchronous_release_0
0.303523 -0.0250000004 -0.00397282698 0.0347737925 synchronous_release_0
0.215536 -0.0250000004 -0.00933991921 0.0337307858 synchronous_release_0
0.304844 -0.0250000004 0.000250765302 0.000968047914 synchronous_release_0
0.411098 -0.0250000004 0.0245417578 0.0249540002 synchronous_release_1
0.503885 -0.0250000004 -0.00510427443 0.0346258052 synchronous_release_1
0.508591 -0.0250000004 -0.000990214856 0.000139551206 synchronous_release_0
0.40448 -0.0250000004 0.0275721466 -0.0215586811 synchronous_release_1
0.22297 -0.0250000004 -0.0188409135 0.0294961011 synchronous_release_0
0.515056 -0.0250000004 0.0149969914 0.0316242035 synchronous_release_0
0.404636 -0.0250000004 0.000239114333 -0.0349991832 synchronous_release_0
0.503919 -0.0250000004 0.0339568675 -0.00848122339 synchronous_release_0
0.503572 -0.0250000004 0.011381301 0.0595438157 synchronous_release_0
0.204855 -0.0250000004 0.0100955623 -0.0335123801 synchronous_release_0
0.520001 -0.0250000004 0.000728548671 -0.00068499404 synchronous_release_0
0.506194 -0.0250000004 0.0340703537 -0.00801317666 synchronous_release_1
0.203937 -0.0250000004 0.015103364 0.0315735395 synchronous_release_1
0.407701 -0.0250000004 0.0699981514 0.00050872895 synchronous_release_1
0.410547 -0.0250000004 -0.00771169281 0.0341398564 synchronous_release_0
0.204816 -0.0250000004 0.0179984437 0.0578883065 synchronous_release_1
0.203743 -0.0250000004 0.0310959709 0.016063642 synchronous_release_0
0.513558 -0.0250000004 -0.0172301716 -0.0304650814 synchronous_release_1
0.11318 -0.0250000004 0.0133397886 -0.0323581526 synchronous_release_0
0.523987 -0.0250000004 0.0179430058 0.0579055139 synchronous_release_0
0.404449 -0.0250000004 0.0299100873 0.018176542 synchronous_release_1
0.315767 -0.0250000004 0.0172876472 0.0304325032 synchronous_release_0
0.524106 -0.0250000004 0.00365695117 0.0348084287 synchronous_release_0
0.411867 -0.0250000004 0.0283165079 -0.020571227 synchronous_release_1
0.20439 -0.0250000004 -0.000994345658 -0.000106191865 synchronous_release_0
0.321663 -0.0250000004 -0.0163409042 0.0309511688 synchronous_release_0
0.503245 -0.0250000004 0.0279157851 -0.0211118199 synchronous_release_0
0.504051 -0.0250000004 0.0325173142 0.0129469793 synchronous_release_0
0.507323 -0.0250000004 0.0184433839 0.029746287 synchronous_release_1
0.404876 -0.0250000004 0.0122561461 -0.0327839425 synchronous_release_0
0.304822 -0.0250000004 0.0345198 -0.00577783738 synchronous_release_1
0.307591 -0.0250000004 0.0335132911 0.0100925377 synchronous_release_0
0.30366 -0.0250000004 0.033296927 -0.0107849271 synchronous_release_1
0.511966 -0.0250000004 0.0341830297 -0.00751801025 synchronous_release_0
0.52283 -0.0250000004 -0.000738410486 0.000674351507 synchronous_release_1
0.204826 -0.0250000004 -0.000689880924 -0.000723922862 synchronous_release_1
0.268701 -0.0250000004 0.0222894286 0.026984836 synchronous_release_0
0.203574 -0.0250000004 0.0349823259 0.00111214868 synchronous_release_0
0.505275 -0.0250000004 0.0345342549 -0.0056908029 synchronous_release_0
0.519932 -0.0250000004 0.000773204017 -0.000634157352 synchronous_release_0
0.30888 -0.0250000004 0.00586593854 0.0345049383 synchronous_release_1
0.313401 -0.0250000004 -0.000985855379 0.000167598244 synchronous_release_1
0.106358 -0.0250000004 0.0258651196 -0.0235795586 synchronous_release_0
0.304749 -0.0250000004 0.0592181763 -0.0129694873 synchronous_release_0
0.406246 -0.0250000004 0.0336952005 -0.00946749504 synchronous_release_0
0.305 -0.0250000004 0.000977319341 -0.000211770879 synchronous_release_0
0.308951 -0.0250000004 0.051023697 -0.0479226705 synchronous_release_0
0.414119 -0.0250000004 0.000159958111 0.000987123803 synchronous_release_0
0.108079 -0.0250000004 0.0408089074 0.0568738347 synchronous_release_0
0.307729 -0.0250000004 0.0552337734 0.0249846007 synchronous_release_1
0.223195 -0.0250000004 -0.0300258689 -0.0179846379 synchronous_release_0
0.407863 -0.0250000004 0.0300258689 0.0179846379 synchronous_release_0
0.303951 -0.0250000004 0.0237201648 -0.0557884736 synchronous_release_0
0.312385 -0.0250000004 0.0322094902 0.0136948435 synchronous_release_0
0.518165 -0.0250000004 -0.000601337572 -0.000798995072 synchronous_release_0
0.307507 -0.0250000004 0.0314347735 0.0153900946 synchronous_release_0
0.108617 -0.0250000004 0.00701742662 0.0342892946 synchronous_release_0
0.312319 -0.0250000004 0.0341241586 0.0077808611 synchronous_release_0
0.416833 -0.0250000004 0.0336930552 -0.00947512691 synchronous_release_0
0.206307 -0.0250000004 0.0172263675 -0.0304672326 synchronous_release_0
0.511892 -0.0250000004 0.000870492361 0.000492181927 synchronous_release_1
0.206551 -0.0250000004 0.016145392 0.0310536039 synchronous_release_0
0.305276 -0.0250000004 0.0397949286 0.0457314297 synchronous_release_0
0.50621 -0.0250000004 0.0387120135 0.0466516882 synchronous_release_0
0.528662 -0.0250000004 0.0170749579 -0.0305523454 synchronous_release_0
0.204067 -0.0250000004 0.031345674 -0.0155707649 synchronous_release_0
0.412413 -0.0250000004 -0.0603045595 -0.00619355318 synchronous_release_0
0.422083 -0.0250000004 -0.0319402046 0.0143116502 synchronous_release_0
0.407505 -0.0250000004 0.0260136798 0.0234155602 synchronous_release_1
0.40605 -0.0250000004 4.64169986e-05 0.00099892215 synchronous_release_0
0.304389 -0.0250000004 0.0249664419 -0.0245291007 synchronous_release_1
0.405038 -0.0250000004 0.0437126364 0.0420024454 synchronous_release_0
0.407906 -0.0250000004 0.0145188666 -0.0588574763 synchronous_release_0
0.409234 -0.0250000004 0.0321126658 -0.0139203698 synchronous_release_0
0.321777 -0.0250000004 0.0337295141 0.00934451076 synchronous_release_1
0.304065 -0.0250000004 0.0131938241 -0.0324179427 synchronous_release_0
0.308488 -0.0250000004 0.0258077192 -0.0236423694 synchronous_release_0
0.405232 -0.0250000004 0.0343519003 -0.00670424818 synchronous_release_0
0.210484 -0.0250000004 0.0317456804 -0.0147381062 synchronous_release_1
0.50842 -0.0250000004 -0.00296834524 0.0348739004 synchronous_release_0
0.403339 -0.0250000004 0.023742748 0.0257154023 synchronous_release_0
0.20879 -0.0250000004 0.00999575647 -0.0335422845 synchronous_release_0
0.510452 -0.0250000004 -0.0240505923 -0.0254277213 synchronous_release_0
0.218157 -0.0250000004 -0.0277978426 -0.0212668743 synchronous_release_0
0.311107 -0.0250000004 0.0277978426 0.0212668743 synchronous_release_0
0.40559 -0.0250000004 0.0224640083 0.0268396783 synchronous_release_0
0.510993 -0.0250000004 -0.0276448706 0.0214653472 synchronous_release_0
0.40348 -0.0250000004 0.0551950576 0.043052359 synchronous_release_1
0.418583 -0.0250000004 0.0259951018 0.0234361832 synchronous_release_0
0.519552 -0.0250000004 0.0496173074 -0.0348299126 synchronous_release_0
0.507368 -0.0250000004 -0.000998320718 5.79287803e-05 synchronous_release_0
0.51655 -0.0250000004 -0.029246235 0.0192264854 synchronous_release_0
0.514744 -0.0250000004 0.0348657082 -0.0030630687 synchronous_release_0
0.405765 -0.0250000004 -0.0158096236 0.0312258835 synchronous_release_1
0.305514 -0.0250000004 0.0348018872 0.00371868936 synchronous_release_0
0.306543 -0.0250000004 -0.00500593587 -0.0346401589 synchronous_release_0
0.503737 -0.0250000004 0.0325022255 0.0129848118 synchronous_release_0
0.504039 -0.0250000004 0.0373922765 -0.0477160105 synchronous_release_0
0.317855 -0.0250000004 0.000889406887 -0.000457116385 synchronous_release_0
0.306059 -0.0250000004 0.0342542963 -0.00718631907 synchronous_release_1
0.52078 -0.0250000004 0.0535808904 -0.0283564487 synchronous_release_0
0.314876 -0.0250000004 0.0672185905 -0.0195361484 synchronous_release_0
0.404771 -0.0250000004 -0.026405033 -0.0229733374 synchronous_release_0
0.505033 -0.0250000004 0.00951487277 0.0336818526 synchronous_release_1
0.505407 -0.0250000004 0.068348128 -0.0151173211 synchronous_release_0
0.504698 -0.0250000004 0.0313216698 -0.0156189949 synchronous_release_0
0.305091 -0.0250000004 -0.01414215 0.0320156148 synchronous_release_0
0.404835 -0.0250000004 0.0323065624 0.0134642499 synchronous_release_0
0.403673 -0.0250000004 0.0604941424 0.00393176021 synchronous_release_1
0.521676 -0.0250000004 0.0346785819 0.00473243664 synchronous_release_0
0.506591 -0.0250000004 0.0147869012 -0.0317229815 synchronous_release_0
0.405471 -0.0250000004 0.0200794572 0.0286673228 synchronous_release_1
0.203934 -0.0250000004 0.032059662 -0.0140420109 synchronous_release_0
0.432368 -0.0250000004 -0.00951174014 0.0336827374 synchronous_release_1
0.203933 -0.0250000004 0.0310779141 -0.0160985481 synchronous_release_0
0.526939 -0.0250000004 0.000998958206 4.56344404e-05 synchronous_release_0
0.10409 -0.0250000004 0.0191784749 0.0292777407 synchronous_release_0
0.203897 -0.0250000004 0.00358144094 0.034816279 synchronous_release_0
0.505857 -0.0250000004 0.0319425025 0.0143065206 synchronous_release_0
0.410654 -0.0250000004 -0.000950220616 -0.00031157789 synchronous_release_0
0.308049 -0.0250000004 0.0233494187 0.0260730637 synchronous_release_1
0.219316 -0.0250000004 0.034988686 0.000889859584 synchronous_release_0
0.504587 -0.0250000004 0.018264984 -0.0298561612 synchronous_release_0
0.104042 -0.0250000004 0.0349566737 -0.00174096669 synchronous_release_0
0.410313 -0.0250000004 -0.00298492664 -0.034872485 synchronous_release_0
0.511968 -0.0250000004 0.00298492664 0.034872485 synchronous_release_0
0.404969 -0.0250000004 0.00951674674 0.0336813232 synchronous_release_0
0.103692 -0.0250000004 0.0306467443 0.016904942 synchronous_release_0
0.209745 -0.0250000004 0.0299634813 -0.0180883881 synchronous_release_0
0.313027 -0.0250000004 0.034614074 -0.005183231 synchronous_release_0
0.304406 -0.0250000004 0.0345917212 -0.00533036789 synchronous_release_0
0.409726 -0.0250000004 0.0583873179 -0.0163070877 synchronous_release_0
0.404062 -0.0250000004 -0.00941490146 -0.0337099337 synchronous_release_1
0.505372 -0.0250000004 -0.0265487937 -0.0228070505 synchronous_release_1
0.50826 -0.0250000004 0.0174170626 -0.030358622 synchronous_release_1
0.510886 -0.0250000004 0.0348341252 -0.060717244 synchronous_release_1
0.104128 -0.0250000004 0.034789042 0.00383699881 synchronous_release_0
0.303898 -0.0250000004 0.0347272862 -0.00436068725 synchronous_release_0
0.404066 -0.0250000004 0.0287168531 -0.0200085569 synchronous_release_0
0.207628 -0.0250000004 -0.00626163728 -0.0344353292 synchronous_release_0
0.304482 -0.0250000004 0.0329526885 0.0117949277 synchronous_release_1
0.503061 -0.0250000004 0.0332086744 -0.0110536845 synchronous_release_0
0.310743 -0.0250000004 0.0605078136 -0.00371544027 synchronous_release_1
0.412535 -0.0250000004 -0.00322656837 0.0348509578 synchronous_release_0
0.506328 -0.0250000004 0.0349775401 -0.00125366871 synchronous_release_0
0.408678 -0.0250000004 0.0298433163 0.0182859638 synchronous_release_0
0.206342 -0.0250000004 -0.000914450997 0.034988052 synchronous_release_1
0.310104 -0.0250000004 -5.28010424e-05 -0.000998605052 synchronous_release_0
0.210154 -0.0250000004 0.0646417988 -0.0268595952 synchronous_release_1
0.212507 -0.0250000004 0.0333739023 0.0105443182 synchronous_release_0
0.510307 -0.0250000004 0.0346674455 -0.00481333764 synchronous_release_0
0.510868 -0.0250000004 0.0112388256 -0.0331464749 synchronous_release_0
0.508309 -0.0250000004 0.0604520799 -0.0352922943 synchronous_release_1
0.407277 -0.0250000004 0.0196792915 -0.0289434878 synchronous_release_0
0.209267 -0.0250000004 0.0340097975 -0.00826641849 synchronous_release_0
0.510581 -0.0250000004 -0.00984597033 0.0335865579 synchronous_release_1
0.505974 -0.0250000004 0.053706545 0.0281177351 synchronous_release_0
0.512626 -0.0250000004 0.0557863063 0.0237252613 synchronous_release_1
0.104692 -0.0250000004 0.0324493288 0.0131164424 synchronous_release_0
0.30512 -0.0250000004 0.0600331655 -0.00842727947 synchronous_release_0
0.515176 -0.0250000004 -0.0157362428 -0.0312629279 synchronous_release_0
0.304217 -0.0250000004 0.033591576 0.0098288362 synchronous_release_1
0.203745 -0.0250000004 0.0347354991 -0.00429477642 synchronous_release_0
0.512939 -0.0250000004 0.0320919008 0.0139681747 synchronous_release_1
0.10767 -0.0250000004 0.0275260152 0.0216175505 synchronous_release_0
0.40429 -0.0250000004 0.0349906454 0.000809157316 synchronous_release_0
0.375811 -0.0250000004 -0.0100916406 -0.0692687432 synchronous_release_1
0.404145 -0.0250000004 0.0300898497 -0.0178773864 synchronous_release_0
0.507223 -0.0250000004 0.0272356609 -0.0219822378 synchronous_release_0
0.514905 -0.0250000004 0.0598906676 -0.00938658246 synchronous_release_2
0.303717 -0.0250000004 0.0228531361 0.0265091337 synchronous_release_1
0.406319 -0.0250000004 0.0239279896 0.0255431265 synchronous_release_0
0.204002 -0.0250000004 0.0349944049 0.000625802654 synchronous_release_0
0.510299 -0.0250000004 -0.0117821926 -0.059465788 synchronous_release_0
0.224573 -0.0250000004 0.00490057042 0.034655222 synchronous_release_0
0.406215 -0.0250000004 0.0324625878 0.0130835925 synchronous_release_0
0.286534 -0.0250000004 0.000789980216 -0.000613132334 synchronous_release_0
0.409156 -0.0250000004 0.0140431485 -0.0320591637 synchronous_release_1
0.205285 -0.0250000004 0.0511074547 -0.0326041114 synchronous_release_0
0.509637 -0.0250000004 0.0349657236 -0.00154860432 synchronous_release_0
0.317041 -0.0250000004 0.0457698958 -0.039750681 synchronous_release_0
0.506731 -0.0250000004 0.00253434157 0.0349081239 synchronous_release_2
0.419569 -0.0250000004 0.0285212841 0.0202863588 synchronous_release_0
0.40372 -0.0250000004 0.0348126841 -0.00361621699 synchronous_release_0
0.305994 -0.0250000004 0.0259293996 0.0235088544 synchronous_release_0
0.503657 -0.0250000004 0.000745527898 0.00066647442 synchronous_release_0
0.513209 -0.0250000004 0.0342609158 0.00715469405 synchronous_release_0
0.5111 -0.0250000004 0.0276324735 0.0214813036 synchronous_release_1
0.508273 -0.0250000004 -0.0344598747 -0.00612511487 synchronous_release_1
0.30772 -0.0250000004 0.0263260034 0.023063858 synchronous_release_0
0.503475 -0.0250000004 0.0399477738 -0.0455979755 synchronous_release_0
0.303324 -0.0250000004 0.0602887314 0.00634577586 synchronous_release_0
0.104656 -0.0250000004 0.032538095 -0.0128946646 synchronous_release_0
0.505234 -0.0250000004 0.0513523998 0.0322169371 synchronous_release_1
0.105999 -0.0250000004 0.030832604 0.0165635301 synchronous_release_0
0.406459 -0.0250000004 0.0242730599 0.0252154429 synchronous_release_1
0.423898 -0.0250000004 0.0168188524 0.0306940744 synchronous_release_1
0.205739 -0.0250000004 0.0106095161 0.0333532332 synchronous_release_0
0.405951 -0.0250000004 0.0179648834 -0.0300376924 synchronous_release_0
0.403503 -0.0250000004 -0.000848882602 0.00052858143 synchronous_release_0
0.517965 -0.0250000004 0.01850035 0.0297108911 synchronous_release_0
0.503735 -0.0250000004 0.0142494452 0.0589232833 synchronous_release_0
0.204586 -0.0250000004 0.0146187662 -0.0318008125 synchronous_release_0
0.309347 -0.0250000004 0.0494684608 -0.0350409959 synchronous_release_0
0.306125 -0.0250000004 0.0341269249 -0.00776871891 synchronous_release_0
0.508784 -0.0250000004 0.0281675514 0.0207747213 synchronous_release_0
0.104405 -0.0250000004 -0.0213104195 0.0277644741 synchronous_release_0
0.405131 -0.0250000004 0.0598541216 -0.00961686657 synchronous_release_0
0.508026 -0.0250000004 0.010277267 -0.0334571036 synchronous_release_1
0.416328 -0.0250000004 -0.0349980867 0.000365961636 synchronous_release_0
0.405179 -0.0250000004 -0.026773319 0.0225430563 synchronous_release_1
0.50405 -0.0250000004 0.026773319 -0.0225430563 synchronous_release_1
0.104558 -0.0250000004 0.0129955418 0.0324979368 synchronous_release_0
0.306274 -0.0250000004 0.000785812506 0.000618464798 synchronous_release_0
0.303756 -0.0250000004 0.0556293267 0.0240910359 synchronous_release_0
0.308862 -0.0250000004 -0.0344154861 -0.00636979731 synchronous_release_1
0.508259 -0.0250000004 0.0342388075 0.00725975614 synchronous_release_1
0.329969 -0.0250000004 -0.00424904208 -0.0347411232 synchronous_release_0
0.528406 -0.0250000004 0.0279621742 -0.02105034 synchronous_release_1
0.103812 -0.0250000004 -0.00255982515 -0.0349062644 synchronous_release_0
0.403736 -0.0250000004 0.0191369743 0.0575219629 synchronous_release_0
0.303829 -0.0250000004 0.0270462676 0.0222148466 synchronous_release_0
0.512418 -0.0250000004 0.000986576518 0.000163299648 synchronous_release_0
0.330064 -0.0250000004 -0.00571548768 0.0345301781 synchronous_release_1
0.321031 -0.0250000004 0.000975859534 -0.000218399108 synchronous_release_0
0.503897 -0.0250000004 0.000311994067 0.00095008405 synchronous_release_0
0.508393 -0.0250000004 0.0124660095 0.0327047184 synchronous_release_0
0.505467 -0.0250000004 0.0186123879 -0.0296408336 synchronous_release_0
0.511691 -0.0250000004 0.0282475569 -0.0206658059 synchronous_release_1
0.305861 -0.0250000004 0.0164673219 0.0308840948 synchronous_release_0
0.207778 -0.0250000004 -0.0164673219 -0.0308840948 synchronous_release_1
0.219506 -0.0250000004 0.0208060248 0.028144437 synchronous_release_0
0.508575 -0.0250000004 0.0606164447 -0.000804136514 synchronous_release_0
0.508993 -0.0250000004 0.000854561281 -0.000519350572 synchronous_release_1
0.309034 -0.0250000004 -0.000783681552 -0.0006211628 synchronous_release_0
0.503652 -0.0250000004 0.0263495138 0.0230369946 synchronous_release_1
0.206087 -0.0250000004 0.0301194222 0.0178275182 synchronous_release_0
0.50332 -0.0250000004 0.00156613652 0.0699824779 synchronous_release_0
0.506823 -0.0250000004 -0.000909262547 -0.000416223042 synchronous_release_0
0.505221 -0.0250000004 0.000424649309 -0.00090535792 synchronous_release_0
0.407361 -0.0250000004 0.0175647211 0.0302734302 synchronous_release_0
0.516847 -0.0250000004 0.0133652969 0.032347625 synchronous_release_0
0.209863 -0.0250000004 0.0213312165 -0.0277484991 synchronous_release_1
0.50367 -0.0250000004 0.0568184377 0.0211344537 synchronous_release_1
0.305691 -0.0250000004 0.0434858633 -0.0422371838 synchronous_release_0
0.105208 -0.0250000004 0.0339357564 -0.00856530446 synchronous_release_1
0.410115 -0.0250000004 0.0210471285 -0.0279645916 synchronous_release_0
0.315311 -0.0250000004 0.0243630114 0.0251285431 synchronous_release_1
0.507291 -0.0250000004 0.0526160524 -0.0301089858 synchronous_release_1
0.206318 -0.0250000004 -0.00921244459 0.0337658239 synchronous_release_0
0.420541 -0.0250000004 0.024635839 0.024861123 synchronous_release_0
0.338629 -0.0250000004 0.0348977534 -0.00267335077 synchronous_release_0
0.204169 -0.0250000004 0.00747960817 -0.034191453 synchronous_release_0
0.505412 -0.0250000004 0.0196225961 0.0289819551 synchronous_release_0
0.51942 -0.0250000004 0.00433478482 0.0604665994 synchronous_release_0
0.303732 -0.0250000004 0.034233314 -0.00728561691 synchronous_release_0
0.5061 -0.0250000004 0.0319108645 0.0143769513 synchronous_release_0
0.211777 -0.0250000004 0.0333040804 0.010762817 synchronous_release_0
0.509081 -0.0250000004 0.0694138501 -0.00903976845 synchronous_release_0
0.343457 -0.0250000004 0.00011105144 -0.00099381466 synchronous_release_0
0.305842 -0.0250000004 0.0207363274 -0.0281958281 synchronous_release_0
0.504797 -0.0250000004 0.0233163982 -0.0261025971 synchronous_release_0
0.408894 -0.0250000004 0.0345774299 0.00542230025 synchronous_release_0
0.50645 -0.0250000004 -0.0219845647 0.0272337826 synchronous_release_0
0.503934 -0.0250000004 -0.0296564962 -0.0185874213 synchronous_release_0
0.424405 -0.0250000004 0.0279409276 0.0210785332 synchronous_release_0
0.509294 -0.0250000004 -0.00605128303 0.0344729165 synchronous_release_0
0.513709 -0.0250000004 0.0218305295 -0.0273574118 synchronous_release_1
0.404906 -0.0250000004 0.0596679245 -0.0107116192 synchronous_release_0
0.204124 -0.0250000004 0.0031662843 -0.0348564864 synchronous_release_0
0.406928 -0.0250000004 0.0349999999 -3.21776664e-06 synchronous_release_0
0.10699 -0.0250000004 0.000993816133 0.000111038258 synchronous_release_0
0.311532 -0.0250000004 0.0281802811 0.0207574506 synchronous_release_0
0.303751 -0.0250000004 0.0015586201 -0.0349652785 synchronous_release_0
0.305962 -0.0250000004 -0.0182136706 -0.0298874924 synchronous_release_0
0.504566 -0.0250000004 0.0517666554 -0.0315470028 synchronous_release_0
0.513275 -0.0250000004 0.0532038336 0.0290577372 synchronous_release_0
0.425056 -0.0250000004 -0.021427011 -0.0276745948 synchronous_release_1
0.518684 -0.0250000004 -0.0346578439 0.00488199283 synchronous_release_0
0.505806 -0.0250000004 0.0346578439 -0.00488199283 synchronous_release_1
0.111976 -0.0250000004 0.0208035167 0.028146291 synchronous_release_0
0.308023 -0.0250000004 -0.00273120338 -0.0348932734 synchronous_release_0
0.308263 -0.0250000004 -0.000565860991 -0.00082450066 synchronous_release_0
0.413133 -0.0250000004 0.0315805113 0.0150887808 synchronous_release_0
0.406011 -0.0250000004 0.0288575231 -0.0198051347 synchronous_release_1
0.31154 -0.0250000004 0.0699821931 -0.00157881383 synchronous_release_0
0.515997 -0.0250000004 0.0349910965 -0.000789406916 synchronous_release_1
0.505987 -0.0250000004 0.0259006533 0.0235405217 synchronous_release_0
0.403957 -0.0250000004 0.00223421261 0.0349286171 synchronous_release_0
0.503661 -0.0250000004 0.0348094216 0.0036474883 synchronous_release_0
0.503906 -0.0250000004 0.0348703762 -0.00300946218 synchronous_release_1
0.515556 -0.0250000004 0.0317219042 -0.0147892121 synchronous_release_0
0.20979 -0.0250000004 0.0349900153 -0.000835960735 synchronous_release_1
0.304775 -0.0250000004 0.0257714803 0.0236818665 synchronous_release_0
0.211588 -0.0250000004 0.0345363672 0.00567796948 synchronous_release_0
0.516061 -0.0250000004 -0.0606068764 -0.00134407429 synchronous_release_0
0.204722 -0.0250000004 0.0606217778 7.24639213e-06 synchronous_release_0
0.308128 -0.0250000004 0.050866049 0.0329794642 synchronous_release_0
0.408868 -0.0250000004 -0.0190407025 0.0293675271 synchronous_release_0
0.206076 -0.0250000004 0.0210986237 0.0279257601 synchronous_release_0
0.409366 -0.0250000004 0.0263420053 -0.0230455799 synchronous_release_1
0.405743 -0.0250000004 -0.0343347063 -0.00679175551 synchronous_release_0
0.503696 -0.0250000004 0.023049186 -0.0263388501 synchronous_release_1
0.404711 -0.0250000004 0.0295872596 -0.0186974348 synchronous_release_0
0.411178 -0.0250000004 0.0265313564 -0.0228273329 synchronous_release_1
0.217286 -0.0250000004 0.0309727556 -0.0162999513 synchronous_release_0
0.307017 -0.0250000004 0.0297879883 0.0183759558 synchronous_release_0
0.31021 -0.0250000004 0.0184192099 0.0297612619 synchronous_release_0
0.103392 -0.0250000004 0.0578982627 -0.0179663902 synchronous_release_0
0.211425 -0.0250000004 0.000955073644 -0.000296368578 synchronous_release_1
0.422605 -0.0250000004 0.0337491508 -0.00927333929 synchronous_release_0
0.306538 -0.0250000004 0.0256213789 0.0238441805 synchronous_release_0
0.303479 -0.0250000004 0.0272733579 -0.0219354496 synchronous_release_0
0.514235 -0.0250000004 0.0271773086 -0.0220543397 synchronous_release_1
0.420351 -0.0250000004 -0.0591171554 -0.0134224418 synchronous_release_0
0.529785 -0.0250000004 -0.0345792952 0.00541039191 synchronous_release_0
0.509258 -0.0250000004 0.0565903609 -0.0217377793 synchronous_release_1
0.305933 -0.0250000004 0.0510155721 0.0327476931 synchronous_release_0
0.50577 -0.0250000004 0.00648388582 -0.0343941743 synchronous_release_1
0.310364 -0.0250000004 -0.0293442405 -0.0190765707 synchronous_release_0
0.508799 -0.0250000004 0.0249369946 -0.0245590371 synchronous_release_1
0.50815 -0.0250000004 0.0205607583 -0.0283241102 synchronous_release_0
0.542356 -0.0250000004 -0.0205607583 0.0283241102 synchronous_release_0
0.103804 -0.0250000004 0.0322352597 -0.0136340761 synchronous_release_0
0.513211 -0.0250000004 0.0229461476 -0.0264286646 synchronous_release_0
0.408332 -0.0250000004 0.0602665339 -0.00655323484 synchronous_release_1
0.318044 -0.0250000004 -0.0235148743 0.0259239404 synchronous_release_0
0.404068 -0.0250000004 -0.000352263602 -0.0349982272 synchronous_release_0
0.307211 -0.0250000004 0.0239659603 0.0255075037 synchronous_release_0
0.215857 -0.0250000004 0.000711785009 0.000702397395 synchronous_release_0
0.205091 -0.0250000004 0.0583542436 0.0164250496 synchronous_release_0
0.206051 -0.0250000004 0.0298445994 -0.0182838696 synchronous_release_1
0.404595 -0.0250000004 -0.00937130861 0.0598930595 synchronous_release_0
0.44047 -0.0250000004 -0.0190985111 -0.0575347449 synchronous_release_0
0.507368 -0.0250000004 0.00705959471 -0.0342806377 synchronous_release_0
0.508249 -0.0250000004 0.0275060259 0.021642979 synchronous_release_1
0.204381 -0.0250000004 -0.0321561745 -0.0138195674 synchronous_release_0
0.405036 -0.0250000004 0.0562831647 -0.0225212204 synchronous_release_0
0.415038 -0.0250000004 0.0327157841 0.0124369397 synchronous_release_0
0.519543 -0.0250000004 0.00114775715 -0.0349811757 synchronous_release_0
0.504025 -0.0250000004 0.0220090779 0.0564854007 synchronous_release_0
0.506064 -0.0250000004 0.0333099096 -0.0107447624 synchronous_release_1
0.205776 -0.0250000004 0.0219131191 0.0272913029 synchronous_release_0
0.209527 -0.0250000004 0.0349681514 0.00149277897 synchronous_release_0
0.507949 -0.0250000004 0.00879649435 -0.0599801775 synchronous_release_0
0.104105 -0.0250000004 0.0121070718 -0.0328392876 synchronous_release_0
0.404486 -0.0250000004 0.0344931932 -0.0059346121 synchronous_release_2
0.304853 -0.0250000004 0.0306320442 0.0169315642 synchronous_release_0
0.203889 -0.0250000004 0.0341577476 -0.00763205611 synchronous_release_0
0.509492 -0.0250000004 0.0338719771 0.00881414572 synchronous_release_2
0.303552 -0.0250000004 0.00741792688 -0.034204888 synchronous_release_0
0.516897 -0.0250000004 0.018301708 0.0298336636 synchronous_release_0
0.249081 -0.0250000004 -0.000355630873 0.000934626493 synchronous_release_0
0.434931 -0.0250000004 -0.00557647567 -0.0345529003 synchronous_release_0
0.104899 -0.0250000004 -0.0247365296 -0.024760939 synchronous_release_1
0.404588 -0.0250000004 -0.000707117245 -0.000707096318 synchronous_release_0
0.305976 -0.0250000004 -0.00274314477 0.0348923366 synchronous_release_0
0.303641 -0.0250000004 0.0298593831 -0.0182597164 synchronous_release_0
0.304741 -0.0250000004 0.059309978 0.0125429863 synchronous_release_0
0.506423 -0.0250000004 -0.0332758373 0.0108498227 synchronous_release_0
0.303861 -0.0250000004 0.012520832 -0.0326837692 synchronous_release_0
0.520865 -0.0250000004 -0.027065482 0.0221914327 synchronous_release_0
0.305613 -0.0250000004 0.0430317255 0.0426997729 synchronous_release_0
0.510074 -0.0250000004 0.0584949508 -0.015916681 synchronous_release_0
0.214199 -0.0250000004 -0.00030669987 0.000951806277 synchronous_release_0
0.411465 -0.0250000004 0.0642982373 -0.0276719475 synchronous_release_0
0.304062 -0.0250000004 0.0239489495 0.0255234758 synchronous_release_0
0.312902 -0.0250000004 0.0340784532 -0.00797866074 synchronous_release_1
0.408394 -0.0250000004 0.0473047411 0.0379112314 synchronous_release_0
0.403637 -0.0250000004 0.0343191162 -0.00687009921 synchronous_release_0
0.506974 -0.0250000004 0.0224197553 -0.0663125521 synchronous_release_0
0.318622 -0.0250000004 -0.0349238142 0.00230807382 synchronous_release_0
0.105731 -0.0250000004 0.0432220756 -0.0425070839 synchronous_release_0
0.404149 -0.0250000004 0.0169625485 -0.0306148975 synchronous_release_0
0.312677 -0.0250000004 -0.0251575744 -0.0243330321 synchronous_release_0
0.510822 -0.0250000004 0.0215417091 -0.0275854086 synchronous_release_0
0.51863 -0.0250000004 0.0562022283 -0.0227224456 synchronous_release_0
0.50652 -0.0250000004 0.0296859829 0.0185402917 synchronous_release_0
0.309877 -0.0250000004 0.0342622751 0.0071481821 synchronous_release_0
0.304729 -0.0250000004 0.0339879405 -0.00835583033 synchronous_release_0
0.403573 -0.0250000004 0.00975760891 -0.0336123351 synchronous_release_0
0.421972 -0.0250000004 0.0242303316 0.0252565047 synchronous_release_1
0.304664 -0.0250000004 0.0174145439 -0.0303600669 synchronous_release_0
0.310051 -0.0250000004 -0.0293130938 0.0191243963 synchronous_release_0
0.503982 -0.0250000004 0.0209889229 -0.0280083044 synchronous_release_0
0.403743 -0.0250000004 0.0344133649 0.00638124738 synchronous_release_1
0.503791 -0.0250000004 0.0194631826 -0.029089251 synchronous_release_0
0.309422 -0.0250000004 0.029918283 0.0181630488 synchronous_release_0
0.403878 -0.0250000004 0.0606070862 0.00133458016 synchronous_release_0
0.103955 -0.0250000004 0.0268109172 0.022498327 synchronous_release_0
0.409845 -0.0250000004 -0.0172668623 0.0581107173 synchronous_release_0
0.507668 -0.0250000004 -0.0147047433 -0.031761148 synchronous_release_0
0.513774 -0.0250000004 0.0577506911 0.0184352293 synchronous_release_0
0.422031 -0.0250000004 0.0349732689 0.00136764852 synchronous_release_1
0.209618 -0.0250000004 0.0215738355 0.0275602906 synchronous_release_0
0.509385 -0.0250000004 0.0338356933 -0.00895242199 synchronous_release_0
0.429311 -0.0250000004 -0.000998400832 -5.65312142e-05 synchronous_release_0
0.505747 -0.0250000004 0.0598757812 -0.00948107718 synchronous_release_0
0.104791 -0.0250000004 0.00592840798 0.0344942601 synchronous_release_0
0.211488 -0.0250000004 0.0338559487 -0.00887551322 synchronous_release_0
0.329975 -0.0250000004 -0.00924155445 0.0337578683 synchronous_release_1
0.561559 -0.0250000004 0.000801258394 0.0349908272 synchronous_release_0
0.405739 -0.0250000004 0.0189239506 -0.0294428955 synchronous_release_0
0.503814 -0.0250000004 0.00288763043 -0.0605529652 synchronous_release_0
0.278429 -0.0250000004 -0.0160363202 -0.0311100697 synchronous_release_1
0.5161 -0.0250000004 -0.0094969227 -0.0336869182 synchronous_release_0
0.408305 -0.0250000004 0.0606146103 0.000932211804 synchronous_release_0
0.404422 -0.0250000004 0.0690461734 -0.0115163334 synchronous_release_1
0.403575 -0.0250000004 0.025975232 -0.0234582038 synchronous_release_0
0.315799 -0.0250000004 -0.0140692641 -0.0320477114 synchronous_release_0
0.306946 -0.0250000004 0.0330701147 -0.0114615668 synchronous_release_0
0.504748 -0.0250000004 0.0595311801 0.0114472093 synchronous_release_0
0.503262 -0.0250000004 0.0290983462 -0.0194495822 synchronous_release_0
0.131659 -0.0250000004 -0.0266819844 -0.0226510862 synchronous_release_1
0.214486 -0.0250000004 0.0135561992 -0.0322680874 synchronous_release_0
0.107511 -0.0250000004 -0.0180858175 -0.0299650331 synchronous_release_1
0.520432 -0.0250000004 0.0349443312 0.00197325013 synchronous_release_0
0.508698 -0.0250000004 -0.00341776949 0.0605253571 synchronous_release_1
0.523163 -0.0250000004 -0.030256076 0.0175945976 synchronous_release_0
0.305082 -0.0250000004 0.0036333772 0.0348108973 synchronous_release_0
0.506572 -0.0250000004 0.03196381 0.0142588517 synchronous_release_0
0.310232 -0.0250000004 0.0330278932 0.0115826712 synchronous_release_0
0.429588 -0.0250000004 -0.00648305906 -0.0343943301 synchronous_release_0
0.107951 -0.0250000004 0.0346954304 -0.00460728854 synchronous_release_0
0.207852 -0.0250000004 0.0306914412 -0.0168236571 synchronous_release_0
0.305562 -0.0250000004 0.0343267225 -0.0068319928 synchronous_release_0
0.407255 -0.0250000004 0.0545345007 -0.0264761824 synchronous_release_0
0.40774 -0.0250000004 0.0308229802 0.0628485791 synchronous_release_0
0.417568 -0.0250000004 0.0342666863 -0.00712700565 synchronous_release_0
0.539144 -0.0250000004 0.0109611752 -0.0332393237 synchronous_release_0
0.40652 -0.0250000004 0.0145598258 0.0318278412 synchronous_release_0
0.204851 -0.0250000004 -0.0143447136 0.0319253691 synchronous_release_0
0.416619 -0.0250000004 -0.0348205375 0.00353979814 synchronous_release_0
0.306943 -0.0250000004 0.0342024786 -0.0500518776 synchronous_release_0
0.312892 -0.0250000004 -0.0315499718 0.0151525337 synchronous_release_0
0.510462 -0.0250000004 0.0604292238 -0.00482793044 synchronous_release_0
0.306984 -0.0250000004 0.034902873 0.00260565833 synchronous_release_0
0.31274 -0.0250000004 -0.0193225211 0.0291828747 synchronous_release_0
