0 0.068191
5e-05 0.060229
0.0001 0.077539
0.00015 0.068189
0.0002 0.135347
0.00025 0.074075
0.0003 0.100727
0.00035 0.099343
0.0004 0.109035
0.00045 0.087925
0.0005 0.087235
0.00055 0.067837
0.0006 0.073046
0.00065 0.091726
0.0007 0.098646
0.00075 0.087582
0.0008 0.111113
0.00085 0.103837
0.0009 0.086889
0.00095 0.106949
0.001 0.123583
0.00105 0.174455
0.0011 0.187619
0.00115 0.193835
0.0012 0.255798
0.00125 0.290788
0.0013 0.34925
0.00135 0.414336
0.0014 0.462448
0.00145 0.581528
0.0015 0.688156
0.00155 1.01212
0.0016 1.3569
0.00165 1.57361
0.0017 2.06512
0.00175 2.6501
0.0018 3.07862
0.00185 3.75434
0.0019 4.23651
0.00195 4.94402
0.002 5.48091
0.00205 5.89835
0.0021 6.51345
0.00215 6.75439
0.0022 6.59758
0.00225 6.70353
0.0023 6.2829
0.00235 5.5709
0.0024 5.02817
0.00245 4.25348
0.0025 3.79933
0.00255 3.17589
0.0026 2.57601
0.00265 2.09868
0.0027 2.00874
0.00275 1.6141
0.0028 1.60576
0.00285 1.4313
0.0029 1.3798
0.00295 1.21909
0.003 1.08971
0.00305 1.0488
0.0031 1.07444
0.00315 0.997983
0.0032 0.913123
0.00325 0.798179
0.0033 0.738729
0.00335 0.831417
0.0034 0.777117
0.00345 0.826973
0.0035 0.79992
0.00355 0.80095
0.0036 0.700665
0.00365 0.736247
0.0037 0.725833
0.00375 0.760847
0.0038 0.750787
0.00385 0.623769
0.0039 0.647662
0.00395 0.70855
0.004 0.656962
0.00405 0.638312
0.0041 0.715514
0.00415 0.630344
0.0042 0.627518
0.00425 0.699582
0.0043 0.636577
0.00435 0.654871
0.0044 0.70821
0.00445 0.57014
0.0045 0.611697
0.00455 0.632389
0.0046 0.609179
0.00465 0.658375
0.0047 0.64693
0.00475 0.614824
0.0048 0.541304
0.00485 0.556002
0.0049 0.555571
0.00495 0.584559
0.005 0.658363
0.00505 0.596123
0.0051 0.54968
0.00515 0.520638
0.0052 0.555901
0.00525 0.599209
0.0053 0.584256
0.00535 0.575654
0.0054 0.612334
0.00545 0.660752
0.0055 0.531696
0.00555 0.574646
0.0056 0.588729
0.00565 0.663613
0.0057 0.668696
0.00575 0.546602
0.0058 0.649079
0.00585 0.561109
0.0059 0.539959
0.00595 0.588421
0.006 0.521636
0.00605 0.588162
0.0061 0.534484
0.00615 0.542754
0.0062 0.498379
0.00625 0.536873
0.0063 0.611362
0.00635 0.465534
0.0064 0.422294
0.00645 0.459052
0.0065 0.518425
0.00655 0.533485
0.0066 0.536489
0.00665 0.506153
0.0067 0.577958
0.00675 0.485664
0.0068 0.461127
0.00685 0.505413
0.0069 0.491395
0.00695 0.519281
0.007 0.535845
0.00705 0.503681
0.0071 0.508059
0.00715 0.481183
0.0072 0.506422
0.00725 0.594276
0.0073 0.456263
0.00735 0.493331
0.0074 0.611199
0.00745 0.525211
0.0075 0.497435
0.00755 0.508479
0.0076 0.425653
0.00765 0.438685
0.0077 0.456793
0.00775 0.440005
0.0078 0.473135
0.00785 0.556669
0.0079 0.465924
0.00795 0.438552
0.008 0.405659
0.00805 0.477763
0.0081 0.416065
0.00815 0.539669
0.0082 0.434019
0.00825 0.447245
0.0083 0.528147
0.00835 0.413401
0.0084 0.462337
0.00845 0.443425
0.0085 0.519889
0.00855 0.436481
0.0086 0.443067
0.00865 0.510265
0.0087 0.469363
0.00875 0.479429
0.0088 0.441099
0.00885 0.400087
0.0089 0.510822
0.00895 0.415448
0.009 0.503016
0.00905 0.44345
0.0091 0.447775
0.00915 0.453559
0.0092 0.42494
0.00925 0.479838
0.0093 0.471018
0.00935 0.44654
0.0094 0.472222
0.00945 0.453372
0.0095 0.454937
0.00955 0.405349
0.0096 0.484574
0.00965 0.463854
0.0097 0.493981
0.00975 0.447231
0.0098 0.459333
0.00985 0.423981
0.0099 0.321903
0.00995 0.482167
0.01 0.431066
0.01005 0.409774
0.0101 0.43209
0.01015 0.387902
0.0102 0.443178
0.01025 0.47009
0.0103 0.372643
0.01035 0.467081
0.0104 0.437141
0.01045 0.399065
0.0105 0.436472
0.01055 0.420634
0.0106 0.405276
0.01065 0.425506
0.0107 0.458342
0.01075 0.467508
0.0108 0.413713
0.01085 0.404575
0.0109 0.523708
0.01095 0.431796
0.011 0.383099
0.01105 0.411277
0.0111 0.420944
0.01115 0.404144
0.0112 0.420701
0.01125 0.408835
0.0113 0.398002
0.01135 0.445906
0.0114 0.497703
0.01145 0.446499
0.0115 0.378963
0.01155 0.423351
0.0116 0.429225
0.01165 0.353793
0.0117 0.426433
0.01175 0.378045
0.0118 0.467261
0.01185 0.318945
0.0119 0.415211
0.01195 0.415543
0.012 0.430386
0.01205 0.37407
0.0121 0.440301
0.01215 0.361243
0.0122 0.479705
0.01225 0.437307
0.0123 0.410237
0.01235 0.425783
0.0124 0.421391
0.01245 0.366237
0.0125 0.395802
0.01255 0.419214
0.0126 0.404238
0.01265 0.394204
0.0127 0.444782
0.01275 0.404348
0.0128 0.458052
0.01285 0.444052
0.0129 0.399102
0.01295 0.416846
0.013 0.419695
0.01305 0.410561
0.0131 0.346917
0.01315 0.419599
0.0132 0.323283
0.01325 0.412909
0.0133 0.395186
0.01335 0.411602
0.0134 0.335163
0.01345 0.424225
0.0135 0.430306
0.01355 0.358694
0.0136 0.347475
0.01365 0.307673
0.0137 0.391222
0.01375 0.402582
0.0138 0.347895
0.01385 0.433593
0.0139 0.386052
0.01395 0.358188
0.014 0.454259
0.01405 0.378523
0.0141 0.392567
0.01415 0.343459
0.0142 0.387342
0.01425 0.383672
0.0143 0.382002
0.01435 0.401944
0.0144 0.403338
0.01445 0.402744
0.0145 0.32331
0.01455 0.399888
0.0146 0.430698
0.01465 0.369828
0.0147 0.419576
0.01475 0.420722
0.0148 0.405866
0.01485 0.371812
0.0149 0.362257
0.01495 0.325633
0.015 0.368435
0.01505 0.410485
0.0151 0.394197
0.01515 0.333083
0.0152 0.34337
0.01525 0.281876
0.0153 0.364403
0.01535 0.317175
0.0154 0.321733
0.01545 0.411303
0.0155 0.327296
0.01555 0.326428
0.0156 0.389743
0.01565 0.368283
0.0157 0.394835
0.01575 0.387535
0.0158 0.352925
0.01585 0.369207
0.0159 0.395555
0.01595 0.342493
0.016 0.355722
0.01605 0.39679
0.0161 0.451506
0.01615 0.375854
0.0162 0.365818
0.01625 0.282686
0.0163 0.356424
0.01635 0.361984
0.0164 0.316292
0.01645 0.391644
0.0165 0.385616
0.01655 0.409764
0.0166 0.366217
0.01665 0.383083
0.0167 0.33178
0.01675 0.331444
0.0168 0.396841
0.01685 0.377327
0.0169 0.363081
0.01695 0.349407
0.017 0.361206
0.01705 0.399462
0.0171 0.359525
0.01715 0.359503
0.0172 0.367779
0.01725 0.336355
0.0173 0.418145
0.01735 0.319353
0.0174 0.336988
0.01745 0.267644
0.0175 0.371118
0.01755 0.427274
0.0176 0.299659
0.01765 0.408153
0.0177 0.322336
0.01775 0.356848
0.0178 0.299206
0.01785 0.386086
0.0179 0.367449
0.01795 0.316271
0.018 0.35421
0.01805 0.381622
0.0181 0.339218
0.01815 0.344526
0.0182 0.347339
0.01825 0.307003
0.0183 0.391132
0.01835 0.326558
0.0184 0.324201
0.01845 0.327391
0.0185 0.301314
0.01855 0.320798
0.0186 0.459816
0.01865 0.340786
0.0187 0.304436
0.01875 0.295258
0.0188 0.317314
0.01885 0.307432
0.0189 0.26224
0.01895 0.371746
0.019 0.346879
0.01905 0.296999
0.0191 0.32066
0.01915 0.315338
0.0192 0.261094
0.01925 0.34077
0.0193 0.291437
0.01935 0.295667
0.0194 0.28244
0.01945 0.315926
0.0195 0.373927
0.01955 0.324587
0.0196 0.368415
0.01965 0.344429
0.0197 0.330147
0.01975 0.325669
0.0198 0.372383
0.01985 0.296481
0.0199 0.346102
0.01995 0.37371
0.02 0.29046
0.02005 0.3075
0.0201 0.330323
0.02015 0.339593
0.0202 0.313709
0.02025 0.334335
0.0203 0.316461
0.02035 0.375171
0.0204 0.320214
0.02045 0.282494
0.0205 0.266704
0.02055 0.278828
0.0206 0.319138
0.02065 0.308004
0.0207 0.388101
0.02075 0.328597
0.0208 0.294944
0.02085 0.30495
0.0209 0.309174
0.02095 0.36552
0.021 0.297243
0.02105 0.315843
0.0211 0.337125
0.02115 0.282673
0.0212 0.304346
0.02125 0.326184
0.0213 0.301644
0.02135 0.319742
0.0214 0.31996
0.02145 0.3404
0.0215 0.314014
0.02155 0.34059
0.0216 0.310638
0.02165 0.328228
0.0217 0.349865
0.02175 0.296669
0.0218 0.302548
0.02185 0.32118
0.0219 0.31361
0.02195 0.347358
0.022 0.320047
0.02205 0.346483
0.0221 0.382411
0.02215 0.320911
0.0222 0.361353
0.02225 0.284779
0.0223 0.289946
0.02235 0.344438
0.0224 0.250237
0.02245 0.336765
0.0225 0.350819
0.02255 0.313447
0.0226 0.315699
0.02265 0.313435
0.0227 0.339375
0.02275 0.273839
0.0228 0.29014
0.02285 0.307016
0.0229 0.265719
0.02295 0.286721
0.023 0.294501
0.02305 0.274621
0.0231 0.346758
0.02315 0.34374
0.0232 0.331875
0.02325 0.253769
0.0233 0.27137
0.02335 0.310622
0.0234 0.266653
0.02345 0.282571
0.0235 0.297658
0.02355 0.331258
0.0236 0.320618
0.02365 0.275316
0.0237 0.30526
0.02375 0.295894
0.0238 0.294586
0.02385 0.304272
0.0239 0.341809
0.02395 0.297509
0.024 0.340481
0.02405 0.366377
0.0241 0.344624
0.02415 0.334358
0.0242 0.383205
0.02425 0.328843
0.0243 0.284378
0.02435 0.330902
0.0244 0.267695
0.02445 0.281527
0.0245 0.257645
0.02455 0.313329
0.0246 0.278156
0.02465 0.331202
0.0247 0.261818
0.02475 0.27882
0.0248 0.249215
0.02485 0.241351
0.0249 0.335244
0.02495 0.32771
0.025 0.284566
0.02505 0.280828
0.0251 0.352525
0.02515 0.271945
0.0252 0.301991
0.02525 0.315019
0.0253 0.312921
0.02535 0.297609
0.0254 0.330568
0.02545 0.289268
0.0255 0.296787
0.02555 0.266981
0.0256 0.212383
0.02565 0.318869
0.0257 0.29775
0.02575 0.288898
0.0258 0.261389
0.02585 0.330075
0.0259 0.334291
0.02595 0.347377
0.026 0.270411
0.02605 0.263999
0.0261 0.319794
0.02615 0.356004
0.0262 0.250677
0.02625 0.313073
0.0263 0.260946
0.02635 0.315712
0.0264 0.27875
0.02645 0.321084
0.0265 0.257995
0.02655 0.281803
0.0266 0.316412
0.02665 0.290346
0.0267 0.303194
0.02675 0.349352
0.0268 0.27656
0.02685 0.32872
0.0269 0.281462
0.02695 0.292806
0.027 0.26689
0.02705 0.295036
0.0271 0.279361
0.02715 0.291349
0.0272 0.294144
0.02725 0.279488
0.0273 0.299765
0.02735 0.257687
0.0274 0.324635
0.02745 0.250055
0.0275 0.254968
0.02755 0.276474
0.0276 0.249439
0.02765 0.284311
0.0277 0.289408
0.02775 0.311774
0.0278 0.327582
0.02785 0.3658
0.0279 0.328763
0.02795 0.311691
0.028 0.302386
0.02805 0.261564
0.0281 0.234041
0.02815 0.237397
0.0282 0.261682
0.02825 0.275348
0.0283 0.259608
0.02835 0.258558
0.0284 0.263767
0.02845 0.312329
0.0285 0.324608
0.02855 0.254588
0.0286 0.275885
0.02865 0.343793
0.0287 0.267161
0.02875 0.289781
0.0288 0.275019
0.02885 0.297755
0.0289 0.284716
0.02895 0.323814
0.029 0.245757
0.02905 0.303489
0.0291 0.253086
0.02915 0.316308
0.0292 0.283335
0.02925 0.258401
0.0293 0.297327
0.02935 0.289417
0.0294 0.260267
0.02945 0.251623
0.0295 0.280173
0.02955 0.261513
0.0296 0.281308
0.02965 0.302396
0.0297 0.23018
0.02975 0.266672
0.0298 0.277682
0.02985 0.266626
0.0299 0.275885
0.02995 0.301995
0.03 0.259125
0.03005 0.230493
0.0301 0.320514
0.03015 0.229788
0.0302 0.2941
0.03025 0.232082
0.0303 0.225605
0.03035 0.337661
0.0304 0.270011
0.03045 0.290481
0.0305 0.286616
0.03055 0.246628
0.0306 0.235259
0.03065 0.295063
0.0307 0.246309
0.03075 0.273089
0.0308 0.29877
0.03085 0.259072
0.0309 0.255706
0.03095 0.301308
0.031 0.319811
0.03105 0.264389
0.0311 0.257297
0.03115 0.260159
0.0312 0.323664
0.03125 0.251636
0.0313 0.275824
0.03135 0.292596
0.0314 0.30442
0.03145 0.290474
0.0315 0.271417
0.03155 0.292721
0.0316 0.331854
0.03165 0.257056
0.0317 0.235247
0.03175 0.289023
0.0318 0.283816
0.03185 0.296452
0.0319 0.238222
0.03195 0.240522
0.032 0.254375
0.03205 0.257383
0.0321 0.288058
0.03215 0.303424
0.0322 0.247915
0.03225 0.258043
0.0323 0.349097
0.03235 0.301257
0.0324 0.240218
0.03245 0.2491
0.0325 0.215061
0.03255 0.255197
0.0326 0.26026
0.03265 0.313092
0.0327 0.26006
0.03275 0.265172
0.0328 0.270311
0.03285 0.244551
0.0329 0.266784
0.03295 0.282522
0.033 0.308911
0.03305 0.252673
0.0331 0.279721
0.03315 0.353375
0.0332 0.26178
0.03325 0.248362
0.0333 0.304922
0.03335 0.270892
0.0334 0.235374
0.03345 0.27407
0.0335 0.240475
0.03355 0.305517
0.0336 0.257789
0.03365 0.263771
0.0337 0.276533
0.03375 0.255555
0.0338 0.275784
0.03385 0.249324
0.0339 0.216639
0.03395 0.281733
0.034 0.255183
0.03405 0.277623
0.0341 0.18747
0.03415 0.251508
0.0342 0.257606
0.03425 0.23355
0.0343 0.278092
0.03435 0.269168
0.0344 0.25883
0.03445 0.3209
0.0345 0.210493
0.03455 0.220017
0.0346 0.266315
0.03465 0.266319
0.0347 0.279531
0.03475 0.239211
0.0348 0.248207
0.03485 0.241889
0.0349 0.245333
0.03495 0.318095
0.035 0.243962
0.03505 0.25235
0.0351 0.217191
0.03515 0.276925
0.0352 0.257252
0.03525 0.2142
0.0353 0.275604
0.03535 0.233196
0.0354 0.209754
0.03545 0.240176
0.0355 0.262198
0.03555 0.224508
0.0356 0.250832
0.03565 0.233002
0.0357 0.29232
0.03575 0.28029
0.0358 0.241683
0.03585 0.238099
0.0359 0.235222
0.03595 0.220096
0.036 0.303687
0.03605 0.237453
0.0361 0.283011
0.03615 0.258533
0.0362 0.255706
0.03625 0.29643
0.0363 0.244269
0.03635 0.232663
0.0364 0.277145
0.03645 0.197713
0.0365 0.265619
0.03655 0.226935
0.0366 0.261395
0.03665 0.276181
0.0367 0.232965
0.03675 0.255079
0.0368 0.232329
0.03685 0.218345
0.0369 0.280424
0.03695 0.319078
0.037 0.269712
0.03705 0.25428
0.0371 0.226157
0.03715 0.221731
0.0372 0.24709
0.03725 0.264348
0.0373 0.264497
0.03735 0.279609
0.0374 0.26033
0.03745 0.225976
0.0375 0.310896
0.03755 0.284862
0.0376 0.246678
0.03765 0.269418
0.0377 0.231851
0.03775 0.237229
0.0378 0.206295
0.03785 0.232091
0.0379 0.223078
0.03795 0.260392
0.038 0.197404
0.03805 0.239326
0.0381 0.232584
0.03815 0.23957
0.0382 0.182326
0.03825 0.25891
0.0383 0.219213
0.03835 0.258467
0.0384 0.262503
0.03845 0.226517
0.0385 0.267493
0.03855 0.276979
0.0386 0.243216
0.03865 0.23951
0.0387 0.249742
0.03875 0.256912
0.0388 0.260227
0.03885 0.231659
0.0389 0.245049
0.03895 0.251473
0.039 0.204035
0.03905 0.251821
0.0391 0.242634
0.03915 0.23263
0.0392 0.231225
0.03925 0.247109
0.0393 0.207966
0.03935 0.200984
0.0394 0.31864
0.03945 0.253466
0.0395 0.207821
0.03955 0.228533
0.0396 0.205711
0.03965 0.265381
0.0397 0.198874
0.03975 0.206942
0.0398 0.220622
0.03985 0.287822
0.0399 0.250608
0.03995 0.196456
0.04 0.239024
0.04005 0.273734
0.0401 0.189732
0.04015 0.289534
0.0402 0.240786
0.04025 0.232158
0.0403 0.24771
0.04035 0.226154
0.0404 0.306454
0.04045 0.216954
0.0405 0.192004
0.04055 0.25466
0.0406 0.234624
0.04065 0.252774
0.0407 0.212313
0.04075 0.200265
0.0408 0.233927
0.04085 0.271805
0.0409 0.28034
0.04095 0.229048
0.041 0.245713
0.04105 0.284635
0.0411 0.208481
0.04115 0.236699
0.0412 0.215522
0.04125 0.276044
0.0413 0.219354
0.04135 0.229528
0.0414 0.272901
0.04145 0.271613
0.0415 0.233758
0.04155 0.216568
0.0416 0.205982
0.04165 0.236226
0.0417 0.209801
0.04175 0.266047
0.0418 0.242145
0.04185 0.196371
0.0419 0.224267
0.04195 0.261505
0.042 0.229916
0.04205 0.248736
0.0421 0.206929
0.04215 0.239247
0.0422 0.265767
0.04225 0.229779
0.0423 0.23178
0.04235 0.214286
0.0424 0.255313
0.04245 0.282887
0.0425 0.239076
0.04255 0.269236
0.0426 0.274767
0.04265 0.208583
0.0427 0.198598
0.04275 0.263052
0.0428 0.209468
0.04285 0.21919
0.0429 0.250423
0.04295 0.226727
0.043 0.267525
0.04305 0.286917
0.0431 0.257187
0.04315 0.235995
0.0432 0.213866
0.04325 0.257478
0.0433 0.234484
0.04335 0.21228
0.0434 0.233451
0.04345 0.212067
0.0435 0.211515
0.04355 0.213579
0.0436 0.215652
0.04365 0.25619
0.0437 0.231244
0.04375 0.235122
0.0438 0.279357
0.04385 0.286869
0.0439 0.199476
0.04395 0.179546
0.044 0.208886
0.04405 0.23921
0.0441 0.216659
0.04415 0.261217
0.0442 0.237783
0.04425 0.195665
0.0443 0.240332
0.04435 0.267392
0.0444 0.250984
0.04445 0.238972
0.0445 0.17257
0.04455 0.179982
0.0446 0.211532
0.04465 0.2119
0.0447 0.288346
0.04475 0.21721
0.0448 0.223876
0.04485 0.217994
0.0449 0.256145
0.04495 0.228725
0.045 0.224641
0.04505 0.247605
0.0451 0.223691
0.04515 0.240379
0.0452 0.246264
0.04525 0.210494
0.0453 0.242632
0.04535 0.221306
0.0454 0.253542
0.04545 0.241296
0.0455 0.266362
0.04555 0.245
0.0456 0.229047
0.04565 0.227667
0.0457 0.231774
0.04575 0.223072
0.0458 0.24277
0.04585 0.194602
0.0459 0.257477
0.04595 0.209239
0.046 0.201369
0.04605 0.228511
0.0461 0.198517
0.04615 0.202615
0.0462 0.206728
0.04625 0.184928
0.0463 0.255759
0.04635 0.236805
0.0464 0.212217
0.04645 0.255441
0.0465 0.22805
0.04655 0.20896
0.0466 0.244857
0.04665 0.188405
0.0467 0.201898
0.04675 0.234156
0.0468 0.225291
0.04685 0.229531
0.0469 0.213128
0.04695 0.239914
0.047 0.247026
0.04705 0.197642
0.0471 0.215055
0.04715 0.239133
0.0472 0.228324
0.04725 0.227888
0.0473 0.217035
0.04735 0.197617
0.0474 0.201864
0.04745 0.174776
0.0475 0.239851
0.04755 0.208981
0.0476 0.196122
0.04765 0.251912
0.0477 0.238164
0.04775 0.193782
0.0478 0.184671
0.04785 0.183197
0.0479 0.260358
0.04795 0.203362
0.048 0.216342
0.04805 0.216858
0.0481 0.202932
0.04815 0.253552
0.0482 0.213621
0.04825 0.188057
0.0483 0.22527
0.04835 0.236464
0.0484 0.208934
0.04845 0.19684
0.0485 0.197333
0.04855 0.226017
0.0486 0.261602
0.04865 0.175548
0.0487 0.26278
0.04875 0.249754
0.0488 0.223011
0.04885 0.209879
0.0489 0.190834
0.04895 0.174672
0.049 0.206531
0.04905 0.205101
0.0491 0.232175
0.04915 0.221941
0.0492 0.243197
0.04925 0.281281
0.0493 0.197094
0.04935 0.259864
0.0494 0.278321
0.04945 0.243375
0.0495 0.235081
0.04955 0.195019
0.0496 0.209452
0.04965 0.206038
0.0497 0.21754
0.04975 0.177286
0.0498 0.203711
0.04985 0.221235
0.0499 0.235816
0.04995 0.227442
0.05 0.246071
0.05005 0.240709
0.0501 0.175152
0.05015 0.237912
0.0502 0.219456
0.05025 0.195916
0.0503 0.259916
0.05035 0.228348
0.0504 0.253191
0.05045 0.283159
0.0505 0.24548
0.05055 0.20263
0.0506 0.289318
0.05065 0.246472
0.0507 0.281655
0.05075 0.225503
0.0508 0.200713
0.05085 0.230823
0.0509 0.23351
0.05095 0.208666
0.051 0.252157
0.05105 0.230369
0.0511 0.261714
0.05115 0.20304
0.0512 0.236445
0.05125 0.250455
0.0513 0.186455
0.05135 0.250769
0.0514 0.210314
0.05145 0.262442
0.0515 0.182755
0.05155 0.180237
0.0516 0.20767
0.05165 0.206232
0.0517 0.207896
0.05175 0.191954
0.0518 0.252705
0.05185 0.254467
0.0519 0.257274
0.05195 0.22577
0.052 0.237898
0.05205 0.208382
0.0521 0.26848
0.05215 0.206604
0.0522 0.194711
0.05225 0.166049
0.0523 0.227348
0.05235 0.20184
0.0524 0.217171
0.05245 0.241997
0.0525 0.228008
0.05255 0.260268
0.0526 0.25366
0.05265 0.1722
0.0527 0.244539
0.05275 0.235773
0.0528 0.27032
0.05285 0.201282
0.0529 0.198766
0.05295 0.241824
0.053 0.21604
0.05305 0.24116
0.0531 0.185564
0.05315 0.218124
0.0532 0.213502
0.05325 0.18435
0.0533 0.253281
0.05335 0.254055
0.0534 0.225969
0.05345 0.273775
0.0535 0.203906
0.05355 0.286066
0.0536 0.16566
0.05365 0.22535
0.0537 0.203508
0.05375 0.151478
0.0538 0.214543
0.05385 0.262693
0.0539 0.185814
0.05395 0.199442
0.054 0.208785
0.05405 0.226811
0.0541 0.167995
0.05415 0.204409
0.0542 0.184505
0.05425 0.245997
0.0543 0.222874
0.05435 0.202952
0.0544 0.206934
0.05445 0.205478
0.0545 0.228021
0.05455 0.250627
0.0546 0.197879
0.05465 0.229225
0.0547 0.198243
0.05475 0.202249
0.0548 0.186521
0.05485 0.158673
0.0549 0.208779
0.05495 0.238123
0.055 0.17066
0.05505 0.241866
0.0551 0.229439
0.05515 0.176131
0.0552 0.242019
0.05525 0.254999
0.0553 0.217093
0.05535 0.217865
0.0554 0.220858
0.05545 0.21276
0.0555 0.240193
0.05555 0.166509
0.0556 0.206153
0.05565 0.216941
0.0557 0.240024
0.05575 0.18505
0.0558 0.2003
0.05585 0.236834
0.0559 0.260039
0.05595 0.222827
0.056 0.213541
0.05605 0.186279
0.0561 0.22071
0.05615 0.290078
0.0562 0.224632
0.05625 0.193918
0.0563 0.252156
0.05635 0.263174
0.0564 0.216643
0.05645 0.261519
0.0565 0.219428
0.05655 0.206658
0.0566 0.19952
0.05665 0.261538
0.0567 0.175036
0.05675 0.170098
0.0568 0.22882
0.05685 0.227384
0.0569 0.20886
0.05695 0.160648
0.057 0.218423
0.05705 0.192985
0.0571 0.184626
0.05715 0.184254
0.0572 0.180447
0.05725 0.220179
0.0573 0.192343
0.05735 0.211503
0.0574 0.268631
0.05745 0.171809
0.0575 0.204798
0.05755 0.220594
0.0576 0.207607
0.05765 0.177277
0.0577 0.217324
0.05775 0.18696
0.0578 0.234037
0.05785 0.199019
0.0579 0.210271
0.05795 0.183273
0.058 0.251408
0.05805 0.159364
0.0581 0.206643
0.05815 0.156269
0.0582 0.215276
0.05825 0.246452
0.0583 0.232196
0.05835 0.172352
0.0584 0.150932
0.05845 0.219548
0.0585 0.245014
0.05855 0.203742
0.0586 0.22688
0.05865 0.191378
0.0587 0.230986
0.05875 0.274224
0.0588 0.239891
0.05885 0.212539
0.0589 0.24171
0.05895 0.191896
0.059 0.201006
0.05905 0.19241
0.0591 0.225198
0.05915 0.21071
0.0592 0.216331
0.05925 0.204177
0.0593 0.206237
0.05935 0.230875
0.0594 0.235363
0.05945 0.174413
0.0595 0.221691
0.05955 0.192801
0.0596 0.248542
0.05965 0.220844
0.0597 0.218172
0.05975 0.220278
0.0598 0.197253
0.05985 0.229279
0.0599 0.193043
0.05995 0.213117
0.06 0.226036
0.06005 0.229372
0.0601 0.224296
0.06015 0.233656
0.0602 0.20689
0.06025 0.229504
0.0603 0.219586
0.06035 0.192732
0.0604 0.206918
0.06045 0.21146
0.0605 0.234179
0.06055 0.226655
0.0606 0.18151
0.06065 0.255226
0.0607 0.23071
0.06075 0.209782
0.0608 0.194888
0.06085 0.24573
0.0609 0.23331
0.06095 0.26112
0.061 0.144921
0.06105 0.182409
0.0611 0.167401
0.06115 0.217229
0.0612 0.241455
0.06125 0.228961
0.0613 0.31337
0.06135 0.20519
0.0614 0.230707
0.06145 0.227997
0.0615 0.201892
0.06155 0.215148
0.0616 0.186515
0.06165 0.193599
0.0617 0.195761
0.06175 0.223885
0.0618 0.193939
0.06185 0.162683
0.0619 0.188346
0.06195 0.267392
0.062 0.208879
0.06205 0.146499
0.0621 0.185895
0.06215 0.176871
0.0622 0.205176
0.06225 0.244764
0.0623 0.194664
0.06235 0.208092
0.0624 0.232794
0.06245 0.226306
0.0625 0.258584
0.06255 0.223332
0.0626 0.230598
0.06265 0.22158
0.0627 0.220071
0.06275 0.190927
0.0628 0.191882
0.06285 0.181518
0.0629 0.201346
0.06295 0.222482
0.063 0.208361
0.06305 0.165181
0.0631 0.225465
0.06315 0.198677
0.0632 0.195861
0.06325 0.220891
0.0633 0.158558
0.06335 0.193714
0.0634 0.179463
0.06345 0.199469
0.0635 0.234775
0.06355 0.240909
0.0636 0.192319
0.06365 0.213685
0.0637 0.177727
0.06375 0.201657
0.0638 0.174564
0.06385 0.213864
0.0639 0.186749
0.06395 0.224851
0.064 0.227175
0.06405 0.166687
0.0641 0.230509
0.06415 0.194329
0.0642 0.21075
0.06425 0.202776
0.0643 0.210228
0.06435 0.172618
0.0644 0.219995
0.06445 0.172023
0.0645 0.148469
0.06455 0.137781
0.0646 0.207235
0.06465 0.221209
0.0647 0.217086
0.06475 0.215546
0.0648 0.178984
0.06485 0.220218
0.0649 0.210887
0.06495 0.185935
0.065 0.180441
0.06505 0.171029
0.0651 0.191565
0.06515 0.219973
0.0652 0.166232
0.06525 0.216848
0.0653 0.21138
0.06535 0.17974
0.0654 0.185989
0.06545 0.283953
0.0655 0.177626
0.06555 0.228496
0.0656 0.190199
0.06565 0.191235
0.0657 0.264599
0.06575 0.182843
0.0658 0.237869
0.06585 0.173083
0.0659 0.197842
0.06595 0.234538
0.066 0.23433
0.06605 0.171988
0.0661 0.244451
0.06615 0.176735
0.0662 0.177766
0.06625 0.239796
0.0663 0.218366
0.06635 0.226104
0.0664 0.203293
0.06645 0.230971
0.0665 0.206803
0.06655 0.158605
0.0666 0.191612
0.06665 0.200682
0.0667 0.199093
0.06675 0.182805
0.0668 0.142415
0.06685 0.191581
0.0669 0.22479
0.06695 0.207154
0.067 0.21764
0.06705 0.183864
0.0671 0.191646
0.06715 0.186006
0.0672 0.189769
0.06725 0.225845
0.0673 0.217551
0.06735 0.194411
0.0674 0.153683
0.06745 0.133115
0.0675 0.221933
0.06755 0.248757
0.0676 0.179578
0.06765 0.202318
0.0677 0.230529
0.06775 0.193715
0.0678 0.193459
0.06785 0.250239
0.0679 0.192989
0.06795 0.177773
0.068 0.290458
0.06805 0.192282
0.0681 0.166129
0.06815 0.194479
0.0682 0.225622
0.06825 0.170776
0.0683 0.193729
0.06835 0.152437
0.0684 0.215099
0.06845 0.223099
0.0685 0.187245
0.06855 0.158173
0.0686 0.183958
0.06865 0.218044
0.0687 0.224705
0.06875 0.228629
0.0688 0.178859
0.06885 0.200637
0.0689 0.189367
0.06895 0.171173
0.069 0.216466
0.06905 0.192758
0.0691 0.17868
0.06915 0.20886
0.0692 0.216946
0.06925 0.198716
0.0693 0.170738
0.06935 0.2121
0.0694 0.235495
0.06945 0.199171
0.0695 0.182243
0.06955 0.198687
0.0696 0.275066
0.06965 0.203846
0.0697 0.202223
0.06975 0.248061
0.0698 0.205987
0.06985 0.195977
0.0699 0.197138
0.06995 0.222102
0.07 0.192481
0.07005 0.241309
0.0701 0.185017
0.07015 0.231097
0.0702 0.246366
0.07025 0.32072
0.0703 0.196846
0.07035 0.213508
0.0704 0.203435
0.07045 0.198981
0.0705 0.160654
0.07055 0.225322
0.0706 0.188392
0.07065 0.205116
0.0707 0.230366
0.07075 0.180622
0.0708 0.232797
0.07085 0.246797
0.0709 0.236704
0.07095 0.22091
0.071 0.197978
0.07105 0.227612
0.0711 0.19612
0.07115 0.24573
0.0712 0.207095
0.07125 0.179787
0.0713 0.156703
0.07135 0.186407
0.0714 0.22189
0.07145 0.165928
0.0715 0.245794
0.07155 0.202676
0.0716 0.173798
0.07165 0.207956
0.0717 0.160391
0.07175 0.190271
0.0718 0.214466
0.07185 0.186944
0.0719 0.192462
0.07195 0.136072
0.072 0.180435
0.07205 0.175863
0.0721 0.220344
0.07215 0.173946
0.0722 0.199702
0.07225 0.22985
0.0723 0.186264
0.07235 0.183132
0.0724 0.242301
0.07245 0.144993
0.0725 0.196937
0.07255 0.221401
0.0726 0.17036
0.07265 0.225356
0.0727 0.168431
0.07275 0.187101
0.0728 0.198525
0.07285 0.141447
0.0729 0.16012
0.07295 0.174452
0.073 0.193197
0.07305 0.168121
0.0731 0.185421
0.07315 0.204221
0.0732 0.17325
0.07325 0.208186
0.0733 0.188915
0.07335 0.191625
0.0734 0.214907
0.07345 0.204427
0.0735 0.195397
0.07355 0.224621
0.0736 0.197931
0.07365 0.191823
0.0737 0.187178
0.07375 0.209092
0.0738 0.169017
0.07385 0.193893
0.0739 0.21882
0.07395 0.215678
0.074 0.199201
0.07405 0.210849
0.0741 0.178031
0.07415 0.195603
0.0742 0.162721
0.07425 0.250139
0.0743 0.250001
0.07435 0.229031
0.0744 0.20653
0.07445 0.198884
0.0745 0.146493
0.07455 0.225293
0.0746 0.198249
0.07465 0.184597
0.0747 0.200818
0.07475 0.224552
0.0748 0.236358
0.07485 0.183774
0.0749 0.216528
0.07495 0.226848
0.075 0.26871
0.07505 0.196504
0.0751 0.176759
0.07515 0.165999
0.0752 0.253043
0.07525 0.180625
0.0753 0.196976
0.07535 0.202804
0.0754 0.213171
0.07545 0.214499
0.0755 0.21583
0.07555 0.226236
0.0756 0.185221
0.07565 0.174405
0.0757 0.246893
0.07575 0.198245
0.0758 0.184392
0.07585 0.203908
0.0759 0.218906
0.07595 0.227854
0.076 0.224652
0.07605 0.230576
0.0761 0.180161
0.07615 0.208895
0.0762 0.284961
0.07625 0.202473
0.0763 0.199227
0.07635 0.179167
0.0764 0.188119
0.07645 0.187909
0.0765 0.180044
0.07655 0.152248
0.0766 0.242439
0.07665 0.243835
0.0767 0.202254
0.07675 0.200528
0.0768 0.189577
0.07685 0.167839
0.0769 0.218392
0.07695 0.161244
0.077 0.221101
0.07705 0.179303
0.0771 0.219203
0.07715 0.195877
0.0772 0.201861
0.07725 0.193943
0.0773 0.212309
0.07735 0.173435
0.0774 0.216583
0.07745 0.174565
0.0775 0.239485
0.07755 0.203651
0.0776 0.177066
0.07765 0.179956
0.0777 0.201512
0.07775 0.209106
0.0778 0.198031
0.07785 0.205631
0.0779 0.164917
0.07795 0.234885
0.078 0.231621
0.07805 0.206483
0.0781 0.204742
0.07815 0.187358
0.0782 0.198111
0.07825 0.233941
0.0783 0.208727
0.07835 0.203849
0.0784 0.181703
0.07845 0.170505
0.0785 0.19699
0.07855 0.196802
0.0786 0.210771
0.07865 0.198009
0.0787 0.175773
0.07875 0.219687
0.0788 0.197451
0.07885 0.220935
0.0789 0.193936
0.07895 0.185846
0.079 0.231495
0.07905 0.161745
0.0791 0.239082
0.07915 0.205686
0.0792 0.199172
0.07925 0.219608
0.0793 0.217865
0.07935 0.224059
0.0794 0.173061
0.07945 0.190337
0.0795 0.206055
0.07955 0.201107
0.0796 0.19615
0.07965 0.151334
0.0797 0.222869
0.07975 0.214739
0.0798 0.208191
0.07985 0.214415
0.0799 0.163087
0.07995 0.180463
0.08 0.233094
0.08005 0.183296
0.0801 0.231188
0.08015 0.210198
0.0802 0.181144
0.08025 0.211458
0.0803 0.243436
0.08035 0.156482
0.0804 0.199695
0.08045 0.185029
0.0805 0.213833
0.08055 0.200779
0.0806 0.187701
0.08065 0.176213
0.0807 0.193774
0.08075 0.179048
0.0808 0.180465
0.08085 0.196447
0.0809 0.215697
0.08095 0.186383
0.081 0.207266
0.08105 0.16493
0.0811 0.203666
0.08115 0.179138
0.0812 0.177315
0.08125 0.209635
0.0813 0.133006
0.08135 0.186476
0.0814 0.212352
0.08145 0.204046
0.0815 0.210404
0.08155 0.22983
0.0816 0.216632
0.08165 0.182168
0.0817 0.157451
0.08175 0.203037
0.0818 0.225789
0.08185 0.220737
0.0819 0.196008
0.08195 0.184354
0.082 0.161192
0.08205 0.23815
0.0821 0.210097
0.08215 0.224737
0.0822 0.211439
0.08225 0.184949
0.0823 0.207821
0.08235 0.210959
0.0824 0.215752
0.08245 0.154554
0.0825 0.202211
0.08255 0.157443
0.0826 0.191938
0.08265 0.213264
0.0827 0.218079
0.08275 0.184815
0.0828 0.197887
0.08285 0.202693
0.0829 0.172669
0.08295 0.169151
0.083 0.202169
0.08305 0.197021
0.0831 0.19519
0.08315 0.165068
0.0832 0.193167
0.08325 0.158009
0.0833 0.206138
0.08335 0.177626
0.0834 0.244196
0.08345 0.195656
0.0835 0.23225
0.08355 0.265566
0.0836 0.260463
0.08365 0.233589
0.0837 0.186567
0.08375 0.193093
0.0838 0.223109
0.08385 0.179347
0.0839 0.167408
0.08395 0.178968
0.084 0.165334
0.08405 0.212228
0.0841 0.195252
0.08415 0.21361
0.0842 0.213466
0.08425 0.172858
0.0843 0.17604
0.08435 0.184292
0.0844 0.184114
0.08445 0.202526
0.0845 0.165168
0.08455 0.170044
0.0846 0.218947
0.08465 0.164603
0.0847 0.237288
0.08475 0.216822
0.0848 0.192926
0.08485 0.143518
0.0849 0.185769
0.08495 0.180495
0.085 0.231345
0.08505 0.200589
0.0851 0.174888
0.08515 0.196854
0.0852 0.237614
0.08525 0.215324
0.0853 0.2186
0.08535 0.199678
0.0854 0.225157
0.08545 0.192541
0.0855 0.195799
0.08555 0.180231
0.0856 0.173201
0.08565 0.188441
0.0857 0.176268
0.08575 0.24301
0.0858 0.182811
0.08585 0.182637
0.0859 0.173868
0.08595 0.218404
0.086 0.219993
0.08605 0.212975
0.0861 0.242128
0.08615 0.207544
0.0862 0.188425
0.08625 0.181355
0.0863 0.169092
0.08635 0.165448
0.0864 0.224042
0.08645 0.180668
0.0865 0.164915
0.08655 0.168187
0.0866 0.159334
0.08665 0.18688
0.0867 0.212739
0.08675 0.243851
0.0868 0.191641
0.08685 0.177577
0.0869 0.19653
0.08695 0.196376
0.087 0.145733
0.08705 0.185587
0.0871 0.159276
0.08715 0.199192
0.0872 0.226962
0.08725 0.204146
0.0873 0.198761
0.08735 0.181131
0.0874 0.242176
0.08745 0.165076
0.0875 0.194655
0.08755 0.175229
0.0876 0.196089
0.08765 0.183659
0.0877 0.167698
0.08775 0.209658
0.0878 0.176139
0.08785 0.179481
0.0879 0.193383
0.08795 0.173869
0.088 0.189542
0.08805 0.201718
0.0881 0.15221
0.08815 0.162594
0.0882 0.153581
0.08825 0.179873
0.0883 0.183239
0.08835 0.145947
0.0884 0.204118
0.08845 0.216368
0.0885 0.17728
0.08855 0.18597
0.0886 0.191129
0.08865 0.208715
0.0887 0.155331
0.08875 0.215521
0.0888 0.174524
0.08885 0.170796
0.0889 0.209758
0.08895 0.216746
0.089 0.19525
0.08905 0.1755
0.0891 0.173547
0.08915 0.146615
0.0892 0.199963
0.08925 0.171245
0.0893 0.187154
0.08935 0.163754
0.0894 0.208297
0.08945 0.158045
0.0895 0.258153
0.08955 0.216861
0.0896 0.198809
0.08965 0.200461
0.0897 0.191346
0.08975 0.175032
0.0898 0.221586
0.08985 0.232258
0.0899 0.210566
0.08995 0.262638
0.09 0.217543
0.09005 0.197601
0.0901 0.17402
0.09015 0.220756
0.0902 0.21342
0.09025 0.200654
0.0903 0.2222
0.09035 0.184118
0.0904 0.191198
0.09045 0.20734
0.0905 0.228942
0.09055 0.23246
0.0906 0.152586
0.09065 0.177792
0.0907 0.201225
0.09075 0.199273
0.0908 0.166429
0.09085 0.180799
0.0909 0.227935
0.09095 0.207809
0.091 0.213144
0.09105 0.16565
0.0911 0.223812
0.09115 0.158038
0.0912 0.192531
0.09125 0.192387
0.0913 0.188589
0.09135 0.197581
0.0914 0.206588
0.09145 0.19731
0.0915 0.169707
0.09155 0.153051
0.0916 0.204189
0.09165 0.211395
0.0917 0.185583
0.09175 0.231333
0.0918 0.181634
0.09185 0.188832
0.0919 0.205237
0.09195 0.192229
0.092 0.210497
0.09205 0.177219
0.0921 0.184433
0.09215 0.210099
0.0922 0.191527
0.09225 0.158157
0.0923 0.211542
0.09235 0.21327
0.0924 0.244585
0.09245 0.179751
0.0925 0.133322
0.09255 0.183122
0.0926 0.214473
0.09265 0.240313
0.0927 0.236515
0.09275 0.184455
0.0928 0.188021
0.09285 0.186019
0.0929 0.189591
0.09295 0.161549
0.093 0.179987
0.09305 0.191007
0.0931 0.181552
0.09315 0.25969
0.0932 0.125344
0.09325 0.15499
0.0933 0.216423
0.09335 0.182687
0.0934 0.223657
0.09345 0.188023
0.0935 0.197236
0.09355 0.15592
0.0936 0.191331
0.09365 0.202437
0.0937 0.251061
0.09375 0.160939
0.0938 0.190801
0.09385 0.181273
0.0939 0.184883
0.09395 0.184739
0.094 0.197762
0.09405 0.199514
0.0941 0.146662
0.09415 0.219954
0.0942 0.206653
0.09425 0.193331
0.0943 0.202632
0.09435 0.187404
0.0944 0.198598
0.09445 0.18713
0.0945 0.217246
0.09455 0.213354
0.0946 0.249209
0.09465 0.199891
0.0947 0.177025
0.09475 0.180667
0.0948 0.214667
0.09485 0.178495
0.0949 0.170751
0.09495 0.185795
0.095 0.193259
0.09505 0.189323
0.0951 0.151127
0.09515 0.179511
0.0952 0.18889
0.09525 0.139198
0.0953 0.211476
0.09535 0.1484
0.0954 0.192129
0.09545 0.232107
0.0955 0.18042
0.09555 0.195572
0.0956 0.203096
0.09565 0.191492
0.0957 0.222
0.09575 0.15484
0.0958 0.160421
0.09585 0.118061
0.0959 0.217641
0.09595 0.271297
0.096 0.238592
0.09605 0.17124
0.0961 0.234547
0.09615 0.186361
0.0962 0.20355
0.09625 0.213062
0.0963 0.193684
0.09635 0.178132
0.0964 0.168343
0.09645 0.228019
0.0965 0.187376
0.09655 0.17565
0.0966 0.167772
0.09665 0.206298
0.0967 0.211989
0.09675 0.204137
0.0968 0.229202
0.09685 0.1826
0.0969 0.135926
0.09695 0.19782
0.097 0.205462
0.09705 0.174276
0.0971 0.170244
0.09715 0.208974
0.0972 0.164129
0.09725 0.191217
0.0973 0.212506
0.09735 0.18318
0.0974 0.140166
0.09745 0.251136
0.0975 0.180834
0.09755 0.17484
0.0976 0.17079
0.09765 0.217538
0.0977 0.254583
0.09775 0.227137
0.0978 0.189864
0.09785 0.228896
0.0979 0.189628
0.09795 0.23066
0.098 0.207042
0.09805 0.21478
0.0981 0.216641
0.09815 0.226361
0.0982 0.173216
0.09825 0.210426
0.0983 0.204419
0.09835 0.188563
0.0984 0.1589
0.09845 0.207992
0.0985 0.164522
0.09855 0.197894
0.0986 0.203695
0.09865 0.215427
0.0987 0.167927
0.09875 0.183587
0.0988 0.169616
0.09885 0.220898
0.0989 0.18914
0.09895 0.171194
0.099 0.206708
0.09905 0.131284
0.0991 0.19059
0.09915 0.204354
0.0992 0.224094
0.09925 0.208116
0.0993 0.174231
0.09935 0.146259
0.0994 0.158025
0.09945 0.151899
0.0995 0.193548
0.09955 0.157572
0.0996 0.195283
0.09965 0.231057
0.0997 0.199055
0.09975 0.169001
0.0998 0.194818
0.09985 0.22467
0.0999 0.200594
0.09995 0.192482
0.1 0.176354
0.10005 0.190232
0.1001 0.176089
0.10015 0.206013
0.1002 0.187862
0.10025 0.195762
0.1003 0.213709
0.10035 0.225659
0.1004 0.181375
0.10045 0.203355
0.1005 0.195203
0.10055 0.172955
0.1006 0.160739
0.10065 0.192813
0.1007 0.192695
0.10075 0.180481
0.1008 0.200521
0.10085 0.184267
0.1009 0.228559
0.10095 0.141617
0.101 0.216226
0.10105 0.25455
0.1011 0.254494
0.10115 0.315158
0.1012 0.347562
0.10125 0.37191
0.1013 0.455077
0.10135 0.438995
0.1014 0.558832
0.10145 0.755986
0.1015 0.886408
0.10155 1.13081
0.1016 1.463
0.10165 2.14755
0.1017 2.27756
0.10175 2.91676
0.1018 3.71782
0.10185 4.42427
0.1019 4.97679
0.10195 5.66272
0.102 6.33536
0.10205 6.77416
0.1021 7.44853
0.10215 7.74575
0.1022 7.4892
0.10225 7.45118
0.1023 7.23296
0.10235 6.45326
0.1024 5.70928
0.10245 5.30451
0.1025 4.52176
0.10255 3.77479
0.1026 3.29977
0.10265 2.99454
0.1027 2.83681
0.10275 2.40129
0.1028 2.0577
0.10285 1.76916
0.1029 1.79935
0.10295 1.65036
0.103 1.61451
0.10305 1.32292
0.1031 1.31559
0.10315 1.22363
0.1032 1.13773
0.10325 1.23971
0.1033 1.10619
0.10335 1.13793
0.1034 0.964872
0.10345 1.01927
0.1035 1.09031
0.10355 1.01848
0.1036 0.975571
0.10365 1.04045
0.1037 0.989216
0.10375 1.01265
0.1038 0.93849
0.10385 0.899552
0.1039 0.962428
0.10395 0.898514
0.104 0.934395
0.10405 0.866227
0.1041 0.908359
0.10415 0.823427
0.1042 0.844707
0.10425 0.878533
0.1043 0.810144
0.10435 0.896168
0.1044 0.869509
0.10445 0.892971
0.1045 0.857918
0.10455 0.747502
0.1046 0.858785
0.10465 0.712665
0.1047 0.805165
0.10475 0.759461
0.1048 0.83322
0.10485 0.772812
0.1049 0.66404
0.10495 0.765112
0.105 0.843217
0.10505 0.824741
0.1051 0.770487
0.10515 0.789795
0.1052 0.743875
0.10525 0.744221
0.1053 0.767744
0.10535 0.82292
0.1054 0.724217
0.10545 0.737203
0.1055 0.764984
0.10555 0.712548
0.1056 0.72554
0.10565 0.702612
0.1057 0.779056
0.10575 0.696908
0.1058 0.705674
0.10585 0.657266
0.1059 0.659645
0.10595 0.712907
0.106 0.795938
0.10605 0.753888
0.1061 0.601382
0.10615 0.716284
0.1062 0.699598
0.10625 0.787062
0.1063 0.687473
0.10635 0.751599
0.1064 0.660398
0.10645 0.745858
0.1065 0.682268
0.10655 0.680416
0.1066 0.661497
0.10665 0.674561
0.1067 0.674833
0.10675 0.672969
0.1068 0.720253
0.10685 0.699187
0.1069 0.622477
0.10695 0.736119
0.107 0.590859
0.10705 0.610329
0.1071 0.62554
0.10715 0.5057
0.1072 0.645237
0.10725 0.617581
0.1073 0.68006
0.10735 0.691074
0.1074 0.62259
0.10745 0.60991
0.1075 0.659591
0.10755 0.573765
0.1076 0.681589
0.10765 0.638783
0.1077 0.733837
0.10775 0.617735
0.1078 0.684816
0.10785 0.67646
0.1079 0.646502
0.10795 0.573302
0.108 0.75932
0.10805 0.763988
0.1081 0.63023
0.10815 0.62829
0.1082 0.658822
0.10825 0.639578
0.1083 0.622474
0.10835 0.598842
0.1084 0.616388
0.10845 0.555838
0.1085 0.61678
0.10855 0.664774
0.1086 0.584627
0.10865 0.654375
0.1087 0.656794
0.10875 0.64616
0.1088 0.483121
0.10885 0.550725
0.1089 0.662002
0.10895 0.614292
0.109 0.625403
0.10905 0.608163
0.1091 0.62801
0.10915 0.669724
0.1092 0.61754
0.10925 0.525936
0.1093 0.556678
0.10935 0.629034
0.1094 0.605173
0.10945 0.587849
0.1095 0.552973
0.10955 0.601345
0.1096 0.564256
0.10965 0.610488
0.1097 0.531668
0.10975 0.632812
0.1098 0.650608
0.10985 0.54534
0.1099 0.585062
0.10995 0.587438
0.11 0.556802
0.11005 0.603194
0.1101 0.596777
0.11015 0.669695
0.1102 0.650102
0.11025 0.55989
0.1103 0.566663
0.11035 0.562405
0.1104 0.522797
0.11045 0.542805
0.1105 0.551785
0.11055 0.551929
0.1106 0.54986
0.11065 0.525648
0.1107 0.587788
0.11075 0.603476
0.1108 0.572628
0.11085 0.566136
0.1109 0.559635
0.11095 0.562005
0.111 0.566599
0.11105 0.491207
0.1111 0.555762
0.11115 0.61818
0.1112 0.500457
0.11125 0.647469
0.1113 0.607611
0.11135 0.520911
0.1114 0.543315
0.11145 0.563519
0.1115 0.541361
0.11155 0.552653
0.1116 0.555028
0.11165 0.59315
0.1117 0.517338
0.11175 0.55546
0.1118 0.569026
0.11185 0.555754
0.1119 0.499923
0.11195 0.571697
0.112 0.547204
0.11205 0.54734
0.1121 0.58785
0.11215 0.54763
0.1122 0.471436
0.11225 0.505194
0.1123 0.489563
0.11235 0.541351
0.1124 0.575216
0.11245 0.568626
0.1125 0.517007
0.11255 0.487839
0.1126 0.519463
0.11265 0.445191
0.1127 0.51965
0.11275 0.50848
0.1128 0.488267
0.11285 0.517703
0.1129 0.572027
0.11295 0.633203
0.113 0.520363
0.11305 0.450351
0.1131 0.525078
0.11315 0.556888
0.1132 0.523055
0.11325 0.588881
0.1133 0.453031
0.11335 0.534729
0.1134 0.530313
0.11345 0.469141
0.1135 0.485102
0.11355 0.505628
0.1136 0.57846
0.11365 0.605908
0.1137 0.537842
0.11375 0.608522
0.1138 0.458426
0.11385 0.442534
0.1139 0.479038
0.11395 0.53383
0.114 0.44271
0.11405 0.502082
0.1141 0.474778
0.11415 0.506822
0.1142 0.506918
0.11425 0.541304
0.1143 0.511699
0.11435 0.520951
0.1144 0.4501
0.11445 0.402056
0.1145 0.443298
0.11455 0.42271
0.1146 0.466299
0.11465 0.468653
0.1147 0.49855
0.11475 0.473382
0.1148 0.496418
0.11485 0.521782
0.1149 0.455219
0.11495 0.418469
0.115 0.478313
0.11505 0.492195
0.1151 0.533731
0.11515 0.522329
0.1152 0.450982
0.11525 0.531738
0.1153 0.464951
0.11535 0.531941
0.1154 0.527439
0.11545 0.626881
0.1155 0.460687
0.11555 0.416813
0.1156 0.495471
0.11565 0.412251
0.1157 0.470138
0.11575 0.453988
0.1158 0.558301
0.11585 0.519033
0.1159 0.426377
0.11595 0.489041
0.116 0.475193
0.11605 0.435785
0.1161 0.4846
0.11615 0.489322
0.1162 0.4894
0.11625 0.391786
0.1163 0.43832
0.11635 0.482586
0.1164 0.445394
0.11645 0.482714
0.1165 0.380222
0.11655 0.508466
0.1166 0.452568
0.11665 0.489958
0.1167 0.508716
0.11675 0.53217
0.1168 0.469185
0.11685 0.527695
0.1169 0.506754
0.11695 0.462386
0.117 0.539693
0.11705 0.528103
0.1171 0.495411
0.11715 0.511901
0.1172 0.455717
0.11725 0.512069
0.1173 0.397162
0.11735 0.472296
0.1174 0.521687
0.11745 0.425441
0.1175 0.507748
0.11755 0.505488
0.1176 0.552638
0.11765 0.444484
0.1177 0.465717
0.11775 0.395093
0.1178 0.444586
0.11785 0.46113
0.1179 0.475336
0.11795 0.47776
0.118 0.499075
0.11805 0.435385
0.1181 0.421237
0.11815 0.397615
0.1182 0.444913
0.11825 0.478075
0.1183 0.397663
0.11835 0.423709
0.1184 0.51612
0.11845 0.414308
0.1185 0.421433
0.11855 0.506843
0.1186 0.438116
0.11865 0.471384
0.1187 0.478569
0.11875 0.473883
0.1188 0.431159
0.11885 0.421673
0.1189 0.440723
0.11895 0.428857
0.119 0.424119
0.11905 0.478925
0.1191 0.48614
0.11915 0.483828
0.1192 0.355108
0.11925 0.431422
0.1193 0.534089
0.11935 0.460173
0.1194 0.46739
0.11945 0.433986
0.1195 0.443578
0.11955 0.424478
0.1196 0.43407
0.11965 0.505918
0.1197 0.414996
0.11975 0.465324
0.1198 0.484554
0.11985 0.475032
0.1199 0.359942
0.11995 0.419908
0.12 0.393513
0.12005 0.357477
0.1201 0.419919
0.12015 0.477631
0.1202 0.482505
0.12025 0.465731
0.1203 0.436901
0.12035 0.465827
0.1204 0.473108
0.12045 0.492448
0.1205 0.400906
0.12055 0.400906
0.1206 0.434688
0.12065 0.48541
0.1207 0.41786
0.12075 0.458946
0.1208 0.371982
0.12085 0.471096
0.1209 0.40826
0.12095 0.391326
0.121 0.488158
0.12105 0.437368
0.1211 0.367131
0.12115 0.401039
0.1212 0.432564
0.12125 0.447146
0.1213 0.430195
0.12135 0.464211
0.1214 0.498269
0.12145 0.454609
0.1215 0.440067
0.12155 0.423075
0.1216 0.449856
0.12165 0.418254
0.1217 0.471838
0.12175 0.398816
0.1218 0.374444
0.12185 0.440248
0.1219 0.408573
0.12195 0.389059
0.122 0.462279
0.12205 0.469655
0.1221 0.491698
0.12215 0.413564
0.1222 0.416019
0.12225 0.413585
0.1223 0.447853
0.12235 0.354867
0.1224 0.40136
0.12245 0.38911
0.1225 0.386649
0.12255 0.362117
0.1226 0.438128
0.12265 0.443066
0.1227 0.475015
0.12275 0.455427
0.1228 0.430901
0.12285 0.394055
0.1229 0.403885
0.12295 0.423567
0.123 0.41128
0.12305 0.40144
0.1231 0.403903
0.12315 0.423617
0.1232 0.394055
0.12325 0.426107
0.1233 0.384188
0.12335 0.482894
0.1234 0.468146
0.12345 0.41633
0.1235 0.347154
0.12355 0.40891
0.1236 0.423754
0.12365 0.371818
0.1237 0.381694
0.12375 0.453482
0.1238 0.426277
0.12385 0.411429
0.1239 0.431269
0.12395 0.483373
0.124 0.418933
0.12405 0.426393
0.1241 0.409032
0.12415 0.394134
0.1242 0.411523
0.12425 0.396615
0.1243 0.394124
0.12435 0.37919
0.1244 0.366727
0.12445 0.309429
0.1245 0.401522
0.12455 0.384078
0.1246 0.436417
0.12465 0.389059
0.1247 0.404019
0.12475 0.391541
0.1248 0.401521
0.12485 0.376541
0.1249 0.446493
0.12495 0.439029
0.125 0.449063
0.12505 0.416575
0.1251 0.404072
0.12515 0.434122
0.1252 0.419118
0.12525 0.371518
0.1253 0.384029
0.12535 0.373983
0.1254 0.439195
0.12545 0.386515
0.1255 0.416635
0.12555 0.396551
0.1256 0.416651
0.12565 0.358841
0.1257 0.391502
0.12575 0.366334
0.1258 0.49719
0.12585 0.42928
0.1259 0.404112
0.12595 0.467114
0.126 0.414225
0.12605 0.449543
0.1261 0.454627
0.12615 0.469813
0.1262 0.404217
0.12625 0.429479
0.1263 0.353691
0.12635 0.386517
0.1264 0.34857
0.12645 0.477558
0.1265 0.40675
0.12655 0.416882
0.1266 0.386498
0.12665 0.46504
0.1267 0.361155
0.12675 0.394091
0.1268 0.333197
0.12685 0.388979
0.1269 0.38643
0.12695 0.368638
0.127 0.358448
0.12705 0.39146
0.1271 0.373651
0.12715 0.304941
0.1272 0.39394
0.12725 0.42194
0.1273 0.383751
0.12735 0.353161
0.1274 0.345476
0.12745 0.416832
0.1275 0.391334
0.12755 0.40919
0.1276 0.424514
0.12765 0.355574
0.1277 0.434743
0.12775 0.416877
0.1278 0.396433
0.12785 0.406661
0.1279 0.437373
0.12795 0.452761
0.128 0.401581
0.12805 0.375961
0.1281 0.363126
0.12815 0.41694
0.1282 0.398997
0.12825 0.370769
0.1283 0.378446
0.12835 0.357884
0.1284 0.452903
0.12845 0.391263
0.1285 0.362974
0.12855 0.329508
0.1286 0.388631
0.12865 0.380899
0.1287 0.357708
0.12875 0.391162
0.1288 0.386
0.12885 0.362786
0.1289 0.375651
0.12895 0.411751
0.129 0.393692
0.12905 0.396268
0.1291 0.380766
0.12915 0.375582
0.1292 0.429847
0.12925 0.404009
0.1293 0.380728
0.12935 0.391064
0.1294 0.341865
0.12945 0.302969
0.1295 0.365077
0.12955 0.359865
0.1296 0.390949
0.12965 0.352031
0.1297 0.370158
0.12975 0.351962
0.1298 0.336342
0.12985 0.36487
0.1299 0.375238
0.12995 0.424618
0.13 0.445444
0.13005 0.432468
0.1301 0.31796
0.13015 0.315292
0.1302 0.356906
0.13025 0.380326
0.1303 0.390738
0.13035 0.359434
0.1304 0.304613
0.13045 0.346299
0.1305 0.395866
0.13055 0.385414
0.1306 0.435049
0.13065 0.401093
0.1307 0.380173
0.13075 0.422013
0.1308 0.317349
0.13085 0.293723
0.1309 0.330307
0.13095 0.369553
0.131 0.369529
0.13105 0.361639
0.1311 0.456037
0.13115 0.453455
0.1312 0.37737
0.13125 0.3721
0.1313 0.343181
0.13135 0.340509
0.1314 0.379898
0.13145 0.379882
0.1315 0.332508
0.13155 0.448264
0.1316 0.387741
0.13165 0.345587
0.1317 0.36399
0.13175 0.327058
0.1318 0.424571
0.13185 0.385019
0.1319 0.319032
0.13195 0.39817
0.132 0.400809
0.13205 0.421945
0.1321 0.395531
0.13215 0.350579
0.1322 0.345251
0.13225 0.427235
0.1323 0.382256
0.13235 0.313394
0.1324 0.400745
0.13245 0.384845
0.1325 0.326511
0.13255 0.360931
0.1326 0.331718
0.13265 0.329012
0.1327 0.419228
0.13275 0.32097
0.1328 0.376707
0.13285 0.376689
0.1329 0.344763
0.13295 0.424521
0.133 0.34737
0.13305 0.365964
0.1331 0.435176
0.13315 0.34729
0.1332 0.333925
0.13325 0.339207
0.1333 0.333827
0.13335 0.363125
0.1334 0.373773
0.13345 0.357733
0.1335 0.339004
0.13355 0.312238
0.1336 0.333556
0.13365 0.290722
0.1337 0.37624
0.13375 0.402982
0.1338 0.360152
0.13385 0.344054
0.1339 0.427061
0.13395 0.344001
0.134 0.349321
0.13405 0.333191
0.1341 0.351922
0.13415 0.370674
0.1342 0.376022
0.13425 0.400178
0.1343 0.359873
0.13435 0.303395
0.1344 0.359792
0.13445 0.340932
0.1345 0.316669
0.13455 0.305839
0.1346 0.305769
0.13465 0.375743
0.1347 0.316435
0.13475 0.332549
0.1348 0.405318
0.13485 0.372946
0.1349 0.300053
0.13495 0.359379
0.135 0.364751
0.13505 0.335003
0.1351 0.299816
0.13515 0.402494
0.1352 0.326756
0.13525 0.345644
0.1353 0.34019
0.13535 0.299526
0.1354 0.321124
0.13545 0.318356
0.1355 0.353539
0.13555 0.312825
0.1356 0.282918
0.13565 0.358824
0.1357 0.380514
0.13575 0.33976
0.1358 0.383188
0.13585 0.366868
0.1359 0.394034
0.13595 0.35595
0.136 0.328708
0.13605 0.372208
0.1361 0.317728
0.13615 0.328564
0.1362 0.268562
0.13625 0.36115
0.1363 0.301128
0.13635 0.385624
0.1364 0.328305
0.13645 0.311873
0.1365 0.325464
0.13655 0.347266
0.1366 0.306233
0.13665 0.385451
0.1367 0.360826
0.13675 0.349854
0.1368 0.349818
0.13685 0.32514
0.1369 0.294957
0.13695 0.401741
0.137 0.385297
0.13705 0.303027
0.1371 0.368789
0.13715 0.442855
0.1372 0.338577
0.13725 0.330295
0.1373 0.332992
0.13735 0.286228
0.1374 0.352122
0.13745 0.390588
0.1375 0.352068
0.13755 0.379554
0.1376 0.318974
0.13765 0.33544
0.1377 0.332639
0.13775 0.373931
0.1378 0.332558
0.13785 0.362848
0.1379 0.31316
0.13795 0.274458
0.138 0.282651
0.13805 0.387523
0.1381 0.423434
0.13815 0.271432
0.1382 0.35982
0.13825 0.323834
0.1383 0.337615
0.13835 0.307123
0.1384 0.340285
0.13845 0.356863
0.1385 0.406711
0.13855 0.315241
0.1386 0.367868
0.13865 0.387264
0.1387 0.387256
0.13875 0.331728
0.1388 0.362227
0.13885 0.378869
0.1389 0.378855
0.13895 0.306561
0.139 0.339867
0.13905 0.320351
0.1391 0.320295
0.13915 0.348079
0.1392 0.370323
0.13925 0.328513
0.1393 0.283871
0.13935 0.325609
0.1394 0.347869
0.13945 0.339463
0.1395 0.305929
0.13955 0.336575
0.1396 0.353289
0.13965 0.322523
0.1397 0.297314
0.13975 0.297242
0.1398 0.35311
0.13985 0.319502
0.1399 0.33624
0.13995 0.322196
0.14 0.302535
0.14005 0.341695
0.1401 0.364079
0.14015 0.327603
0.1402 0.386458
0.14025 0.296658
0.1403 0.361147
0.14035 0.282497
0.1404 0.318932
0.14045 0.313256
0.1405 0.375038
0.14055 0.341278
0.1406 0.282165
0.14065 0.349619
0.1407 0.377735
0.14075 0.369273
0.1408 0.332632
0.14085 0.394582
0.1409 0.343838
0.14095 0.372
0.141 0.273247
0.14105 0.354997
0.1411 0.32956
0.14115 0.352104
0.1412 0.306872
0.14125 0.309634
0.1413 0.306745
0.14135 0.320821
0.1414 0.343399
0.14145 0.340531
0.1415 0.354646
0.14155 0.30364
0.1416 0.292242
0.14165 0.303504
0.1417 0.306273
0.14175 0.328897
0.1418 0.257924
0.14185 0.291882
0.1419 0.277613
0.14195 0.337169
0.142 0.354173
0.14205 0.285935
0.1421 0.34556
0.14215 0.308552
0.1422 0.28573
0.14225 0.27996
0.1423 0.311195
0.14235 0.262719
0.1424 0.319605
0.14245 0.308151
0.1425 0.308089
0.14255 0.310879
0.1426 0.347908
0.14265 0.350728
0.1427 0.330711
0.14275 0.307817
0.1428 0.319183
0.14285 0.267685
0.1429 0.361942
0.14295 0.341898
0.143 0.333277
0.14305 0.310337
0.1431 0.353222
0.14315 0.338872
0.1432 0.353157
0.14325 0.324467
0.1433 0.330151
0.14335 0.284217
0.1434 0.344388
0.14345 0.350092
0.1435 0.281156
0.14355 0.35862
0.1436 0.246547
0.14365 0.303923
0.1437 0.358484
0.14375 0.352706
0.1438 0.263489
0.14385 0.309445
0.1439 0.378481
0.14395 0.326629
0.144 0.343867
0.14405 0.289073
0.1441 0.346659
0.14415 0.326437
0.1442 0.340814
0.14425 0.329232
0.1443 0.369604
0.14435 0.340706
0.1444 0.369558
0.14445 0.33197
0.1445 0.268324
0.14455 0.323184
0.1446 0.331813
0.14465 0.305723
0.1447 0.259341
0.14475 0.328751
0.1448 0.354778
0.14485 0.293892
0.1449 0.325711
0.14495 0.308263
0.145 0.296599
0.14505 0.328453
0.1451 0.334213
0.14515 0.305131
0.1452 0.249874
0.14525 0.290458
0.1453 0.2962
0.14535 0.331028
0.1454 0.301894
0.14545 0.30474
0.1455 0.313411
0.14555 0.322091
0.1456 0.275433
0.14565 0.316147
0.1457 0.374393
0.14575 0.348135
0.1458 0.257676
0.14585 0.36263
0.1459 0.289633
0.14595 0.345041
0.146 0.318718
0.14605 0.344964
0.1461 0.283547
0.14615 0.301015
0.1462 0.274626
0.14625 0.312582
0.1463 0.350577
0.14635 0.303699
0.1464 0.29485
0.14645 0.329942
0.1465 0.274209
0.14655 0.353291
0.1466 0.306335
0.14665 0.329747
0.1467 0.297418
0.14675 0.353136
0.1468 0.303179
0.14685 0.320745
0.1469 0.344207
0.14695 0.282433
0.147 0.279416
0.14705 0.323468
0.1471 0.29399
0.14715 0.302754
0.1472 0.285022
0.14725 0.340922
0.1473 0.311416
0.14735 0.29662
0.1474 0.355534
0.14745 0.328958
0.1475 0.343669
0.14755 0.305259
0.1476 0.370165
0.14765 0.331747
0.1477 0.2992
0.14775 0.316872
0.1478 0.355261
0.14785 0.304949
0.1479 0.313766
0.14795 0.322592
0.148 0.295895
0.14805 0.313601
0.1481 0.307621
0.14815 0.369807
0.1482 0.357931
0.14825 0.295621
0.1483 0.31039
0.14835 0.283622
0.1484 0.322145
0.14845 0.304277
0.1485 0.256681
0.14855 0.324945
0.1486 0.298142
0.14865 0.345662
0.1487 0.306955
0.14875 0.259281
0.1488 0.303846
0.14885 0.309742
0.1489 0.309686
0.14895 0.28579
0.149 0.32149
0.14905 0.279694
0.1491 0.318397
0.14915 0.357139
0.1492 0.31831
0.14925 0.31826
0.1493 0.330158
0.14935 0.26438
0.1494 0.294184
0.14945 0.261228
0.1495 0.294041
0.14955 0.273031
0.1496 0.299888
0.14965 0.350724
0.1497 0.299781
0.14975 0.305711
0.1498 0.287671
0.14985 0.320579
0.1499 0.308535
0.14995 0.290479
0.15 0.314419
0.15005 0.320371
0.1501 0.338341
0.15015 0.275221
0.1502 0.320218
0.15025 0.329188
0.1503 0.344181
0.15035 0.232853
0.1504 0.250801
0.15045 0.274787
0.1505 0.289764
0.15055 0.298732
0.1506 0.331813
0.15065 0.301633
0.1507 0.304588
0.15075 0.337706
0.1508 0.244143
0.15085 0.274225
0.1509 0.292261
0.15095 0.289175
0.151 0.301191
0.15105 0.264867
0.1511 0.288967
0.15115 0.294947
0.1512 0.316058
0.15125 0.340216
0.1513 0.240291
0.15135 0.264415
0.1514 0.309766
0.15145 0.270322
0.1515 0.318738
0.15155 0.345978
0.1516 0.309552
0.15165 0.34894
0.1517 0.294282
0.15175 0.291182
0.1518 0.342745
0.15185 0.363979
0.1519 0.281908
0.15195 0.315276
0.152 0.321308
0.15205 0.296926
0.1521 0.305993
0.15215 0.315069
0.1522 0.293704
0.15225 0.333238
0.1523 0.275307
0.15235 0.247799
0.1524 0.330028
0.15245 0.357438
0.1525 0.323855
0.15255 0.302447
0.1526 0.308495
0.15265 0.311495
0.1527 0.332828
0.15275 0.314454
0.1528 0.305233
0.15285 0.332699
0.1529 0.320425
0.15295 0.268359
0.153 0.329499
0.15305 0.289653
0.1531 0.271209
0.15315 0.359987
0.1532 0.353837
0.15325 0.271031
0.1533 0.289355
0.15335 0.298493
0.1534 0.326054
0.15345 0.307592
0.1535 0.289112
0.15355 0.292118
0.1536 0.288981
0.15365 0.298137
0.1537 0.267327
0.15375 0.276475
0.1538 0.350249
0.15385 0.304053
0.1539 0.303997
0.15395 0.285461
0.154 0.313122
0.15405 0.313072
0.1541 0.291441
0.15415 0.303713
0.1542 0.297487
0.15425 0.275825
0.1543 0.251055
0.15435 0.331253
0.1544 0.318859
0.15445 0.331173
0.1545 0.318771
0.15455 0.300173
0.1546 0.287743
0.15465 0.306241
0.1547 0.318567
0.15475 0.306137
0.1548 0.256531
0.15485 0.296719
0.1549 0.296659
0.15495 0.296599
0.155 0.281034
0.15505 0.318188
0.1551 0.299524
0.15515 0.22497
0.1552 0.318014
0.15525 0.265166
0.1553 0.286835
0.15535 0.292985
0.1554 0.283596
0.15545 0.314628
0.1555 0.308358
0.15555 0.320754
0.1556 0.292693
0.15565 0.295745
0.1557 0.35487
0.15575 0.37666
0.1558 0.29561
0.15585 0.27996
0.1559 0.242462
0.15595 0.251728
0.156 0.254761
0.15605 0.282773
0.1561 0.32955
0.15615 0.267032
0.1562 0.304454
0.15625 0.313778
0.1563 0.326238
0.15635 0.313686
0.1564 0.272961
0.15645 0.257237
0.1565 0.300987
0.15655 0.285271
0.1566 0.347865
0.15665 0.347839
0.1567 0.297653
0.15675 0.313275
0.1568 0.344597
0.15685 0.225325
0.1569 0.35392
0.15695 0.328778
0.157 0.313035
0.15705 0.243863
0.1571 0.275201
0.15715 0.290849
0.1572 0.262482
0.15725 0.246672
0.1573 0.306375
0.15735 0.362987
0.1574 0.281097
0.15745 0.287329
0.1575 0.277812
0.15755 0.280894
0.1576 0.293438
0.15765 0.33438
0.1577 0.264936
0.15775 0.23961
0.1578 0.267929
0.15785 0.277327
0.1579 0.296211
0.15795 0.277193
0.158 0.26764
0.15805 0.270726
0.1581 0.267489
0.15815 0.257921
0.1582 0.305314
0.15825 0.343254
0.1583 0.292554
0.15835 0.21963
0.1584 0.298749
0.15845 0.305033
0.1585 0.311323
0.15855 0.323963
0.1586 0.365172
0.15865 0.35881
0.1587 0.260367
0.15875 0.301575
0.1588 0.276105
0.15885 0.269679
0.1589 0.279142
0.15895 0.304514
0.159 0.279014
0.15905 0.339404
0.1591 0.31391
0.15915 0.266104
0.1592 0.266028
0.15925 0.304184
0.1593 0.262701
0.15935 0.323195
0.1594 0.297643
0.15945 0.262497
0.1595 0.271992
0.15955 0.281496
0.1596 0.239921
0.15965 0.332455
0.1597 0.274911
0.15975 0.303605
0.1598 0.277977
0.15985 0.287503
0.1599 0.35462
0.15995 0.2874
0.16 0.264931
0.16005 0.277663
0.1601 0.309625
0.16015 0.271129
0.1602 0.299902
0.16025 0.287024
0.1603 0.319032
0.16035 0.293326
0.1604 0.277223
0.16045 0.270735
0.1605 0.305984
0.16055 0.341266
0.1606 0.28983
0.16065 0.276914
0.1607 0.328286
0.16075 0.273578
0.1608 0.32498
0.16085 0.250928
0.1609 0.302348
0.16095 0.266876
0.161 0.250697
0.16105 0.286055
0.1611 0.247317
0.16115 0.331055
0.1612 0.305221
0.16125 0.289041
0.1613 0.263165
0.16135 0.266317
0.1614 0.27593
0.16145 0.275862
0.1615 0.243484
0.16155 0.243396
0.1616 0.25624
0.16165 0.246458
0.1617 0.265782
0.16175 0.298068
0.1618 0.281829
0.16185 0.252623
0.1619 0.275214
0.16195 0.320506
0.162 0.229718
0.16205 0.294462
0.1621 0.278191
0.16215 0.268393
0.1622 0.274811
0.16225 0.294219
0.1623 0.284422
0.16235 0.222648
0.1624 0.251789
0.16245 0.241957
0.1625 0.300387
0.16255 0.251555
0.1626 0.284003
0.16265 0.293703
0.1627 0.270862
0.16275 0.261024
0.1628 0.28049
0.16285 0.332554
0.1629 0.296673
0.16295 0.277059
0.163 0.224817
0.16305 0.316055
0.1631 0.276857
0.16315 0.260471
0.1632 0.286515
0.16325 0.319115
0.1633 0.322342
0.16335 0.315768
0.1634 0.30265
0.16345 0.30914
0.1635 0.286197
0.16355 0.279593
0.1636 0.325351
0.16365 0.250013
0.1637 0.272856
0.16375 0.282616
0.1638 0.305493
0.16385 0.275943
0.1639 0.262761
0.16395 0.243007
0.164 0.216673
0.16405 0.292057
0.1641 0.337963
0.16415 0.328083
0.1642 0.255779
0.16425 0.304991
0.1643 0.262212
0.16435 0.268714
0.1644 0.31469
0.16445 0.232398
0.1645 0.307999
0.16455 0.265157
0.1646 0.24862
0.16465 0.29136
0.1647 0.304484
0.16475 0.281364
0.1648 0.281302
0.16485 0.291134
0.1649 0.241593
0.16495 0.258007
0.165 0.248028
0.16505 0.284268
0.1651 0.274299
0.16515 0.234585
0.1652 0.274155
0.16525 0.290619
0.1653 0.240958
0.16535 0.221024
0.1654 0.210999
0.16545 0.316815
0.1655 0.313464
0.16555 0.306798
0.1656 0.250431
0.16565 0.253665
0.1657 0.323202
0.16575 0.316534
0.1658 0.299909
0.16585 0.279951
0.1659 0.27657
0.16595 0.309706
0.166 0.289736
0.16605 0.266426
0.1661 0.286294
0.16615 0.259644
0.1662 0.27287
0.16625 0.289434
0.1663 0.279397
0.16635 0.295975
0.1664 0.262633
0.16645 0.242581
0.1665 0.265814
0.16655 0.30906
0.1666 0.212359
0.16665 0.265601
0.1667 0.265531
0.16675 0.235437
0.1668 0.262045
0.16685 0.245283
0.1669 0.291947
0.16695 0.271853
0.167 0.245059
0.16705 0.278397
0.1671 0.305079
0.16715 0.284969
0.1672 0.261496
0.16725 0.274808
0.1673 0.304867
0.16735 0.281385
0.1674 0.277976
0.16745 0.294664
0.1675 0.257751
0.16755 0.281141
0.1676 0.250904
0.16765 0.301136
0.1677 0.260828
0.16775 0.30774
0.1678 0.260698
0.16785 0.300922
0.1679 0.28072
0.16795 0.2605
0.168 0.310843
0.16805 0.233475
0.1681 0.293921
0.16815 0.303961
0.1682 0.330835
0.16825 0.239923
0.1683 0.266775
0.16835 0.280179
0.1684 0.236322
0.16845 0.330596
0.1685 0.303598
0.16855 0.279948
0.1686 0.22592
0.16865 0.28656
0.1687 0.327004
0.16875 0.293212
0.1688 0.228997
0.16885 0.259309
0.1689 0.265995
0.16895 0.296347
0.169 0.259106
0.16905 0.31991
0.1691 0.29281
0.16915 0.289374
0.1692 0.265625
0.16925 0.228311
0.1693 0.258704
0.16935 0.258632
0.1694 0.282283
0.16945 0.278835
0.1695 0.32964
0.16955 0.26177
0.1696 0.288844
0.16965 0.23788
0.1697 0.227611
0.16975 0.251293
0.1698 0.28179
0.16985 0.237558
0.1699 0.305454
0.16995 0.27481
0.17 0.267946
0.17005 0.223654
0.1701 0.250786
0.17015 0.220074
0.1702 0.33575
0.17025 0.257386
0.1703 0.240279
0.17035 0.216341
0.1704 0.243517
0.17045 0.267307
0.1705 0.308173
0.17055 0.263775
0.1706 0.263707
0.17065 0.301193
0.1707 0.253337
0.17075 0.256679
0.1708 0.256607
0.17085 0.263371
0.1709 0.266722
0.17095 0.338476
0.171 0.2974
0.17105 0.29393
0.1711 0.22542
0.17115 0.252722
0.1712 0.245798
0.17125 0.317666
0.1713 0.228528
0.17135 0.276432
0.1714 0.286659
0.17145 0.279745
0.1715 0.245377
0.17155 0.235003
0.1716 0.279548
0.17165 0.317264
0.1717 0.279443
0.17175 0.248461
0.1718 0.251822
0.17185 0.293004
0.1719 0.282637
0.17195 0.255061
0.172 0.320368
0.17205 0.248052
0.1721 0.247976
0.17215 0.206572
0.1722 0.268482
0.17225 0.251188
0.1723 0.261455
0.17235 0.292419
0.1724 0.275124
0.17245 0.233664
0.1725 0.247384
0.17255 0.288732
0.1726 0.309398
0.17265 0.257548
0.1727 0.302393
0.17275 0.250509
0.1728 0.274634
0.17285 0.288406
0.1729 0.288354
0.17295 0.215642
0.173 0.319378
0.17305 0.270876
0.1731 0.24311
0.17315 0.184144
0.1732 0.242937
0.17325 0.253257
0.1733 0.27052
0.17335 0.277394
0.1734 0.235708
0.17345 0.284206
0.1735 0.298036
0.17355 0.235494
0.1736 0.224993
0.17365 0.263119
0.1737 0.297803
0.17375 0.269949
0.1738 0.26641
0.17385 0.283736
0.1739 0.262808
0.17395 0.269702
0.174 0.252235
0.17405 0.259127
0.1741 0.259059
0.17415 0.279895
0.1742 0.272869
0.17425 0.262351
0.1743 0.258798
0.17435 0.272682
0.1744 0.293556
0.17445 0.234178
0.1745 0.314389
0.17455 0.286417
0.1746 0.254928
0.17465 0.237388
0.1747 0.212843
0.17475 0.300149
0.1748 0.303602
0.17485 0.28607
0.1749 0.24403
0.17495 0.299954
0.175 0.341922
0.17505 0.306882
0.1751 0.229776
0.17515 0.247212
0.1752 0.275178
0.17525 0.250578
0.1753 0.275055
0.17535 0.282013
0.1754 0.190725
0.17545 0.323999
0.1755 0.295881
0.17555 0.278275
0.1756 0.239576
0.17565 0.281666
0.1757 0.249977
0.17575 0.253421
0.1758 0.27797
0.17585 0.24977
0.1759 0.249698
0.17595 0.239066
0.176 0.284761
0.17605 0.305841
0.1761 0.291709
0.17615 0.312805
0.1762 0.291619
0.17625 0.305675
0.1763 0.245676
0.17635 0.252658
0.1764 0.206711
0.17645 0.259565
0.1765 0.26303
0.17655 0.266498
0.1766 0.238172
0.17665 0.248696
0.1767 0.209739
0.17675 0.280365
0.1768 0.308607
0.17685 0.251961
0.1769 0.273125
0.17695 0.301387
0.177 0.311968
0.17705 0.297764
0.1771 0.280005
0.17715 0.265775
0.1772 0.226718
0.17725 0.325922
0.1773 0.286877
0.17735 0.290375
0.1774 0.258386
0.17745 0.25122
0.1775 0.283109
0.17755 0.329233
0.1776 0.229723
0.17765 0.282951
0.1777 0.332669
0.17775 0.343313
0.1778 0.201015
0.17785 0.240055
0.1779 0.3076
0.17795 0.268402
0.178 0.271903
0.17805 0.254035
0.1781 0.321664
0.17815 0.253918
0.1782 0.27524
0.17825 0.285882
0.1783 0.257296
0.17835 0.27507
0.1784 0.285721
0.17845 0.249971
0.1785 0.296324
0.17855 0.235556
0.1786 0.2855
0.17865 0.335486
0.1787 0.267539
0.17875 0.217415
0.1788 0.228058
0.17885 0.303114
0.1789 0.252968
0.17895 0.2529
0.179 0.331614
0.17905 0.245622
0.1791 0.299295
0.17915 0.277749
0.1792 0.22392
0.17925 0.23818
0.1793 0.320605
0.17935 0.255991
0.1794 0.255925
0.17945 0.234319
0.1795 0.280924
0.17955 0.302424
0.1796 0.291605
0.17965 0.262807
0.1797 0.24477
0.17975 0.255486
0.1798 0.237435
0.17985 0.186987
0.1799 0.280457
0.17995 0.230005
0.18 0.280339
0.18005 0.276685
0.1801 0.316264
0.18015 0.294608
0.1802 0.265724
0.18025 0.276482
0.1803 0.290856
0.18035 0.265554
0.1804 0.229404
0.18045 0.222104
0.1805 0.283407
0.18055 0.261685
0.1806 0.286914
0.18065 0.294094
0.1807 0.232595
0.18075 0.225285
0.1808 0.250522
0.18085 0.301106
0.1809 0.192496
0.18095 0.279276
0.181 0.243014
0.18105 0.250186
0.1811 0.275479
0.18115 0.224689
0.1812 0.235482
0.18125 0.210024
0.1813 0.27522
0.18135 0.264282
0.1814 0.231561
0.18145 0.278673
0.1815 0.213263
0.18155 0.285815
0.1816 0.209474
0.18165 0.252992
0.1817 0.238386
0.18175 0.252856
0.1818 0.205509
0.18185 0.256349
0.1819 0.2017
0.18195 0.267126
0.182 0.267068
0.18205 0.30343
0.1821 0.223246
0.18215 0.25596
0.1822 0.281411
0.18225 0.252193
0.1823 0.32142
0.18235 0.226544
0.1824 0.248358
0.18245 0.23734
0.1825 0.233615
0.18255 0.284667
0.1826 0.233477
0.18265 0.280903
0.1827 0.255268
0.18275 0.3137
0.1828 0.244185
0.18285 0.291669
0.1829 0.276989
0.18295 0.287917
0.183 0.240278
0.18305 0.24753
0.1831 0.313396
0.18315 0.240084
0.1832 0.225352
0.18325 0.258266
0.1833 0.261871
0.18335 0.254475
0.1834 0.283763
0.18345 0.250685
0.1835 0.265303
0.18355 0.268917
0.1836 0.276207
0.18365 0.268807
0.1837 0.246701
0.18375 0.235605
0.1838 0.253916
0.18385 0.22075
0.1839 0.283211
0.18395 0.286843
0.184 0.253668
0.18405 0.249922
0.1841 0.275637
0.18415 0.212957
0.1842 0.253406
0.18425 0.216482
0.1843 0.301199
0.18435 0.260593
0.1844 0.242088
0.18445 0.197738
0.1845 0.201335
0.18455 0.252931
0.1846 0.25656
0.18465 0.282356
0.1847 0.308173
0.18475 0.234219
0.1848 0.267418
0.18485 0.267362
0.1849 0.237714
0.18495 0.208042
0.185 0.226459
0.18505 0.307825
0.1851 0.252246
0.18515 0.229958
0.1852 0.289162
0.18525 0.266882
0.1853 0.266826
0.18535 0.30385
0.1854 0.263015
0.18545 0.255537
0.1855 0.259186
0.18555 0.296246
0.1856 0.270215
0.18565 0.259019
0.1857 0.273819
0.18575 0.236607
0.1858 0.247686
0.18585 0.273646
0.1859 0.292189
0.18595 0.221467
0.186 0.258597
0.18605 0.277147
0.1861 0.321773
0.18615 0.247267
0.1862 0.232301
0.18625 0.232227
0.1863 0.232153
0.18635 0.250719
0.1864 0.265571
0.18645 0.299085
0.1865 0.231889
0.18655 0.250475
0.1866 0.246678
0.18665 0.29142
0.1867 0.268968
0.18675 0.27265
0.1868 0.283809
0.18685 0.238907
0.1869 0.257532
0.18695 0.235032
0.187 0.227478
0.18705 0.253596
0.1871 0.249791
0.18715 0.290911
0.1872 0.298359
0.18725 0.230893
0.1873 0.272036
0.18735 0.256992
0.1874 0.245685
0.18745 0.241869
0.1875 0.290564
0.18755 0.23049
0.1876 0.301723
0.18765 0.282917
0.1877 0.252831
0.18775 0.301597
0.1878 0.233935
0.18785 0.297749
0.1879 0.222531
0.18795 0.233733
0.188 0.259988
0.18805 0.244882
0.1881 0.308787
0.18815 0.244767
0.1882 0.255996
0.18825 0.255936
0.1883 0.259643
0.18835 0.248281
0.1884 0.240679
0.18845 0.248151
0.1885 0.308423
0.18855 0.274443
0.1886 0.278166
0.18865 0.27057
0.1887 0.259193
0.18875 0.236479
0.1888 0.232632
0.18885 0.240116
0.1889 0.255164
0.18895 0.251324
0.189 0.2437
0.18905 0.232288
0.1891 0.251131
0.18915 0.311613
0.1892 0.216958
0.18925 0.220664
0.1893 0.243308
0.18935 0.277334
0.1894 0.311387
0.18945 0.296197
0.1895 0.280995
0.18955 0.239237
0.1896 0.22779
0.18965 0.246686
0.1897 0.254212
0.18975 0.273132
0.1898 0.219924
0.18985 0.257826
0.1899 0.280562
0.18995 0.269116
0.19 0.280467
0.19005 0.250005
0.1901 0.238534
0.19015 0.322154
0.1902 0.280275
0.19025 0.253587
0.1903 0.230685
0.19035 0.268693
0.1904 0.249596
0.19045 0.203814
0.1905 0.272326
0.19055 0.249404
0.1906 0.268407
0.19065 0.234029
0.1907 0.230144
0.19075 0.24152
0.1908 0.275807
0.19085 0.218489
0.1909 0.218411
0.19095 0.248893
0.191 0.306146
0.19105 0.283182
0.1911 0.252554
0.19115 0.283086
0.1912 0.290692
0.19125 0.260044
0.1913 0.237026
0.19135 0.225474
0.1914 0.248374
0.19145 0.210012
0.1915 0.229085
0.19155 0.259669
0.1916 0.25578
0.19165 0.255722
0.1917 0.251829
0.19175 0.251769
0.1918 0.297753
0.19185 0.232471
0.1919 0.259274
0.19195 0.297618
0.192 0.286059
0.19205 0.293701
0.1921 0.228332
0.19215 0.24748
0.1922 0.266643
0.19225 0.208901
0.1923 0.231901
0.19235 0.216439
0.1924 0.270247
0.19245 0.227847
0.1925 0.277838
0.19255 0.227716
0.1926 0.308557
0.19265 0.239155
0.1927 0.285349
0.19275 0.289163
0.1928 0.273695
0.19285 0.231209
0.1929 0.22728
0.19295 0.258088
0.193 0.227144
0.19305 0.24252
0.1931 0.23473
0.19315 0.211478
0.1932 0.277103
0.19325 0.300253
0.1933 0.280884
0.19335 0.265368
0.1934 0.195674
0.19345 0.245896
0.1935 0.315512
0.19355 0.257406
0.1936 0.245731
0.19365 0.234047
0.1937 0.214604
0.19375 0.28817
0.1938 0.264868
0.19385 0.249304
0.1939 0.210454
0.19395 0.233654
0.194 0.260753
0.19405 0.221879
0.1941 0.210156
0.19415 0.23338
0.1942 0.276047
0.19425 0.217711
0.1943 0.287601
0.19435 0.268121
0.1944 0.275849
0.19445 0.225233
0.1945 0.287417
0.19455 0.240673
0.1946 0.314576
0.19465 0.232776
0.1947 0.252183
0.19475 0.248229
0.1948 0.330006
0.19485 0.232538
0.1949 0.244167
0.19495 0.220705
0.195 0.244037
0.19505 0.259583
0.1951 0.240014
0.19515 0.267278
0.1952 0.294563
0.19525 0.224219
0.1953 0.251496
0.19535 0.30615
0.1954 0.235758
0.19545 0.263062
0.1955 0.216078
0.19555 0.259034
0.1956 0.215937
0.19565 0.251087
0.1957 0.294094
0.19575 0.274478
0.1958 0.305768
0.19585 0.28223
0.1959 0.250836
0.19595 0.282138
0.196 0.246807
0.19605 0.231059
0.1961 0.246683
0.19615 0.258395
0.1962 0.250491
0.19625 0.246507
0.1963 0.285717
0.19635 0.285677
0.1964 0.262063
0.19645 0.262011
0.1965 0.250166
0.19655 0.261904
0.1966 0.253986
0.19665 0.257864
0.1967 0.246005
0.19675 0.265625
0.1968 0.277386
0.19685 0.214334
0.1969 0.281221
0.19695 0.237839
0.197 0.289008
0.19705 0.245608
0.1971 0.30075
0.19715 0.19423
0.1972 0.269099
0.19725 0.280889
0.1973 0.292688
0.19735 0.229484
0.1974 0.276804
0.19745 0.27281
0.1975 0.264862
0.19755 0.268764
0.1976 0.26081
0.19765 0.25285
0.1977 0.260704
0.19775 0.264608
0.1978 0.284343
0.19785 0.248681
0.1979 0.296131
0.19795 0.236697
0.198 0.26436
0.19805 0.331664
0.1981 0.272203
0.19815 0.192877
0.1982 0.244336
0.19825 0.232378
0.1983 0.256114
0.19835 0.224316
0.1984 0.240122
0.19845 0.25991
0.1985 0.247945
0.19855 0.216111
0.1986 0.196172
0.19865 0.24775
0.1987 0.243717
0.19875 0.251609
0.1988 0.287346
0.19885 0.255484
0.1989 0.223598
0.19895 0.243428
0.199 0.255311
0.19905 0.231365
0.1991 0.302993
0.19915 0.219299
0.1992 0.239152
0.19925 0.263006
0.1993 0.19119
0.19935 0.250924
0.1994 0.24289
0.19945 0.27874
0.1995 0.226815
0.19955 0.302595
0.1996 0.266628
0.19965 0.22664
0.1997 0.254537
0.19975 0.266471
0.1998 0.298399
0.19985 0.234399
0.1999 0.25433
