0 0.07373
5e-05 0.073382
0.0001 0.047768
0.00015 0.09346
0.0002 0.08031
0.00025 0.079958
0.0003 0.105575
0.00035 0.088265
0.0004 0.079613
0.00045 0.062999
0.0005 0.113541
0.00055 0.063691
0.0006 0.100042
0.00065 0.10591
0.0007 0.110431
0.00075 0.084461
0.0008 0.123565
0.00085 0.095895
0.0009 0.094838
0.00095 0.108006
0.001 0.092065
0.00105 0.151269
0.0011 0.17481
0.00115 0.186912
0.0012 0.232279
0.00125 0.324663
0.0013 0.30671
0.00135 0.412956
0.0014 0.445125
0.00145 0.513681
0.0015 0.709283
0.00155 0.880231
0.0016 1.31848
0.00165 1.66116
0.0017 2.08173
0.00175 2.40472
0.0018 3.01252
0.00185 3.5518
0.0019 4.20191
0.00195 4.73739
0.002 5.72146
0.00205 5.71284
0.0021 6.25523
0.00215 6.34318
0.0022 6.38468
0.00225 6.14447
0.0023 5.85302
0.00235 5.65745
0.0024 5.01361
0.00245 4.2514
0.0025 3.68819
0.00255 3.26732
0.0026 2.63622
0.00265 2.28668
0.0027 1.95781
0.00275 1.7439
0.0028 1.55211
0.00285 1.44481
0.0029 1.39292
0.00295 1.27624
0.003 1.18627
0.00305 1.29666
0.0031 0.9796
0.00315 0.877126
0.0032 0.884072
0.00325 0.894468
0.0033 0.794727
0.00335 0.821409
0.0034 0.800676
0.00345 0.84871
0.0035 0.689545
0.00355 0.816913
0.0036 0.842192
0.00365 0.79229
0.0037 0.77366
0.00375 0.745622
0.0038 0.661472
0.00385 0.787172
0.0039 0.727546
0.00395 0.841158
0.004 0.715139
0.00405 0.701977
0.0041 0.698559
0.00415 0.634109
0.0042 0.686401
0.00425 0.662257
0.0043 0.59602
0.00435 0.642138
0.0044 0.635534
0.00445 0.687766
0.0045 0.581847
0.00455 0.673937
0.0046 0.555574
0.00465 0.660478
0.0047 0.583994
0.00475 0.625806
0.0048 0.540662
0.00485 0.579814
0.0049 0.593982
0.00495 0.568686
0.005 0.635226
0.00505 0.55245
0.0051 0.571803
0.00515 0.583969
0.0052 0.555977
0.00525 0.560043
0.0053 0.529232
0.00535 0.604024
0.0054 0.550073
0.00545 0.588723
0.0055 0.591292
0.00555 0.55934
0.0056 0.603037
0.00565 0.598425
0.0057 0.523401
0.00575 0.610293
0.0058 0.517485
0.00585 0.557227
0.0059 0.520002
0.00595 0.545138
0.006 0.538903
0.00605 0.520603
0.0061 0.601645
0.00615 0.545573
0.0062 0.485266
0.00625 0.482238
0.0063 0.633722
0.00635 0.499138
0.0064 0.534084
0.00645 0.543448
0.0065 0.589552
0.00655 0.540976
0.0066 0.523423
0.00665 0.530617
0.0067 0.566002
0.00675 0.552066
0.0068 0.488425
0.00685 0.531641
0.0069 0.575036
0.00695 0.579802
0.007 0.554814
0.00705 0.52194
0.0071 0.521723
0.00715 0.514771
0.0072 0.509157
0.00725 0.488419
0.0073 0.436853
0.00735 0.499111
0.0074 0.500536
0.00745 0.521956
0.0075 0.512257
0.00755 0.464215
0.0076 0.466939
0.00765 0.550729
0.0077 0.555245
0.00775 0.589155
0.0078 0.489456
0.00785 0.514056
0.0079 0.529884
0.00795 0.463104
0.008 0.551852
0.00805 0.579052
0.0081 0.539065
0.00815 0.474507
0.0082 0.485279
0.00825 0.472471
0.0083 0.558419
0.00835 0.496683
0.0084 0.458622
0.00845 0.43309
0.0085 0.538898
0.00855 0.519922
0.0086 0.488432
0.00865 0.493212
0.0087 0.511656
0.00875 0.51644
0.0088 0.479101
0.00885 0.492489
0.0089 0.521956
0.00895 0.518894
0.009 0.491255
0.00905 0.485633
0.0091 0.532349
0.00915 0.523067
0.0092 0.502246
0.00925 0.522648
0.0093 0.517845
0.00935 0.513797
0.0094 0.51808
0.00945 0.48394
0.0095 0.509503
0.00955 0.491965
0.0096 0.577677
0.00965 0.512897
0.0097 0.461218
0.00975 0.468008
0.0098 0.47833
0.00985 0.444336
0.0099 0.457064
0.00995 0.472462
0.01 0.467664
0.01005 0.502256
0.0101 0.474909
0.01015 0.460075
0.0102 0.440581
0.01025 0.476697
0.0103 0.516308
0.01035 0.47419
0.0104 0.460365
0.01045 0.490925
0.0105 0.546884
0.01055 0.472258
0.0106 0.48204
0.01065 0.451146
0.0107 0.439872
0.01075 0.563502
0.0108 0.495347
0.01085 0.467279
0.0109 0.469538
0.01095 0.477164
0.011 0.433456
0.01105 0.456918
0.0111 0.465145
0.01115 0.511617
0.0112 0.454589
0.01125 0.428939
0.0113 0.476549
0.01135 0.438659
0.0114 0.471767
0.01145 0.439811
0.0115 0.459461
0.01155 0.425825
0.0116 0.425354
0.01165 0.439202
0.0117 0.452808
0.01175 0.412592
0.0118 0.422392
0.01185 0.446408
0.0119 0.50304
0.01195 0.518908
0.012 0.350889
0.01205 0.529053
0.0121 0.491508
0.01215 0.499162
0.0122 0.429528
0.01225 0.575312
0.0123 0.47073
0.01235 0.485682
0.0124 0.461013
0.01245 0.432333
0.0125 0.453045
0.01255 0.511593
0.0126 0.506867
0.01265 0.446745
0.0127 0.504775
0.01275 0.464453
0.0128 0.476632
0.01285 0.494664
0.0129 0.450002
0.01295 0.372614
0.013 0.470282
0.01305 0.412962
0.0131 0.49809
0.01315 0.428202
0.0132 0.461164
0.01325 0.44426
0.0133 0.41892
0.01335 0.46676
0.0134 0.489615
0.01345 0.431485
0.0135 0.485202
0.01355 0.424762
0.0136 0.455411
0.01365 0.458755
0.0137 0.46959
0.01375 0.461528
0.0138 0.403546
0.01385 0.547904
0.0139 0.475674
0.01395 0.420608
0.014 0.539198
0.01405 0.49355
0.0141 0.36848
0.01415 0.426992
0.0142 0.4169
0.01425 0.437618
0.0143 0.379944
0.01435 0.409534
0.0144 0.423568
0.01445 0.435166
0.0145 0.41752
0.01455 0.463666
0.0146 0.387839
0.01465 0.530583
0.0147 0.420522
0.01475 0.450848
0.0148 0.410524
0.01485 0.517028
0.0149 0.433569
0.01495 0.385591
0.015 0.471704
0.01505 0.4527
0.0151 0.451405
0.01515 0.406951
0.0152 0.43589
0.01525 0.476766
0.0153 0.518986
0.01535 0.441826
0.0154 0.384634
0.01545 0.453698
0.0155 0.4286
0.01555 0.40484
0.0156 0.412173
0.01565 0.388199
0.0157 0.388588
0.01575 0.441776
0.0158 0.4714
0.01585 0.439632
0.0159 0.402797
0.01595 0.464515
0.016 0.473226
0.01605 0.46175
0.0161 0.41853
0.01615 0.421906
0.0162 0.430208
0.01625 0.403072
0.0163 0.422139
0.01635 0.443041
0.0164 0.472049
0.01645 0.442599
0.0165 0.387741
0.01655 0.419719
0.0166 0.407717
0.01665 0.394289
0.0167 0.453454
0.01675 0.408672
0.0168 0.508753
0.01685 0.455277
0.0169 0.446765
0.01695 0.417793
0.017 0.401198
0.01705 0.415596
0.0171 0.41779
0.01715 0.347436
0.0172 0.440705
0.01725 0.430313
0.0173 0.45524
0.01735 0.434462
0.0174 0.399908
0.01745 0.387822
0.0175 0.403729
0.01755 0.398669
0.0176 0.456063
0.01765 0.470773
0.0177 0.391191
0.01775 0.361145
0.0178 0.433678
0.01785 0.445262
0.0179 0.370797
0.01795 0.460963
0.018 0.433489
0.01805 0.445257
0.0181 0.396878
0.01815 0.44348
0.0182 0.493036
0.01825 0.391854
0.0183 0.453902
0.01835 0.415272
0.0184 0.39442
0.01845 0.380072
0.0185 0.396415
0.01855 0.491025
0.0186 0.424903
0.01865 0.416229
0.0187 0.335873
0.01875 0.402279
0.0188 0.342559
0.01885 0.415433
0.0189 0.391119
0.01895 0.430845
0.019 0.362313
0.01905 0.356283
0.0191 0.428352
0.01915 0.466824
0.0192 0.406663
0.01925 0.478055
0.0193 0.40605
0.01935 0.375012
0.0194 0.426603
0.01945 0.410745
0.0195 0.393212
0.01955 0.466892
0.0196 0.321068
0.01965 0.40266
0.0197 0.429983
0.01975 0.422281
0.0198 0.485991
0.01985 0.410893
0.0199 0.427805
0.01995 0.425255
0.02 0.491668
0.02005 0.45648
0.0201 0.404111
0.02015 0.377217
0.0202 0.411289
0.02025 0.538193
0.0203 0.441788
0.02035 0.394454
0.0204 0.433898
0.02045 0.446582
0.0205 0.464711
0.02055 0.424477
0.0206 0.413694
0.02065 0.421472
0.0207 0.386156
0.02075 0.39677
0.0208 0.438746
0.02085 0.411646
0.0209 0.42207
0.02095 0.448118
0.021 0.450364
0.02105 0.398618
0.0211 0.417576
0.02115 0.440918
0.0212 0.435959
0.02125 0.390929
0.0213 0.424158
0.02135 0.42125
0.0214 0.374143
0.02145 0.436365
0.0215 0.461965
0.02155 0.487751
0.0216 0.455701
0.02165 0.414755
0.0217 0.423123
0.02175 0.442893
0.0218 0.486405
0.02185 0.389187
0.0219 0.383499
0.02195 0.428821
0.022 0.415367
0.02205 0.457963
0.0221 0.434406
0.02215 0.396488
0.0222 0.344081
0.02225 0.391233
0.0223 0.41815
0.02235 0.402248
0.0224 0.453597
0.02245 0.389647
0.0225 0.424497
0.02255 0.446479
0.0226 0.447776
0.02265 0.424572
0.0227 0.448541
0.02275 0.353203
0.0228 0.505852
0.02285 0.442878
0.0229 0.435035
0.02295 0.405987
0.023 0.504914
0.02305 0.44464
0.0231 0.408055
0.02315 0.440375
0.0232 0.372006
0.02325 0.408984
0.0233 0.430797
0.02335 0.368517
0.0234 0.386043
0.02345 0.399459
0.0235 0.373875
0.02355 0.428847
0.0236 0.408496
0.02365 0.366218
0.0237 0.392554
0.02375 0.44572
0.0238 0.442465
0.02385 0.408603
0.0239 0.388425
0.02395 0.328287
0.024 0.401017
0.02405 0.393715
0.0241 0.480076
0.02415 0.41452
0.0242 0.403367
0.02425 0.384375
0.0243 0.417381
0.02435 0.389597
0.0244 0.470695
0.02445 0.322977
0.0245 0.411512
0.02455 0.446476
0.0246 0.449614
0.02465 0.422148
0.0247 0.370265
0.02475 0.456953
0.0248 0.440299
0.02485 0.396159
0.0249 0.406149
0.02495 0.402205
0.025 0.408764
0.02505 0.412356
0.0251 0.408933
0.02515 0.402975
0.0252 0.400522
0.02525 0.418806
0.0253 0.368759
0.02535 0.446945
0.0254 0.361701
0.02545 0.416719
0.0255 0.420456
0.02555 0.380188
0.0256 0.432029
0.02565 0.410163
0.0257 0.416499
0.02575 0.421845
0.0258 0.371391
0.02585 0.400939
0.0259 0.379283
0.02595 0.411587
0.026 0.454503
0.02605 0.406321
0.0261 0.404413
0.02615 0.436559
0.0262 0.446844
0.02625 0.425106
0.0263 0.370574
0.02635 0.381208
0.0264 0.405133
0.02645 0.398989
0.0265 0.419365
0.02655 0.348889
0.0266 0.381955
0.02665 0.436039
0.0267 0.311742
0.02675 0.431168
0.0268 0.421315
0.02685 0.422171
0.0269 0.397164
0.02695 0.379582
0.027 0.472812
0.02705 0.39475
0.0271 0.371645
0.02715 0.423489
0.0272 0.464179
0.02725 0.347849
0.0273 0.374744
0.02735 0.393572
0.0274 0.381764
0.02745 0.341296
0.0275 0.49787
0.02755 0.468174
0.0276 0.391867
0.02765 0.448109
0.0277 0.364245
0.02775 0.423379
0.0278 0.325206
0.02785 0.419576
0.0279 0.428932
0.02795 0.431062
0.028 0.433207
0.02805 0.405581
0.0281 0.406524
0.02815 0.378712
0.0282 0.442286
0.02825 0.39187
0.0283 0.34119
0.02835 0.42259
0.0284 0.362744
0.02845 0.410886
0.0285 0.451292
0.02855 0.37923
0.0286 0.380137
0.02865 0.347761
0.0287 0.416995
0.02875 0.401347
0.0288 0.379274
0.02885 0.373852
0.0289 0.390987
0.02895 0.397775
0.029 0.416803
0.02905 0.420219
0.0291 0.448725
0.02915 0.450517
0.0292 0.421316
0.02925 0.441192
0.0293 0.429475
0.02935 0.414173
0.0294 0.401741
0.02945 0.369779
0.0295 0.333521
0.02955 0.413707
0.0296 0.440934
0.02965 0.412466
0.0297 0.421937
0.02975 0.426095
0.0298 0.433262
0.02985 0.387246
0.0299 0.398506
0.02995 0.400226
0.03 0.356883
0.03005 0.378343
0.0301 0.384236
0.03015 0.34607
0.0302 0.425693
0.03025 0.458447
0.0303 0.484689
0.03035 0.387639
0.0304 0.345531
0.03045 0.422779
0.0305 0.409372
0.03055 0.420994
0.0306 0.39467
0.03065 0.379886
0.0307 0.379178
0.03075 0.432678
0.0308 0.367978
0.03085 0.34808
0.0309 0.438271
0.03095 0.401803
0.031 0.430987
0.03105 0.351465
0.0311 0.401769
0.03115 0.341247
0.0312 0.447312
0.03125 0.403024
0.0313 0.40994
0.03135 0.374188
0.0314 0.381669
0.03145 0.423839
0.0315 0.389231
0.03155 0.352565
0.0316 0.44486
0.03165 0.43362
0.0317 0.368989
0.03175 0.402635
0.0318 0.39249
0.03185 0.351676
0.0319 0.377768
0.03195 0.423186
0.032 0.409848
0.03205 0.417636
0.0321 0.364378
0.03215 0.40683
0.0322 0.421103
0.03225 0.458701
0.0323 0.462185
0.03235 0.411903
0.0324 0.408767
0.03245 0.455669
0.0325 0.336134
0.03255 0.375138
0.0326 0.346413
0.03265 0.365955
0.0327 0.42751
0.03275 0.44671
0.0328 0.359566
0.03285 0.360198
0.0329 0.488682
0.03295 0.367614
0.033 0.362333
0.03305 0.346439
0.0331 0.420644
0.03315 0.32786
0.0332 0.397584
0.03325 0.3271
0.0333 0.344345
0.03335 0.393735
0.0334 0.37645
0.03345 0.39259
0.0335 0.363177
0.03355 0.384035
0.0336 0.378742
0.03365 0.336358
0.0337 0.380863
0.03375 0.380277
0.0338 0.336363
0.03385 0.394635
0.0339 0.405638
0.03395 0.388812
0.034 0.377362
0.03405 0.401328
0.0341 0.417206
0.03415 0.3928
0.0342 0.364864
0.03425 0.433534
0.0343 0.372664
0.03435 0.341114
0.0344 0.416224
0.03445 0.410934
0.0345 0.364854
0.03455 0.373936
0.0346 0.405236
0.03465 0.430428
0.0347 0.452951
0.03475 0.382309
0.0348 0.401974
0.03485 0.403578
0.0349 0.370241
0.03495 0.338163
0.035 0.408296
0.03505 0.394492
0.0351 0.43195
0.03515 0.394946
0.0352 0.338046
0.03525 0.447522
0.0353 0.366576
0.03535 0.346176
0.0354 0.395174
0.03545 0.380482
0.0355 0.37995
0.03555 0.371586
0.0356 0.404543
0.03565 0.353389
0.0357 0.398547
0.03575 0.375877
0.0358 0.3947
0.03585 0.38632
0.0359 0.338362
0.03595 0.442126
0.036 0.428802
0.03605 0.359108
0.0361 0.377332
0.03615 0.40577
0.0362 0.400253
0.03625 0.364949
0.0363 0.34186
0.03635 0.370366
0.0364 0.456583
0.03645 0.402997
0.0365 0.356502
0.03655 0.355934
0.0366 0.388351
0.03665 0.366587
0.0367 0.407211
0.03675 0.373667
0.0368 0.374627
0.03685 0.382973
0.0369 0.416481
0.03695 0.354667
0.037 0.442286
0.03705 0.405606
0.0371 0.392555
0.03715 0.341509
0.0372 0.334214
0.03725 0.37016
0.0373 0.386831
0.03735 0.390855
0.0374 0.415869
0.03745 0.359985
0.0375 0.393248
0.03755 0.467254
0.0376 0.366861
0.03765 0.369367
0.0377 0.39529
0.03775 0.397126
0.0378 0.350523
0.03785 0.387875
0.0379 0.382114
0.03795 0.352772
0.038 0.329404
0.03805 0.36081
0.0381 0.367926
0.03815 0.350624
0.0382 0.352381
0.03825 0.367169
0.0383 0.352104
0.03835 0.343126
0.0384 0.313352
0.03845 0.449014
0.0385 0.350052
0.03855 0.411282
0.0386 0.42328
0.03865 0.395078
0.0387 0.379168
0.03875 0.433038
0.0388 0.344927
0.03885 0.334277
0.0389 0.408499
0.03895 0.411249
0.039 0.406982
0.03905 0.319026
0.0391 0.38107
0.03915 0.342218
0.0392 0.450014
0.03925 0.427748
0.0393 0.318041
0.03935 0.396249
0.0394 0.422683
0.03945 0.365479
0.0395 0.333371
0.03955 0.446079
0.0396 0.460884
0.03965 0.359028
0.0397 0.422148
0.03975 0.4274
0.0398 0.337033
0.03985 0.401937
0.0399 0.403966
0.03995 0.384404
0.04 0.382392
0.04005 0.464584
0.0401 0.351956
0.04015 0.378804
0.0402 0.386434
0.04025 0.3949
0.0403 0.372733
0.04035 0.358565
0.0404 0.375088
0.04045 0.437034
0.0405 0.371884
0.04055 0.41449
0.0406 0.358069
0.04065 0.342955
0.0407 0.400322
0.04075 0.43995
0.0408 0.407829
0.04085 0.465571
0.0409 0.435074
0.04095 0.393806
0.041 0.4115
0.04105 0.38816
0.0411 0.395187
0.04115 0.454977
0.0412 0.343386
0.04125 0.374288
0.0413 0.445
0.04135 0.405846
0.0414 0.378157
0.04145 0.405149
0.0415 0.429747
0.04155 0.347939
0.0416 0.354135
0.04165 0.328663
0.0417 0.377416
0.04175 0.427182
0.0418 0.385058
0.04185 0.430774
0.0419 0.420442
0.04195 0.410074
0.042 0.41649
0.04205 0.398512
0.0421 0.447911
0.04215 0.435875
0.0422 0.392532
0.04225 0.38626
0.0423 0.338464
0.04235 0.393956
0.0424 0.470871
0.04245 0.338959
0.0425 0.381888
0.04255 0.367034
0.0426 0.447665
0.04265 0.403897
0.0427 0.319791
0.04275 0.398031
0.0428 0.465406
0.04285 0.394022
0.0429 0.389391
0.04295 0.326265
0.043 0.368823
0.04305 0.420151
0.0431 0.332716
0.04315 0.360754
0.0432 0.395811
0.04325 0.467363
0.0433 0.399577
0.04335 0.438321
0.0434 0.392907
0.04345 0.368217
0.0435 0.417478
0.04355 0.417206
0.0436 0.405585
0.04365 0.389555
0.0437 0.337596
0.04375 0.405472
0.0438 0.409561
0.04385 0.414543
0.0439 0.348344
0.04395 0.35672
0.044 0.356316
0.04405 0.419416
0.0441 0.375889
0.04415 0.321607
0.0442 0.384847
0.04425 0.450075
0.0443 0.325707
0.04435 0.390951
0.0444 0.411078
0.04445 0.439284
0.0445 0.439965
0.04455 0.393373
0.0446 0.356448
0.04465 0.362312
0.0447 0.380727
0.04475 0.426085
0.0448 0.407012
0.04485 0.367222
0.0449 0.397422
0.04495 0.402524
0.045 0.372505
0.04505 0.414547
0.0451 0.335728
0.04515 0.379592
0.0452 0.436273
0.04525 0.340029
0.0453 0.385866
0.04535 0.37556
0.0454 0.386128
0.04545 0.381262
0.0455 0.463837
0.04555 0.398029
0.0456 0.365786
0.04565 0.379138
0.0457 0.38979
0.04575 0.366586
0.0458 0.41575
0.04585 0.44488
0.0459 0.407938
0.04595 0.426076
0.046 0.382567
0.04605 0.405301
0.0461 0.387498
0.04615 0.40475
0.0462 0.386909
0.04625 0.406051
0.0463 0.369636
0.04635 0.41384
0.0464 0.378294
0.04645 0.437494
0.0465 0.413096
0.04655 0.448268
0.0466 0.379991
0.04665 0.421707
0.0467 0.425223
0.04675 0.476487
0.0468 0.34239
0.04685 0.43955
0.0469 0.353917
0.04695 0.406191
0.047 0.428521
0.04705 0.455633
0.0471 0.433796
0.04715 0.340146
0.0472 0.331249
0.04725 0.381923
0.0473 0.361734
0.04735 0.293134
0.0474 0.359076
0.04745 0.390078
0.0475 0.353658
0.04755 0.341876
0.0476 0.4387
0.04765 0.414672
0.0477 0.422084
0.04775 0.426652
0.0478 0.328836
0.04785 0.334178
0.0479 0.390365
0.04795 0.360329
0.048 0.34942
0.04805 0.410628
0.0481 0.354542
0.04815 0.359014
0.0482 0.403066
0.04825 0.386398
0.0483 0.368712
0.04835 0.425508
0.0484 0.32841
0.04845 0.370692
0.0485 0.367469
0.04855 0.359377
0.0486 0.387262
0.04865 0.368482
0.0487 0.40522
0.04875 0.395224
0.0488 0.429163
0.04885 0.371275
0.0489 0.394467
0.04895 0.325611
0.049 0.385056
0.04905 0.479054
0.0491 0.407213
0.04915 0.404033
0.0492 0.366369
0.04925 0.343381
0.0493 0.420011
0.04935 0.486007
0.0494 0.418689
0.04945 0.360077
0.0495 0.360748
0.04955 0.356462
0.0496 0.37401
0.04965 0.431372
0.0497 0.425228
0.04975 0.382214
0.0498 0.387924
0.04985 0.40463
0.0499 0.355453
0.04995 0.426129
0.05 0.335857
0.05005 0.344513
0.0501 0.428421
0.05015 0.363989
0.0502 0.407905
0.05025 0.394611
0.0503 0.366173
0.05035 0.399139
0.0504 0.366619
0.05045 0.345113
0.0505 0.33972
0.05055 0.387948
0.0506 0.348189
0.05065 0.399573
0.0507 0.391225
0.05075 0.348309
0.0508 0.418154
0.05085 0.39455
0.0509 0.406542
0.05095 0.37573
0.051 0.41834
0.05105 0.431438
0.0511 0.344321
0.05115 0.364469
0.0512 0.372377
0.05125 0.335165
0.0513 0.413896
0.05135 0.366414
0.0514 0.309533
0.05145 0.396687
0.0515 0.367593
0.05155 0.374535
0.0516 0.341211
0.05165 0.310893
0.0517 0.357078
0.05175 0.394074
0.0518 0.388661
0.05185 0.429943
0.0519 0.423551
0.05195 0.412981
0.052 0.419037
0.05205 0.324037
0.0521 0.440493
0.05215 0.376673
0.0522 0.407765
0.05225 0.398153
0.0523 0.40736
0.05235 0.354762
0.0524 0.385934
0.05245 0.378346
0.0525 0.358125
0.05255 0.379927
0.0526 0.357566
0.05265 0.317224
0.0527 0.432908
0.05275 0.375738
0.0528 0.404023
0.05285 0.372083
0.0529 0.304047
0.05295 0.369379
0.053 0.371237
0.05305 0.403899
0.0531 0.387756
0.05315 0.400296
0.0532 0.336192
0.05325 0.365716
0.0533 0.415597
0.05335 0.313963
0.0534 0.314668
0.05345 0.392416
0.0535 0.348289
0.05355 0.405879
0.0536 0.414273
0.05365 0.415173
0.0537 0.377376
0.05375 0.365298
0.0538 0.35211
0.05385 0.392786
0.0539 0.402285
0.05395 0.375091
0.054 0.353227
0.05405 0.361599
0.0541 0.365663
0.05415 0.417435
0.0542 0.353256
0.05425 0.442026
0.0543 0.312555
0.05435 0.373127
0.0544 0.368527
0.05445 0.392255
0.0545 0.404048
0.05455 0.377654
0.0546 0.368676
0.05465 0.361862
0.0547 0.362695
0.05475 0.410659
0.0548 0.402808
0.05485 0.401524
0.0549 0.394742
0.05495 0.387942
0.055 0.28864
0.05505 0.417182
0.0551 0.383934
0.05515 0.410212
0.0552 0.375787
0.05525 0.372237
0.0553 0.307793
0.05535 0.332923
0.0554 0.400264
0.05545 0.336808
0.0555 0.34984
0.05555 0.371804
0.0556 0.354873
0.05565 0.390255
0.0557 0.411238
0.05575 0.370898
0.0558 0.324865
0.05585 0.412869
0.0559 0.384734
0.05595 0.385644
0.056 0.385436
0.05605 0.393082
0.0561 0.387273
0.05615 0.445517
0.0562 0.403792
0.05625 0.38335
0.0563 0.425966
0.05635 0.344616
0.0564 0.278856
0.05645 0.351912
0.0565 0.42177
0.05655 0.368426
0.0566 0.39765
0.05665 0.348706
0.0567 0.421078
0.05675 0.34937
0.0568 0.372981
0.05685 0.390965
0.0569 0.397607
0.05695 0.352967
0.057 0.335594
0.05705 0.330738
0.0571 0.375019
0.05715 0.364505
0.0572 0.415794
0.05725 0.33772
0.0573 0.422316
0.05735 0.373966
0.0574 0.365705
0.05745 0.359723
0.0575 0.380199
0.05755 0.347737
0.0576 0.312885
0.05765 0.366801
0.0577 0.299583
0.05775 0.324671
0.0578 0.366023
0.05785 0.344951
0.0579 0.421181
0.05795 0.353769
0.058 0.348877
0.05805 0.333515
0.0581 0.407665
0.05815 0.386559
0.0582 0.378214
0.05825 0.385006
0.0583 0.431494
0.05835 0.364806
0.0584 0.397312
0.05845 0.414692
0.0585 0.36537
0.05855 0.394446
0.0586 0.353217
0.05865 0.355321
0.0587 0.378581
0.05875 0.344277
0.0588 0.273399
0.05885 0.456789
0.0589 0.31878
0.05895 0.43294
0.059 0.373784
0.05905 0.336936
0.0591 0.342583
0.05915 0.361269
0.0592 0.343268
0.05925 0.380964
0.0593 0.391455
0.05935 0.325941
0.0594 0.351815
0.05945 0.412265
0.0595 0.394262
0.05955 0.40959
0.0596 0.42615
0.05965 0.353202
0.0597 0.403156
0.05975 0.4341
0.0598 0.387317
0.05985 0.360783
0.0599 0.378546
0.05995 0.434754
0.06 0.378209
0.06005 0.367199
0.0601 0.394658
0.06015 0.368006
0.0602 0.401538
0.06025 0.43033
0.0603 0.410914
0.06035 0.386618
0.0604 0.30423
0.06045 0.414028
0.0605 0.333972
0.06055 0.42461
0.0606 0.400238
0.06065 0.464428
0.0607 0.399987
0.06075 0.407131
0.0608 0.449586
0.06085 0.378872
0.0609 0.355525
0.06095 0.388241
0.061 0.383187
0.06105 0.356125
0.0611 0.462304
0.06115 0.381472
0.0612 0.380067
0.06125 0.357817
0.0613 0.415268
0.06135 0.391812
0.0614 0.376902
0.06145 0.408696
0.0615 0.329778
0.06155 0.308572
0.0616 0.418013
0.06165 0.401853
0.0617 0.402944
0.06175 0.373138
0.0618 0.386555
0.06185 0.372769
0.0619 0.376296
0.06195 0.289312
0.062 0.395714
0.06205 0.355818
0.0621 0.384191
0.06215 0.438757
0.0622 0.336585
0.06225 0.391163
0.0623 0.354842
0.06235 0.357122
0.0624 0.35691
0.06245 0.384198
0.0625 0.476604
0.06255 0.385188
0.0626 0.356203
0.06265 0.372293
0.0627 0.385912
0.06275 0.384492
0.0628 0.366728
0.06285 0.396726
0.0629 0.417983
0.06295 0.368731
0.063 0.289098
0.06305 0.403624
0.0631 0.361811
0.06315 0.383099
0.0632 0.427208
0.06325 0.423314
0.0633 0.400406
0.06335 0.419288
0.0634 0.414104
0.06345 0.398748
0.0635 0.329974
0.06355 0.394598
0.0636 0.368992
0.06365 0.380272
0.0637 0.346954
0.06375 0.451366
0.0638 0.377244
0.06385 0.43586
0.0639 0.467755
0.06395 0.315405
0.064 0.380468
0.06405 0.39825
0.0641 0.443017
0.06415 0.322253
0.0642 0.339987
0.06425 0.378339
0.0643 0.362727
0.06435 0.447543
0.0644 0.389478
0.06445 0.389328
0.0645 0.408543
0.06455 0.390335
0.0646 0.418633
0.06465 0.434057
0.0647 0.418437
0.06475 0.369085
0.0648 0.339074
0.06485 0.397258
0.0649 0.380235
0.06495 0.372273
0.065 0.368196
0.06505 0.434418
0.0651 0.417401
0.06515 0.372961
0.0652 0.311454
0.06525 0.360816
0.0653 0.401143
0.06535 0.310763
0.0654 0.396891
0.06545 0.365317
0.0655 0.331049
0.06555 0.334751
0.0656 0.387043
0.06565 0.331707
0.0657 0.363035
0.06575 0.360219
0.0658 0.35608
0.06585 0.376974
0.0659 0.370217
0.06595 0.351565
0.066 0.446477
0.06605 0.330085
0.0661 0.409233
0.06615 0.493857
0.0662 0.411723
0.06625 0.398355
0.0663 0.35709
0.06635 0.354244
0.0664 0.395249
0.06645 0.387137
0.0665 0.375014
0.06655 0.364196
0.0666 0.372016
0.06665 0.367848
0.0667 0.378356
0.06675 0.314072
0.0668 0.424791
0.06685 0.393931
0.0669 0.369697
0.06695 0.370869
0.067 0.36668
0.06705 0.46179
0.0671 0.399982
0.06715 0.3461
0.0672 0.366073
0.06725 0.402243
0.0673 0.420983
0.06735 0.428981
0.0674 0.370896
0.06745 0.373432
0.0675 0.358411
0.06755 0.344709
0.0676 0.360743
0.06765 0.388999
0.0677 0.373958
0.06775 0.329052
0.0678 0.421104
0.06785 0.374844
0.0679 0.363816
0.06795 0.360924
0.068 0.39069
0.06805 0.374214
0.0681 0.353613
0.06815 0.427083
0.0682 0.317805
0.06825 0.303907
0.0683 0.361063
0.06835 0.344473
0.0684 0.375762
0.06845 0.40027
0.0685 0.393299
0.06855 0.411009
0.0686 0.329902
0.06865 0.32831
0.0687 0.348715
0.06875 0.413197
0.0688 0.318088
0.06885 0.411558
0.0689 0.432145
0.06895 0.306497
0.069 0.350439
0.06905 0.383421
0.0691 0.34041
0.06915 0.31253
0.0692 0.360765
0.06925 0.442369
0.0693 0.352162
0.06935 0.396396
0.0694 0.385166
0.06945 0.371132
0.0695 0.368196
0.06955 0.384742
0.0696 0.36232
0.06965 0.348214
0.0697 0.317338
0.06975 0.342236
0.0698 0.33366
0.06985 0.403354
0.0699 0.35848
0.06995 0.39611
0.07 0.374979
0.07005 0.336979
0.0701 0.357824
0.07015 0.380118
0.0702 0.330805
0.07025 0.357311
0.0703 0.374025
0.07035 0.347127
0.0704 0.344125
0.07045 0.324197
0.0705 0.359256
0.07055 0.405686
0.0706 0.354718
0.07065 0.39131
0.0707 0.42798
0.07075 0.378352
0.0708 0.386716
0.07085 0.410696
0.0709 0.404928
0.07095 0.362228
0.071 0.400435
0.07105 0.360513
0.0711 0.330468
0.07115 0.34308
0.0712 0.335769
0.07125 0.445375
0.0713 0.398242
0.07135 0.359578
0.0714 0.385138
0.07145 0.432202
0.0715 0.399229
0.07155 0.389099
0.0716 0.381814
0.07165 0.417534
0.0717 0.383014
0.07175 0.387194
0.0718 0.382761
0.07185 0.389823
0.0719 0.435753
0.07195 0.373779
0.072 0.437043
0.07205 0.382195
0.0721 0.374852
0.07215 0.415146
0.0722 0.370269
0.07225 0.371571
0.0723 0.432203
0.07235 0.364089
0.0724 0.372631
0.07245 0.369591
0.0725 0.331721
0.07255 0.391057
0.0726 0.390943
0.07265 0.351571
0.0727 0.427063
0.07275 0.314887
0.0728 0.37732
0.07285 0.40489
0.0729 0.409173
0.07295 0.401785
0.073 0.354935
0.07305 0.318223
0.0731 0.357512
0.07315 0.325146
0.0732 0.336664
0.07325 0.351138
0.0733 0.345104
0.07335 0.355206
0.0734 0.357984
0.07345 0.350478
0.0735 0.297356
0.07355 0.376606
0.0736 0.420666
0.07365 0.373428
0.0737 0.365919
0.07375 0.432195
0.0738 0.424756
0.07385 0.343402
0.0739 0.365413
0.07395 0.350469
0.074 0.399178
0.07405 0.397598
0.0741 0.369321
0.07415 0.409251
0.0742 0.412137
0.07425 0.355589
0.0743 0.349485
0.07435 0.319561
0.0744 0.31489
0.07445 0.416
0.0745 0.408471
0.07455 0.383023
0.0746 0.348566
0.07465 0.330474
0.0747 0.358691
0.07475 0.374997
0.0748 0.368881
0.07485 0.413685
0.0749 0.388126
0.07495 0.331016
0.075 0.350343
0.07505 0.420777
0.0751 0.411693
0.07515 0.375519
0.0752 0.355828
0.07525 0.394832
0.0753 0.4309
0.07535 0.350924
0.0754 0.349257
0.07545 0.365707
0.0755 0.419965
0.07555 0.397219
0.0756 0.403175
0.07565 0.336471
0.0757 0.381745
0.07575 0.333117
0.0758 0.358726
0.07585 0.357062
0.0759 0.39337
0.07595 0.34615
0.076 0.373366
0.07605 0.399114
0.0761 0.403591
0.07615 0.374549
0.0762 0.429325
0.07625 0.322453
0.0763 0.336004
0.07635 0.395422
0.0764 0.366275
0.07645 0.425811
0.0765 0.389011
0.07655 0.332223
0.0766 0.411761
0.07665 0.357997
0.0767 0.382413
0.07675 0.414557
0.0768 0.376062
0.07685 0.38517
0.0769 0.331197
0.07695 0.387999
0.077 0.358616
0.07705 0.41707
0.0771 0.392316
0.07715 0.359794
0.0772 0.327209
0.07725 0.466167
0.0773 0.401191
0.07735 0.388721
0.0774 0.376227
0.07745 0.289309
0.0775 0.371282
0.07755 0.383574
0.0776 0.346194
0.07765 0.391104
0.0777 0.336581
0.07775 0.330189
0.0778 0.353368
0.07785 0.304924
0.0779 0.382666
0.07795 0.349798
0.078 0.334038
0.07805 0.411968
0.0781 0.391579
0.07815 0.394611
0.0782 0.338179
0.07825 0.361505
0.0783 0.416216
0.07835 0.453784
0.0784 0.436509
0.07845 0.409781
0.0785 0.437987
0.07855 0.381359
0.0786 0.351364
0.07865 0.37955
0.0787 0.387315
0.07875 0.371455
0.0788 0.346103
0.07885 0.331749
0.0789 0.31421
0.07895 0.440418
0.079 0.418252
0.07905 0.351748
0.0791 0.342106
0.07915 0.392638
0.0792 0.335486
0.07925 0.447928
0.0793 0.336816
0.07935 0.320774
0.0794 0.336482
0.07945 0.36017
0.0795 0.39504
0.07955 0.351968
0.0796 0.339082
0.07965 0.367616
0.0797 0.330809
0.07975 0.421613
0.0798 0.332127
0.07985 0.371911
0.0799 0.346211
0.07995 0.370063
0.08 0.352334
0.08005 0.304134
0.0801 0.352024
0.08015 0.388776
0.0802 0.393497
0.08025 0.411075
0.0803 0.414223
0.08035 0.417377
0.0804 0.30308
0.08045 0.33025
0.0805 0.342972
0.08055 0.321866
0.0806 0.391049
0.08065 0.386117
0.0807 0.368256
0.08075 0.368138
0.0808 0.329212
0.08085 0.364642
0.0809 0.382329
0.08095 0.338489
0.081 0.39507
0.08105 0.377144
0.0811 0.352693
0.08115 0.389909
0.0812 0.358944
0.08125 0.321418
0.0813 0.363546
0.08135 0.314584
0.0814 0.39911
0.08145 0.377842
0.0815 0.385893
0.08155 0.336839
0.0816 0.415069
0.08165 0.359455
0.0817 0.334804
0.08175 0.365732
0.0818 0.327963
0.08185 0.370387
0.0819 0.37847
0.08195 0.325888
0.082 0.360183
0.08205 0.348565
0.0821 0.460151
0.08215 0.363153
0.0822 0.353163
0.08225 0.364553
0.0823 0.375964
0.08235 0.344548
0.0824 0.423558
0.08245 0.420212
0.0825 0.388793
0.08255 0.337493
0.0826 0.296018
0.08265 0.365286
0.0827 0.346965
0.08275 0.406443
0.0828 0.378208
0.08285 0.374792
0.0829 0.386301
0.08295 0.354671
0.083 0.309696
0.08305 0.392614
0.0831 0.365924
0.08315 0.405746
0.0832 0.390695
0.08325 0.365621
0.0833 0.392179
0.08335 0.377085
0.0834 0.326915
0.08345 0.391885
0.0835 0.35337
0.08355 0.32649
0.0836 0.301235
0.08365 0.471793
0.0837 0.418207
0.08375 0.374581
0.0838 0.386218
0.08385 0.421368
0.0839 0.396137
0.08395 0.453181
0.084 0.36408
0.08405 0.453112
0.0841 0.362222
0.08415 0.38905
0.0842 0.338416
0.08425 0.404026
0.0843 0.382029
0.08435 0.317793
0.0844 0.403764
0.08445 0.390178
0.0845 0.37995
0.08455 0.38324
0.0846 0.327281
0.08465 0.367781
0.0847 0.303263
0.08475 0.428583
0.0848 0.431941
0.08485 0.357197
0.0849 0.391057
0.08495 0.389277
0.085 0.404504
0.08505 0.360188
0.0851 0.380508
0.08515 0.319072
0.0852 0.353008
0.08525 0.352884
0.0853 0.371537
0.08535 0.330443
0.0854 0.316621
0.08545 0.343815
0.0855 0.405277
0.08555 0.422335
0.0856 0.415441
0.08565 0.369113
0.0857 0.391304
0.08575 0.374066
0.0858 0.434063
0.08585 0.385931
0.0859 0.368657
0.08595 0.442513
0.086 0.421843
0.08605 0.366697
0.0861 0.349361
0.08615 0.390611
0.0862 0.356033
0.08625 0.352463
0.0863 0.31262
0.08635 0.3833
0.0864 0.409149
0.08645 0.421203
0.0865 0.365769
0.08655 0.379519
0.0866 0.369031
0.08665 0.388003
0.0867 0.330668
0.08675 0.412114
0.0868 0.302631
0.08685 0.352855
0.0869 0.368386
0.08695 0.330004
0.087 0.380347
0.08705 0.350645
0.0871 0.362724
0.08715 0.319016
0.0872 0.320603
0.08725 0.362351
0.0873 0.432123
0.08735 0.344695
0.0874 0.351563
0.08745 0.412693
0.0875 0.449414
0.08755 0.402102
0.0876 0.277577
0.08765 0.386121
0.0877 0.403591
0.08775 0.401775
0.0878 0.382386
0.08785 0.389334
0.0879 0.345283
0.08795 0.426117
0.088 0.339794
0.08805 0.32909
0.0881 0.335998
0.08815 0.388782
0.0882 0.351641
0.08825 0.353289
0.0883 0.340804
0.08835 0.443218
0.0884 0.37952
0.08845 0.356424
0.0885 0.428923
0.08855 0.375733
0.0886 0.357913
0.08865 0.348933
0.0887 0.297338
0.08875 0.39484
0.0888 0.405434
0.08885 0.400044
0.0889 0.364402
0.08895 0.37142
0.089 0.408727
0.08905 0.337395
0.0891 0.364008
0.08915 0.415642
0.0892 0.370973
0.08925 0.395883
0.0893 0.379734
0.08935 0.36177
0.0894 0.402813
0.08945 0.393805
0.0895 0.395528
0.08955 0.404422
0.0896 0.323681
0.08965 0.328917
0.0897 0.312622
0.08975 0.364548
0.0898 0.436328
0.08985 0.36259
0.0899 0.385875
0.08995 0.329999
0.09 0.43612
0.09005 0.371228
0.0901 0.354909
0.09015 0.340367
0.0902 0.392586
0.09025 0.403354
0.0903 0.455701
0.09035 0.479207
0.0904 0.370695
0.09045 0.372413
0.0905 0.36689
0.09055 0.359546
0.0906 0.308678
0.09065 0.419172
0.0907 0.342904
0.09075 0.373654
0.0908 0.344494
0.09085 0.388006
0.0909 0.342459
0.09095 0.398757
0.091 0.371382
0.09105 0.345784
0.0911 0.431347
0.09115 0.418555
0.0912 0.385667
0.09125 0.380115
0.0913 0.341668
0.09135 0.339718
0.0914 0.40178
0.09145 0.366954
0.0915 0.332071
0.09155 0.352091
0.0916 0.379476
0.09165 0.30787
0.0917 0.426987
0.09175 0.381059
0.0918 0.403025
0.09185 0.373563
0.0919 0.345892
0.09195 0.380736
0.092 0.408273
0.09205 0.340071
0.0921 0.363908
0.09215 0.315868
0.0922 0.406125
0.09225 0.361771
0.0923 0.309957
0.09235 0.391115
0.0924 0.378106
0.09245 0.366926
0.0925 0.379791
0.09255 0.340821
0.0926 0.375908
0.09265 0.431446
0.0927 0.420294
0.09275 0.390564
0.0928 0.396069
0.09285 0.407157
0.0929 0.425699
0.09295 0.366151
0.093 0.393974
0.09305 0.384602
0.0931 0.373352
0.09315 0.376996
0.0932 0.367591
0.09325 0.406687
0.0933 0.352496
0.09335 0.356126
0.0934 0.365369
0.09345 0.400807
0.0935 0.309074
0.09355 0.432474
0.0936 0.404359
0.09365 0.361207
0.0937 0.353611
0.09375 0.359135
0.0938 0.3947
0.09385 0.411542
0.0939 0.432169
0.09395 0.304309
0.094 0.33613
0.09405 0.45081
0.0941 0.407501
0.09415 0.362239
0.0942 0.347065
0.09425 0.399763
0.0943 0.407257
0.09435 0.341131
0.0944 0.342904
0.09445 0.36358
0.0945 0.429673
0.09455 0.331267
0.0946 0.372787
0.09465 0.389751
0.0947 0.393477
0.09475 0.368769
0.0948 0.325052
0.09485 0.355288
0.0949 0.393168
0.09495 0.400708
0.095 0.337923
0.09505 0.389159
0.0951 0.332005
0.09515 0.356633
0.0952 0.341295
0.09525 0.377395
0.0953 0.331551
0.09535 0.356231
0.0954 0.403858
0.09545 0.36179
0.0955 0.342588
0.09555 0.352036
0.0956 0.409324
0.09565 0.372916
0.0957 0.355601
0.09575 0.384243
0.0958 0.378424
0.09585 0.412874
0.0959 0.307291
0.09595 0.412743
0.096 0.376206
0.09605 0.341534
0.0961 0.364498
0.09615 0.408662
0.0962 0.368195
0.09625 0.470189
0.0963 0.375788
0.09635 0.398848
0.0964 0.412299
0.09645 0.377521
0.0965 0.406412
0.09655 0.38898
0.0966 0.363789
0.09665 0.383041
0.0967 0.371363
0.09675 0.380963
0.0968 0.396389
0.09685 0.390521
0.0969 0.3924
0.09695 0.371002
0.097 0.365099
0.09705 0.378607
0.0971 0.380478
0.09715 0.316256
0.0972 0.285
0.09725 0.366564
0.0973 0.356745
0.09735 0.364443
0.0974 0.389694
0.09745 0.409134
0.0975 0.424702
0.09755 0.434438
0.0976 0.389505
0.09765 0.360135
0.0977 0.344405
0.09775 0.320827
0.0978 0.381364
0.09785 0.359758
0.0979 0.436069
0.09795 0.420377
0.098 0.334065
0.09805 0.390847
0.0981 0.359381
0.09815 0.388751
0.0982 0.388691
0.09825 0.378801
0.0983 0.339391
0.09835 0.355025
0.0984 0.366745
0.09845 0.384393
0.0985 0.360677
0.09855 0.433553
0.0986 0.334889
0.09865 0.338723
0.0987 0.399838
0.09875 0.326678
0.0988 0.352257
0.09885 0.332381
0.0989 0.300601
0.09895 0.446973
0.099 0.385562
0.09905 0.371626
0.0991 0.409227
0.09915 0.381413
0.0992 0.321797
0.09925 0.331601
0.0993 0.385134
0.09935 0.414892
0.0994 0.385025
0.09945 0.388943
0.0995 0.363002
0.09955 0.35495
0.0996 0.364823
0.09965 0.326855
0.0997 0.33671
0.09975 0.290692
0.0998 0.304515
0.09985 0.362315
0.0999 0.400212
0.09995 0.300166
0.1 0.328034
0.10005 0.367956
0.1001 0.363872
0.10015 0.367798
0.1002 0.385765
0.10025 0.355615
0.1003 0.389644
0.10035 0.303244
0.1004 0.333237
0.10045 0.393425
0.1005 0.373263
0.10055 0.405383
0.1006 0.330862
0.10065 0.322692
0.1007 0.35884
0.10075 0.322466
0.1008 0.296123
0.10085 0.326245
0.1009 0.354393
0.10095 0.382583
0.101 0.406773
0.10105 0.418867
0.1011 0.441094
0.10115 0.58277
0.1012 0.617331
0.10125 0.625605
0.1013 0.682539
0.10135 0.654381
0.1014 0.845313
0.10145 0.971567
0.1015 1.45546
0.10155 1.69014
0.1016 1.98411
0.10165 2.41276
0.1017 2.84205
0.10175 3.63233
0.1018 4.36267
0.10185 5.27953
0.1019 6.0285
0.10195 6.12985
0.102 7.32327
0.10205 8.0161
0.1021 8.48931
0.10215 8.72404
0.1022 8.32312
0.10225 8.18757
0.1023 7.92285
0.10235 7.20103
0.1024 6.57035
0.10245 5.68043
0.1025 5.183
0.10255 4.37908
0.1026 3.80392
0.10265 3.08823
0.1027 2.94896
0.10275 2.56275
0.1028 2.50716
0.10285 2.05017
0.1029 2.08462
0.10295 1.88633
0.103 1.82377
0.10305 1.74257
0.1031 1.65299
0.10315 1.46009
0.1032 1.56839
0.10325 1.55908
0.1033 1.47328
0.10335 1.3584
0.1034 1.24956
0.10345 1.19852
0.1035 1.19919
0.10355 1.22678
0.1036 1.17772
0.10365 1.20532
0.1037 1.14996
0.10375 1.29382
0.1038 1.13464
0.10385 1.0916
0.1039 1.21481
0.10395 1.20093
0.104 1.04343
0.10405 1.11056
0.1041 1.12571
0.10415 1.10128
0.1042 1.0518
0.10425 1.02937
0.1043 1.13212
0.10435 1.10139
0.1044 1.10822
0.10445 1.03563
0.1045 1.05285
0.10455 1.0952
0.1046 1.04343
0.10465 1.00624
0.1047 1.00042
0.10475 1.13921
0.1048 1.10625
0.10485 0.980925
0.1049 1.04013
0.10495 1.03223
0.105 0.946574
0.10505 0.982712
0.1051 0.913751
0.10515 1.06561
0.1052 0.960877
0.10525 0.976035
0.1053 1.02493
0.10535 0.981134
0.1054 0.99844
0.10545 1.01366
0.1055 0.906463
0.10555 0.959625
0.1056 0.968489
0.10565 0.954111
0.1057 1.00739
0.10575 0.99092
0.1058 0.989243
0.10585 0.957911
0.1059 1.02401
0.10595 0.933318
0.106 1.02066
0.10605 0.999909
0.1061 0.909066
0.10615 1.02837
0.1062 0.848217
0.10625 0.829385
0.1063 0.938146
0.10635 0.949172
0.1064 0.840989
0.10645 0.924353
0.1065 0.882105
0.10655 0.886701
0.1066 0.84651
0.10665 0.915096
0.1067 0.964563
0.10675 0.868851
0.1068 0.809333
0.10685 0.912219
0.1069 0.876214
0.10695 0.912918
0.107 0.859751
0.10705 0.975727
0.1071 0.800417
0.10715 0.877853
0.1072 0.903917
0.10725 0.874221
0.1073 0.820866
0.10735 0.818988
0.1074 0.840746
0.10745 0.914134
0.1075 0.987624
0.10755 0.992352
0.1076 0.908813
0.10765 0.844543
0.1077 0.754323
0.10775 0.834301
0.1078 0.87125
0.10785 0.90825
0.1079 0.854623
0.10795 0.809561
0.108 0.846554
0.10805 0.879274
0.1081 0.853638
0.10815 0.789014
0.1082 0.88884
0.10825 0.733216
0.1083 0.802744
0.10835 0.926568
0.1084 0.794621
0.10845 0.829581
0.1085 0.829853
0.10855 0.867049
0.1086 0.76957
0.10865 0.889356
0.1087 0.826607
0.10875 0.824699
0.1088 0.783602
0.10885 0.851348
0.1089 0.768836
0.10895 0.71673
0.109 0.732163
0.10905 0.826169
0.1091 0.752213
0.10915 0.763331
0.1092 0.813794
0.10925 0.879628
0.1093 0.805584
0.10935 0.864906
0.1094 0.823615
0.10945 0.876437
0.1095 0.743096
0.10955 0.83754
0.1096 0.835621
0.10965 0.794207
0.1097 0.812001
0.10975 0.856171
0.1098 0.819112
0.10985 0.843546
0.1099 0.91859
0.10995 0.806736
0.11 0.714538
0.11005 0.778556
0.1101 0.690654
0.11015 0.778952
0.1102 0.74389
0.11025 0.816874
0.1103 0.728846
0.11035 0.735642
0.1104 0.82418
0.11045 0.817808
0.1105 0.782684
0.11055 0.70106
0.1106 0.74104
0.11065 0.77886
0.1107 0.668326
0.11075 0.816914
0.1108 0.737352
0.11085 0.733094
0.1109 0.797619
0.11095 0.820051
0.111 0.735905
0.11105 0.769411
0.1111 0.738495
0.11115 0.763137
0.1112 0.658762
0.11125 0.74123
0.1113 0.777042
0.11135 0.84855
0.1114 0.902322
0.11145 0.686336
0.1115 0.822557
0.11155 0.671033
0.1116 0.735906
0.11165 0.883524
0.1117 0.75867
0.11175 0.734268
0.1118 0.77918
0.11185 0.830866
0.1119 0.768432
0.11195 0.723834
0.112 0.676935
0.11205 0.795881
0.1121 0.769191
0.11215 0.829981
0.1122 0.805542
0.11225 0.66877
0.1123 0.756515
0.11235 0.689265
0.1124 0.729877
0.11245 0.732293
0.1125 0.676186
0.11255 0.723596
0.1126 0.802611
0.11265 0.778047
0.1127 0.746685
0.11275 0.771681
0.1128 0.729
0.11285 0.729164
0.1129 0.833242
0.11295 0.684338
0.113 0.756814
0.11305 0.802242
0.1131 0.705161
0.11315 0.716623
0.1132 0.76434
0.11325 0.680692
0.1133 0.746555
0.11335 0.778485
0.1134 0.658434
0.11345 0.660804
0.1135 0.681345
0.11355 0.706457
0.1136 0.720237
0.11365 0.663541
0.1137 0.70687
0.11375 0.65694
0.1138 0.679808
0.11385 0.695872
0.1139 0.72791
0.11395 0.77595
0.114 0.61192
0.11405 0.73977
0.1141 0.744506
0.11415 0.737828
0.1142 0.774556
0.11425 0.676458
0.1143 0.585092
0.11435 0.701814
0.1144 0.697372
0.11445 0.670024
0.1145 0.660968
0.11455 0.738996
0.1146 0.686425
0.11465 0.668195
0.1147 0.766986
0.11475 0.689114
0.1148 0.751257
0.11485 0.680197
0.1149 0.730891
0.11495 0.731051
0.115 0.669084
0.11505 0.719834
0.1151 0.623258
0.11515 0.664796
0.1152 0.625713
0.11525 0.646535
0.1153 0.628165
0.11535 0.644391
0.1154 0.674492
0.11545 0.672292
0.1155 0.702443
0.11555 0.721073
0.1156 0.686528
0.11565 0.684334
0.1157 0.737697
0.11575 0.756389
0.1158 0.654621
0.11585 0.728889
0.1159 0.666432
0.11595 0.726854
0.116 0.613279
0.11605 0.701571
0.1161 0.687765
0.11615 0.662321
0.1162 0.585694
0.11625 0.741568
0.1163 0.618403
0.11635 0.678991
0.1164 0.68609
0.11645 0.716498
0.1165 0.679346
0.11655 0.574518
0.1166 0.637531
0.11665 0.658613
0.1167 0.607337
0.11675 0.714843
0.1168 0.670582
0.11685 0.673024
0.1169 0.752656
0.11695 0.63583
0.117 0.710816
0.11705 0.610248
0.1171 0.711049
0.11715 0.678371
0.1172 0.704276
0.11725 0.702062
0.1173 0.657599
0.11735 0.730479
0.1174 0.688351
0.11745 0.683769
0.1175 0.688585
0.11755 0.634607
0.1176 0.672327
0.11765 0.580625
0.1177 0.615976
0.11775 0.691424
0.1178 0.670331
0.11785 0.689297
0.1179 0.689415
0.11795 0.654133
0.118 0.661304
0.11805 0.611796
0.1181 0.602396
0.11815 0.61426
0.1182 0.720739
0.11825 0.668831
0.1183 0.690234
0.11835 0.664304
0.1184 0.567271
0.11845 0.590985
0.1185 0.595761
0.11855 0.643239
0.1186 0.605349
0.11865 0.648127
0.1187 0.638709
0.11875 0.719567
0.1188 0.665038
0.11885 0.684158
0.1189 0.548667
0.11895 0.658145
0.119 0.615377
0.11905 0.555881
0.1191 0.672652
0.11915 0.636994
0.1192 0.653761
0.11925 0.641917
0.1193 0.599027
0.11935 0.642051
0.1194 0.639738
0.11945 0.608742
0.1195 0.596835
0.11955 0.651889
0.1196 0.64958
0.11965 0.54672
0.1197 0.625751
0.11975 0.671337
0.1198 0.570763
0.11985 0.599555
0.1199 0.623585
0.11995 0.580445
0.12 0.599677
0.12005 0.698199
0.1201 0.659873
0.12015 0.628711
0.1202 0.58308
0.12025 0.667316
0.1203 0.590388
0.12035 0.597644
0.1204 0.619363
0.12045 0.631469
0.1205 0.631535
0.12055 0.684665
0.1206 0.626863
0.12065 0.590715
0.1207 0.540032
0.12075 0.598006
0.1208 0.585959
0.12085 0.622257
0.1209 0.602963
0.12095 0.600585
0.121 0.680518
0.12105 0.598276
0.1211 0.67585
0.12115 0.593536
0.1212 0.678445
0.12125 0.651863
0.1213 0.508752
0.12135 0.603408
0.1214 0.491716
0.12145 0.739526
0.1215 0.698353
0.12155 0.569577
0.1216 0.574457
0.12165 0.637759
0.1217 0.628089
0.12175 0.579431
0.1218 0.633067
0.12185 0.603877
0.1219 0.599041
0.12195 0.625919
0.122 0.547867
0.12205 0.611355
0.1221 0.562543
0.12215 0.618763
0.1222 0.577252
0.12225 0.623746
0.1223 0.523477
0.12235 0.562621
0.1224 0.599364
0.12245 0.565102
0.1225 0.599426
0.12255 0.550424
0.1226 0.550422
0.12265 0.597046
0.1227 0.604447
0.12275 0.599577
0.1228 0.675782
0.12285 0.572646
0.1229 0.575121
0.12295 0.540699
0.123 0.555455
0.12305 0.582539
0.1231 0.493895
0.12315 0.555447
0.1232 0.570239
0.12325 0.644233
0.1233 0.604835
0.12335 0.629557
0.1234 0.520983
0.12345 0.567887
0.1235 0.622261
0.12355 0.639621
0.1236 0.627326
0.12365 0.602646
0.1237 0.627436
0.12375 0.602736
0.1238 0.575529
0.12385 0.565635
0.1239 0.575561
0.12395 0.426779
0.124 0.535841
0.12405 0.508525
0.1241 0.587945
0.12415 0.674913
0.1242 0.543306
0.12425 0.617878
0.1243 0.610469
0.12435 0.620467
0.1244 0.568252
0.12445 0.543364
0.1245 0.585703
0.12455 0.625601
0.1246 0.548376
0.12465 0.50348
0.1247 0.615715
0.12475 0.635733
0.1248 0.590853
0.12485 0.633349
0.1249 0.59093
0.12495 0.55846
0.125 0.585975
0.12505 0.570989
0.1251 0.5685
0.12515 0.568512
0.1252 0.631149
0.12525 0.598633
0.1253 0.463291
0.12535 0.596143
0.1254 0.598686
0.12545 0.566092
0.1255 0.651476
0.12555 0.631458
0.1256 0.548591
0.12565 0.591325
0.1257 0.601415
0.12575 0.621581
0.1258 0.596465
0.12585 0.503333
0.1259 0.61161
0.12595 0.586456
0.126 0.573877
0.12605 0.674773
0.1261 0.654685
0.12615 0.614381
0.1262 0.576554
0.12625 0.510896
0.1263 0.526024
0.12635 0.65493
0.1264 0.531089
0.12645 0.546251
0.1265 0.518404
0.12655 0.591804
0.1266 0.586768
0.12665 0.594396
0.1267 0.591893
0.12675 0.652787
0.1268 0.617347
0.12685 0.609783
0.1269 0.566664
0.12695 0.559054
0.127 0.569222
0.12705 0.632784
0.1271 0.625217
0.12715 0.526057
0.1272 0.546395
0.12725 0.528567
0.1273 0.589675
0.12735 0.589703
0.1274 0.576986
0.12745 0.658604
0.1275 0.528585
0.12755 0.490285
0.1276 0.566825
0.12765 0.589821
0.1277 0.577074
0.12775 0.564312
0.1278 0.577105
0.12785 0.515731
0.1279 0.525937
0.12795 0.497755
0.128 0.528443
0.12805 0.541233
0.1281 0.636054
0.12815 0.61817
0.1282 0.57718
0.12825 0.592594
0.1283 0.513047
0.12835 0.497607
0.1284 0.492425
0.12845 0.505227
0.1285 0.536041
0.12855 0.623475
0.1286 0.561777
0.12865 0.481989
0.1287 0.608108
0.12875 0.559206
0.1288 0.597865
0.12885 0.515403
0.1289 0.554058
0.12895 0.533418
0.129 0.45081
0.12905 0.582412
0.1291 0.600515
0.12915 0.559207
0.1292 0.564381
0.12925 0.491981
0.1293 0.585065
0.12935 0.623909
0.1294 0.587717
0.12945 0.551483
0.1295 0.554072
0.12955 0.608504
0.1296 0.598174
0.12965 0.58005
0.1297 0.489245
0.12975 0.489195
0.1298 0.538488
0.12985 0.522888
0.1299 0.598235
0.12995 0.569669
0.13 0.528065
0.13005 0.634727
0.1301 0.624377
0.13015 0.606203
0.1302 0.556748
0.13025 0.512448
0.1303 0.637552
0.13035 0.551552
0.1304 0.564595
0.13045 0.611583
0.1305 0.582906
0.13055 0.551584
0.1306 0.533291
0.13065 0.564643
0.1307 0.509736
0.13075 0.488774
0.1308 0.585553
0.13085 0.598667
0.1309 0.541083
0.13095 0.627533
0.131 0.546338
0.13105 0.575174
0.1311 0.562075
0.13115 0.522721
0.1312 0.533197
0.13125 0.467531
0.1313 0.522632
0.13135 0.470048
0.1314 0.525193
0.13145 0.556731
0.1315 0.554102
0.13155 0.572526
0.1316 0.527779
0.13165 0.577805
0.1317 0.540933
0.13175 0.522471
0.1318 0.577824
0.13185 0.583118
0.1319 0.612169
0.13195 0.480213
0.132 0.493362
0.13205 0.519736
0.1321 0.509138
0.13215 0.54612
0.1322 0.585789
0.13225 0.617565
0.1323 0.556732
0.13235 0.54879
0.1324 0.575276
0.13245 0.519642
0.1325 0.535522
0.13255 0.522248
0.1326 0.490388
0.13265 0.471762
0.1327 0.522145
0.13275 0.532745
0.1328 0.564613
0.13285 0.543357
0.1329 0.484851
0.13295 0.564599
0.133 0.540658
0.13305 0.495394
0.1331 0.524643
0.13315 0.450029
0.1332 0.479266
0.13325 0.551192
0.1333 0.503184
0.13335 0.623206
0.1334 0.569878
0.13345 0.51649
0.1335 0.524475
0.13355 0.465669
0.1336 0.535101
0.13365 0.486955
0.1337 0.524355
0.13375 0.588557
0.1338 0.56449
0.13385 0.518972
0.1339 0.484119
0.13395 0.545707
0.134 0.54302
0.13405 0.48669
0.1341 0.518836
0.13415 0.524178
0.1342 0.612761
0.13425 0.502679
0.1343 0.483832
0.13435 0.534852
0.1344 0.516015
0.13445 0.567097
0.1345 0.472922
0.13455 0.542854
0.1346 0.507837
0.13465 0.518579
0.1347 0.443093
0.13475 0.572419
0.1348 0.577827
0.13485 0.553563
0.1349 0.521175
0.13495 0.515751
0.135 0.618361
0.13505 0.521137
0.1351 0.558955
0.13515 0.596815
0.1352 0.564387
0.13525 0.515687
0.1353 0.504831
0.13535 0.518335
0.1354 0.523727
0.13545 0.512865
0.1355 0.586032
0.13555 0.586056
0.1356 0.618636
0.13565 0.56169
0.1357 0.496536
0.13575 0.569826
0.1358 0.466592
0.13585 0.583402
0.1359 0.629647
0.13595 0.529063
0.136 0.534487
0.13605 0.520863
0.1361 0.5399
0.13615 0.550786
0.1362 0.588934
0.13625 0.504454
0.1363 0.477148
0.13635 0.509828
0.1364 0.542544
0.13645 0.400576
0.1365 0.586172
0.13655 0.4414
0.1366 0.493245
0.13665 0.498669
0.1367 0.528714
0.13675 0.504072
0.1368 0.410978
0.13685 0.528608
0.1369 0.520373
0.13695 0.501169
0.137 0.44357
0.13705 0.569622
0.1371 0.429741
0.13715 0.495507
0.1372 0.52566
0.13725 0.478958
0.1373 0.498133
0.13735 0.503589
0.1374 0.555784
0.13745 0.478786
0.1375 0.52825
0.13755 0.558504
0.1376 0.54199
0.13765 0.53372
0.1377 0.561256
0.13775 0.467558
0.1378 0.423384
0.13785 0.511546
0.1379 0.517034
0.13795 0.547368
0.138 0.569452
0.13805 0.428602
0.1381 0.530743
0.13815 0.494795
0.1382 0.447748
0.13825 0.53895
0.1383 0.505736
0.13835 0.491862
0.1384 0.505663
0.13845 0.464079
0.1385 0.436305
0.13855 0.527697
0.1386 0.535998
0.13865 0.44167
0.1387 0.472115
0.13875 0.458177
0.1388 0.52198
0.13885 0.541404
0.1389 0.499711
0.13895 0.416273
0.139 0.555225
0.13905 0.521843
0.1391 0.519038
0.13915 0.513446
0.1392 0.588613
0.13925 0.518989
0.1393 0.499456
0.13935 0.438082
0.1394 0.440789
0.13945 0.502089
0.1395 0.507635
0.13955 0.490851
0.1396 0.499186
0.13965 0.471208
0.1397 0.479535
0.13975 0.476687
0.1398 0.496212
0.13985 0.496172
0.1399 0.414961
0.13995 0.465263
0.14 0.482007
0.14005 0.442729
0.1401 0.490302
0.14015 0.45661
0.1402 0.481787
0.14025 0.462095
0.1403 0.56589
0.14035 0.4957
0.1404 0.436671
0.14045 0.450639
0.1405 0.518031
0.14055 0.560187
0.1406 0.517998
0.14065 0.484206
0.1407 0.478528
0.14075 0.455948
0.1408 0.478416
0.14085 0.464274
0.1409 0.438841
0.14095 0.514901
0.141 0.55719
0.14105 0.562838
0.1411 0.441457
0.14115 0.480915
0.1412 0.48369
0.14125 0.49212
0.1413 0.511867
0.14135 0.568399
0.1414 0.412816
0.14145 0.506108
0.1415 0.542879
0.14155 0.514553
0.1416 0.508861
0.14165 0.488993
0.1417 0.452094
0.14175 0.520088
0.1418 0.528577
0.14185 0.434907
0.1419 0.437664
0.14195 0.465984
0.142 0.406263
0.14205 0.465843
0.1421 0.431667
0.14215 0.488463
0.1422 0.533939
0.14225 0.533927
0.1423 0.516833
0.14235 0.525353
0.1424 0.437016
0.14245 0.493936
0.1425 0.516704
0.14255 0.468196
0.1426 0.545169
0.14265 0.505209
0.1427 0.550857
0.14275 0.448041
0.1428 0.470825
0.14285 0.430757
0.1429 0.502148
0.14295 0.510694
0.143 0.467751
0.14305 0.444797
0.1431 0.510572
0.14315 0.456128
0.1432 0.467522
0.14325 0.456
0.1433 0.387126
0.14335 0.541884
0.1434 0.473022
0.14345 0.409828
0.1435 0.481505
0.14355 0.501561
0.1436 0.458432
0.14365 0.446872
0.1437 0.5043
0.14375 0.4525
0.1438 0.394892
0.14385 0.47249
0.1439 0.411977
0.14395 0.475241
0.144 0.472308
0.14405 0.443434
0.1441 0.521201
0.14415 0.500993
0.1442 0.503844
0.14425 0.51247
0.1443 0.523992
0.14435 0.41423
0.1444 0.437248
0.14445 0.41983
0.1445 0.486233
0.14455 0.463053
0.1446 0.480351
0.14465 0.526607
0.1447 0.462901
0.14475 0.364377
0.1448 0.451159
0.14485 0.535133
0.1449 0.581507
0.14495 0.506129
0.145 0.497396
0.14505 0.488654
0.1451 0.520545
0.14515 0.494389
0.1452 0.459491
0.14525 0.439087
0.1453 0.482616
0.14535 0.436042
0.1454 0.467963
0.14545 0.415527
0.1455 0.528964
0.14555 0.496918
0.1456 0.531838
0.14565 0.575536
0.1457 0.511424
0.14575 0.467658
0.1458 0.496772
0.14585 0.450048
0.1459 0.511279
0.14595 0.479133
0.146 0.432349
0.14605 0.493631
0.1461 0.455594
0.14615 0.473074
0.1462 0.499347
0.14625 0.411533
0.1463 0.39095
0.14635 0.48161
0.1464 0.487422
0.14645 0.54598
0.1465 0.393566
0.14655 0.501944
0.1466 0.484314
0.14665 0.501874
0.1467 0.440207
0.14675 0.478301
0.1468 0.487064
0.14685 0.469394
0.1469 0.489913
0.14695 0.457533
0.147 0.460412
0.14705 0.445642
0.1471 0.504432
0.14715 0.483794
0.1472 0.52498
0.14725 0.45426
0.1473 0.424726
0.14735 0.44233
0.1474 0.518932
0.14745 0.418612
0.1475 0.468691
0.14755 0.453877
0.1476 0.433142
0.14765 0.480328
0.1477 0.498012
0.14775 0.441814
0.1478 0.465398
0.14785 0.474216
0.1479 0.453453
0.14795 0.482989
0.148 0.506633
0.14805 0.453289
0.1481 0.512485
0.14815 0.432433
0.1482 0.44718
0.14825 0.39669
0.1483 0.497466
0.14835 0.491496
0.1484 0.45583
0.14845 0.494378
0.1485 0.509197
0.14855 0.428927
0.1486 0.416955
0.14865 0.503113
0.1487 0.431683
0.14875 0.366133
0.1488 0.443413
0.14885 0.452277
0.1489 0.476045
0.14895 0.449177
0.149 0.469978
0.14905 0.419232
0.1491 0.431078
0.14915 0.41608
0.1492 0.505542
0.14925 0.52343
0.1493 0.39796
0.14935 0.478536
0.1494 0.421699
0.14945 0.484405
0.1495 0.493336
0.14955 0.499284
0.1496 0.532175
0.14965 0.472285
0.1497 0.436295
0.14975 0.466181
0.1498 0.502091
0.14985 0.529043
0.1499 0.463053
0.14995 0.402997
0.15 0.45992
0.15005 0.450856
0.1501 0.405747
0.15015 0.507789
0.1502 0.447663
0.15025 0.498699
0.1503 0.474611
0.15035 0.483587
0.1504 0.423365
0.15045 0.477463
0.1505 0.435263
0.15055 0.450249
0.1506 0.398964
0.15065 0.43202
0.1507 0.522394
0.15075 0.46809
0.1508 0.477089
0.15085 0.464971
0.1509 0.407556
0.15095 0.455784
0.151 0.386241
0.15105 0.500971
0.1511 0.488849
0.15115 0.407163
0.1512 0.440346
0.15125 0.40699
0.1513 0.491654
0.15135 0.485562
0.1514 0.418884
0.15145 0.47637
0.1515 0.370239
0.15155 0.451987
0.1516 0.445859
0.15165 0.388147
0.1517 0.509443
0.15175 0.448699
0.1518 0.479005
0.15185 0.421239
0.1519 0.399884
0.15195 0.445388
0.152 0.454445
0.15205 0.411797
0.1521 0.506042
0.15215 0.40252
0.1522 0.390246
0.15225 0.387098
0.1523 0.463169
0.15235 0.505787
0.1524 0.466124
0.15245 0.444722
0.1525 0.429401
0.15255 0.453741
0.1526 0.517794
0.15265 0.44448
0.1527 0.413864
0.15275 0.441282
0.1528 0.456499
0.15285 0.496195
0.1529 0.480868
0.15295 0.389026
0.153 0.447083
0.15305 0.492949
0.1531 0.373458
0.15315 0.486714
0.1532 0.422311
0.15325 0.431429
0.1533 0.557102
0.15335 0.477342
0.1534 0.468091
0.15345 0.403571
0.1535 0.428047
0.15355 0.409539
0.1536 0.4494
0.15365 0.452412
0.1537 0.387777
0.15375 0.476879
0.1538 0.384525
0.15385 0.458293
0.1539 0.378183
0.15395 0.458155
0.154 0.448856
0.15405 0.47345
0.1541 0.414827
0.15415 0.405491
0.1542 0.436251
0.15425 0.402235
0.1543 0.4361
0.15435 0.457646
0.1544 0.448323
0.15445 0.426631
0.1545 0.500739
0.15455 0.441963
0.1546 0.482106
0.15465 0.466596
0.1547 0.429406
0.15475 0.435524
0.1548 0.42926
0.15485 0.395108
0.1549 0.413606
0.15495 0.503422
0.155 0.459982
0.15505 0.435112
0.1551 0.42263
0.15515 0.450488
0.1552 0.447323
0.15525 0.515593
0.1553 0.46897
0.15535 0.412978
0.1554 0.434657
0.15545 0.419037
0.1555 0.446956
0.15555 0.459342
0.1556 0.428158
0.15565 0.462338
0.1557 0.418676
0.15575 0.424828
0.1558 0.43722
0.15585 0.415326
0.1559 0.455791
0.15595 0.430775
0.156 0.374525
0.15605 0.421247
0.1561 0.458645
0.15615 0.496079
0.1562 0.483549
0.15625 0.439747
0.1563 0.442808
0.15635 0.41772
0.1564 0.461446
0.15645 0.458264
0.1565 0.473865
0.15655 0.495745
0.1566 0.401725
0.15665 0.401635
0.1567 0.407815
0.15675 0.398321
0.1568 0.454695
0.15685 0.492295
0.1569 0.451456
0.15695 0.498498
0.157 0.394817
0.15705 0.470131
0.1571 0.413511
0.15715 0.426005
0.1572 0.463671
0.15725 0.381825
0.1573 0.523338
0.15735 0.466662
0.1574 0.44772
0.15745 0.48546
0.1575 0.428706
0.15755 0.42233
0.1576 0.469549
0.15765 0.469503
0.1577 0.576727
0.15775 0.450509
0.1578 0.422038
0.15785 0.478806
0.1579 0.453494
0.15795 0.469238
0.158 0.481836
0.15805 0.434368
0.1581 0.450115
0.15815 0.399433
0.1582 0.434158
0.15825 0.462584
0.1583 0.449866
0.15835 0.490992
0.1584 0.418073
0.15845 0.484565
0.1585 0.386228
0.15855 0.51301
0.1586 0.392418
0.15865 0.414542
0.1587 0.408112
0.15875 0.411204
0.1588 0.382529
0.15885 0.398319
0.1589 0.499957
0.15895 0.417251
0.159 0.455345
0.15905 0.420289
0.1591 0.461592
0.15915 0.413782
0.1592 0.442367
0.15925 0.470979
0.1593 0.394447
0.15935 0.474055
0.1594 0.38791
0.15945 0.470754
0.1595 0.461137
0.15955 0.425975
0.1596 0.451447
0.15965 0.377929
0.1597 0.464092
0.15975 0.352184
0.1598 0.460764
0.15985 0.486298
0.1599 0.550244
0.15995 0.47665
0.16 0.364575
0.16005 0.418899
0.1601 0.482883
0.16015 0.447603
0.1602 0.36101
0.16025 0.421812
0.1603 0.405703
0.16035 0.444115
0.1604 0.511444
0.16045 0.460066
0.1605 0.399007
0.16055 0.443887
0.1606 0.385993
0.16065 0.504815
0.1607 0.440493
0.16075 0.437215
0.1608 0.466104
0.16085 0.385608
0.1609 0.42414
0.16095 0.443388
0.161 0.382129
0.16105 0.465803
0.1611 0.452865
0.16115 0.526963
0.1612 0.385055
0.16125 0.423671
0.1613 0.362286
0.16135 0.459016
0.1614 0.439592
0.16145 0.41369
0.1615 0.436229
0.16155 0.497573
0.1616 0.384392
0.16165 0.45221
0.1617 0.461861
0.16175 0.468285
0.1618 0.471478
0.16185 0.461722
0.1619 0.432523
0.16195 0.413017
0.162 0.435626
0.16205 0.425836
0.1621 0.409551
0.16215 0.428935
0.1622 0.419132
0.16225 0.40932
0.1623 0.373523
0.16235 0.441629
0.1624 0.444818
0.16245 0.47401
0.1625 0.447962
0.16255 0.447906
0.1626 0.408814
0.16265 0.425004
0.1627 0.395639
0.16275 0.431367
0.1628 0.418273
0.16285 0.454037
0.1629 0.411618
0.16295 0.37242
0.163 0.427755
0.16305 0.447259
0.1631 0.381943
0.16315 0.450391
0.1632 0.469927
0.16325 0.414363
0.1633 0.388151
0.16335 0.459955
0.1634 0.440293
0.16345 0.394453
0.1635 0.430346
0.16355 0.358296
0.1636 0.413827
0.16365 0.433395
0.1637 0.466081
0.16375 0.488969
0.1638 0.446338
0.16385 0.410224
0.1639 0.433099
0.16395 0.406795
0.164 0.42312
0.16405 0.400076
0.1641 0.455803
0.16415 0.353949
0.1642 0.380117
0.16425 0.426025
0.1643 0.32406
0.16435 0.432434
0.1644 0.438948
0.16445 0.422438
0.1645 0.422368
0.16455 0.451926
0.1646 0.435409
0.16465 0.441935
0.1647 0.392452
0.16475 0.435212
0.1648 0.451635
0.16485 0.468073
0.1649 0.507619
0.16495 0.481201
0.165 0.431652
0.16505 0.46791
0.1651 0.44805
0.16515 0.4513
0.1652 0.411588
0.16525 0.411512
0.1653 0.467655
0.16535 0.361757
0.1654 0.414595
0.16545 0.490651
0.1655 0.374738
0.16555 0.437568
0.1656 0.414317
0.16565 0.457325
0.1657 0.417497
0.16575 0.437321
0.1658 0.39414
0.16585 0.457096
0.1659 0.447091
0.16595 0.447037
0.166 0.43702
0.16605 0.460214
0.1661 0.453522
0.16615 0.440176
0.1662 0.460068
0.16625 0.380198
0.1663 0.363469
0.16635 0.453221
0.1664 0.459829
0.16645 0.419823
0.1665 0.423084
0.16655 0.47966
0.1666 0.43963
0.16665 0.416234
0.1667 0.462852
0.16675 0.48616
0.1668 0.332628
0.16685 0.395928
0.1669 0.44259
0.16695 0.382414
0.167 0.465847
0.16705 0.398965
0.1671 0.442342
0.16715 0.509166
0.1672 0.432215
0.16725 0.402039
0.1673 0.412
0.16735 0.385142
0.1674 0.438636
0.16745 0.458678
0.1675 0.465334
0.16755 0.441828
0.1676 0.404889
0.16765 0.448413
0.1677 0.337646
0.16775 0.408004
0.1678 0.391143
0.16785 0.397773
0.1679 0.441358
0.16795 0.350582
0.168 0.380721
0.16805 0.525195
0.1681 0.434388
0.16815 0.356956
0.1682 0.41742
0.16825 0.46784
0.1683 0.43413
0.16835 0.46775
0.1684 0.491293
0.16845 0.460937
0.1685 0.41707
0.16855 0.376536
0.1686 0.373069
0.16865 0.420209
0.1687 0.396516
0.16875 0.355922
0.1688 0.335554
0.16885 0.406374
0.1689 0.355613
0.16895 0.497467
0.169 0.467016
0.16905 0.436538
0.1691 0.466927
0.16915 0.399207
0.1692 0.429592
0.16925 0.405828
0.1693 0.466718
0.16935 0.37859
0.1694 0.449667
0.16945 0.463177
0.1695 0.452962
0.16955 0.39525
0.1696 0.446063
0.16965 0.435829
0.1697 0.456141
0.16975 0.449303
0.1698 0.394901
0.16985 0.422003
0.1699 0.459326
0.16995 0.432082
0.17 0.432022
0.17005 0.42856
0.1701 0.40808
0.17015 0.39439
0.1702 0.428358
0.17025 0.49301
0.1703 0.36352
0.17035 0.438396
0.1704 0.397432
0.17045 0.400762
0.1705 0.397273
0.17055 0.373309
0.1706 0.465366
0.17065 0.376562
0.1707 0.332075
0.17075 0.372949
0.1708 0.420693
0.17085 0.417209
0.1709 0.393208
0.17095 0.396546
0.171 0.362256
0.17105 0.427174
0.1711 0.423689
0.17115 0.495529
0.1712 0.348232
0.17125 0.444052
0.1713 0.522821
0.17135 0.409691
0.1714 0.416477
0.17145 0.426699
0.1715 0.354586
0.17155 0.38537
0.1716 0.416181
0.17165 0.381773
0.1717 0.3439
0.17175 0.367842
0.1718 0.436486
0.17185 0.43643
0.1719 0.364155
0.17195 0.395017
0.172 0.374291
0.17205 0.394851
0.1721 0.436087
0.17215 0.408479
0.1722 0.394627
0.17225 0.463467
0.1723 0.387593
0.17235 0.428885
0.1724 0.415029
0.17245 0.421861
0.1725 0.383836
0.17255 0.387202
0.1726 0.373306
0.17265 0.362852
0.1727 0.366209
0.17275 0.421409
0.1728 0.383318
0.17285 0.452392
0.1729 0.410838
0.17295 0.410768
0.173 0.351861
0.17305 0.517933
0.1731 0.39672
0.17315 0.413962
0.1732 0.393104
0.17325 0.399956
0.1733 0.36521
0.17335 0.351242
0.1734 0.427456
0.17345 0.486386
0.1735 0.340578
0.17355 0.4481
0.1736 0.444579
0.17365 0.413263
0.1737 0.385395
0.17375 0.392263
0.1738 0.388706
0.17385 0.364278
0.1739 0.44072
0.17395 0.447628
0.174 0.353593
0.17405 0.356973
0.1741 0.363839
0.17415 0.395099
0.1742 0.381081
0.17425 0.360079
0.1743 0.415773
0.17435 0.370363
0.1744 0.44354
0.17445 0.4051
0.1745 0.485321
0.17455 0.387519
0.1746 0.429353
0.17465 0.415319
0.1747 0.352343
0.17475 0.446633
0.1748 0.506034
0.17485 0.355606
0.1749 0.44648
0.17495 0.428932
0.175 0.460383
0.17505 0.386801
0.1751 0.351689
0.17515 0.379619
0.1752 0.453138
0.17525 0.43907
0.1753 0.414469
0.17535 0.410895
0.1754 0.386264
0.17545 0.431812
0.1755 0.417712
0.17555 0.407112
0.1756 0.431633
0.17565 0.406979
0.1757 0.364729
0.17575 0.371667
0.1758 0.448951
0.17585 0.406689
0.1759 0.459404
0.17595 0.406564
0.176 0.39241
0.17605 0.385288
0.1761 0.431005
0.17615 0.360469
0.1762 0.430873
0.17625 0.455499
0.1763 0.406079
0.17635 0.409537
0.1764 0.363592
0.17645 0.423508
0.1765 0.405793
0.17655 0.426915
0.1766 0.349131
0.17665 0.419709
0.1767 0.454997
0.17675 0.426667
0.1768 0.394776
0.17685 0.366396
0.1769 0.38046
0.17695 0.390996
0.177 0.401541
0.17705 0.429805
0.1771 0.493523
0.17715 0.408447
0.1772 0.376474
0.17725 0.429578
0.1773 0.411787
0.17735 0.447201
0.1774 0.471998
0.17745 0.447116
0.1775 0.415111
0.17755 0.336903
0.1776 0.468256
0.17765 0.361602
0.1777 0.397058
0.17775 0.4361
0.1778 0.418263
0.17785 0.471571
0.1779 0.379005
0.17795 0.410961
0.178 0.418017
0.17805 0.450013
0.1781 0.457095
0.17815 0.478439
0.1782 0.360766
0.17825 0.414162
0.1783 0.378428
0.17835 0.45684
0.1784 0.399696
0.17845 0.342504
0.1785 0.431675
0.17855 0.388757
0.1786 0.41369
0.17865 0.445792
0.1787 0.406421
0.17875 0.352713
0.1788 0.377654
0.17885 0.406194
0.1789 0.313072
0.17895 0.377392
0.179 0.391632
0.17905 0.391556
0.1791 0.402229
0.17915 0.384239
0.1792 0.423594
0.17925 0.38409
0.1793 0.333792
0.17935 0.452088
0.1794 0.340787
0.17945 0.408893
0.1795 0.416009
0.17955 0.412355
0.1796 0.448221
0.17965 0.390673
0.1797 0.444522
0.17975 0.35098
0.1798 0.40124
0.17985 0.375984
0.1799 0.422687
0.17995 0.422629
0.18 0.422571
0.18005 0.433319
0.1801 0.408046
0.18015 0.361128
0.1802 0.440346
0.18025 0.404238
0.1803 0.393349
0.18035 0.429355
0.1804 0.39682
0.18045 0.378698
0.1805 0.46528
0.18055 0.338826
0.1806 0.410982
0.18065 0.4579
0.1807 0.447017
0.18075 0.334877
0.1808 0.370941
0.18085 0.370855
0.1809 0.385245
0.18095 0.374307
0.181 0.428538
0.18105 0.359666
0.1811 0.40305
0.18115 0.402982
0.1812 0.406539
0.18125 0.344831
0.1813 0.37012
0.18135 0.446222
0.1814 0.395372
0.18145 0.41345
0.1815 0.427912
0.18155 0.398802
0.1816 0.475025
0.18165 0.435023
0.1817 0.420433
0.18175 0.402195
0.1818 0.420312
0.18185 0.340218
0.1819 0.449286
0.18195 0.518404
0.182 0.394606
0.18205 0.347188
0.1821 0.401735
0.18215 0.357939
0.1822 0.372427
0.18225 0.412449
0.1823 0.364976
0.18235 0.368536
0.1824 0.379397
0.18245 0.313617
0.1825 0.371917
0.18255 0.408353
0.1826 0.379065
0.18265 0.419179
0.1827 0.404501
0.18275 0.397123
0.1828 0.378768
0.18285 0.364056
0.1829 0.334696
0.18295 0.367532
0.183 0.404056
0.18305 0.393004
0.1831 0.400258
0.18315 0.348894
0.1832 0.396443
0.18325 0.436699
0.1833 0.403648
0.18335 0.403582
0.1834 0.370495
0.18345 0.366741
0.1835 0.425391
0.18355 0.392289
0.1836 0.373852
0.18365 0.403162
0.1837 0.443521
0.18375 0.414069
0.1838 0.333115
0.18385 0.384503
0.1839 0.564698
0.18395 0.4028
0.184 0.421139
0.18405 0.417401
0.1841 0.406294
0.18415 0.376758
0.1842 0.354568
0.18425 0.465056
0.1843 0.391284
0.18435 0.372772
0.1844 0.357934
0.18445 0.409504
0.1845 0.346695
0.18455 0.413055
0.1846 0.401916
0.18465 0.361216
0.1847 0.449808
0.18475 0.423896
0.1848 0.357296
0.18485 0.394186
0.1849 0.405213
0.18495 0.412549
0.185 0.37918
0.18505 0.41242
0.1851 0.401251
0.18515 0.423409
0.1852 0.371485
0.18525 0.430699
0.1853 0.400993
0.18535 0.378679
0.1854 0.378601
0.18545 0.363683
0.1855 0.367308
0.18555 0.441464
0.1856 0.422855
0.18565 0.374519
0.1857 0.437594
0.18575 0.37066
0.1858 0.415182
0.18585 0.36679
0.1859 0.370425
0.18595 0.366623
0.186 0.385144
0.18605 0.373904
0.1861 0.388716
0.18615 0.343956
0.1862 0.377385
0.18625 0.418293
0.1863 0.399602
0.18635 0.37344
0.1864 0.354715
0.18645 0.369545
0.1865 0.354539
0.18655 0.425357
0.1866 0.346912
0.18665 0.32068
0.1867 0.399007
0.18675 0.342901
0.1868 0.387649
0.18685 0.447385
0.1869 0.406216
0.18695 0.372494
0.187 0.368673
0.18705 0.391043
0.1871 0.428403
0.18715 0.462049
0.1872 0.383372
0.18725 0.40952
0.1873 0.424448
0.18735 0.36068
0.1874 0.428076
0.18745 0.289276
0.1875 0.390429
0.18755 0.371599
0.1876 0.379025
0.18765 0.315131
0.1877 0.360081
0.18775 0.359995
0.1878 0.472619
0.18785 0.401191
0.1879 0.359778
0.18795 0.382252
0.188 0.367134
0.18805 0.408434
0.1881 0.37827
0.18815 0.325498
0.1882 0.374339
0.18825 0.468411
0.1883 0.377975
0.18835 0.355291
0.1884 0.415507
0.18845 0.340051
0.1885 0.366352
0.18855 0.32855
0.1886 0.362405
0.18865 0.392513
0.1887 0.40377
0.18875 0.381052
0.1888 0.399863
0.18885 0.373353
0.1889 0.456413
0.18895 0.411019
0.189 0.342903
0.18905 0.376847
0.1891 0.320026
0.18915 0.350192
0.1892 0.399307
0.18925 0.399243
0.1893 0.353735
0.18935 0.365011
0.1894 0.304305
0.18945 0.372411
0.1895 0.342005
0.18955 0.353287
0.1896 0.368371
0.18965 0.372085
0.1897 0.375802
0.18975 0.383318
0.1898 0.432607
0.18985 0.394581
0.1899 0.402113
0.18995 0.398251
0.19 0.424794
0.19005 0.375318
0.1901 0.424681
0.19015 0.401807
0.1902 0.401745
0.19025 0.413101
0.1903 0.447308
0.19035 0.393958
0.1904 0.382465
0.19045 0.405253
0.1905 0.321351
0.19055 0.397487
0.1906 0.39361
0.19065 0.382102
0.1907 0.416365
0.19075 0.412495
0.1908 0.332282
0.19085 0.33982
0.1909 0.381735
0.19095 0.339643
0.191 0.339549
0.19105 0.385319
0.1911 0.434948
0.19115 0.358424
0.1912 0.408065
0.19125 0.369747
0.1913 0.350534
0.19135 0.358102
0.1914 0.346531
0.19145 0.396231
0.1915 0.453632
0.19155 0.365462
0.1916 0.334718
0.19165 0.372962
0.1917 0.326866
0.19175 0.368962
0.1918 0.39958
0.19185 0.388004
0.1919 0.391775
0.19195 0.422429
0.192 0.330195
0.19205 0.387727
0.1921 0.3377
0.19215 0.36067
0.1922 0.349053
0.19225 0.306659
0.1923 0.35656
0.19235 0.356476
0.1924 0.417976
0.19245 0.394824
0.1925 0.421717
0.19255 0.352331
0.1926 0.363804
0.19265 0.371432
0.1927 0.402196
0.19275 0.34044
0.1928 0.378918
0.19285 0.355698
0.1929 0.328601
0.19295 0.428863
0.193 0.455844
0.19305 0.366986
0.1931 0.355319
0.19315 0.347507
0.1932 0.366744
0.19325 0.374398
0.1933 0.467132
0.19335 0.335594
0.1934 0.447701
0.19345 0.354785
0.1935 0.385669
0.19355 0.366241
0.1936 0.40102
0.19365 0.428078
0.1937 0.420282
0.19375 0.41248
0.1938 0.346517
0.19385 0.338673
0.1939 0.373492
0.19395 0.416098
0.194 0.342307
0.19405 0.408211
0.1941 0.338261
0.19415 0.326517
0.1942 0.439084
0.19425 0.419614
0.1943 0.400129
0.19435 0.322309
0.1944 0.3961
0.19445 0.357138
0.1945 0.349274
0.19455 0.360864
0.1946 0.399714
0.19465 0.349032
0.1947 0.345051
0.19475 0.395611
0.1948 0.309815
0.19485 0.379873
0.1949 0.383702
0.19495 0.434334
0.195 0.34847
0.19505 0.3796
0.1951 0.348306
0.19515 0.363836
0.1952 0.398903
0.19525 0.461339
0.1953 0.316752
0.19535 0.332282
0.1954 0.414277
0.19545 0.379035
0.1955 0.441541
0.19555 0.316319
0.1956 0.374912
0.19565 0.398324
0.1957 0.366944
0.19575 0.417776
0.1958 0.327635
0.19585 0.386309
0.1959 0.421514
0.19595 0.456746
0.196 0.358691
0.19605 0.307625
0.1961 0.366364
0.19615 0.35844
0.1962 0.354435
0.19625 0.370057
0.1963 0.389618
0.19635 0.362058
0.1964 0.334477
0.19645 0.350105
0.1965 0.318573
0.19655 0.334201
0.1966 0.4403
0.19665 0.36945
0.1967 0.396921
0.19675 0.388989
0.1968 0.40861
0.19685 0.357362
0.1969 0.349404
0.19695 0.34932
0.197 0.368941
0.19705 0.349157
0.1971 0.412161
0.19715 0.384501
0.1972 0.42783
0.19725 0.317298
0.1973 0.415873
0.19735 0.376343
0.1974 0.364426
0.19745 0.34065
0.1975 0.33266
0.19755 0.407656
0.1976 0.387837
0.19765 0.360095
0.1977 0.367927
0.19775 0.359941
0.1978 0.340078
0.19785 0.446856
0.1979 0.343888
0.19795 0.419042
0.198 0.399189
0.19805 0.414979
0.1981 0.371336
0.19815 0.402976
0.1982 0.406885
0.19825 0.387001
0.1983 0.414706
0.19835 0.3472
0.1984 0.374899
0.19845 0.335129
0.1985 0.366807
0.19855 0.358789
0.1986 0.354738
0.19865 0.330814
0.1987 0.362522
0.19875 0.386302
0.1988 0.354422
0.19885 0.370254
0.1989 0.413951
0.19895 0.282561
0.199 0.350122
0.19905 0.334112
0.1991 0.385801
0.19915 0.421593
0.1992 0.345832
0.19925 0.389594
0.1993 0.349662
0.19935 0.365532
0.1994 0.31759
0.19945 0.349412
0.1995 0.333366
0.19955 0.349244
0.1996 0.405064
0.19965 0.401016
0.1997 0.39297
0.19975 0.364938
0.1998 0.376855
0.19985 0.340805
0.1999 0.392706
