0 0.068537
5e-05 0.083075
0.0001 0.069923
0.00015 0.068189
0.0002 0.086541
0.00025 0.090691
0.0003 0.076153
0.00035 0.097955
0.0004 0.078234
0.00045 0.093462
0.0005 0.071992
0.00055 0.089996
0.0006 0.103849
0.00065 0.090347
0.0007 0.082731
0.00075 0.080309
0.0008 0.120445
0.00085 0.150237
0.0009 0.130153
0.00095 0.097261
0.001 0.159586
0.00105 0.130496
0.0011 0.204908
0.00115 0.240578
0.0012 0.280377
0.00125 0.255463
0.0013 0.309098
0.00135 0.342702
0.0014 0.520268
0.00145 0.588424
0.0015 0.767062
0.00155 0.975118
0.0016 1.2077
0.00165 1.7079
0.0017 1.96059
0.00175 2.53553
0.0018 3.12537
0.00185 3.71832
0.0019 4.42378
0.00195 5.05861
0.002 5.45321
0.00205 6.00982
0.0021 6.34314
0.00215 6.59618
0.0022 6.37293
0.00225 6.4844
0.0023 6.21303
0.00235 5.63425
0.0024 5.0084
0.00245 4.37532
0.0025 3.69752
0.00255 3.02847
0.0026 2.79999
0.00265 2.44864
0.0027 2.17695
0.00275 1.76503
0.0028 1.6383
0.00285 1.35686
0.0029 1.21049
0.00295 1.13125
0.003 1.08032
0.00305 1.01764
0.0031 0.944305
0.00315 0.970921
0.0032 0.859867
0.00325 0.939115
0.0033 0.957395
0.00335 0.832507
0.0034 0.852201
0.00345 0.705777
0.0035 0.724853
0.00355 0.745237
0.0036 0.715862
0.00365 0.745928
0.0037 0.73043
0.00375 0.69334
0.0038 0.812681
0.00385 0.662223
0.0039 0.694021
0.00395 0.734195
0.004 0.668361
0.00405 0.753239
0.0041 0.607489
0.00415 0.655599
0.0042 0.686782
0.00425 0.6677
0.0043 0.684669
0.00435 0.673257
0.0044 0.624106
0.00445 0.642158
0.0045 0.657281
0.00455 0.622371
0.0046 0.565987
0.00465 0.626913
0.0047 0.588083
0.00475 0.647653
0.0048 0.557939
0.00485 0.605803
0.0049 0.625089
0.00495 0.608561
0.005 0.610596
0.00505 0.571852
0.0051 0.661174
0.00515 0.633754
0.0052 0.682594
0.00525 0.626492
0.0053 0.635937
0.00535 0.569353
0.0054 0.58849
0.00545 0.614818
0.0055 0.54478
0.00555 0.595056
0.0056 0.547275
0.00565 0.561039
0.0057 0.58541
0.00575 0.602636
0.0058 0.532292
0.00585 0.501984
0.0059 0.527876
0.00595 0.536512
0.006 0.509134
0.00605 0.49919
0.0061 0.567042
0.00615 0.561706
0.0062 0.531758
0.00625 0.473886
0.0063 0.548254
0.00635 0.495638
0.0064 0.595419
0.00645 0.534763
0.0065 0.537904
0.00655 0.568018
0.0066 0.556354
0.00665 0.504978
0.0067 0.546221
0.00675 0.545495
0.0068 0.51441
0.00685 0.6283
0.0069 0.55653
0.00695 0.58852
0.007 0.502238
0.00705 0.485294
0.0071 0.547267
0.00715 0.589857
0.0072 0.607409
0.00725 0.517589
0.0073 0.54485
0.00735 0.484484
0.0074 0.507539
0.00745 0.520583
0.0075 0.50642
0.00755 0.525726
0.0076 0.626662
0.00765 0.512896
0.0077 0.560096
0.00775 0.511638
0.0078 0.537899
0.00785 0.476009
0.0079 0.594338
0.00795 0.564166
0.008 0.559304
0.00805 0.563544
0.0081 0.58363
0.00815 0.528598
0.0082 0.558634
0.00825 0.521608
0.0083 0.525106
0.00835 0.531136
0.0084 0.531304
0.00845 0.545186
0.0085 0.538218
0.00855 0.54654
0.0086 0.517224
0.00865 0.574848
0.0087 0.47257
0.00875 0.521926
0.0088 0.626218
0.00885 0.57627
0.0089 0.523051
0.00895 0.508625
0.009 0.564461
0.00905 0.478811
0.0091 0.503645
0.00915 0.486663
0.0092 0.52407
0.00925 0.53688
0.0093 0.506971
0.00935 0.477791
0.0094 0.545187
0.00945 0.512661
0.0095 0.445508
0.00955 0.4465
0.0096 0.529236
0.00965 0.479098
0.0097 0.531998
0.00975 0.559332
0.0098 0.538299
0.00985 0.531663
0.0099 0.456538
0.00995 0.525948
0.01 0.517484
0.01005 0.462702
0.0101 0.465637
0.01015 0.466853
0.0102 0.515514
0.01025 0.385944
0.0103 0.499845
0.01035 0.502533
0.0104 0.51431
0.01045 0.586168
0.0105 0.539686
0.01055 0.498952
0.0106 0.50413
0.01065 0.469636
0.0107 0.526521
0.01075 0.499805
0.0108 0.565647
0.01085 0.544819
0.0109 0.488492
0.01095 0.519222
0.011 0.549984
0.01105 0.53859
0.0111 0.536231
0.01115 0.483935
0.0112 0.49556
0.01125 0.50468
0.0113 0.577531
0.01135 0.551985
0.0114 0.460648
0.01145 0.524096
0.0115 0.509883
0.01155 0.469081
0.0116 0.565732
0.01165 0.514384
0.0117 0.51153
0.01175 0.463842
0.0118 0.515604
0.01185 0.514042
0.0119 0.522061
0.01195 0.514861
0.012 0.605938
0.01205 0.578882
0.0121 0.464526
0.01215 0.462494
0.0122 0.524915
0.01225 0.452105
0.0123 0.543933
0.01235 0.488367
0.0124 0.55218
0.01245 0.4628
0.0125 0.514194
0.01255 0.57733
0.0126 0.590905
0.01265 0.521611
0.0127 0.5242
0.01275 0.53018
0.0128 0.53215
0.01285 0.526176
0.0129 0.499184
0.01295 0.49141
0.013 0.445212
0.01305 0.558598
0.0131 0.44635
0.01315 0.490456
0.0132 0.503829
0.01325 0.535207
0.0133 0.471917
0.01335 0.453771
0.0134 0.483874
0.01345 0.493286
0.0135 0.462996
0.01355 0.471296
0.0136 0.482449
0.01365 0.538691
0.0137 0.554328
0.01375 0.513856
0.0138 0.57241
0.01385 0.5182
0.0139 0.516715
0.01395 0.506559
0.014 0.515989
0.01405 0.499883
0.0141 0.479951
0.01415 0.432285
0.0142 0.471067
0.01425 0.525159
0.0143 0.493458
0.01435 0.470376
0.0144 0.540714
0.01445 0.542208
0.0145 0.578949
0.01455 0.470965
0.0146 0.456235
0.01465 0.518995
0.0147 0.503066
0.01475 0.470124
0.0148 0.509932
0.01485 0.519472
0.0149 0.563215
0.01495 0.451717
0.015 0.466444
0.01505 0.458994
0.0151 0.487247
0.01515 0.523403
0.0152 0.499547
0.01525 0.521069
0.0153 0.469142
0.01535 0.587666
0.0154 0.560282
0.01545 0.569536
0.0155 0.46227
0.01555 0.470984
0.0156 0.450381
0.01565 0.488319
0.0157 0.503016
0.01575 0.479636
0.0158 0.458588
0.01585 0.56933
0.0159 0.604577
0.01595 0.532969
0.016 0.482529
0.01605 0.472205
0.0161 0.509284
0.01615 0.54219
0.0162 0.596867
0.01625 0.440163
0.0163 0.5227
0.01635 0.489902
0.0164 0.458793
0.01645 0.483517
0.0165 0.539267
0.01655 0.504239
0.0166 0.516194
0.01665 0.495874
0.0167 0.485771
0.01675 0.525993
0.0168 0.49582
0.01685 0.464378
0.0169 0.502167
0.01695 0.487267
0.017 0.495438
0.01705 0.479414
0.0171 0.586744
0.01715 0.520964
0.0172 0.52638
0.01725 0.541198
0.0173 0.44477
0.01735 0.462012
0.0174 0.546776
0.01745 0.495784
0.0175 0.535626
0.01755 0.509646
0.0176 0.482397
0.01765 0.503781
0.0177 0.507965
0.01775 0.574141
0.0178 0.498801
0.01785 0.489783
0.0179 0.586966
0.01795 0.580214
0.018 0.506268
0.01805 0.451626
0.0181 0.518874
0.01815 0.520444
0.0182 0.459988
0.01825 0.472978
0.0183 0.425166
0.01835 0.4204
0.0184 0.465056
0.01845 0.57595
0.0185 0.51116
0.01855 0.501282
0.0186 0.492827
0.01865 0.625687
0.0187 0.501624
0.01875 0.455534
0.0188 0.452065
0.01885 0.447069
0.0189 0.473124
0.01895 0.531698
0.019 0.421201
0.01905 0.522235
0.0191 0.460918
0.01915 0.482842
0.0192 0.537674
0.01925 0.462862
0.0193 0.488097
0.01935 0.570575
0.0194 0.552172
0.01945 0.540264
0.0195 0.572846
0.01955 0.530814
0.0196 0.471961
0.01965 0.533625
0.0197 0.450409
0.01975 0.484973
0.0198 0.470185
0.01985 0.486737
0.0199 0.48906
0.01995 0.51021
0.02 0.481002
0.02005 0.460026
0.0201 0.491696
0.02015 0.51634
0.0202 0.476781
0.02025 0.495807
0.0203 0.509285
0.02035 0.467383
0.0204 0.464854
0.02045 0.456986
0.0205 0.416601
0.02055 0.452975
0.0206 0.561487
0.02065 0.540387
0.0207 0.54155
0.02075 0.496136
0.0208 0.474587
0.02085 0.475463
0.0209 0.539623
0.02095 0.511431
0.021 0.469572
0.02105 0.496208
0.0211 0.481588
0.02115 0.633504
0.0212 0.474553
0.02125 0.614813
0.0213 0.567335
0.02135 0.516959
0.0214 0.531443
0.02145 0.569685
0.0215 0.525017
0.02155 0.469675
0.0216 0.535195
0.02165 0.524359
0.0217 0.576964
0.02175 0.530966
0.0218 0.399441
0.02185 0.458425
0.0219 0.577527
0.02195 0.441371
0.022 0.51994
0.02205 0.485458
0.0221 0.581433
0.02215 0.455621
0.0222 0.437098
0.02225 0.463504
0.0223 0.53569
0.02235 0.497264
0.0224 0.449606
0.02245 0.558236
0.0225 0.584614
0.02255 0.433988
0.0226 0.466737
0.02265 0.569173
0.0227 0.509403
0.02275 0.430091
0.0228 0.484621
0.02285 0.426849
0.0229 0.535781
0.02295 0.487653
0.023 0.485777
0.02305 0.469111
0.0231 0.468085
0.02315 0.524595
0.0232 0.493592
0.02325 0.491286
0.0233 0.460951
0.02335 0.493607
0.0234 0.523196
0.02345 0.49752
0.0235 0.514546
0.02355 0.43587
0.0236 0.460759
0.02365 0.452159
0.0237 0.428786
0.02375 0.49476
0.0238 0.405178
0.02385 0.576982
0.0239 0.464388
0.02395 0.584852
0.024 0.447297
0.02405 0.556635
0.0241 0.571026
0.02415 0.548726
0.0242 0.561696
0.02425 0.465886
0.0243 0.592047
0.02435 0.439367
0.0244 0.60898
0.02445 0.55963
0.0245 0.486412
0.02455 0.563794
0.0246 0.51791
0.02465 0.505836
0.0247 0.466963
0.02475 0.526067
0.0248 0.516451
0.02485 0.533175
0.0249 0.529545
0.02495 0.510897
0.025 0.606369
0.02505 0.579929
0.0251 0.456757
0.02515 0.412485
0.0252 0.479055
0.02525 0.475693
0.0253 0.491075
0.02535 0.491313
0.0254 0.539912
0.02545 0.505162
0.0255 0.471233
0.02555 0.572789
0.0256 0.560033
0.02565 0.489637
0.0257 0.560458
0.02575 0.505792
0.0258 0.554728
0.02585 0.481186
0.0259 0.554098
0.02595 0.492756
0.026 0.478474
0.02605 0.517358
0.0261 0.501555
0.02615 0.509769
0.0262 0.516984
0.02625 0.572636
0.0263 0.556937
0.02635 0.511583
0.0264 0.517287
0.02645 0.532567
0.0265 0.494837
0.02655 0.576597
0.0266 0.576207
0.02665 0.483969
0.0267 0.613775
0.02675 0.635505
0.0268 0.532774
0.02685 0.549444
0.0269 0.536565
0.02695 0.515517
0.027 0.488404
0.02705 0.498542
0.0271 0.514713
0.02715 0.637601
0.0272 0.538265
0.02725 0.539393
0.0273 0.526308
0.02735 0.53069
0.0274 0.467023
0.02745 0.458011
0.0275 0.517278
0.02755 0.516152
0.0276 0.529401
0.02765 0.460179
0.0277 0.52101
0.02775 0.518234
0.0278 0.556664
0.02785 0.4904
0.0279 0.49198
0.02795 0.442612
0.028 0.519208
0.02805 0.525968
0.0281 0.469711
0.02815 0.559797
0.0282 0.527761
0.02825 0.508009
0.0283 0.498928
0.02835 0.590906
0.0284 0.532588
0.02845 0.607344
0.0285 0.499776
0.02855 0.560384
0.0286 0.61501
0.02865 0.595878
0.0287 0.526622
0.02875 0.570478
0.0288 0.492241
0.02885 0.539603
0.0289 0.510207
0.02895 0.473701
0.029 0.527064
0.02905 0.499226
0.0291 0.551701
0.02915 0.487065
0.0292 0.504584
0.02925 0.484106
0.0293 0.565077
0.02935 0.527689
0.0294 0.518384
0.02945 0.511984
0.0295 0.532149
0.02955 0.509203
0.0296 0.520537
0.02965 0.524803
0.0297 0.533258
0.02975 0.520302
0.0298 0.536536
0.02985 0.489466
0.0299 0.487087
0.02995 0.491899
0.03 0.506955
0.03005 0.623225
0.0301 0.521188
0.03015 0.554544
0.0302 0.496108
0.03025 0.56222
0.0303 0.548538
0.03035 0.54087
0.0304 0.568488
0.03045 0.605394
0.0305 0.520283
0.03055 0.541855
0.0306 0.537176
0.03065 0.533704
0.0307 0.506847
0.03075 0.506349
0.0308 0.605805
0.03085 0.484503
0.0309 0.509316
0.03095 0.494572
0.031 0.478517
0.03105 0.507171
0.0311 0.511046
0.03115 0.50995
0.0312 0.505101
0.03125 0.619171
0.0313 0.456656
0.03135 0.58978
0.0314 0.493958
0.03145 0.53817
0.0315 0.530222
0.03155 0.606294
0.0316 0.544735
0.03165 0.437871
0.0317 0.571168
0.03175 0.522566
0.0318 0.518963
0.03185 0.582335
0.0319 0.461336
0.03195 0.48697
0.032 0.507599
0.03205 0.476967
0.0321 0.484131
0.03215 0.520955
0.0322 0.495388
0.03225 0.573064
0.0323 0.504234
0.03235 0.547838
0.0324 0.518309
0.03245 0.479545
0.0325 0.518724
0.03255 0.567866
0.0326 0.592422
0.03265 0.622978
0.0327 0.57311
0.03275 0.551222
0.0328 0.581138
0.03285 0.557236
0.0329 0.555632
0.03295 0.507822
0.033 0.544404
0.03305 0.471262
0.0331 0.473372
0.03315 0.557166
0.0332 0.565531
0.03325 0.498677
0.0333 0.574261
0.03335 0.517255
0.0334 0.53626
0.03345 0.426712
0.0335 0.526698
0.03355 0.576062
0.0336 0.489029
0.03365 0.568761
0.0337 0.60565
0.03375 0.499392
0.0338 0.494213
0.03385 0.484267
0.0339 0.562549
0.03395 0.556179
0.034 0.591323
0.03405 0.499089
0.0341 0.561491
0.03415 0.528409
0.0342 0.534913
0.03425 0.650521
0.0343 0.516568
0.03435 0.56091
0.0344 0.613715
0.03445 0.565321
0.0345 0.547812
0.03455 0.51708
0.0346 0.633825
0.03465 0.578965
0.0347 0.566958
0.03475 0.606404
0.0348 0.588867
0.03485 0.551013
0.0349 0.561228
0.03495 0.565188
0.035 0.47383
0.03505 0.485276
0.0351 0.555122
0.03515 0.559092
0.0352 0.562375
0.03525 0.512017
0.0353 0.518006
0.03535 0.502782
0.0354 0.542088
0.03545 0.539672
0.0355 0.576352
0.03555 0.48574
0.0356 0.572284
0.03565 0.560662
0.0357 0.464622
0.03575 0.620928
0.0358 0.515469
0.03585 0.586197
0.0359 0.528521
0.03595 0.595165
0.036 0.489769
0.03605 0.541331
0.0361 0.613353
0.03615 0.506847
0.0362 0.6
0.03625 0.543984
0.0363 0.641861
0.03635 0.550863
0.0364 0.549157
0.03645 0.583215
0.0365 0.653964
0.03655 0.466608
0.0366 0.526971
0.03665 0.490695
0.0367 0.614502
0.03675 0.611488
0.0368 0.538447
0.03685 0.637063
0.0369 0.529161
0.03695 0.562901
0.037 0.499708
0.03705 0.49562
0.0371 0.534611
0.03715 0.552185
0.0372 0.589201
0.03725 0.552513
0.0373 0.631463
0.03735 0.447435
0.0374 0.497855
0.03745 0.555229
0.0375 0.521212
0.03755 0.560756
0.0376 0.540972
0.03765 0.563334
0.0377 0.582766
0.03775 0.516848
0.0378 0.510472
0.03785 0.575324
0.0379 0.485598
0.03795 0.541438
0.038 0.547274
0.03805 0.620952
0.0381 0.562159
0.03815 0.553559
0.0382 0.539571
0.03825 0.596001
0.0383 0.542972
0.03835 0.562696
0.0384 0.577115
0.03845 0.535381
0.0385 0.624555
0.03855 0.602137
0.0386 0.527068
0.03865 0.584836
0.0387 0.559129
0.03875 0.509267
0.0388 0.585864
0.03885 0.605964
0.0389 0.592645
0.03895 0.584735
0.039 0.574452
0.03905 0.625126
0.0391 0.607874
0.03915 0.555276
0.0392 0.601387
0.03925 0.581651
0.0393 0.518555
0.03935 0.483587
0.0394 0.506084
0.03945 0.625838
0.0395 0.542761
0.03955 0.533025
0.0396 0.582728
0.03965 0.592126
0.0397 0.553065
0.03975 0.549677
0.0398 0.52954
0.03985 0.493368
0.0399 0.623253
0.03995 0.514427
0.04 0.583015
0.04005 0.541185
0.0401 0.533728
0.04015 0.592976
0.0402 0.508351
0.04025 0.584611
0.0403 0.544141
0.04035 0.494633
0.0404 0.552539
0.04045 0.621191
0.0405 0.656036
0.04055 0.594382
0.0406 0.569898
0.04065 0.632422
0.0407 0.676432
0.04075 0.511708
0.0408 0.524484
0.04085 0.636286
0.0409 0.631382
0.04095 0.60514
0.041 0.548425
0.04105 0.636997
0.0411 0.482285
0.04115 0.482745
0.0412 0.483208
0.04125 0.483674
0.0413 0.588345
0.04135 0.564229
0.0414 0.603859
0.04145 0.579723
0.0415 0.607022
0.04155 0.544564
0.0416 0.556851
0.04165 0.620891
0.0417 0.610847
0.04175 0.638387
0.0418 0.556379
0.04185 0.519329
0.0419 0.577793
0.04195 0.596147
0.042 0.58345
0.04205 0.568182
0.0421 0.515768
0.04215 0.598208
0.0422 0.550812
0.04225 0.61915
0.0423 0.558987
0.04235 0.538467
0.0424 0.629943
0.04245 0.640143
0.0425 0.563577
0.04255 0.637545
0.0426 0.629033
0.04265 0.586331
0.0427 0.632399
0.04275 0.521125
0.0428 0.642565
0.04285 0.588541
0.0429 0.623664
0.04295 0.59097
0.043 0.643401
0.04305 0.553785
0.0431 0.584677
0.04315 0.599261
0.0432 0.594001
0.04325 0.571403
0.0433 0.624156
0.04335 0.53474
0.0434 0.522356
0.04345 0.58127
0.0435 0.576805
0.04355 0.580173
0.0436 0.624584
0.04365 0.537174
0.0437 0.479214
0.04375 0.623412
0.0438 0.533946
0.04385 0.626798
0.0439 0.518677
0.04395 0.554507
0.044 0.453024
0.04405 0.589336
0.0441 0.570705
0.04415 0.550243
0.0442 0.585467
0.04425 0.542843
0.0443 0.591436
0.04435 0.603786
0.0444 0.681075
0.04445 0.686535
0.0445 0.558363
0.04455 0.538583
0.0446 0.594642
0.04465 0.52126
0.0447 0.552347
0.04475 0.578163
0.0448 0.583435
0.04485 0.641707
0.0449 0.630052
0.04495 0.527458
0.045 0.606524
0.04505 0.531612
0.0451 0.613573
0.04515 0.604503
0.0452 0.606263
0.04525 0.592627
0.0453 0.587109
0.04535 0.496221
0.0454 0.567744
0.04545 0.605834
0.0455 0.538374
0.04555 0.612964
0.0456 0.470506
0.04565 0.586242
0.0457 0.544979
0.04575 0.545717
0.0458 0.520782
0.04585 0.597664
0.0459 0.627929
0.04595 0.553413
0.046 0.601147
0.04605 0.589107
0.0461 0.553953
0.04615 0.632337
0.0462 0.536151
0.04625 0.571145
0.0463 0.600691
0.04635 0.521757
0.0464 0.590279
0.04645 0.520453
0.0465 0.590983
0.04655 0.651489
0.0466 0.575972
0.04665 0.541308
0.0467 0.579463
0.04675 0.618677
0.0468 0.623348
0.04685 0.652422
0.0469 0.584872
0.04695 0.577266
0.047 0.574341
0.04705 0.564813
0.0471 0.61655
0.04715 0.5429
0.0472 0.670301
0.04725 0.541741
0.0473 0.569975
0.04735 0.628635
0.0474 0.606816
0.04745 0.513678
0.0475 0.626613
0.04755 0.668505
0.0476 0.61237
0.04765 0.52553
0.0477 0.614137
0.04775 0.647575
0.0478 0.491632
0.04785 0.568952
0.0479 0.542943
0.04795 0.600373
0.048 0.536897
0.04805 0.615599
0.0481 0.557801
0.04815 0.621287
0.0482 0.631896
0.04825 0.584578
0.0483 0.537113
0.04835 0.559197
0.0484 0.570691
0.04845 0.591921
0.0485 0.579232
0.04855 0.584
0.0486 0.622838
0.04865 0.581928
0.0487 0.587692
0.04875 0.558338
0.0488 0.484929
0.04885 0.622543
0.0489 0.659743
0.04895 0.572597
0.049 0.573474
0.04905 0.56748
0.0491 0.525097
0.04915 0.654785
0.0492 0.553394
0.04925 0.611426
0.0493 0.539351
0.04935 0.503613
0.0494 0.612161
0.04945 0.563629
0.0495 0.563509
0.04955 0.560413
0.0496 0.648664
0.04965 0.685494
0.0497 0.60005
0.04975 0.565144
0.0498 0.596932
0.04985 0.481112
0.0499 0.655653
0.04995 0.611719
0.05 0.567653
0.05005 0.546501
0.0501 0.568415
0.05015 0.613487
0.0502 0.532064
0.05025 0.523836
0.0503 0.564927
0.05035 0.563805
0.0504 0.553599
0.05045 0.519123
0.0505 0.508809
0.05055 0.589545
0.0506 0.575299
0.05065 0.589403
0.0507 0.536559
0.05075 0.517087
0.0508 0.502643
0.05085 0.601155
0.0509 0.547108
0.05095 0.525542
0.051 0.581509
0.05105 0.646839
0.0511 0.640751
0.05115 0.573205
0.0512 0.554661
0.05125 0.670469
0.0513 0.536028
0.05135 0.662306
0.0514 0.567718
0.05145 0.629414
0.0515 0.528392
0.05155 0.510668
0.0516 0.549708
0.05165 0.548536
0.0517 0.561851
0.05175 0.617681
0.0518 0.489087
0.05185 0.555265
0.0519 0.560334
0.05195 0.603898
0.052 0.557021
0.05205 0.519387
0.0521 0.49729
0.05215 0.629642
0.0522 0.55024
0.05225 0.574164
0.0523 0.564653
0.05235 0.566643
0.0524 0.529826
0.05245 0.568504
0.0525 0.581018
0.05255 0.633544
0.0526 0.590397
0.05265 0.592449
0.0527 0.552307
0.05275 0.565907
0.0528 0.656707
0.05285 0.519237
0.0529 0.503162
0.05295 0.494462
0.053 0.578045
0.05305 0.652307
0.0531 0.630046
0.05315 0.56197
0.0532 0.616177
0.05325 0.569267
0.0533 0.581977
0.05335 0.609675
0.0534 0.577587
0.05345 0.568949
0.0535 0.59563
0.05355 0.523762
0.0536 0.61157
0.05365 0.60726
0.0537 0.556713
0.05375 0.587801
0.0538 0.540355
0.05385 0.600577
0.0539 0.543356
0.05395 0.627456
0.054 0.656659
0.05405 0.655647
0.0541 0.575573
0.05415 0.529965
0.0542 0.585136
0.05425 0.620912
0.0543 0.501346
0.05435 0.624074
0.0544 0.576168
0.05445 0.54884
0.0545 0.616354
0.05455 0.685146
0.0546 0.607665
0.05465 0.529971
0.0547 0.568134
0.05475 0.592154
0.0548 0.608561
0.05485 0.601955
0.0549 0.57445
0.05495 0.64037
0.055 0.642612
0.05505 0.653676
0.0551 0.584251
0.05515 0.576461
0.0552 0.569755
0.05525 0.647087
0.0553 0.559686
0.05535 0.571768
0.0554 0.549504
0.05545 0.69479
0.0555 0.599382
0.05555 0.651612
0.0556 0.64722
0.05565 0.650614
0.0557 0.643982
0.05575 0.608316
0.0558 0.616117
0.05585 0.641827
0.0559 0.572491
0.05595 0.631769
0.056 0.569017
0.05605 0.596979
0.0561 0.599187
0.05615 0.611517
0.0562 0.55863
0.05625 0.673376
0.0563 0.599092
0.05635 0.628386
0.0564 0.592276
0.05645 0.60692
0.0565 0.4938
0.05655 0.626024
0.0566 0.561457
0.05665 0.630531
0.0567 0.596503
0.05675 0.496497
0.0568 0.597476
0.05685 0.513228
0.0569 0.596191
0.05695 0.662273
0.057 0.534559
0.05705 0.551543
0.0571 0.636009
0.05715 0.495329
0.0572 0.655415
0.05725 0.684131
0.0573 0.665895
0.05735 0.667127
0.0574 0.625849
0.05745 0.616663
0.0575 0.595943
0.05755 0.671937
0.0576 0.616687
0.05765 0.542829
0.0577 0.639719
0.05775 0.638601
0.0578 0.667562
0.05785 0.61438
0.0579 0.551788
0.05795 0.528474
0.058 0.613073
0.05805 0.613065
0.0581 0.582819
0.05815 0.637467
0.0582 0.616531
0.05825 0.648011
0.0583 0.662067
0.05835 0.587391
0.0584 0.537072
0.05845 0.624684
0.0585 0.604789
0.05855 0.590703
0.0586 0.564851
0.05865 0.517801
0.0587 0.531731
0.05875 0.580977
0.0588 0.612694
0.05885 0.612686
0.0589 0.616215
0.05895 0.617393
0.059 0.60204
0.05905 0.550006
0.0591 0.606676
0.05915 0.56285
0.0592 0.613713
0.05925 0.514083
0.0593 0.638544
0.05935 0.599376
0.0594 0.556542
0.05945 0.60999
0.0595 0.67191
0.05955 0.595714
0.0596 0.638626
0.05965 0.51568
0.0597 0.545385
0.05975 0.612241
0.0598 0.588293
0.05985 0.584651
0.0599 0.644547
0.05995 0.508993
0.06 0.614501
0.06005 0.616901
0.0601 0.665021
0.06015 0.613329
0.0602 0.633808
0.06025 0.63866
0.0603 0.555413
0.06035 0.581887
0.0604 0.648324
0.06045 0.643536
0.0605 0.575764
0.06055 0.661748
0.0606 0.675165
0.06065 0.598779
0.0607 0.649779
0.06075 0.608489
0.0608 0.576833
0.06085 0.693695
0.0609 0.618243
0.06095 0.548705
0.061 0.67924
0.06105 0.563252
0.0611 0.569279
0.06115 0.626729
0.0612 0.692895
0.06125 0.598617
0.0613 0.551961
0.06135 0.598519
0.0614 0.564077
0.06145 0.524631
0.0615 0.622961
0.06155 0.615579
0.0616 0.566257
0.06165 0.656257
0.0617 0.537761
0.06175 0.637749
0.0618 0.694685
0.06185 0.665099
0.0619 0.6119
0.06195 0.600732
0.062 0.574645
0.06205 0.639161
0.0621 0.67773
0.06215 0.659168
0.0622 0.661726
0.06225 0.628156
0.0623 0.658102
0.06235 0.62572
0.0624 0.552043
0.06245 0.715689
0.0625 0.668309
0.06255 0.680911
0.0626 0.619616
0.06265 0.585762
0.0627 0.615832
0.06275 0.643462
0.0628 0.602023
0.06285 0.648545
0.0629 0.652372
0.06295 0.663768
0.063 0.62349
0.06305 0.545256
0.0631 0.692913
0.06315 0.612137
0.0632 0.658934
0.06325 0.561518
0.0633 0.632382
0.06335 0.68693
0.0634 0.698461
0.06345 0.641439
0.0635 0.651645
0.06355 0.597003
0.0636 0.645345
0.06365 0.610991
0.0637 0.591856
0.06375 0.670928
0.0638 0.618655
0.06385 0.650607
0.0639 0.619963
0.06395 0.568767
0.064 0.649394
0.06405 0.596882
0.0641 0.612246
0.06415 0.668734
0.0642 0.671384
0.06425 0.634174
0.0643 0.625191
0.06435 0.569819
0.0644 0.654819
0.06445 0.661327
0.0645 0.533586
0.06455 0.590304
0.0646 0.722148
0.06465 0.577382
0.0647 0.728835
0.06475 0.647359
0.0648 0.612386
0.06485 0.663
0.0649 0.589027
0.06495 0.692983
0.065 0.547387
0.06505 0.618889
0.0651 0.633224
0.06515 0.66324
0.0652 0.55891
0.06525 0.65677
0.0653 0.571875
0.06535 0.628049
0.0654 0.681734
0.06545 0.683142
0.0655 0.66751
0.06555 0.609858
0.0656 0.641358
0.06565 0.58095
0.0657 0.616399
0.06575 0.612449
0.0658 0.66117
0.06585 0.675734
0.0659 0.63889
0.06595 0.594042
0.066 0.616463
0.06605 0.731475
0.0661 0.777952
0.06615 0.673598
0.0662 0.587557
0.06625 0.643203
0.0663 0.583526
0.06635 0.667138
0.0664 0.627342
0.06645 0.626026
0.0665 0.640679
0.06655 0.643377
0.0666 0.638083
0.06665 0.602095
0.0667 0.578041
0.06675 0.569965
0.0668 0.63808
0.06685 0.601984
0.0669 0.652842
0.06695 0.666294
0.067 0.6315
0.06705 0.606022
0.0671 0.659724
0.06715 0.581834
0.0672 0.644995
0.06725 0.649073
0.0673 0.593892
0.06735 0.569592
0.0674 0.676091
0.06745 0.676177
0.0675 0.687071
0.06755 0.646613
0.0676 0.676421
0.06765 0.619639
0.0677 0.646741
0.06775 0.630511
0.0678 0.583034
0.06785 0.67261
0.0679 0.602022
0.06795 0.686318
0.068 0.625173
0.06805 0.689197
0.0681 0.662041
0.06815 0.738489
0.0682 0.684065
0.06825 0.733337
0.0683 0.711633
0.06835 0.670729
0.0684 0.687233
0.06845 0.577733
0.0685 0.688724
0.06855 0.69843
0.0686 0.661475
0.06865 0.697261
0.0687 0.663
0.06875 0.701592
0.0688 0.696204
0.06885 0.668756
0.0689 0.718472
0.06895 0.664796
0.069 0.62067
0.06905 0.617908
0.0691 0.673226
0.06915 0.698216
0.0692 0.674785
0.06925 0.674865
0.0693 0.680493
0.06935 0.637553
0.0694 0.616744
0.06945 0.65288
0.0695 0.693267
0.06955 0.686413
0.0696 0.715762
0.06965 0.66711
0.0697 0.720188
0.06975 0.71056
0.0698 0.642237
0.06985 0.619901
0.0699 0.576532
0.06995 0.61847
0.07 0.646488
0.07005 0.666154
0.0701 0.654996
0.07015 0.601694
0.0702 0.597453
0.07025 0.580549
0.0703 0.61004
0.07035 0.715626
0.0704 0.608678
0.07045 0.625582
0.0705 0.608658
0.07055 0.629822
0.0706 0.615706
0.07065 0.58742
0.0707 0.660954
0.07075 0.70066
0.0708 0.593082
0.07085 0.651182
0.0709 0.594466
0.07095 0.72791
0.071 0.617224
0.07105 0.65988
0.0711 0.679858
0.07115 0.692758
0.0712 0.628735
0.07125 0.655841
0.0713 0.648756
0.07135 0.73162
0.0714 0.641749
0.07145 0.660369
0.0715 0.660425
0.07155 0.674801
0.0716 0.822476
0.07165 0.663584
0.0717 0.568934
0.07175 0.728258
0.0718 0.614885
0.07185 0.613439
0.0719 0.610551
0.07195 0.593257
0.072 0.659505
0.07205 0.575923
0.0721 0.646568
0.07215 0.548412
0.0722 0.571432
0.07225 0.604622
0.0723 0.588683
0.07235 0.575607
0.0724 0.62626
0.07245 0.665418
0.0725 0.627754
0.07255 0.722144
0.0726 0.653993
0.07265 0.578431
0.0727 0.643848
0.07275 0.632232
0.0728 0.604565
0.07285 0.528727
0.0729 0.670124
0.07295 0.616172
0.073 0.603017
0.07305 0.689251
0.0731 0.59425
0.07315 0.668878
0.0732 0.701174
0.07325 0.627984
0.0733 0.616258
0.07335 0.729288
0.0734 0.654517
0.07345 0.688373
0.0735 0.688465
0.07355 0.716525
0.0736 0.62091
0.07365 0.659234
0.0737 0.646011
0.07375 0.647521
0.0738 0.666758
0.07385 0.619524
0.0739 0.647623
0.07395 0.557379
0.074 0.748342
0.07405 0.675896
0.0741 0.687834
0.07415 0.717604
0.0742 0.702884
0.07425 0.646526
0.0743 0.575184
0.07435 0.683746
0.0744 0.625759
0.07445 0.671955
0.0745 0.545288
0.07455 0.663054
0.0746 0.627278
0.07465 0.682564
0.0747 0.726001
0.07475 0.714173
0.0748 0.681363
0.07485 0.664965
0.0749 0.665023
0.07495 0.591581
0.075 0.564523
0.07505 0.559941
0.0751 0.711662
0.07515 0.63959
0.0752 0.645634
0.07525 0.645666
0.0753 0.6246
0.07535 0.553728
0.0754 0.665304
0.07545 0.618552
0.0755 0.597394
0.07555 0.607946
0.0756 0.683578
0.07565 0.70637
0.0757 0.604977
0.07575 0.661047
0.0758 0.630759
0.07585 0.560943
0.0759 0.650484
0.07595 0.626202
0.076 0.618603
0.07605 0.597291
0.0761 0.720622
0.07615 0.7238
0.0762 0.601934
0.07625 0.640058
0.0763 0.704216
0.07635 0.710436
0.0764 0.592819
0.07645 0.657041
0.0765 0.741292
0.07655 0.572928
0.0766 0.660245
0.07665 0.763073
0.0767 0.611292
0.07675 0.605134
0.0768 0.635852
0.07685 0.60511
0.0769 0.629712
0.07695 0.682082
0.077 0.672914
0.07705 0.689942
0.0771 0.734777
0.07715 0.597507
0.0772 0.60829
0.07725 0.679388
0.0773 0.622223
0.07735 0.708911
0.0774 0.625377
0.07745 0.674981
0.0775 0.662641
0.07755 0.656485
0.0776 0.617704
0.07765 0.616144
0.0777 0.620801
0.07775 0.661255
0.0778 0.695559
0.07785 0.670725
0.0779 0.638048
0.07795 0.592828
0.078 0.708304
0.07805 0.7131
0.0781 0.636629
0.07815 0.597547
0.0782 0.72115
0.07825 0.685258
0.0783 0.649297
0.07835 0.617971
0.0784 0.710536
0.07845 0.699658
0.0785 0.720179
0.07855 0.704583
0.0786 0.696822
0.07865 0.654418
0.0787 0.649733
0.07875 0.638735
0.0788 0.659256
0.07885 0.648256
0.0789 0.64513
0.07895 0.591438
0.079 0.619856
0.07905 0.64991
0.0791 0.640446
0.07915 0.52642
0.0792 0.640418
0.07925 0.62458
0.0793 0.670605
0.07935 0.629377
0.0794 0.70089
0.07945 0.737558
0.0795 0.642242
0.07955 0.75689
0.0796 0.658292
0.07965 0.712532
0.0797 0.707859
0.07975 0.687217
0.0798 0.663342
0.07985 0.716126
0.0799 0.649084
0.07995 0.650716
0.08 0.685972
0.08005 0.66202
0.0801 0.638023
0.08015 0.628417
0.0802 0.689413
0.08025 0.650951
0.0803 0.662234
0.08035 0.644594
0.0804 0.696108
0.08045 0.620528
0.0805 0.610858
0.08055 0.660814
0.0806 0.715702
0.08065 0.615748
0.0807 0.714253
0.08075 0.659421
0.0808 0.685337
0.08085 0.683795
0.0809 0.598062
0.08095 0.75679
0.081 0.672662
0.08105 0.731114
0.0811 0.542978
0.08115 0.692286
0.0812 0.68262
0.08125 0.67944
0.0813 0.620936
0.08135 0.674656
0.0814 0.651912
0.08145 0.715516
0.0815 0.622661
0.08155 0.687939
0.0816 0.647192
0.08165 0.678266
0.0817 0.724112
0.08175 0.606442
0.0818 0.624427
0.08185 0.727621
0.0819 0.716274
0.08195 0.608146
0.082 0.662279
0.08205 0.650831
0.0821 0.66565
0.08215 0.668988
0.0822 0.654237
0.08225 0.685547
0.0823 0.667504
0.08235 0.662612
0.0824 0.538983
0.08245 0.660979
0.0825 0.727063
0.08255 0.647891
0.0826 0.614859
0.08265 0.687623
0.0827 0.695974
0.08275 0.566892
0.0828 0.677841
0.08285 0.666299
0.0829 0.621556
0.08295 0.646452
0.083 0.659766
0.08305 0.623244
0.0831 0.659828
0.08315 0.65987
0.0832 0.746492
0.08325 0.731644
0.0833 0.693431
0.08335 0.551733
0.0834 0.696848
0.08345 0.676894
0.0835 0.675285
0.08355 0.780681
0.0836 0.695544
0.08365 0.59184
0.0837 0.626975
0.08375 0.749325
0.0838 0.663946
0.08385 0.71601
0.0839 0.674143
0.08395 0.702761
0.084 0.588545
0.08405 0.664191
0.0841 0.68275
0.08415 0.728286
0.0842 0.655953
0.08425 0.686337
0.0843 0.649295
0.08435 0.686459
0.0844 0.718622
0.08445 0.678172
0.0845 0.715436
0.08455 0.647862
0.0846 0.669897
0.08465 0.627599
0.0847 0.671671
0.08475 0.646285
0.0848 0.664976
0.08485 0.61578
0.0849 0.597079
0.08495 0.602145
0.085 0.7433
0.08505 0.680464
0.0851 0.583457
0.08515 0.581703
0.0852 0.694181
0.08525 0.793209
0.0853 0.706348
0.08535 0.646662
0.0854 0.658649
0.08545 0.701437
0.0855 0.597154
0.08555 0.651904
0.0856 0.715315
0.08565 0.634861
0.0857 0.655451
0.08575 0.664065
0.0858 0.701883
0.08585 0.808487
0.0859 0.65227
0.08595 0.64714
0.086 0.590371
0.08605 0.724645
0.0861 0.619656
0.08615 0.695504
0.0862 0.724909
0.08625 0.652531
0.0863 0.659469
0.08635 0.599027
0.0864 0.597266
0.08645 0.692382
0.0865 0.714961
0.08655 0.599019
0.0866 0.748025
0.08665 0.746431
0.0867 0.691049
0.08675 0.720635
0.0868 0.746798
0.08685 0.719128
0.0869 0.710539
0.08695 0.625375
0.087 0.679344
0.08705 0.686372
0.0871 0.759646
0.08715 0.778982
0.0872 0.707611
0.08725 0.559293
0.0873 0.651806
0.08735 0.61163
0.0874 0.688568
0.08745 0.685138
0.0875 0.629172
0.08755 0.632678
0.0876 0.669497
0.08765 0.674807
0.0877 0.746816
0.08775 0.755732
0.0878 0.60829
0.08785 0.713748
0.0879 0.595993
0.08795 0.745557
0.088 0.689339
0.08805 0.634787
0.0881 0.620691
0.08815 0.654199
0.0882 0.622459
0.08825 0.760201
0.0883 0.680836
0.08835 0.647304
0.0884 0.69332
0.08845 0.799594
0.0885 0.691757
0.08855 0.651073
0.0886 0.702516
0.08865 0.65825
0.0887 0.606809
0.08875 0.654737
0.0888 0.697415
0.08885 0.562365
0.0889 0.619219
0.08895 0.610309
0.089 0.768798
0.08905 0.624614
0.0891 0.663836
0.08915 0.678148
0.0892 0.690699
0.08925 0.615757
0.0893 0.703306
0.08935 0.692662
0.0894 0.64622
0.08945 0.62655
0.0895 0.637294
0.08955 0.703608
0.0896 0.590733
0.08965 0.651687
0.0897 0.676843
0.08975 0.696653
0.0898 0.614067
0.08985 0.612253
0.0899 0.610436
0.08995 0.664416
0.09 0.729292
0.09005 0.781662
0.0901 0.661031
0.09015 0.650243
0.0902 0.686367
0.09025 0.671983
0.0903 0.681066
0.09035 0.655812
0.0904 0.650415
0.09045 0.715599
0.0905 0.663176
0.09055 0.703078
0.0906 0.627014
0.09065 0.72134
0.0907 0.601652
0.09075 0.64339
0.0908 0.639772
0.09085 0.676144
0.0909 0.623445
0.09095 0.625259
0.091 0.621613
0.09105 0.747323
0.0911 0.696409
0.09115 0.703779
0.0912 0.623561
0.09125 0.649119
0.0913 0.66193
0.09135 0.67659
0.0914 0.618114
0.09145 0.619932
0.0915 0.720627
0.09155 0.759199
0.0916 0.623699
0.09165 0.687883
0.0917 0.651247
0.09175 0.638419
0.0918 0.713746
0.09185 0.700972
0.0919 0.715762
0.09195 0.601776
0.092 0.684591
0.09205 0.636759
0.0921 0.690214
0.09215 0.647868
0.0922 0.684788
0.09225 0.695924
0.0923 0.684914
0.09235 0.681278
0.0924 0.692428
0.09245 0.616646
0.0925 0.64995
0.09255 0.65738
0.0926 0.5277
0.09265 0.579502
0.0927 0.722283
0.09275 0.692687
0.0928 0.659329
0.09285 0.783847
0.0929 0.689204
0.09295 0.635328
0.093 0.687442
0.09305 0.65585
0.0931 0.672645
0.09315 0.737931
0.0932 0.700747
0.09325 0.603791
0.0933 0.712049
0.09335 0.618737
0.0934 0.689747
0.09345 0.648671
0.0935 0.615013
0.09355 0.643077
0.0936 0.665567
0.09365 0.776171
0.0937 0.611327
0.09375 0.643199
0.0938 0.60755
0.09385 0.564332
0.0939 0.581173
0.09395 0.596161
0.094 0.675127
0.09405 0.731635
0.0941 0.705381
0.09415 0.696041
0.0942 0.684801
0.09425 0.630165
0.0943 0.698097
0.09435 0.611321
0.0944 0.599967
0.09445 0.543235
0.0945 0.675513
0.09455 0.713401
0.0946 0.772172
0.09465 0.73823
0.0947 0.649279
0.09475 0.628443
0.0948 0.628441
0.09485 0.618949
0.0949 0.65122
0.09495 0.674042
0.095 0.653177
0.09505 0.636083
0.0951 0.662731
0.09515 0.628493
0.0952 0.765651
0.09525 0.702895
0.0953 0.729669
0.09535 0.687797
0.0954 0.697402
0.09545 0.659272
0.0955 0.705166
0.09555 0.617292
0.0956 0.735884
0.09565 0.726424
0.0957 0.665244
0.09575 0.705516
0.0958 0.569487
0.09585 0.611619
0.0959 0.726739
0.09595 0.711479
0.096 0.644328
0.09605 0.742364
0.0961 0.648253
0.09615 0.657891
0.0962 0.646369
0.09625 0.682979
0.0963 0.710011
0.09635 0.692741
0.0964 0.696663
0.09645 0.729541
0.0965 0.658196
0.09655 0.58674
0.0966 0.646617
0.09665 0.638897
0.0967 0.6331
0.09675 0.576958
0.0968 0.631138
0.09685 0.642766
0.0969 0.733911
0.09695 0.538077
0.097 0.737904
0.09705 0.708884
0.0971 0.623472
0.09715 0.697336
0.0972 0.693514
0.09725 0.720822
0.0973 0.637193
0.09735 0.693691
0.0974 0.711296
0.09745 0.709428
0.0975 0.746577
0.09755 0.697895
0.0976 0.77413
0.09765 0.584738
0.0977 0.719585
0.09775 0.662951
0.0978 0.635585
0.09785 0.610135
0.0979 0.690432
0.09795 0.616012
0.098 0.635606
0.09805 0.692508
0.0981 0.686681
0.09815 0.704413
0.0982 0.704487
0.09825 0.706527
0.0983 0.791184
0.09835 0.681138
0.0984 0.673312
0.09845 0.641834
0.0985 0.63396
0.09855 0.635934
0.0986 0.671452
0.09865 0.789932
0.0987 0.673567
0.09875 0.774385
0.0988 0.655909
0.09885 0.614395
0.0989 0.754886
0.09895 0.69561
0.099 0.632282
0.09905 0.73931
0.0991 0.683894
0.09915 0.741482
0.0992 0.610582
0.09925 0.755538
0.0993 0.686117
0.09935 0.656351
0.0994 0.735935
0.09945 0.738029
0.0995 0.716234
0.09955 0.694406
0.0996 0.652615
0.09965 0.666593
0.0997 0.686577
0.09975 0.672659
0.0998 0.716633
0.09985 0.706727
0.0999 0.646831
0.09995 0.580845
0.1 0.744875
0.10005 0.835077
0.1001 0.695069
0.10015 0.765271
0.1002 0.705253
0.10025 0.709337
0.1003 0.675294
0.10035 0.783768
0.1004 0.67945
0.10045 0.697586
0.1005 0.800211
0.10055 0.744041
0.1006 0.591163
0.10065 0.663625
0.1007 0.724105
0.10075 0.629443
0.1008 0.679864
0.10085 0.73036
0.1009 0.667867
0.10095 0.702241
0.101 0.708372
0.10105 0.791348
0.1011 0.809711
0.10115 0.834173
0.1012 0.834371
0.10125 0.923713
0.1013 1.00508
0.10135 0.995305
0.1014 1.05247
0.10145 1.20108
0.1015 1.488
0.10155 1.84648
0.1016 2.19125
0.10165 2.62195
0.1017 3.06753
0.10175 3.91079
0.1018 4.2277
0.10185 5.23188
0.1019 5.844
0.10195 6.6141
0.102 7.31185
0.10205 7.80438
0.1021 8.32418
0.10215 8.42571
0.1022 8.44557
0.10225 8.51252
0.1023 7.79964
0.10235 7.29051
0.1024 6.54908
0.10245 6.09766
0.1025 5.29896
0.10255 4.60783
0.1026 4.34887
0.10265 3.64996
0.1027 3.11855
0.10275 2.83718
0.1028 2.71585
0.10285 2.56964
0.1029 2.33467
0.10295 2.26004
0.103 2.02043
0.10305 2.01965
0.1031 1.81257
0.10315 1.75585
0.1032 1.75068
0.10325 1.7579
0.1033 1.70725
0.10335 1.75992
0.1034 1.64508
0.10345 1.62529
0.1035 1.46672
0.10355 1.57727
0.1036 1.76676
0.10365 1.54587
0.1037 1.48028
0.10375 1.4831
0.1038 1.52747
0.10385 1.4119
0.1039 1.44584
0.10395 1.38415
0.104 1.3744
0.10405 1.37088
0.1041 1.54024
0.10415 1.46185
0.1042 1.32704
0.10425 1.42985
0.1043 1.39507
0.10435 1.52936
0.1044 1.53014
0.10445 1.40344
0.1045 1.37483
0.10455 1.40266
0.1046 1.35309
0.10465 1.33486
0.1047 1.41087
0.10475 1.32351
0.1048 1.30522
0.10485 1.51768
0.1049 1.4303
0.10495 1.49818
0.105 1.24681
0.10505 1.4428
0.1051 1.33835
0.10515 1.33052
0.1052 1.35637
0.10525 1.25379
0.1053 1.20794
0.10535 1.32435
0.1054 1.39031
0.10545 1.14408
0.1055 1.30492
0.10555 1.30759
0.1056 1.36731
0.10565 1.27069
0.1057 1.3685
0.10575 1.47915
0.1058 1.33591
0.10585 1.39156
0.1059 1.28201
0.10595 1.2677
0.106 1.20883
0.10605 1.14564
0.1061 1.25643
0.10615 1.19747
0.1062 1.17454
0.10625 1.30253
0.1063 1.23501
0.10635 1.17591
0.1064 1.28492
0.10645 1.23646
0.1065 1.33497
0.10655 1.2588
0.1066 1.15905
0.10665 1.27256
0.1067 1.20903
0.10675 1.21162
0.1068 1.26336
0.10685 1.30235
0.1069 1.13606
0.10695 1.16854
0.107 1.14541
0.10705 1.19507
0.1071 1.13122
0.10715 1.19806
0.1072 1.2843
0.10725 1.09168
0.1073 1.30887
0.10735 1.19772
0.1074 1.19816
0.10745 1.22225
0.1075 1.25928
0.10755 1.08331
0.1076 1.25804
0.10765 1.23268
0.1077 1.18574
0.10775 1.24438
0.1078 1.16505
0.10785 1.26257
0.1079 1.20261
0.10795 1.12961
0.108 1.16888
0.10805 1.18442
0.1081 1.18485
0.10815 1.18743
0.1082 1.07528
0.10825 1.14058
0.1083 1.24931
0.10835 1.26279
0.1084 1.10495
0.10845 1.29191
0.1085 1.23382
0.10855 1.054
0.1086 1.19555
0.10865 1.13076
0.1087 1.20725
0.10875 1.10541
0.1088 1.14059
0.10885 1.10176
0.1089 1.25681
0.10895 1.15701
0.109 1.16395
0.10905 1.0356
0.1091 1.07518
0.10915 1.22182
0.1092 1.19168
0.10925 1.05438
0.1093 1.22307
0.10935 1.09661
0.1094 1.12978
0.10945 1.03378
0.1095 1.14361
0.10955 1.08699
0.1096 1.06757
0.10965 1.12054
0.1097 1.10552
0.10975 1.00045
0.1098 1.10615
0.10985 1.06912
0.1099 1.10681
0.10995 1.07855
0.11 1.18231
0.11005 1.11665
0.1101 1.24037
0.11015 1.1174
0.1102 1.1861
0.11025 1.06518
0.1103 1.15596
0.11035 1.08348
0.1104 1.09263
0.11045 1.10621
0.1105 1.12423
0.11055 1.13343
0.1106 1.0497
0.11065 1.09869
0.1107 1.07686
0.11075 1.0683
0.1108 1.05087
0.11085 0.9713
0.1109 1.02255
0.11095 1.11604
0.111 1.0764
0.11105 1.02783
0.1111 1.11923
0.11115 1.07509
0.1112 1.16662
0.11125 0.977791
0.1113 1.00473
0.11135 1.03393
0.1114 1.16348
0.11145 1.21738
0.1115 1.0304
0.11155 1.00388
0.1116 1.11353
0.11165 1.11386
0.1117 1.04491
0.11175 1.08543
0.1118 1.03876
0.11185 1.04351
0.1119 1.00347
0.11195 1.12915
0.112 0.981588
0.11205 1.01319
0.1121 1.05605
0.11215 1.17526
0.1122 1.13299
0.11225 1.05698
0.1123 1.05276
0.11235 0.990094
0.1124 1.05553
0.11245 1.08056
0.1125 0.977317
0.11255 1.10589
0.1126 1.11522
0.11265 1.00961
0.1127 1.08652
0.11275 1.10036
0.1128 1.06456
0.11285 0.956465
0.1129 1.0199
0.11295 1.00433
0.113 1.02039
0.11305 1.03873
0.1131 1.00278
0.11315 1.07319
0.1132 1.05536
0.11325 1.01485
0.1133 1.04002
0.11335 1.04935
0.1134 1.04508
0.11345 1.06124
0.1135 0.972946
0.11355 0.995866
0.1136 1.10292
0.11365 0.984983
0.1137 0.898743
0.11375 1.12193
0.1138 0.987912
0.11385 1.00863
0.1139 0.997461
0.11395 1.01592
0.114 0.993347
0.11405 1.02779
0.1141 1.06913
0.11415 1.09454
0.1142 1.056
0.11425 1.1157
0.1143 1.18692
0.11435 0.990539
0.1144 0.908347
0.11445 0.984057
0.1145 1.04154
0.11455 1.12889
0.1146 0.991642
0.11465 0.893212
0.1147 0.964483
0.11475 1.00829
0.1148 1.00622
0.11485 1.05011
0.1149 1.01129
0.11495 1.05292
0.115 0.968044
0.11505 1.14549
0.1151 0.982319
0.11515 0.936441
0.1152 0.973483
0.11525 1.01749
0.1153 0.923136
0.11535 1.00637
0.1154 0.902691
0.11545 1.08069
0.1155 1.01165
0.11555 1.04655
0.1156 1.06069
0.11565 0.996165
0.1157 1.04268
0.11575 0.971133
0.1158 1.01535
0.11585 1.08048
0.1159 1.04598
0.11595 0.978951
0.116 0.937369
0.11605 0.983969
0.1161 1.05154
0.11615 0.970454
0.1162 0.977617
0.11625 0.926639
0.1163 1.06641
0.11635 0.994511
0.1164 0.9691
0.11645 1.01123
0.1165 1.03942
0.11655 1.00235
0.1166 1.04223
0.11665 1.00747
0.1167 1.04971
0.11675 0.886449
0.1168 0.963684
0.11685 0.987244
0.1169 0.92663
0.11695 1.07888
0.117 0.985516
0.11705 1.11218
0.1171 1.08203
0.11715 0.997925
0.1172 0.977028
0.11725 1.05464
0.1173 0.991523
0.11735 1.12086
0.1174 1.05071
0.11745 0.954609
0.1175 0.872494
0.11755 1.02077
0.1176 1.01629
0.11765 1.06359
0.1177 1.02146
0.11775 0.972214
0.1178 0.944114
0.11785 0.930126
0.1179 0.91612
0.11795 0.937496
0.118 0.956538
0.11805 1.08426
0.1181 0.97111
0.11815 1.0233
0.1182 0.969131
0.11825 0.971677
0.1183 0.988428
0.11835 1.00994
0.1184 0.8917
0.11845 1.01268
0.1185 0.960738
0.11855 1.01309
0.1186 0.946866
0.11865 0.982636
0.1187 1.00183
0.11875 0.861848
0.1188 0.966524
0.11885 1.11889
0.1189 0.969319
0.11895 0.959977
0.119 1.06967
0.11905 1.01991
0.1191 1.00584
0.11915 1.03942
0.1192 1.07066
0.11925 1.10433
0.1193 0.927978
0.11935 0.911404
0.1194 1.05248
0.11945 1.11965
0.1195 1.00518
0.11955 0.914493
0.1196 0.972055
0.11965 0.953081
0.1197 0.970008
0.11975 1.06363
0.1198 1.03032
0.11985 0.987386
0.1199 1.03316
0.11995 0.942185
0.12 0.920728
0.12005 1.05537
0.1201 1.00756
0.12015 0.983726
0.1202 1.07049
0.12025 0.923984
0.1203 0.979481
0.12035 1.03986
0.1204 1.0955
0.12045 1.00179
0.1205 1.00681
0.12055 0.994956
0.1206 0.987911
0.12065 0.920507
0.1207 0.910979
0.12075 1.02949
0.1208 1.02004
0.12085 1.03718
0.1209 1.01322
0.12095 0.950507
0.121 0.907085
0.12105 0.912049
0.1211 1.01394
0.12115 0.842043
0.1212 0.859084
0.12125 0.992594
0.1213 0.978222
0.12135 1.03667
0.1214 0.98346
0.12145 0.942332
0.1215 0.857395
0.12155 0.971777
0.1216 0.933021
0.12165 1.0646
0.1217 0.947965
0.12175 0.948117
0.1218 0.889781
0.12185 0.909389
0.1219 0.924143
0.12195 0.968195
0.122 0.824344
0.12205 0.9294
0.1221 1.0297
0.12215 0.973705
0.1222 1.035
0.12225 1.01566
0.1223 0.940005
0.12235 0.949941
0.1224 1.06765
0.12245 0.869443
0.1225 0.957765
0.12255 1.04129
0.1226 0.992457
0.12265 0.985281
0.1227 1.02474
0.12275 1.02987
0.1228 0.87529
0.12285 0.860632
0.1229 0.954152
0.12295 0.949386
0.123 0.875706
0.12305 1.04567
0.1231 0.927678
0.12315 0.942594
0.1232 0.927948
0.12325 1.02919
0.1233 1.04667
0.12335 0.906221
0.1234 0.985343
0.12345 0.857081
0.1235 1.0153
0.12355 0.995725
0.1236 1.00086
0.12365 0.966411
0.1237 0.845298
0.12375 1.08306
0.1238 0.927263
0.12385 0.967041
0.1239 0.967203
0.12395 1.02689
0.124 0.999804
0.12405 1.0124
0.1241 0.943076
0.12415 0.992898
0.1242 0.83404
0.12425 1.10755
0.1243 1.02078
0.12435 1.00855
0.1244 0.993807
0.12445 0.944189
0.1245 0.984187
0.12455 0.944489
0.1246 0.974547
0.12465 0.932315
0.1247 0.967377
0.12475 0.952561
0.1248 1.02512
0.12485 0.855464
0.1249 0.868029
0.12495 1.01061
0.125 0.930771
0.12505 0.923395
0.1251 0.943543
0.12515 0.926155
0.1252 0.921271
0.12525 0.956477
0.1253 0.956627
0.12535 0.969317
0.1254 0.954423
0.12545 0.969631
0.1255 0.962258
0.12555 0.937292
0.1256 0.909783
0.12565 1.018
0.1257 0.947775
0.12575 0.935337
0.1258 0.995877
0.12585 1.03131
0.1259 0.981137
0.12595 0.915785
0.126 0.991531
0.12605 1.00936
0.1261 0.954045
0.12615 1.05263
0.1262 0.936701
0.12625 1.02272
0.1263 0.886459
0.12635 0.964919
0.1264 0.917022
0.12645 1.06894
0.1265 1.05399
0.12655 1.11498
0.1266 0.97847
0.12665 0.869672
0.1267 0.902705
0.12675 0.902809
0.1268 1.04498
0.12685 0.890383
0.1269 0.964108
0.12695 1.04046
0.127 1.05846
0.12705 0.946837
0.1271 0.962233
0.12715 0.901327
0.1272 0.990504
0.12725 0.96267
0.1273 0.967914
0.12735 0.973164
0.1274 0.935087
0.12745 0.909715
0.1275 0.925129
0.12755 0.930353
0.1276 0.953454
0.12765 0.87953
0.1277 1.00225
0.12775 0.918086
0.1278 0.861946
0.12785 0.887596
0.1279 0.839065
0.12795 1.00552
0.128 0.849478
0.12805 1.034
0.1281 0.939375
0.12815 0.972837
0.1282 1.00121
0.12825 0.903878
0.1283 0.85264
0.12835 0.927174
0.1284 0.976105
0.12845 0.914583
0.1285 0.922406
0.12855 0.973962
0.1286 0.948388
0.12865 0.979412
0.1287 0.966697
0.12875 0.946239
0.1288 0.928334
0.12885 0.964546
0.1289 0.990484
0.12895 0.939052
0.129 0.83594
0.12905 0.996072
0.1291 0.913588
0.12915 0.880104
0.1292 0.955151
0.12925 0.929431
0.1293 0.958008
0.12935 0.937446
0.1294 0.953106
0.12945 0.862594
0.1295 1.01812
0.12955 0.95351
0.1296 0.839556
0.12965 0.909644
0.1297 0.888988
0.12975 0.928016
0.1298 0.917746
0.12985 0.878886
0.1299 0.904956
0.12995 0.899856
0.13 0.993588
0.13005 0.967736
0.1301 1.02255
0.13015 0.962845
0.1302 0.856184
0.13025 0.989152
0.1303 0.963246
0.13035 0.913838
0.1304 0.942643
0.13045 0.903621
0.1305 0.942884
0.13055 0.877712
0.1306 0.833369
0.13065 1.05038
0.1307 1.00613
0.13075 1.02723
0.1308 0.880874
0.13085 0.880954
0.1309 0.920319
0.13095 0.933529
0.131 1.03063
0.13105 0.907586
0.1311 1.06769
0.13115 1.0338
0.1312 0.97362
0.13125 0.902868
0.1313 0.931861
0.13135 0.887303
0.1314 0.968886
0.13145 0.955882
0.1315 0.982328
0.13155 0.92458
0.1316 0.927325
0.13165 0.959047
0.1317 0.97236
0.13175 0.917152
0.1318 1.04911
0.13185 0.980726
0.1319 0.891154
0.13195 0.94404
0.132 0.946807
0.13205 0.907305
0.1321 1.02898
0.13215 0.904903
0.1322 0.833584
0.13225 0.902422
0.1323 1.00575
0.13235 0.907945
0.1324 0.94248
0.13245 0.945254
0.1325 0.889709
0.13255 0.929573
0.1326 0.887239
0.13265 0.839549
0.1327 0.87942
0.13275 0.91668
0.1328 0.916784
0.13285 0.879676
0.1329 0.893047
0.13295 0.823973
0.133 0.986328
0.13305 0.999794
0.1331 0.991971
0.13315 0.938851
0.1332 0.936306
0.13325 0.920428
0.1333 0.917867
0.13335 0.995343
0.1334 0.98216
0.13345 0.990322
0.1335 0.961099
0.13355 0.937187
0.1336 0.875826
0.13365 0.972162
0.1337 0.798431
0.13375 0.841261
0.1338 0.779736
0.13385 0.913636
0.1339 0.841403
0.13395 0.868249
0.134 0.812014
0.13405 0.84154
0.1341 0.930125
0.13415 0.847033
0.1342 0.833658
0.13425 0.87936
0.1343 0.852564
0.13435 0.879498
0.1344 0.954864
0.13445 0.987274
0.1345 0.863642
0.13455 0.92562
0.1346 0.960737
0.13465 0.764209
0.1347 0.909727
0.13475 0.850511
0.1348 0.861351
0.13485 0.899183
0.1349 0.90197
0.13495 0.89396
0.135 0.7752
0.13505 0.899488
0.1351 0.950933
0.13515 0.807747
0.1352 0.886212
0.13525 0.780756
0.1353 0.824068
0.13535 0.826808
0.1354 0.91353
0.13545 0.916338
0.1355 0.911016
0.13555 0.832464
0.1356 0.938309
0.13565 0.924855
0.1357 0.802786
0.13575 0.963046
0.1358 0.895255
0.13585 0.832825
0.1359 0.92259
0.13595 0.879174
0.136 0.871083
0.13605 0.871149
0.1361 0.906614
0.13615 0.928498
0.1362 0.901356
0.13625 0.961416
0.1363 0.871557
0.13635 0.912543
0.1364 0.811666
0.13645 0.852638
0.1365 0.942813
0.13655 0.923807
0.1366 0.967639
0.13665 0.924031
0.1367 0.9761
0.13675 0.880482
0.1368 0.946242
0.13685 0.858746
0.1369 0.943711
0.13695 0.738329
0.137 0.823268
0.13705 0.878138
0.1371 0.927582
0.13715 0.897504
0.1372 0.807003
0.13725 0.760339
0.1373 0.779552
0.13735 0.72459
0.1374 0.922476
0.13745 0.895078
0.1375 0.864899
0.13755 0.939263
0.1376 0.900835
0.13765 0.911937
0.1377 0.859686
0.13775 0.892814
0.1378 0.834997
0.13785 0.981209
0.1379 0.813054
0.13795 0.937276
0.138 0.857319
0.13805 0.890517
0.1381 0.810468
0.13815 0.835364
0.1382 0.934942
0.13825 0.821646
0.1383 0.893616
0.13835 0.827264
0.1384 0.996205
0.13845 0.830159
0.1385 0.772002
0.13855 0.90505
0.1386 0.957825
0.13865 0.838669
0.1387 0.808184
0.13875 0.888706
0.1388 0.874897
0.13885 0.852739
0.1389 0.816662
0.13895 0.788886
0.139 0.830605
0.13905 0.852895
0.1391 0.797285
0.13915 0.886383
0.1392 0.850252
0.13925 0.872588
0.1393 0.811338
0.13935 0.83645
0.1394 0.909002
0.13945 0.822602
0.1395 0.85054
0.13955 0.86734
0.1396 1.00984
0.13965 0.875893
0.1397 0.850804
0.13975 0.778156
0.1398 0.892829
0.13985 0.876119
0.1399 0.940562
0.13995 0.859474
0.14 0.842722
0.14005 0.761506
0.1401 0.809141
0.14015 0.915711
0.1402 0.8569
0.14025 0.957968
0.1403 0.848619
0.14035 0.823393
0.1404 0.845893
0.14045 0.812217
0.1405 0.930299
0.14055 0.865727
0.1406 0.781395
0.14065 0.851743
0.1407 0.919351
0.14075 0.826519
0.1408 0.809647
0.14085 0.866025
0.1409 0.826617
0.14095 1.00995
0.141 0.925477
0.14105 0.826807
0.1411 0.849421
0.14115 0.795811
0.1412 0.937069
0.14125 0.821311
0.1413 0.860915
0.14135 0.869453
0.1414 0.858197
0.14145 0.804479
0.1415 0.846958
0.14155 0.776202
0.1416 0.824357
0.14165 0.801713
0.1417 0.83858
0.14175 0.849962
0.1418 0.824475
0.14185 0.796123
0.1419 0.91253
0.14195 0.85866
0.142 0.793369
0.14205 0.884319
0.1421 0.742239
0.14215 0.907161
0.1422 0.801982
0.14225 0.80484
0.1423 0.819089
0.14235 0.898857
0.1424 0.83341
0.14245 0.841994
0.1425 0.747951
0.14255 0.733665
0.1426 0.870573
0.14265 0.822115
0.1427 0.676536
0.14275 0.802124
0.1428 0.896417
0.14285 0.853625
0.1429 0.836519
0.14295 0.885175
0.143 0.828025
0.14305 0.776539
0.1431 0.876738
0.14315 0.851026
0.1432 0.767987
0.14325 0.788037
0.1433 0.99733
0.14335 0.811058
0.1434 0.85698
0.14345 0.86564
0.1435 0.900148
0.14355 0.911716
0.1436 0.733678
0.14365 0.880216
0.1437 0.877407
0.14375 0.851587
0.1438 0.799847
0.14385 0.923611
0.1439 0.779757
0.14395 0.917993
0.144 0.779797
0.14405 0.883545
0.1441 0.849017
0.14415 0.866365
0.1442 0.774101
0.14425 0.901077
0.1443 0.970445
0.14435 0.852165
0.1444 0.814654
0.14445 0.762654
0.1445 0.834913
0.14455 0.887003
0.1446 0.904431
0.14465 0.887149
0.1447 0.809054
0.14475 0.777214
0.1448 0.739547
0.14485 0.823557
0.1449 0.80329
0.14495 0.913502
0.145 0.800451
0.14505 0.902031
0.1451 0.797603
0.14515 0.823747
0.1452 0.820868
0.14525 0.759866
0.1453 0.774383
0.14535 0.823811
0.1454 0.876199
0.14545 0.745311
0.1455 0.76566
0.14555 0.966574
0.1456 0.783179
0.14565 0.844371
0.1457 0.856071
0.14575 0.768639
0.1458 0.876556
0.14585 0.803668
0.1459 0.756976
0.14595 0.862076
0.146 0.783261
0.14605 0.759883
0.1461 0.86217
0.14615 0.789122
0.1462 0.850549
0.14625 0.844741
0.1463 0.792095
0.14635 0.827235
0.1464 0.862411
0.14645 0.789213
0.1465 0.718871
0.14655 0.803853
0.1466 0.827329
0.14665 0.824423
0.1467 0.809774
0.14675 0.827406
0.1468 0.933166
0.14685 0.771676
0.1469 0.833385
0.14695 0.912797
0.147 0.807007
0.14705 0.798195
0.1471 0.904151
0.14715 0.883623
0.1472 0.818899
0.14725 0.807137
0.1473 0.786522
0.14735 0.762938
0.1474 0.789463
0.14745 0.771765
0.1475 0.777657
0.14755 0.798315
0.1476 0.748122
0.14765 0.774682
0.1477 0.774674
0.14775 0.795358
0.1478 0.866332
0.14785 0.848638
0.1479 0.842762
0.14795 0.91384
0.148 0.828057
0.14805 0.754035
0.1481 0.86957
0.14815 0.780706
0.1482 0.872617
0.14825 0.700647
0.1483 0.899378
0.14835 0.706534
0.1484 0.857899
0.14845 0.777757
0.1485 0.762896
0.14855 0.774768
0.1486 0.896653
0.14865 0.846169
0.1487 0.774809
0.14875 0.801585
0.1488 0.78671
0.14885 0.783732
0.1489 0.801604
0.14895 0.813534
0.149 0.885096
0.14905 0.786756
0.1491 0.843433
0.14915 0.834519
0.1492 0.792761
0.14925 0.765891
0.1493 0.765877
0.14935 0.876419
0.1494 0.8436
0.14945 0.852608
0.1495 0.792832
0.14955 0.90354
0.1496 0.804849
0.14965 0.753963
0.1497 0.783891
0.14975 0.747937
0.1498 0.825833
0.14985 0.798877
0.1499 0.852867
0.14995 0.771911
0.15 0.831921
0.15005 0.741891
0.1501 0.910029
0.15015 0.807975
0.1502 0.768924
0.15025 0.829032
0.1503 0.732836
0.15035 0.714752
0.1504 0.777893
0.15045 0.826047
0.1505 0.829084
0.15055 0.771884
0.1506 0.802004
0.15065 0.756804
0.1507 0.817084
0.15075 0.862344
0.1508 0.862394
0.15085 0.826228
0.1509 0.892672
0.15095 0.762882
0.151 0.86558
0.15105 0.820302
0.1511 0.768933
0.15115 0.850569
0.1512 0.823386
0.15125 0.79315
0.1513 0.820397
0.15135 0.890063
0.1514 0.778058
0.15145 0.850772
0.1515 0.811411
0.15155 0.811427
0.1516 0.902433
0.15165 0.747775
0.1517 0.823624
0.15175 0.759892
0.1518 0.747726
0.15185 0.826688
0.1519 0.881416
0.15195 0.702118
0.152 0.838907
0.15205 0.750723
0.1521 0.759828
0.15215 0.768942
0.1522 0.784155
0.15225 0.689727
0.1523 0.799355
0.15235 0.784123
0.1524 0.839003
0.15245 0.774987
0.1525 0.77803
0.15255 0.857376
0.1526 0.735302
0.15265 0.814672
0.1527 0.72304
0.15275 0.814678
0.1528 0.75967
0.15285 0.845276
0.1529 0.790252
0.15295 0.716814
0.153 0.732073
0.15305 0.701417
0.1531 0.750369
0.15315 0.833073
0.1532 0.817778
0.15325 0.784072
0.1533 0.750333
0.15335 0.771785
0.1534 0.768706
0.15345 0.780974
0.1535 0.851603
0.15355 0.823997
0.1536 0.768707
0.15365 0.780991
0.1537 0.811737
0.15375 0.833285
0.1538 0.790237
0.15385 0.771771
0.1539 0.787156
0.15395 0.799476
0.154 0.811808
0.15405 0.679298
0.1541 0.731639
0.15415 0.728519
0.1542 0.799436
0.15425 0.814874
0.1543 0.753152
0.15435 0.790186
0.1544 0.768565
0.15445 0.746923
0.1545 0.780898
0.15455 0.864378
0.1546 0.805661
0.15465 0.824237
0.1547 0.768551
0.15475 0.694235
0.1548 0.700369
0.15485 0.697215
0.1549 0.852107
0.15495 0.796349
0.155 0.703325
0.15505 0.768413
0.1551 0.833564
0.15515 0.802554
0.1552 0.796354
0.15525 0.771512
0.1553 0.808786
0.15535 0.796368
0.1554 0.771502
0.15545 0.799482
0.1555 0.734159
0.15555 0.759021
0.1556 0.852393
0.15565 0.880461
0.1557 0.746576
0.15575 0.73097
0.1558 0.709115
0.15585 0.755835
0.1559 0.765172
0.15595 0.715238
0.156 0.855637
0.15605 0.762021
0.1561 0.80885
0.15615 0.780748
0.1562 0.780744
0.15625 0.76511
0.1563 0.724445
0.15635 0.774453
0.1564 0.708736
0.15645 0.718076
0.1565 0.858927
0.15655 0.815125
0.1566 0.786946
0.15665 0.846492
0.1567 0.711725
0.15675 0.840253
0.1568 0.815191
0.15685 0.827761
0.1569 0.802675
0.15695 0.802685
0.157 0.78699
0.15705 0.733576
0.1571 0.812117
0.15715 0.812133
0.1572 0.802714
0.15725 0.736658
0.1573 0.849918
0.15735 0.818478
0.1574 0.695687
0.15745 0.780679
0.1575 0.774373
0.15755 0.793277
0.1576 0.730221
0.15765 0.758571
0.1577 0.711228
0.15775 0.80586
0.1578 0.853227
0.15785 0.701685
0.1579 0.701631
0.15795 0.742657
0.158 0.761595
0.15805 0.720473
0.1581 0.774202
0.15815 0.821654
0.1582 0.780531
0.15825 0.793191
0.1583 0.771026
0.15835 0.612616
0.1584 0.786801
0.15845 0.682191
0.1585 0.726519
0.15855 0.751857
0.1586 0.710586
0.15865 0.837498
0.1587 0.796255
0.15875 0.821669
0.1588 0.767682
0.15885 0.729534
0.1589 0.770825
0.15895 0.802615
0.159 0.751729
0.15905 0.742161
0.1591 0.732584
0.15915 0.856726
0.1592 0.7867
0.15925 0.875908
0.1593 0.86959
0.15935 0.764438
0.1594 0.7134
0.15945 0.722924
0.1595 0.716502
0.15955 0.754762
0.1596 0.783479
0.15965 0.761119
0.1597 0.847368
0.15975 0.825034
0.1598 0.799482
0.15985 0.713144
0.1599 0.857053
0.15995 0.690697
0.16 0.837883
0.16005 0.796289
0.1601 0.777077
0.16015 0.821927
0.1602 0.725799
0.16025 0.780263
0.1603 0.786673
0.16035 0.838001
0.1604 0.799525
0.16045 0.757803
0.1605 0.725675
0.16055 0.754545
0.1606 0.809146
0.16065 0.8413
0.1607 0.744884
0.16075 0.68697
0.1608 0.805937
0.16085 0.802731
0.1609 0.883216
0.16095 0.731936
0.161 0.867184
0.16105 0.690024
0.1611 0.718971
0.16115 0.789857
0.1612 0.728584
0.16125 0.75113
0.1613 0.751108
0.16135 0.773682
0.1614 0.835025
0.16145 0.728465
0.1615 0.889979
0.16155 0.747835
0.1616 0.799539
0.16165 0.728399
0.1617 0.728363
0.16175 0.757451
0.1618 0.776855
0.16185 0.799515
0.1619 0.682919
0.16195 0.724975
0.162 0.711973
0.16205 0.786493
0.1621 0.763792
0.16215 0.786486
0.1622 0.754036
0.16225 0.711818
0.1623 0.685796
0.16235 0.783174
0.1624 0.815662
0.16245 0.74743
0.1625 0.753908
0.16255 0.80592
0.1626 0.897016
0.16265 0.744146
0.1627 0.7311
0.16275 0.724554
0.1628 0.753829
0.16285 0.796163
0.1629 0.717953
0.16295 0.704871
0.163 0.760258
0.16305 0.818958
0.1631 0.802663
0.16315 0.789617
0.1632 0.773294
0.16325 0.799414
0.1633 0.724281
0.16335 0.805943
0.1634 0.769996
0.16345 0.812496
0.1635 0.864848
0.16355 0.910704
0.1636 0.789679
0.16365 0.691461
0.1637 0.743803
0.16375 0.691361
0.1638 0.740458
0.16385 0.792878
0.1639 0.73386
0.16395 0.779748
0.164 0.891298
0.16405 0.851978
0.1641 0.753528
0.16415 0.868448
0.1642 0.802798
0.16425 0.82581
0.1643 0.756807
0.16435 0.786381
0.1644 0.743624
0.16445 0.743598
0.1645 0.720535
0.16455 0.756707
0.1646 0.753396
0.16465 0.82255
0.1647 0.789622
0.16475 0.789624
0.1648 0.720389
0.16485 0.779713
0.1649 0.832493
0.16495 0.849021
0.165 0.855661
0.16505 0.687301
0.1651 0.925057
0.16515 0.892101
0.1652 0.7831
0.16525 0.802934
0.1653 0.786409
0.16535 0.802949
0.1654 0.697071
0.16545 0.749977
0.1655 0.706912
0.16555 0.773104
0.1656 0.852608
0.16565 0.783054
0.1657 0.849352
0.16575 0.83281
0.1658 0.739962
0.16585 0.84611
0.1659 0.753214
0.16595 0.786394
0.166 0.783073
0.16605 0.700021
0.1661 0.773075
0.16615 0.753123
0.1662 0.793003
0.16625 0.789681
0.1663 0.786356
0.16635 0.76306
0.1664 0.793007
0.16645 0.716421
0.1665 0.713048
0.16655 0.77298
0.1666 0.85963
0.16665 0.802996
0.1667 0.742976
0.16675 0.823014
0.1668 0.843058
0.16685 0.803036
0.1669 0.793029
0.16695 0.803053
0.167 0.856519
0.16705 0.813115
0.1671 0.82316
0.16715 0.77971
0.1672 0.769671
0.16725 0.752931
0.1673 0.762952
0.16735 0.739502
0.1674 0.756219
0.16745 0.917001
0.1675 0.823251
0.16755 0.796457
0.1676 0.82664
0.16765 0.72269
0.1677 0.806527
0.16775 0.806539
0.1678 0.742768
0.16785 0.766248
0.1679 0.830057
0.16795 0.732643
0.168 0.746055
0.16805 0.735945
0.1681 0.806538
0.16815 0.708994
0.1682 0.756058
0.16825 0.84019
0.1683 0.870525
0.16835 0.742591
0.1684 0.745934
0.16845 0.81668
0.1685 0.752649
0.16855 0.813325
0.1686 0.772865
0.16865 0.789727
0.1687 0.803229
0.16875 0.816743
0.1688 0.755975
0.16885 0.685019
0.1689 0.813361
0.16895 0.742397
0.169 0.789705
0.16905 0.715303
0.1691 0.715261
0.16915 0.853963
0.1692 0.732143
0.16925 0.650847
0.1693 0.742216
0.16935 0.765906
0.1694 0.721837
0.16945 0.799769
0.1695 0.816732
0.16955 0.776046
0.1696 0.762468
0.16965 0.735302
0.1697 0.789592
0.16975 0.728466
0.1698 0.84393
0.16985 0.7828
0.1699 0.748808
0.16995 0.694386
0.17 0.75555
0.17005 0.878004
0.1701 0.803192
0.17015 0.765758
0.1702 0.769151
0.17025 0.690803
0.1703 0.769108
0.17035 0.724794
0.1704 0.861118
0.17045 0.700892
0.1705 0.717897
0.17055 0.775861
0.1706 0.75879
0.17065 0.748532
0.1707 0.779245
0.17075 0.837313
0.1708 0.758752
0.17085 0.64936
0.1709 0.714241
0.17095 0.782599
0.171 0.803123
0.17105 0.748381
0.1711 0.66963
0.17115 0.700378
0.1712 0.820203
0.17125 0.683183
0.1713 0.803068
0.17135 0.693382
0.1714 0.78934
0.17145 0.775622
0.1715 0.765323
0.17155 0.744719
0.1716 0.703499
0.17165 0.754961
0.1717 0.696548
0.17175 0.76178
0.1718 0.758329
0.17185 0.744561
0.1719 0.778927
0.17195 0.720443
0.172 0.809871
0.17205 0.747929
0.1721 0.75135
0.17215 0.782326
0.1722 0.754764
0.17225 0.7513
0.1723 0.713363
0.17235 0.840897
0.1724 0.689173
0.17245 0.816767
0.1725 0.723608
0.17255 0.727024
0.1726 0.740802
0.17265 0.706236
0.1727 0.7131
0.17275 0.588642
0.1728 0.754464
0.17285 0.709492
0.1729 0.709448
0.17295 0.605604
0.173 0.64011
0.17305 0.778506
0.1731 0.691927
0.17315 0.792329
0.1732 0.757683
0.17325 0.823521
0.1733 0.750736
0.17335 0.705632
0.1734 0.806187
0.17345 0.681279
0.1735 0.875595
0.17355 0.781903
0.1736 0.816631
0.17365 0.761065
0.1737 0.771476
0.17375 0.684568
0.1738 0.708849
0.17385 0.635767
0.1739 0.74353
0.17395 0.767866
0.174 0.736527
0.17405 0.625075
0.1741 0.642398
0.17415 0.6458
0.1742 0.72936
0.17425 0.7363
0.1743 0.743246
0.17435 0.690902
0.1744 0.785051
0.17445 0.795521
0.1745 0.697779
0.17455 0.725665
0.1746 0.673236
0.17465 0.673172
0.1747 0.763978
0.17475 0.763966
0.1748 0.781439
0.17485 0.760449
0.1749 0.823417
0.17495 0.669439
0.175 0.760399
0.17505 0.658827
0.1751 0.795372
0.17515 0.704274
0.1752 0.756803
0.17525 0.669137
0.1753 0.777788
0.17535 0.781292
0.1754 0.756727
0.17545 0.707571
0.1755 0.739126
0.17555 0.707492
0.1756 0.707448
0.17565 0.746058
0.1757 0.717916
0.17575 0.753038
0.1758 0.795224
0.17585 0.6721
0.1759 0.735378
0.17595 0.66143
0.176 0.66136
0.17605 0.773994
0.1761 0.685913
0.17615 0.717573
0.1762 0.618835
0.17625 0.787989
0.1763 0.717451
0.17635 0.893813
0.1764 0.720954
0.17645 0.653848
0.1765 0.699677
0.17655 0.738481
0.1766 0.876242
0.17665 0.791478
0.1767 0.745527
0.17675 0.731361
0.1768 0.674739
0.17685 0.674677
0.1769 0.787863
0.17695 0.692285
0.177 0.678069
0.17705 0.667383
0.1771 0.734634
0.17715 0.780678
0.1772 0.684961
0.17725 0.674267
0.1773 0.812538
0.17735 0.752238
0.1774 0.766416
0.17745 0.695406
0.1775 0.777029
0.17755 0.666913
0.1776 0.720142
0.17765 0.766308
0.1777 0.730748
0.17775 0.688046
0.1778 0.787588
0.17785 0.69864
0.1779 0.716387
0.17795 0.727029
0.178 0.698509
0.17805 0.662841
0.1781 0.709092
0.17815 0.652026
0.1782 0.783857
0.17825 0.780291
0.1783 0.844495
0.17835 0.798145
0.1784 0.77317
0.17845 0.801724
0.1785 0.748169
0.17855 0.680281
0.1786 0.801705
0.17865 0.808863
0.1787 0.744527
0.17875 0.776689
0.1788 0.765954
0.17885 0.748054
0.1789 0.780245
0.17895 0.737283
0.179 0.737257
0.17905 0.737231
0.1791 0.626132
0.17915 0.708476
0.1792 0.694094
0.17925 0.737076
0.1793 0.77292
0.17935 0.754974
0.1794 0.780081
0.17945 0.650839
0.1795 0.722585
0.17955 0.765655
0.1796 0.765645
0.17965 0.769229
0.1797 0.780006
0.17975 0.776408
0.1798 0.808777
0.17985 0.808791
0.1799 0.758419
0.17995 0.736805
0.18 0.765587
0.18005 0.740363
0.1801 0.80159
0.18015 0.67546
0.1802 0.75471
0.18025 0.725846
0.1803 0.776312
0.18035 0.830428
0.1804 0.776319
0.18045 0.844905
0.1805 0.711332
0.18055 0.68962
0.1806 0.685955
0.18065 0.750953
0.1807 0.678635
0.18075 0.725585
0.1808 0.768957
0.18085 0.787039
0.1809 0.794279
0.18095 0.663965
0.181 0.696488
0.18105 0.747148
0.1811 0.685537
0.18115 0.808699
0.1812 0.805088
0.18125 0.757962
0.1813 0.797845
0.18135 0.732549
0.1814 0.66357
0.18145 0.805074
0.1815 0.688894
0.18155 0.772378
0.1816 0.699712
0.18165 0.728738
0.1817 0.703263
0.18175 0.746851
0.1818 0.805023
0.18185 0.765017
0.1819 0.852343
0.18195 0.837821
0.182 0.757749
0.18205 0.703105
0.1821 0.775921
0.18215 0.772273
0.1822 0.743107
0.18225 0.743085
0.1823 0.896237
0.18235 0.684715
0.1824 0.681012
0.18245 0.695556
0.1825 0.845199
0.18255 0.757585
0.1826 0.717388
0.18265 0.713698
0.1827 0.768485
0.18275 0.794069
0.1828 0.753848
0.18285 0.70262
0.1829 0.728189
0.18295 0.812339
0.183 0.75744
0.18305 0.706158
0.1831 0.728094
0.18315 0.753712
0.1832 0.753696
0.18325 0.779342
0.1833 0.819677
0.18335 0.739001
0.1834 0.72797
0.18345 0.63619
0.1835 0.742569
0.18355 0.735203
0.1836 0.742523
0.18365 0.746175
0.1837 0.69838
0.18375 0.70201
0.1838 0.690935
0.18385 0.801225
0.1839 0.757087
0.18395 0.768113
0.184 0.742338
0.18405 0.624492
0.1841 0.771726
0.18415 0.738564
0.1842 0.705375
0.18425 0.668473
0.1843 0.690533
0.18435 0.668355
0.1844 0.675671
0.18445 0.623953
0.1845 0.642322
0.18455 0.808386
0.1846 0.73454
0.18465 0.764066
0.1847 0.723411
0.18475 0.764035
0.1848 0.734449
0.18485 0.630879
0.1849 0.689981
0.18495 0.682531
0.185 0.723188
0.18505 0.752772
0.1851 0.804598
0.18515 0.65645
0.1852 0.693432
0.18525 0.741562
0.1853 0.723005
0.18535 0.708141
0.1854 0.745191
0.18545 0.615321
0.1855 0.693162
0.18555 0.81561
0.1856 0.704238
0.18565 0.72648
0.1857 0.64472
0.18575 0.67809
0.1858 0.752374
0.18585 0.69287
0.1859 0.73745
0.18595 0.663026
0.186 0.703893
0.18605 0.655465
0.1861 0.744749
0.18615 0.703765
0.1862 0.759598
0.18625 0.673888
0.1863 0.718554
0.18635 0.658872
0.1864 0.811695
0.18645 0.688621
0.1865 0.733343
0.18655 0.766905
0.1866 0.811693
0.18665 0.796773
0.1867 0.710876
0.18675 0.770614
0.1868 0.778082
0.18685 0.710796
0.1869 0.74067
0.18695 0.729428
0.187 0.639616
0.18705 0.766768
0.1871 0.72933
0.18715 0.864086
0.1872 0.815445
0.18725 0.680607
0.1873 0.650577
0.18735 0.639263
0.1874 0.792896
0.18745 0.631652
0.1875 0.639074
0.18755 0.650254
0.1876 0.593889
0.18765 0.706409
0.1877 0.698859
0.18775 0.743887
0.1878 0.751381
0.18785 0.796461
0.1879 0.71753
0.18795 0.713736
0.188 0.758832
0.18805 0.83406
0.1881 0.800221
0.18815 0.683547
0.1882 0.77009
0.18825 0.71736
0.1883 0.739928
0.18835 0.702226
0.1884 0.675801
0.18845 0.698365
0.1885 0.73226
0.18855 0.747322
0.1886 0.702028
0.18865 0.607636
0.1887 0.709469
0.18875 0.743415
0.1888 0.645193
0.18885 0.732015
0.1889 0.716873
0.18895 0.747079
0.189 0.78109
0.18905 0.713014
0.1891 0.796204
0.18915 0.69026
0.1892 0.712922
0.18925 0.61445
0.1893 0.697676
0.18935 0.708996
0.1894 0.708958
0.18945 0.72029
0.1895 0.739213
0.18955 0.678519
0.1896 0.572261
0.18965 0.689765
0.1897 0.663152
0.18975 0.674478
0.1898 0.663031
0.18985 0.712343
0.1899 0.837674
0.18995 0.590704
0.19 0.738843
0.19005 0.719811
0.1901 0.742597
0.19015 0.814853
0.1902 0.609401
0.19025 0.700655
0.1903 0.74249
0.19035 0.715814
0.1904 0.780533
0.19045 0.757673
0.1905 0.738606
0.19055 0.757644
0.1906 0.66612
0.19065 0.753782
0.1907 0.769028
0.19075 0.738494
0.1908 0.627779
0.19085 0.788055
0.1909 0.711679
0.19095 0.654343
0.191 0.753623
0.19105 0.700101
0.1911 0.738289
0.19115 0.761211
0.1912 0.646451
0.19125 0.634903
0.1913 0.657789
0.19135 0.780221
0.1914 0.829998
0.19145 0.768744
0.1915 0.634653
0.19155 0.741873
0.1916 0.703523
0.19165 0.645973
0.1917 0.676583
0.19175 0.730233
0.1918 0.714859
0.19185 0.691797
0.1919 0.710946
0.19195 0.67635
0.192 0.695501
0.19205 0.676247
0.1921 0.74921
0.19215 0.722286
0.1922 0.706876
0.19225 0.729914
0.1923 0.699112
0.19235 0.745246
0.1924 0.760624
0.19245 0.583514
0.1925 0.772111
0.19255 0.652695
0.1926 0.671894
0.19265 0.660276
0.1927 0.787429
0.19275 0.698745
0.1928 0.725702
0.19285 0.69481
0.1929 0.741074
0.19295 0.690874
0.193 0.663801
0.19305 0.706223
0.1931 0.721637
0.19315 0.682967
0.1932 0.748622
0.19325 0.636492
0.1933 0.655753
0.19335 0.682765
0.1934 0.748488
0.19345 0.663332
0.1935 0.674885
0.19355 0.821967
0.1936 0.775513
0.19365 0.713527
0.1937 0.697993
0.19375 0.628183
0.1938 0.732784
0.19385 0.845222
0.1939 0.659064
0.19395 0.787042
0.194 0.759879
0.19405 0.728813
0.1941 0.736553
0.19415 0.635547
0.1942 0.732598
0.19425 0.759776
0.1943 0.775314
0.19435 0.666448
0.1944 0.658612
0.19445 0.7947
0.1945 0.697433
0.19455 0.716851
0.1946 0.825823
0.19465 0.720709
0.1947 0.677834
0.19475 0.744014
0.1948 0.654365
0.19485 0.685485
0.1949 0.755619
0.19495 0.665907
0.195 0.685354
0.19505 0.724326
0.1951 0.704783
0.19515 0.786729
0.1952 0.696918
0.19525 0.607038
0.1953 0.731974
0.19535 0.618618
0.1954 0.669353
0.19545 0.731857
0.1955 0.704456
0.19555 0.641826
0.1956 0.735668
0.19565 0.766958
0.1957 0.692567
0.19575 0.723851
0.1958 0.68857
0.19585 0.759048
0.1959 0.641468
0.19595 0.633558
0.196 0.637405
0.19605 0.707929
0.1961 0.711816
0.19615 0.727478
0.1962 0.692127
0.19625 0.672453
0.1963 0.743085
0.19635 0.695931
0.1964 0.672315
0.19645 0.664401
0.1965 0.707584
0.19655 0.71148
0.1966 0.711446
0.19665 0.727148
0.1967 0.644487
0.19675 0.632611
0.1968 0.719151
0.19685 0.738811
0.1969 0.699401
0.19695 0.750581
0.197 0.695393
0.19705 0.655931
0.1971 0.667698
0.19715 0.65581
0.1972 0.687308
0.19725 0.683316
0.1973 0.631957
0.19735 0.714791
0.1974 0.659473
0.19745 0.635713
0.1975 0.762073
0.19755 0.710689
0.1976 0.682984
0.19765 0.635488
0.1977 0.678921
0.19775 0.674915
0.1978 0.726304
0.19785 0.631286
0.1979 0.714351
0.19795 0.686599
0.198 0.773695
0.19805 0.686529
0.1981 0.757817
0.19815 0.757807
0.1982 0.801412
0.19825 0.7459
0.1983 0.622907
0.19835 0.698221
0.1984 0.606894
0.19845 0.713998
0.1985 0.670285
0.19855 0.741727
0.1986 0.765547
0.19865 0.606581
0.1987 0.65817
0.19875 0.67799
0.1988 0.594423
0.19885 0.725605
0.1989 0.645999
0.19895 0.677773
0.199 0.614027
0.19905 0.673675
0.1991 0.773198
0.19915 0.61782
0.1992 0.79308
0.19925 0.749242
0.1993 0.697397
0.19935 0.733249
0.1994 0.729238
0.19945 0.689314
0.1995 0.661333
0.19955 0.561475
0.1996 0.681157
0.19965 0.737025
0.1997 0.832885
0.19975 0.677069
0.1998 0.593082
0.19985 0.720926
0.1999 0.63292
