0 0.091729
5e-05 0.081691
0.0001 0.087922
0.00015 0.088614
0.0002 0.066804
0.00025 0.100734
0.0003 0.088958
0.00035 0.0945
0.0004 0.092074
0.00045 0.087574
0.0005 0.076158
0.00055 0.115262
0.0006 0.065766
0.00065 0.095544
0.0007 0.095535
0.00075 0.077535
0.0008 0.102112
0.00085 0.115268
0.0009 0.145044
0.00095 0.106256
0.001 0.117337
0.00105 0.130847
0.0011 0.177932
0.00115 0.197996
0.0012 0.256483
0.00125 0.300469
0.0013 0.272416
0.00135 0.372116
0.0014 0.473874
0.00145 0.60436
0.0015 0.750467
0.00155 0.954655
0.0016 1.20701
0.00165 1.66535
0.0017 1.98585
0.00175 2.51164
0.0018 3.09456
0.00185 3.59508
0.0019 4.304
0.00195 4.93264
0.002 5.3618
0.00205 5.78208
0.0021 6.22197
0.00215 6.38781
0.0022 6.66231
0.00225 6.30026
0.0023 6.1334
0.00235 5.52797
0.0024 5.07524
0.00245 4.12743
0.0025 3.87065
0.00255 3.05302
0.0026 2.71898
0.00265 2.4182
0.0027 2.15441
0.00275 1.8699
0.0028 1.56737
0.00285 1.41331
0.0029 1.35586
0.00295 1.34586
0.003 1.23985
0.00305 1.17275
0.0031 0.952637
0.00315 0.906183
0.0032 0.950916
0.00325 0.900972
0.0033 0.930842
0.00335 0.85115
0.0034 0.778814
0.00345 0.822132
0.0035 0.807914
0.00355 0.725476
0.0036 0.778833
0.00365 0.796181
0.0037 0.717571
0.00375 0.735167
0.0038 0.73734
0.00385 0.660802
0.0039 0.738702
0.00395 0.752484
0.004 0.693321
0.00405 0.728351
0.0041 0.689847
0.00415 0.774001
0.0042 0.642775
0.00425 0.603713
0.0043 0.551058
0.00435 0.68019
0.0044 0.604706
0.00445 0.673558
0.0045 0.698506
0.00455 0.715854
0.0046 0.664295
0.00465 0.603703
0.0047 0.617152
0.00475 0.710602
0.0048 0.618558
0.00485 0.624484
0.0049 0.585362
0.00495 0.559744
0.005 0.561732
0.00505 0.584372
0.0051 0.615371
0.00515 0.519913
0.0052 0.484287
0.00525 0.582941
0.0053 0.650405
0.00535 0.555251
0.0054 0.582183
0.00545 0.582535
0.0055 0.521
0.00555 0.532646
0.0056 0.53414
0.00565 0.540032
0.0057 0.609227
0.00575 0.606797
0.0058 0.526454
0.00585 0.566952
0.0059 0.470171
0.00595 0.545491
0.006 0.600885
0.00605 0.526553
0.0061 0.594691
0.00615 0.534083
0.0062 0.517513
0.00625 0.571755
0.0063 0.540311
0.00635 0.512721
0.0064 0.519178
0.00645 0.57947
0.0065 0.549045
0.00655 0.536491
0.0066 0.485307
0.00665 0.604043
0.0067 0.489694
0.00675 0.518652
0.0068 0.448875
0.00685 0.567393
0.0069 0.478409
0.00695 0.595591
0.007 0.539667
0.00705 0.473635
0.0071 0.541669
0.00715 0.544081
0.0072 0.520328
0.00725 0.53655
0.0073 0.547252
0.00735 0.524742
0.0074 0.477946
0.00745 0.43592
0.0075 0.543772
0.00755 0.430658
0.0076 0.510228
0.00765 0.506678
0.0077 0.548004
0.00775 0.48217
0.0078 0.48978
0.00785 0.508428
0.0079 0.556035
0.00795 0.519077
0.008 0.475753
0.00805 0.496713
0.0081 0.477285
0.00815 0.481409
0.0082 0.482935
0.00825 0.424027
0.0083 0.5078
0.00835 0.537942
0.0084 0.49742
0.00845 0.535166
0.0085 0.499136
0.00855 0.545138
0.0086 0.459707
0.00865 0.432053
0.0087 0.492236
0.00875 0.565888
0.0088 0.498768
0.00885 0.523692
0.0089 0.504027
0.00895 0.536145
0.009 0.476402
0.00905 0.496928
0.0091 0.529418
0.00915 0.463356
0.0092 0.462901
0.00925 0.455093
0.0093 0.475302
0.00935 0.450996
0.0094 0.482145
0.00945 0.532499
0.0095 0.551644
0.00955 0.472284
0.0096 0.541329
0.00965 0.478445
0.0097 0.475498
0.00975 0.442792
0.0098 0.44138
0.00985 0.426366
0.0099 0.530605
0.00995 0.546697
0.01 0.492745
0.01005 0.474005
0.0101 0.444093
0.01015 0.416665
0.0102 0.418837
0.01025 0.467467
0.0103 0.468235
0.01035 0.615721
0.0104 0.456707
0.01045 0.447075
0.0105 0.414794
0.01055 0.433
0.0106 0.488382
0.01065 0.513366
0.0107 0.471033
0.01075 0.455379
0.0108 0.432188
0.01085 0.415494
0.0109 0.46477
0.01095 0.385644
0.011 0.384613
0.01105 0.461333
0.0111 0.486972
0.01115 0.411314
0.0112 0.372043
0.01125 0.528701
0.0113 0.433715
0.01135 0.462461
0.0114 0.462327
0.01145 0.489841
0.0115 0.434141
0.01155 0.408155
0.0116 0.474851
0.01165 0.469685
0.0117 0.372848
0.01175 0.437424
0.0118 0.42751
0.01185 0.429656
0.0119 0.502621
0.01195 0.502869
0.012 0.51063
0.01205 0.384458
0.0121 0.46744
0.01215 0.424372
0.0122 0.45505
0.01225 0.43621
0.0123 0.429531
0.01235 0.537637
0.0124 0.451379
0.01245 0.356113
0.0125 0.356629
0.01255 0.457495
0.0126 0.43235
0.01265 0.454442
0.0127 0.456689
0.01275 0.380407
0.0128 0.463892
0.01285 0.473574
0.0129 0.472784
0.01295 0.414558
0.013 0.398758
0.01305 0.447266
0.0131 0.494264
0.01315 0.408776
0.0132 0.496186
0.01325 0.433002
0.0133 0.422534
0.01335 0.418682
0.0134 0.393032
0.01345 0.46676
0.0135 0.490666
0.01355 0.424562
0.0136 0.468321
0.01365 0.447107
0.0137 0.414689
0.01375 0.425003
0.0138 0.424104
0.01385 0.43101
0.0139 0.432441
0.01395 0.419077
0.014 0.440443
0.01405 0.415819
0.0141 0.477559
0.01415 0.434619
0.0142 0.369305
0.01425 0.407721
0.0143 0.404096
0.01435 0.411982
0.0144 0.448879
0.01445 0.394547
0.0145 0.431052
0.01455 0.457158
0.0146 0.417633
0.01465 0.430941
0.0147 0.399571
0.01475 0.425331
0.0148 0.405344
0.01485 0.375048
0.0149 0.412346
0.01495 0.364846
0.015 0.395457
0.01505 0.354223
0.0151 0.38987
0.01515 0.36753
0.0152 0.363905
0.01525 0.421471
0.0153 0.353144
0.01535 0.419384
0.0154 0.435002
0.01545 0.394064
0.0155 0.428324
0.01555 0.42737
0.0156 0.515007
0.01565 0.450901
0.0157 0.395963
0.01575 0.398033
0.0158 0.43343
0.01585 0.370286
0.0159 0.395886
0.01595 0.41311
0.016 0.481556
0.01605 0.41671
0.0161 0.412646
0.01615 0.405324
0.0162 0.394379
0.01625 0.411389
0.0163 0.406994
0.01635 0.358626
0.0164 0.400968
0.01645 0.369798
0.0165 0.400923
0.01655 0.420731
0.0166 0.424087
0.01665 0.422147
0.0167 0.457057
0.01675 0.431817
0.0168 0.391202
0.01685 0.415476
0.0169 0.372523
0.01695 0.370347
0.017 0.405681
0.01705 0.372261
0.0171 0.338222
0.01715 0.35
0.0172 0.358796
0.01725 0.417512
0.0173 0.387577
0.01735 0.367143
0.0174 0.434149
0.01745 0.345299
0.0175 0.38136
0.01755 0.392756
0.0176 0.405678
0.01765 0.370228
0.0177 0.349048
0.01775 0.419554
0.0178 0.402136
0.01785 0.4322
0.0179 0.442786
0.01795 0.434754
0.018 0.445079
0.01805 0.377311
0.0181 0.395388
0.01815 0.387422
0.0182 0.39656
0.01825 0.417866
0.0183 0.446701
0.01835 0.392985
0.0184 0.355079
0.01845 0.374599
0.0185 0.371291
0.01855 0.416703
0.0186 0.445338
0.01865 0.396798
0.0187 0.319005
0.01875 0.404539
0.0188 0.385966
0.01885 0.399388
0.0189 0.394359
0.01895 0.430343
0.019 0.385852
0.01905 0.377694
0.0191 0.440723
0.01915 0.393283
0.0192 0.410163
0.01925 0.422555
0.0193 0.374683
0.01935 0.435867
0.0194 0.413513
0.01945 0.375787
0.0195 0.334654
0.01955 0.299882
0.0196 0.358392
0.01965 0.348414
0.0197 0.377478
0.01975 0.38262
0.0198 0.391386
0.01985 0.371176
0.0199 0.403892
0.01995 0.397266
0.02 0.405438
0.02005 0.442224
0.0201 0.369276
0.02015 0.37619
0.0202 0.405847
0.02025 0.390669
0.0203 0.397367
0.02035 0.404941
0.0204 0.391313
0.02045 0.391125
0.0205 0.379027
0.02055 0.391983
0.0206 0.365396
0.02065 0.362638
0.0207 0.396391
0.02075 0.279807
0.0208 0.368807
0.02085 0.349363
0.0209 0.391802
0.02095 0.338796
0.021 0.368358
0.02105 0.360584
0.0211 0.354457
0.02115 0.355929
0.0212 0.347647
0.02125 0.326963
0.0213 0.33091
0.02135 0.341316
0.0214 0.359099
0.02145 0.341327
0.0215 0.355766
0.02155 0.328844
0.0216 0.371025
0.02165 0.416113
0.0217 0.454562
0.02175 0.386464
0.0218 0.332325
0.02185 0.361481
0.0219 0.364507
0.02195 0.365803
0.022 0.375496
0.02205 0.363164
0.0221 0.347656
0.02215 0.366684
0.0222 0.36449
0.02225 0.39128
0.0223 0.331988
0.02235 0.380722
0.0224 0.369626
0.02245 0.326964
0.0225 0.422483
0.02255 0.388471
0.0226 0.386403
0.02265 0.395679
0.0227 0.446884
0.02275 0.300986
0.0228 0.339219
0.02285 0.364889
0.0229 0.382933
0.02295 0.377643
0.023 0.390305
0.02305 0.332833
0.0231 0.356483
0.02315 0.399319
0.0232 0.370365
0.02325 0.309543
0.0233 0.385635
0.02335 0.290001
0.0234 0.321329
0.02345 0.362267
0.0235 0.385577
0.02355 0.319835
0.0236 0.353485
0.02365 0.362709
0.0237 0.402399
0.02375 0.425687
0.0238 0.388549
0.02385 0.353573
0.0239 0.332754
0.02395 0.335812
0.024 0.341783
0.02405 0.339123
0.0241 0.300229
0.02415 0.345801
0.0242 0.334434
0.02425 0.365286
0.0243 0.356402
0.02435 0.356254
0.0244 0.364914
0.02445 0.412344
0.0245 0.373164
0.02455 0.327846
0.0246 0.285709
0.02465 0.360401
0.0247 0.350415
0.02475 0.327479
0.0248 0.338207
0.02485 0.341039
0.0249 0.334913
0.02495 0.342757
0.025 0.292539
0.02505 0.299255
0.0251 0.367385
0.02515 0.376457
0.0252 0.334584
0.02525 0.36938
0.0253 0.370927
0.02535 0.345565
0.0254 0.311915
0.02545 0.340293
0.0255 0.353515
0.02555 0.348389
0.0256 0.308868
0.02565 0.41407
0.0257 0.387538
0.02575 0.3397
0.0258 0.309167
0.02585 0.371185
0.0259 0.392049
0.02595 0.346999
0.026 0.323576
0.02605 0.334476
0.0261 0.328186
0.02615 0.401514
0.0262 0.308318
0.02625 0.298754
0.0263 0.324451
0.02635 0.357693
0.0264 0.308077
0.02645 0.298465
0.0265 0.350932
0.02655 0.364866
0.0266 0.372488
0.02665 0.331564
0.0267 0.30486
0.02675 0.397004
0.0268 0.33394
0.02685 0.363064
0.0269 0.363789
0.02695 0.330503
0.027 0.340317
0.02705 0.324717
0.0271 0.369852
0.02715 0.335274
0.0272 0.318495
0.02725 0.326745
0.0273 0.340516
0.02735 0.338476
0.0274 0.352351
0.02745 0.321757
0.0275 0.324612
0.02755 0.334112
0.0276 0.349752
0.02765 0.336674
0.0277 0.33685
0.02775 0.3387
0.0278 0.312715
0.02785 0.379223
0.0279 0.357213
0.02795 0.344049
0.028 0.35943
0.02805 0.37265
0.0281 0.335275
0.02815 0.270069
0.0282 0.321476
0.02825 0.335806
0.0283 0.348516
0.02835 0.355618
0.0284 0.357641
0.02845 0.338019
0.0285 0.341138
0.02855 0.360866
0.0286 0.445451
0.02865 0.328435
0.0287 0.39021
0.02875 0.32444
0.0288 0.29122
0.02885 0.375744
0.0289 0.365756
0.02895 0.3244
0.029 0.326409
0.02905 0.242297
0.0291 0.309336
0.02915 0.341686
0.0292 0.296402
0.02925 0.284878
0.0293 0.395983
0.02935 0.344785
0.0294 0.313944
0.02945 0.32071
0.0295 0.332834
0.02955 0.35864
0.0296 0.324095
0.02965 0.349373
0.0297 0.382518
0.02975 0.36875
0.0298 0.328051
0.02985 0.314659
0.0299 0.394648
0.02995 0.355042
0.03 0.398179
0.03005 0.366887
0.0301 0.368607
0.03015 0.361279
0.0302 0.300678
0.03025 0.313712
0.0303 0.403904
0.03035 0.311538
0.0304 0.305806
0.03045 0.29273
0.0305 0.369411
0.03055 0.370585
0.0306 0.33744
0.03065 0.3508
0.0307 0.361769
0.03075 0.381419
0.0308 0.36168
0.03085 0.36595
0.0309 0.346103
0.03095 0.323063
0.031 0.362015
0.03105 0.394939
0.0311 0.361364
0.03115 0.239022
0.0312 0.327345
0.03125 0.340351
0.0313 0.290096
0.03135 0.32878
0.0314 0.347525
0.03145 0.312183
0.0315 0.317691
0.03155 0.273933
0.0316 0.310362
0.03165 0.337458
0.0317 0.341191
0.03175 0.301697
0.0318 0.320624
0.03185 0.313486
0.0319 0.310152
0.03195 0.283766
0.032 0.30854
0.03205 0.31289
0.0321 0.33784
0.03215 0.348742
0.0322 0.346153
0.03225 0.362289
0.0323 0.298922
0.03235 0.295528
0.0324 0.271354
0.03245 0.344572
0.0325 0.37777
0.03255 0.325712
0.0326 0.281906
0.03265 0.331424
0.0327 0.353663
0.03275 0.320247
0.0328 0.339241
0.03285 0.332663
0.0329 0.29838
0.03295 0.296284
0.033 0.33913
0.03305 0.363638
0.0331 0.289473
0.03315 0.299967
0.0332 0.325807
0.03325 0.320465
0.0333 0.292424
0.03335 0.333064
0.0334 0.341109
0.03345 0.317703
0.0335 0.340494
0.03355 0.341886
0.0336 0.34396
0.03365 0.28606
0.0337 0.350755
0.03375 0.296765
0.0338 0.370491
0.03385 0.333355
0.0339 0.334081
0.03395 0.332773
0.034 0.333505
0.03405 0.369707
0.0341 0.336405
0.03415 0.348103
0.0342 0.38383
0.03425 0.313386
0.0343 0.351869
0.03435 0.274251
0.0344 0.218345
0.03445 0.309859
0.0345 0.410067
0.03455 0.372313
0.0346 0.322616
0.03465 0.354598
0.0347 0.282471
0.03475 0.292163
0.0348 0.340932
0.03485 0.288704
0.0349 0.290077
0.03495 0.318059
0.035 0.318124
0.03505 0.33153
0.0351 0.295786
0.03515 0.319028
0.0352 0.326157
0.03525 0.325553
0.0353 0.300204
0.03535 0.305194
0.0354 0.314462
0.03545 0.310992
0.0355 0.346615
0.03555 0.288407
0.0356 0.296265
0.03565 0.298447
0.0357 0.297781
0.03575 0.325755
0.0358 0.257054
0.03585 0.267766
0.0359 0.3116
0.03595 0.25914
0.036 0.351385
0.03605 0.281567
0.0361 0.324972
0.03615 0.3215
0.0362 0.305691
0.03625 0.313051
0.0363 0.353159
0.03635 0.308259
0.0364 0.320767
0.03645 0.337709
0.0365 0.305746
0.03655 0.325626
0.0366 0.327998
0.03665 0.332584
0.0367 0.266631
0.03675 0.318171
0.0368 0.246845
0.03685 0.321355
0.0369 0.294928
0.03695 0.295036
0.037 0.331456
0.03705 0.277502
0.0371 0.340726
0.03715 0.31716
0.0372 0.334476
0.03725 0.297406
0.0373 0.35207
0.03735 0.32318
0.0374 0.282192
0.03745 0.290542
0.0375 0.312446
0.03755 0.282552
0.0376 0.334618
0.03765 0.282088
0.0377 0.331276
0.03775 0.34135
0.0378 0.303775
0.03785 0.322145
0.0379 0.328446
0.03795 0.286134
0.038 0.340304
0.03805 0.339064
0.0381 0.291278
0.03815 0.315122
0.0382 0.272507
0.03825 0.322413
0.0383 0.307322
0.03835 0.321358
0.0384 0.275469
0.03845 0.296393
0.0385 0.308149
0.03855 0.306057
0.0386 0.237481
0.03865 0.268487
0.0387 0.281791
0.03875 0.325413
0.0388 0.33968
0.03885 0.329886
0.0389 0.328625
0.03895 0.353101
0.039 0.32847
0.03905 0.296708
0.0391 0.292231
0.03915 0.333995
0.0392 0.398686
0.03925 0.271056
0.0393 0.312932
0.03935 0.28405
0.0394 0.258216
0.03945 0.233866
0.0395 0.284571
0.03955 0.261815
0.0396 0.31431
0.03965 0.269344
0.0397 0.339485
0.03975 0.333477
0.0398 0.382441
0.03985 0.320669
0.0399 0.289827
0.03995 0.293271
0.04 0.301536
0.04005 0.274546
0.0401 0.28841
0.04015 0.319212
0.0402 0.260776
0.04025 0.325442
0.0403 0.305616
0.04035 0.24855
0.0404 0.337703
0.04045 0.274099
0.0405 0.297849
0.04055 0.275405
0.0406 0.26914
0.04065 0.27832
0.0407 0.286721
0.04075 0.299235
0.0408 0.333856
0.04085 0.355518
0.0409 0.309284
0.04095 0.277642
0.041 0.277905
0.04105 0.250223
0.0411 0.312972
0.04115 0.254
0.0412 0.31279
0.04125 0.303238
0.0413 0.328387
0.04135 0.320509
0.0414 0.319236
0.04145 0.25156
0.0415 0.284192
0.04155 0.311952
0.0416 0.323154
0.04165 0.306876
0.0417 0.291376
0.04175 0.33267
0.0418 0.299621
0.04185 0.268969
0.0419 0.31288
0.04195 0.23935
0.042 0.253023
0.04205 0.319793
0.0421 0.245179
0.04215 0.247949
0.0422 0.254111
0.04225 0.304289
0.0423 0.258936
0.04235 0.286352
0.0424 0.263776
0.04245 0.238572
0.0425 0.234556
0.04255 0.279944
0.0426 0.3272
0.04265 0.327654
0.0427 0.354616
0.04275 0.310626
0.0428 0.311904
0.04285 0.284874
0.0429 0.2672
0.04295 0.323426
0.043 0.221426
0.04305 0.224236
0.0431 0.309043
0.04315 0.288739
0.0432 0.304696
0.04325 0.32071
0.0433 0.305569
0.04335 0.272149
0.0434 0.287279
0.04345 0.301593
0.0435 0.32641
0.04355 0.264114
0.0436 0.295889
0.04365 0.270965
0.0437 0.338707
0.04375 0.297183
0.0438 0.273935
0.04385 0.297143
0.0439 0.316037
0.04395 0.264597
0.044 0.261438
0.04405 0.28914
0.0441 0.272788
0.04415 0.288206
0.0442 0.318723
0.04425 0.254543
0.0443 0.280621
0.04435 0.307677
0.0444 0.353495
0.04445 0.275759
0.0445 0.250331
0.04455 0.260499
0.0446 0.34125
0.04465 0.330192
0.0447 0.289563
0.04475 0.286431
0.0448 0.299436
0.04485 0.294526
0.0449 0.348935
0.04495 0.309027
0.045 0.327552
0.04505 0.336218
0.0451 0.329563
0.04515 0.291247
0.0452 0.27543
0.04525 0.311204
0.0453 0.240072
0.04535 0.234082
0.0454 0.230801
0.04545 0.266641
0.0455 0.324465
0.04555 0.279425
0.0456 0.304539
0.04565 0.324253
0.0457 0.261683
0.04575 0.303333
0.0458 0.357042
0.04585 0.316374
0.0459 0.246166
0.04595 0.29533
0.046 0.270055
0.04605 0.283423
0.0461 0.278376
0.04615 0.25853
0.0462 0.338521
0.04625 0.302097
0.0463 0.288731
0.04635 0.224283
0.0464 0.296191
0.04645 0.248363
0.0465 0.326067
0.04655 0.300571
0.0466 0.298319
0.04665 0.271777
0.0467 0.288161
0.04675 0.330807
0.0468 0.300505
0.04685 0.288867
0.0469 0.274376
0.04695 0.28804
0.047 0.280106
0.04705 0.305118
0.0471 0.261372
0.04715 0.230704
0.0472 0.287825
0.04725 0.329993
0.0473 0.32684
0.04735 0.30377
0.0474 0.331874
0.04745 0.279318
0.0475 0.302677
0.04755 0.288031
0.0476 0.262857
0.04765 0.260501
0.0477 0.337404
0.04775 0.339026
0.0478 0.296632
0.04785 0.322124
0.0479 0.269059
0.04795 0.333909
0.048 0.268267
0.04805 0.316899
0.0481 0.250124
0.04815 0.316174
0.0482 0.246366
0.04825 0.26618
0.0483 0.297661
0.04835 0.304073
0.0484 0.234924
0.04845 0.244132
0.0485 0.32134
0.04855 0.276316
0.0486 0.263263
0.04865 0.329065
0.0487 0.296596
0.04875 0.382124
0.0488 0.294987
0.04885 0.321031
0.0489 0.24534
0.04895 0.294858
0.049 0.308232
0.04905 0.294152
0.0491 0.286911
0.04915 0.363289
0.0492 0.241916
0.04925 0.279906
0.0493 0.276559
0.04935 0.330507
0.0494 0.260995
0.04945 0.274433
0.0495 0.319625
0.04955 0.329243
0.0496 0.288248
0.04965 0.339572
0.0497 0.282597
0.04975 0.312103
0.0498 0.292846
0.04985 0.350378
0.0499 0.279213
0.04995 0.328835
0.05 0.298527
0.05005 0.285163
0.0501 0.278781
0.05015 0.322581
0.0502 0.322293
0.05025 0.301885
0.0503 0.273361
0.05035 0.279025
0.0504 0.288743
0.05045 0.313641
0.0505 0.25369
0.05055 0.250234
0.0506 0.249808
0.05065 0.333544
0.0507 0.259189
0.05075 0.282151
0.0508 0.328573
0.05085 0.304891
0.0509 0.258722
0.05095 0.211398
0.051 0.251742
0.05105 0.252348
0.0511 0.292854
0.05115 0.2874
0.0512 0.287056
0.05125 0.312362
0.0513 0.26688
0.05135 0.293226
0.0514 0.317592
0.05145 0.28435
0.0515 0.27988
0.05155 0.237214
0.0516 0.256405
0.05165 0.326319
0.0517 0.351932
0.05175 0.31546
0.0518 0.261254
0.05185 0.253602
0.0519 0.275021
0.05195 0.279863
0.052 0.303458
0.05205 0.267728
0.0521 0.259014
0.05215 0.305608
0.0522 0.266647
0.05225 0.340543
0.0523 0.265978
0.05235 0.258272
0.0524 0.282015
0.05245 0.245977
0.0525 0.293917
0.05255 0.252575
0.0526 0.279561
0.05265 0.394107
0.0527 0.320135
0.05275 0.275521
0.0528 0.289973
0.05285 0.283307
0.0529 0.306275
0.05295 0.317649
0.053 0.249481
0.05305 0.302189
0.0531 0.291267
0.05315 0.298403
0.0532 0.206515
0.05325 0.305183
0.0533 0.319837
0.05335 0.289677
0.0534 0.240191
0.05345 0.250487
0.0535 0.282233
0.05355 0.279765
0.0536 0.21613
0.05365 0.29516
0.0537 0.287337
0.05375 0.252593
0.0538 0.34807
0.05385 0.248696
0.0539 0.268815
0.05395 0.239311
0.054 0.261614
0.05405 0.314276
0.0541 0.252287
0.05415 0.243243
0.0542 0.262385
0.05425 0.268549
0.0543 0.256252
0.05435 0.253714
0.0544 0.247903
0.05445 0.249707
0.0545 0.290793
0.05455 0.235897
0.0546 0.284686
0.05465 0.27891
0.0547 0.245744
0.05475 0.266192
0.0548 0.279018
0.05485 0.287488
0.0549 0.299279
0.05495 0.290203
0.055 0.283305
0.05505 0.283001
0.0551 0.254019
0.05515 0.258079
0.0552 0.262151
0.05525 0.282825
0.0553 0.313519
0.05535 0.260089
0.0554 0.257529
0.05545 0.298253
0.0555 0.26354
0.05555 0.278774
0.0556 0.281807
0.05565 0.324953
0.0557 0.245566
0.05575 0.290958
0.0558 0.31525
0.05585 0.318366
0.0559 0.243161
0.05595 0.256235
0.056 0.298491
0.05605 0.255589
0.0561 0.364178
0.05615 0.199926
0.0562 0.257986
0.05625 0.256524
0.0563 0.305774
0.05635 0.252508
0.0564 0.281518
0.05645 0.303826
0.0565 0.269644
0.05655 0.28518
0.0566 0.273566
0.05665 0.299344
0.0567 0.333136
0.05675 0.240922
0.0568 0.213274
0.05685 0.293664
0.0569 0.267201
0.05695 0.253209
0.057 0.264283
0.05705 0.287949
0.0571 0.262529
0.05715 0.280515
0.0572 0.264199
0.05725 0.260447
0.0573 0.255539
0.05735 0.259803
0.0574 0.259483
0.05745 0.253413
0.0575 0.317539
0.05755 0.319625
0.0576 0.254843
0.05765 0.256825
0.0577 0.272673
0.05775 0.274691
0.0578 0.285971
0.05785 0.247487
0.0579 0.32944
0.05795 0.246886
0.058 0.299956
0.05805 0.289254
0.0581 0.282014
0.05815 0.308512
0.0582 0.266344
0.05825 0.268376
0.0583 0.301923
0.05835 0.263141
0.0584 0.318949
0.05845 0.263751
0.0585 0.244713
0.05855 0.288915
0.0586 0.225315
0.05865 0.365829
0.0587 0.256428
0.05875 0.273756
0.0588 0.265235
0.05885 0.229599
0.0589 0.236317
0.05895 0.250133
0.059 0.230917
0.05905 0.308577
0.0591 0.229096
0.05915 0.246502
0.0592 0.290023
0.05925 0.244705
0.0593 0.263371
0.05935 0.250009
0.0594 0.292497
0.05945 0.255363
0.0595 0.27054
0.05955 0.230924
0.0596 0.275912
0.05965 0.322208
0.0597 0.292141
0.05975 0.208179
0.0598 0.293981
0.05985 0.205091
0.0599 0.238277
0.05995 0.237947
0.06 0.242421
0.06005 0.268543
0.0601 0.276686
0.06015 0.27883
0.0602 0.28098
0.06025 0.265046
0.0603 0.218898
0.06035 0.257196
0.0604 0.209751
0.06045 0.347319
0.0605 0.25635
0.06055 0.26454
0.0606 0.237574
0.06065 0.2676
0.0607 0.281906
0.06075 0.291384
0.0608 0.226649
0.06085 0.322531
0.0609 0.300407
0.06095 0.278229
0.061 0.303616
0.06105 0.281408
0.0611 0.292167
0.06115 0.317641
0.0612 0.302753
0.06125 0.260857
0.0613 0.260577
0.06135 0.244333
0.0614 0.262462
0.06145 0.338446
0.0615 0.285361
0.06155 0.280195
0.0616 0.287347
0.06165 0.304389
0.0617 0.312828
0.06175 0.263196
0.0618 0.256739
0.06185 0.303501
0.0619 0.32188
0.06195 0.223744
0.062 0.271809
0.06205 0.285215
0.0621 0.252663
0.06215 0.277257
0.0622 0.252111
0.06225 0.245595
0.0623 0.232829
0.06235 0.282433
0.0624 0.238482
0.06245 0.289426
0.0625 0.315473
0.06255 0.278983
0.0626 0.262454
0.06265 0.280998
0.0627 0.280762
0.06275 0.305646
0.0628 0.262712
0.06285 0.249868
0.0629 0.283577
0.06295 0.246807
0.063 0.266695
0.06305 0.251295
0.0631 0.23207
0.06315 0.284848
0.0632 0.245407
0.06325 0.295759
0.0633 0.255007
0.06335 0.242055
0.0634 0.326786
0.06345 0.258048
0.0635 0.253969
0.06355 0.288041
0.0636 0.217808
0.06365 0.31303
0.0637 0.295002
0.06375 0.289692
0.0638 0.280539
0.06385 0.266253
0.0639 0.262166
0.06395 0.33231
0.064 0.23737
0.06405 0.251178
0.0641 0.28683
0.06415 0.327702
0.0642 0.315985
0.06425 0.283665
0.0643 0.273149
0.06435 0.257457
0.0644 0.295867
0.06445 0.263417
0.0645 0.258003
0.06455 0.288753
0.0646 0.27432
0.06465 0.307732
0.0647 0.257047
0.06475 0.291781
0.0648 0.282498
0.06485 0.23036
0.0649 0.283321
0.06495 0.314305
0.065 0.249087
0.06505 0.235799
0.0651 0.25245
0.06515 0.270444
0.0652 0.271515
0.06525 0.302627
0.0653 0.254084
0.06535 0.25775
0.0654 0.278442
0.06545 0.284772
0.0655 0.278007
0.06555 0.342075
0.0656 0.22247
0.06565 0.261586
0.0657 0.265287
0.06575 0.263733
0.0658 0.309588
0.06585 0.21584
0.0659 0.306539
0.06595 0.241685
0.066 0.246697
0.06605 0.242467
0.0661 0.330838
0.06615 0.27377
0.0662 0.280173
0.06625 0.306481
0.0663 0.250575
0.06635 0.294143
0.0664 0.300598
0.06645 0.255198
0.0665 0.266929
0.06655 0.252047
0.0666 0.254461
0.06665 0.263551
0.0667 0.244627
0.06675 0.261733
0.0668 0.262834
0.06685 0.26929
0.0669 0.251659
0.06695 0.255429
0.067 0.240434
0.06705 0.311294
0.0671 0.274873
0.06715 0.247779
0.0672 0.317465
0.06725 0.342889
0.0673 0.336042
0.06735 0.267172
0.0674 0.262901
0.06745 0.284271
0.0675 0.261106
0.06755 0.260874
0.0676 0.271466
0.06765 0.279374
0.0677 0.39299
0.06775 0.234302
0.0678 0.258458
0.06785 0.23378
0.0679 0.21992
0.06795 0.26179
0.068 0.273811
0.06805 0.254533
0.0681 0.266562
0.06815 0.244518
0.0682 0.277026
0.06825 0.256332
0.0683 0.253364
0.06835 0.231238
0.0684 0.262455
0.06845 0.332101
0.0685 0.294962
0.06855 0.308506
0.0686 0.261668
0.06865 0.275184
0.0687 0.24198
0.06875 0.325664
0.0688 0.288355
0.06885 0.296439
0.0689 0.307299
0.06895 0.285063
0.069 0.311114
0.06905 0.277796
0.0691 0.287279
0.06915 0.249727
0.0692 0.268879
0.06925 0.225703
0.0693 0.265654
0.06935 0.315408
0.0694 0.294431
0.06945 0.278969
0.0695 0.218962
0.06955 0.246522
0.0696 0.242103
0.06965 0.255797
0.0697 0.224881
0.06975 0.244155
0.0698 0.264868
0.06985 0.245084
0.0699 0.272824
0.06995 0.272624
0.07 0.226191
0.07005 0.314251
0.0701 0.272021
0.07015 0.270417
0.0702 0.27724
0.07025 0.21659
0.0703 0.255708
0.07035 0.297726
0.0704 0.26093
0.07045 0.218416
0.0705 0.280226
0.07055 0.282864
0.0706 0.27703
0.07065 0.238662
0.0707 0.231343
0.07075 0.307553
0.0708 0.240808
0.07085 0.28169
0.0709 0.257385
0.07095 0.311129
0.071 0.218624
0.07105 0.309362
0.0711 0.303528
0.07115 0.262082
0.0712 0.253324
0.07125 0.255956
0.0713 0.210076
0.07135 0.24978
0.0714 0.275278
0.07145 0.26365
0.0715 0.274894
0.07155 0.271842
0.0716 0.205732
0.07165 0.28145
0.0717 0.242527
0.07175 0.269579
0.0718 0.242082
0.07185 0.26342
0.0719 0.248828
0.07195 0.215486
0.072 0.280063
0.07205 0.233741
0.0721 0.22917
0.07215 0.299678
0.0722 0.257623
0.07225 0.273321
0.0723 0.319439
0.07235 0.307733
0.0724 0.280064
0.07245 0.217538
0.0725 0.236139
0.07255 0.264943
0.0726 0.2662
0.07265 0.282
0.0727 0.242543
0.07275 0.271437
0.0728 0.258138
0.07285 0.278346
0.0729 0.250449
0.07295 0.234175
0.073 0.285074
0.07305 0.283446
0.0731 0.236462
0.07315 0.284542
0.0732 0.222846
0.07325 0.241654
0.0733 0.215024
0.07335 0.295504
0.0734 0.27185
0.07345 0.290778
0.0735 0.284738
0.07355 0.27427
0.0736 0.296187
0.07365 0.282773
0.0737 0.256057
0.07375 0.280947
0.0738 0.242377
0.07385 0.286497
0.0739 0.213866
0.07395 0.213608
0.074 0.268147
0.07405 0.189417
0.0741 0.295903
0.07415 0.288337
0.0742 0.298576
0.07425 0.273172
0.0743 0.256639
0.07435 0.228169
0.0744 0.263669
0.07445 0.194941
0.0745 0.240882
0.07455 0.292884
0.0746 0.209128
0.07465 0.237254
0.0747 0.253477
0.07475 0.298157
0.0748 0.287538
0.07485 0.264914
0.0749 0.236249
0.07495 0.279527
0.075 0.286868
0.07505 0.252168
0.0751 0.265495
0.07515 0.241249
0.0752 0.235015
0.07525 0.255877
0.0753 0.24212
0.07535 0.220796
0.0754 0.30506
0.07545 0.230942
0.0755 0.262447
0.07555 0.213879
0.0756 0.286255
0.07565 0.242197
0.0757 0.296527
0.07575 0.235749
0.0758 0.223395
0.07585 0.276291
0.0759 0.218405
0.07595 0.253125
0.076 0.269662
0.07605 0.252748
0.0761 0.30129
0.07615 0.282872
0.0762 0.262893
0.07625 0.264239
0.0763 0.241156
0.07635 0.233308
0.0764 0.268257
0.07645 0.257375
0.0765 0.286278
0.07655 0.292258
0.0766 0.259925
0.07665 0.227529
0.0767 0.221165
0.07675 0.296197
0.0768 0.242268
0.07685 0.288204
0.0769 0.220344
0.07695 0.283252
0.077 0.286184
0.07705 0.239778
0.0771 0.256545
0.07715 0.205409
0.0772 0.268504
0.07725 0.248238
0.0773 0.266608
0.07735 0.223094
0.0774 0.275534
0.07745 0.298626
0.0775 0.258172
0.07755 0.212984
0.0776 0.245359
0.07765 0.280905
0.0777 0.30097
0.07775 0.20593
0.0778 0.269521
0.07785 0.288053
0.0779 0.223994
0.07795 0.206612
0.078 0.346858
0.07805 0.243702
0.0781 0.277892
0.07815 0.30902
0.0782 0.263523
0.07825 0.274315
0.0783 0.213046
0.07835 0.247308
0.0784 0.253394
0.07845 0.243792
0.0785 0.270305
0.07855 0.265429
0.0786 0.23223
0.07865 0.233596
0.0787 0.310565
0.07875 0.296273
0.0788 0.261453
0.07885 0.269173
0.0789 0.250065
0.07895 0.264101
0.079 0.19279
0.07905 0.285872
0.0791 0.2889
0.07915 0.29827
0.0792 0.245843
0.07925 0.229795
0.0793 0.223239
0.07935 0.251607
0.0794 0.248249
0.07945 0.257605
0.0795 0.249478
0.07955 0.266808
0.0796 0.244346
0.07965 0.268068
0.0797 0.320545
0.07975 0.219905
0.0798 0.280373
0.07985 0.225899
0.0799 0.196907
0.07995 0.343861
0.08 0.295769
0.08005 0.249189
0.0801 0.223361
0.08015 0.232773
0.0802 0.248623
0.08025 0.311077
0.0803 0.253123
0.08035 0.207925
0.0804 0.243093
0.08045 0.275107
0.0805 0.274961
0.08055 0.200663
0.0806 0.281075
0.08065 0.217991
0.0807 0.28722
0.08075 0.264466
0.0808 0.283712
0.08085 0.26578
0.0809 0.340098
0.08095 0.299534
0.081 0.258895
0.08105 0.206827
0.0811 0.200107
0.08115 0.230727
0.0812 0.202904
0.08125 0.197794
0.0813 0.26589
0.08135 0.239688
0.0814 0.24276
0.08145 0.249098
0.0815 0.239138
0.08155 0.227528
0.0816 0.238759
0.08165 0.210795
0.0817 0.21548
0.08175 0.256166
0.0818 0.287105
0.08185 0.267323
0.0819 0.331094
0.08195 0.221142
0.082 0.245551
0.08205 0.214177
0.0821 0.222178
0.08215 0.248278
0.0822 0.202046
0.08225 0.236384
0.0823 0.198317
0.08235 0.254117
0.0824 0.229218
0.08245 0.250474
0.0825 0.309742
0.08255 0.185746
0.0826 0.226825
0.08265 0.233245
0.0827 0.211542
0.08275 0.254384
0.0828 0.232681
0.08285 0.217571
0.0829 0.272112
0.08295 0.285252
0.083 0.328314
0.08305 0.220212
0.0831 0.251607
0.08315 0.228147
0.0832 0.23628
0.08325 0.277748
0.0833 0.259279
0.08335 0.240777
0.0834 0.243939
0.08345 0.265477
0.0835 0.272015
0.08355 0.233421
0.0836 0.254986
0.08365 0.22637
0.0837 0.224503
0.08375 0.236041
0.0838 0.267724
0.08385 0.234022
0.0839 0.213692
0.08395 0.211806
0.084 0.314139
0.08405 0.265275
0.0841 0.248301
0.08415 0.275081
0.0842 0.241249
0.08425 0.198927
0.0843 0.200392
0.08435 0.28626
0.0844 0.248984
0.08445 0.193052
0.0845 0.233408
0.08455 0.24338
0.0846 0.280458
0.08465 0.222738
0.0847 0.208986
0.08475 0.242698
0.0848 0.298531
0.08485 0.245791
0.0849 0.250724
0.08495 0.255666
0.085 0.2317
0.08505 0.25705
0.0851 0.214325
0.08515 0.285693
0.0852 0.282167
0.08525 0.217219
0.0853 0.223851
0.08535 0.254407
0.0854 0.254255
0.08545 0.250683
0.0855 0.276192
0.08555 0.26237
0.0856 0.215977
0.08565 0.263773
0.0857 0.321943
0.08575 0.277255
0.0858 0.263395
0.08585 0.254665
0.0859 0.182317
0.08595 0.218203
0.086 0.242105
0.08605 0.231609
0.0861 0.205588
0.08615 0.288134
0.0862 0.282849
0.08625 0.291363
0.0863 0.320616
0.08635 0.249696
0.0864 0.232252
0.08645 0.266678
0.0865 0.223269
0.08655 0.271581
0.0866 0.231594
0.08665 0.24009
0.0867 0.212166
0.08675 0.258842
0.0868 0.291703
0.08685 0.263791
0.0869 0.228875
0.08695 0.190419
0.087 0.204127
0.08705 0.214375
0.0871 0.228127
0.08715 0.203535
0.0872 0.245211
0.08725 0.246801
0.0873 0.290322
0.08735 0.260502
0.0874 0.216639
0.08745 0.256701
0.0875 0.239049
0.08755 0.195087
0.0876 0.294796
0.08765 0.254356
0.0877 0.238417
0.08775 0.273375
0.0878 0.227571
0.08785 0.206301
0.0879 0.29933
0.08795 0.325638
0.088 0.197023
0.08805 0.205625
0.0881 0.22482
0.08815 0.228172
0.0882 0.30213
0.08825 0.21904
0.0883 0.241829
0.08835 0.264657
0.0884 0.229147
0.08845 0.253757
0.0885 0.253615
0.08855 0.260561
0.0886 0.221421
0.08865 0.297525
0.0887 0.256608
0.08875 0.267126
0.0888 0.261669
0.08885 0.259759
0.0889 0.264962
0.08895 0.248814
0.089 0.286069
0.08905 0.216467
0.0891 0.218068
0.08915 0.24108
0.0892 0.267701
0.08925 0.246145
0.0893 0.229914
0.08935 0.238688
0.0894 0.252844
0.08945 0.202584
0.0895 0.234626
0.08955 0.243426
0.0896 0.153626
0.08965 0.28972
0.0897 0.217822
0.08975 0.240992
0.0898 0.221073
0.08985 0.246071
0.0899 0.271111
0.08995 0.276393
0.09 0.265475
0.09005 0.234717
0.0901 0.267013
0.09015 0.227203
0.0902 0.216207
0.09025 0.248537
0.0903 0.250202
0.09035 0.277182
0.0904 0.242701
0.09045 0.238933
0.0905 0.275001
0.09055 0.244085
0.0906 0.249378
0.09065 0.22747
0.0907 0.250901
0.09075 0.267107
0.0908 0.22883
0.09085 0.252302
0.0909 0.235795
0.09095 0.246561
0.091 0.209999
0.09105 0.249901
0.0911 0.275285
0.09115 0.202215
0.0912 0.24765
0.09125 0.273074
0.0913 0.249211
0.09135 0.216169
0.0914 0.26172
0.09145 0.252446
0.0915 0.206537
0.09155 0.270473
0.0916 0.215369
0.09165 0.240871
0.0917 0.222375
0.09175 0.205685
0.0918 0.240404
0.09185 0.234744
0.0919 0.240109
0.09195 0.247323
0.092 0.271118
0.09205 0.259954
0.0921 0.283789
0.09215 0.222839
0.0922 0.233745
0.09225 0.264975
0.0923 0.248234
0.09235 0.257338
0.0924 0.257212
0.09245 0.270036
0.0925 0.212543
0.09255 0.242001
0.0926 0.278919
0.09265 0.260277
0.0927 0.27314
0.09275 0.215496
0.0928 0.25618
0.09285 0.233758
0.0929 0.259634
0.09295 0.298572
0.093 0.283604
0.09305 0.236958
0.0931 0.231223
0.09315 0.314951
0.0932 0.290644
0.09325 0.290556
0.0933 0.312872
0.09335 0.230616
0.0934 0.209905
0.09345 0.267701
0.0935 0.284428
0.09355 0.235662
0.0936 0.205548
0.09365 0.231606
0.0937 0.265206
0.09375 0.255712
0.0938 0.289374
0.09385 0.184118
0.0939 0.27411
0.09395 0.251446
0.094 0.249437
0.09405 0.236133
0.0941 0.300011
0.09415 0.275443
0.0942 0.226331
0.09425 0.282757
0.0943 0.229827
0.09435 0.259885
0.0944 0.263545
0.09445 0.242641
0.0945 0.227377
0.09455 0.263173
0.0946 0.215734
0.09465 0.279966
0.0947 0.236285
0.09475 0.304399
0.0948 0.226552
0.09485 0.26436
0.0949 0.258551
0.09495 0.267933
0.095 0.25832
0.09505 0.193534
0.0951 0.244729
0.09515 0.294101
0.0952 0.208296
0.09525 0.30152
0.0953 0.206098
0.09535 0.28797
0.0954 0.23825
0.09545 0.224742
0.0955 0.234145
0.09555 0.247387
0.0956 0.237694
0.09565 0.224158
0.0957 0.275711
0.09575 0.239209
0.0958 0.262077
0.09585 0.248539
0.0959 0.267603
0.09595 0.263657
0.096 0.198233
0.09605 0.211509
0.0961 0.270958
0.09615 0.207364
0.0962 0.280346
0.09625 0.249438
0.0963 0.233898
0.09635 0.208694
0.0964 0.291475
0.09645 0.237355
0.0965 0.221771
0.09655 0.281511
0.0966 0.19057
0.09665 0.231
0.0967 0.226988
0.09675 0.211354
0.0968 0.294483
0.09685 0.207197
0.0969 0.24775
0.09695 0.237926
0.097 0.280494
0.09705 0.262926
0.0971 0.284191
0.09715 0.231617
0.0972 0.252872
0.09725 0.250808
0.0973 0.219536
0.09735 0.277824
0.0974 0.215364
0.09745 0.258108
0.0975 0.232633
0.09755 0.255919
0.0976 0.2851
0.09765 0.232258
0.0977 0.284905
0.09775 0.275041
0.0978 0.198624
0.09785 0.263066
0.0979 0.259042
0.09795 0.207972
0.098 0.235264
0.09805 0.250826
0.0981 0.274264
0.09815 0.213286
0.0982 0.20134
0.09825 0.260152
0.0983 0.250209
0.09835 0.208763
0.0984 0.283425
0.09845 0.287281
0.0985 0.24581
0.09855 0.294988
0.0986 0.239672
0.09865 0.304686
0.0987 0.233524
0.09875 0.241294
0.0988 0.211513
0.09885 0.276631
0.0989 0.211234
0.09895 0.240778
0.099 0.214899
0.09905 0.280153
0.0991 0.238424
0.09915 0.27004
0.0992 0.244139
0.09925 0.283737
0.0993 0.237954
0.09935 0.239814
0.0994 0.2556
0.09945 0.26544
0.0995 0.273304
0.09955 0.305084
0.0996 0.219325
0.09965 0.217185
0.0997 0.209057
0.09975 0.252813
0.0998 0.272671
0.09985 0.224627
0.0999 0.288455
0.09995 0.250379
0.1 0.236258
0.10005 0.284178
0.1001 0.238029
0.10015 0.237903
0.1002 0.195672
0.10025 0.243648
0.1003 0.273633
0.10035 0.249447
0.1004 0.273441
0.10045 0.237171
0.1005 0.295364
0.10055 0.25908
0.1006 0.232807
0.10065 0.228649
0.1007 0.252695
0.10075 0.254601
0.1008 0.294833
0.10085 0.244315
0.1009 0.294672
0.10095 0.260264
0.101 0.266225
0.10105 0.280283
0.1011 0.365167
0.10115 0.436009
0.1012 0.440131
0.10125 0.486805
0.1013 0.501116
0.10135 0.618876
0.1014 0.7571
0.10145 0.828538
0.1015 1.22301
0.10155 1.35187
0.1016 1.65983
0.10165 2.31198
0.1017 2.8552
0.10175 3.3239
0.1018 3.87475
0.10185 4.85032
0.1019 5.60303
0.10195 6.13652
0.102 6.85039
0.10205 7.57348
0.1021 7.86859
0.10215 8.16616
0.1022 7.7934
0.10225 8.16278
0.1023 7.65657
0.10235 7.05336
0.1024 6.46155
0.10245 5.42811
0.1025 4.75002
0.10255 4.13044
0.1026 3.58591
0.10265 3.00977
0.1027 2.85201
0.10275 2.63027
0.1028 2.35884
0.10285 1.98205
0.1029 2.05769
0.10295 1.81002
0.103 1.5558
0.10305 1.60639
0.1031 1.55183
0.10315 1.37955
0.1032 1.39493
0.10325 1.38347
0.1033 1.20663
0.10335 1.26943
0.1034 1.17507
0.10345 1.10748
0.1035 1.15991
0.10355 1.04044
0.1036 1.05347
0.10365 1.07481
0.1037 1.05883
0.10375 1.07397
0.1038 0.993587
0.10385 1.03153
0.1039 0.967662
0.10395 0.945298
0.104 0.993655
0.10405 0.919243
0.1041 0.896798
0.10415 0.924336
0.1042 0.960253
0.10425 1.03377
0.1043 0.913299
0.10435 0.974311
0.1044 0.968562
0.10445 0.962804
0.1045 0.971674
0.10455 0.813196
0.1046 0.945417
0.10465 0.998255
0.1047 0.833288
0.10475 0.896548
0.1048 0.821496
0.10485 0.798786
0.1049 0.952359
0.10495 0.768051
0.105 0.938548
0.10505 0.92221
0.1051 0.840655
0.10515 0.841039
0.1052 0.713018
0.10525 0.810156
0.1053 0.890576
0.10535 0.764526
0.1054 0.817561
0.10545 0.754621
0.1055 0.814029
0.10555 0.837617
0.1056 0.738684
0.10565 0.834098
0.1057 0.868312
0.10575 0.832746
0.1058 0.769608
0.10585 0.797454
0.1059 0.73846
0.10595 0.759942
0.106 0.81539
0.10605 0.798768
0.1061 0.81609
0.10615 0.754848
0.1062 0.838019
0.10625 0.751227
0.1063 0.785551
0.10635 0.900787
0.1064 0.679803
0.10645 0.763097
0.1065 0.737827
0.10655 0.691201
0.1066 0.719164
0.10665 0.796248
0.1067 0.85636
0.10675 0.670916
0.1068 0.769432
0.10685 0.73553
0.1069 0.699441
0.10695 0.759601
0.107 0.70209
0.10705 0.75374
0.1071 0.794747
0.10715 0.750051
0.1072 0.698857
0.10725 0.772059
0.1073 0.755189
0.10735 0.755479
0.1074 0.687001
0.10745 0.738827
0.1075 0.782121
0.10755 0.726483
0.1076 0.728898
0.10765 0.783012
0.1077 0.662646
0.10775 0.665004
0.1078 0.682464
0.10785 0.652472
0.1079 0.663459
0.10795 0.739261
0.108 0.622839
0.10805 0.722455
0.1081 0.748667
0.10815 0.740291
0.1082 0.716748
0.10825 0.704002
0.1083 0.728077
0.10835 0.682809
0.1084 0.626633
0.10845 0.704919
0.1085 0.683447
0.10855 0.692353
0.1086 0.70779
0.10865 0.69716
0.1087 0.60169
0.10875 0.606184
0.1088 0.673817
0.10885 0.726297
0.1089 0.720016
0.10895 0.689746
0.109 0.641986
0.10905 0.655256
0.1091 0.668544
0.10915 0.557362
0.1092 0.631752
0.10925 0.65378
0.1093 0.629911
0.10935 0.645393
0.1094 0.606171
0.10945 0.658875
0.1095 0.672213
0.10955 0.678993
0.1096 0.641922
0.10965 0.57189
0.1097 0.741017
0.10975 0.649051
0.1098 0.640445
0.10985 0.664797
0.1099 0.675988
0.10995 0.614594
0.11 0.654362
0.11005 0.676568
0.1101 0.654744
0.11015 0.723254
0.1102 0.646327
0.11025 0.611209
0.1103 0.726119
0.11035 0.642465
0.1104 0.638221
0.11045 0.645021
0.1105 0.570023
0.11055 0.740455
0.1106 0.636706
0.11065 0.60145
0.1107 0.532921
0.11075 0.588395
0.1108 0.604038
0.11085 0.593086
0.1109 0.681974
0.11095 0.655542
0.111 0.715693
0.11105 0.595943
0.1111 0.513822
0.11115 0.60951
0.1112 0.585177
0.11125 0.612009
0.1113 0.59211
0.11135 0.647936
0.1114 0.581242
0.11145 0.688398
0.1115 0.630604
0.11155 0.639692
0.1116 0.597433
0.11165 0.648945
0.1117 0.611126
0.11175 0.644808
0.1118 0.716564
0.11185 0.613852
0.1119 0.531153
0.11195 0.553623
0.112 0.529062
0.11205 0.576212
0.1121 0.607724
0.11215 0.64601
0.1122 0.583322
0.11225 0.675524
0.1123 0.644264
0.11235 0.561258
0.1124 0.538864
0.11245 0.58844
0.1125 0.586309
0.11255 0.566159
0.1126 0.561753
0.11265 0.568611
0.1127 0.577733
0.11275 0.616195
0.1128 0.5554
0.11285 0.560006
0.1129 0.548805
0.11295 0.630249
0.113 0.616839
0.11305 0.542337
0.1131 0.57636
0.11315 0.540244
0.1132 0.6128
0.11325 0.606142
0.1133 0.560936
0.11335 0.53835
0.1134 0.538424
0.11345 0.545308
0.1135 0.522678
0.11355 0.522738
0.1136 0.538709
0.11365 0.584263
0.1137 0.602577
0.11375 0.602707
0.1138 0.650654
0.11385 0.523258
0.1139 0.58713
0.11395 0.500606
0.114 0.541704
0.11405 0.578292
0.1141 0.541872
0.11415 0.519108
0.1142 0.560294
0.11425 0.606106
0.1143 0.583368
0.11435 0.48052
0.1144 0.537767
0.11445 0.505779
0.1145 0.558516
0.11455 0.537978
0.1146 0.496776
0.11465 0.531222
0.1147 0.556533
0.11475 0.462485
0.1148 0.618687
0.11485 0.579763
0.1149 0.53619
0.11495 0.59376
0.115 0.61689
0.11505 0.543366
0.1151 0.545745
0.11515 0.568863
0.1152 0.654246
0.11525 0.580626
0.1153 0.52998
0.11535 0.571588
0.1154 0.587851
0.11545 0.548695
0.1155 0.615794
0.11555 0.56738
0.1156 0.583667
0.11565 0.569893
0.1157 0.539896
0.11575 0.549232
0.1158 0.58175
0.11585 0.549406
0.1159 0.54021
0.11595 0.482282
0.116 0.579786
0.11605 0.54274
0.1161 0.54746
0.11615 0.556834
0.1162 0.568545
0.11625 0.552359
0.1163 0.526844
0.11635 0.631664
0.1164 0.596879
0.11645 0.548069
0.1165 0.538823
0.11655 0.536561
0.1166 0.566958
0.11665 0.569386
0.1167 0.459737
0.11675 0.483099
0.1168 0.536872
0.11685 0.520574
0.1169 0.522967
0.11695 0.452823
0.117 0.499639
0.11705 0.546515
0.1171 0.567678
0.11715 0.485732
0.1172 0.466996
0.11725 0.513924
0.1173 0.560912
0.11735 0.481168
0.1174 0.516423
0.11745 0.500023
0.1175 0.57294
0.11755 0.500126
0.1176 0.530751
0.11765 0.495503
0.1177 0.462565
0.11775 0.618065
0.1178 0.530992
0.11785 0.533412
0.1179 0.531117
0.11795 0.550059
0.118 0.538332
0.11805 0.425024
0.1181 0.493523
0.11815 0.552653
0.1182 0.531448
0.11825 0.545706
0.1183 0.538679
0.11835 0.474811
0.1184 0.500884
0.11845 0.463
0.1185 0.496198
0.11855 0.458278
0.1186 0.465397
0.11865 0.484395
0.1187 0.463042
0.11875 0.565214
0.1188 0.541534
0.11885 0.420326
0.1189 0.505938
0.11895 0.584518
0.119 0.498908
0.11905 0.467976
0.1191 0.487048
0.11915 0.584816
0.1192 0.530067
0.11925 0.506267
0.1193 0.449019
0.11935 0.475279
0.1194 0.53024
0.11945 0.49445
0.1195 0.463397
0.11955 0.492105
0.1196 0.456238
0.11965 0.53045
0.1197 0.513745
0.11975 0.470663
0.1198 0.432321
0.11985 0.521025
0.1199 0.535471
0.11995 0.511535
0.12 0.482767
0.12005 0.441953
0.1201 0.477984
0.12015 0.475596
0.1202 0.506875
0.12025 0.540599
0.1203 0.56233
0.12035 0.596128
0.1204 0.509518
0.12045 0.45413
0.1205 0.478236
0.12055 0.4879
0.1206 0.480685
0.12065 0.502429
0.1207 0.483145
0.12075 0.500077
0.1208 0.456605
0.12085 0.425169
0.1209 0.514644
0.12095 0.49291
0.121 0.471149
0.12105 0.517177
0.1211 0.570531
0.12115 0.413063
0.1212 0.43
0.12125 0.417846
0.1213 0.439655
0.12135 0.471203
0.1214 0.534367
0.12145 0.439659
0.1215 0.556331
0.12155 0.500475
0.1216 0.488344
0.12165 0.43482
0.1217 0.461585
0.12175 0.456715
0.1218 0.354359
0.12185 0.427413
0.1219 0.502996
0.12195 0.459112
0.122 0.410292
0.12205 0.459092
0.1221 0.485965
0.12215 0.451771
0.1222 0.378415
0.12225 0.429715
0.1223 0.451714
0.12235 0.439468
0.1224 0.446799
0.12245 0.407589
0.1225 0.520293
0.12255 0.461495
0.1226 0.461497
0.12265 0.495855
0.1227 0.530255
0.12275 0.522945
0.1228 0.400147
0.12285 0.486129
0.1229 0.471397
0.12295 0.510767
0.123 0.436979
0.12305 0.422189
0.1231 0.493586
0.12315 0.49115
0.1232 0.454201
0.12325 0.533109
0.1233 0.459159
0.12335 0.449287
0.1234 0.431996
0.12345 0.523364
0.1235 0.530829
0.12355 0.501223
0.1236 0.434486
0.12365 0.456732
0.1237 0.558205
0.12375 0.412201
0.1238 0.526105
0.12385 0.474121
0.1239 0.429511
0.12395 0.528687
0.124 0.476642
0.12405 0.439426
0.1241 0.466723
0.12415 0.484117
0.1242 0.486622
0.12425 0.504046
0.1243 0.536413
0.12435 0.436955
0.1244 0.446893
0.12445 0.429453
0.1245 0.411992
0.12455 0.521602
0.1246 0.367086
0.12465 0.451808
0.1247 0.501702
0.12475 0.56164
0.1248 0.464339
0.12485 0.431869
0.1249 0.459336
0.12495 0.421836
0.125 0.494335
0.12505 0.466841
0.1251 0.474356
0.12515 0.476872
0.1252 0.434301
0.12525 0.491919
0.1253 0.47941
0.12535 0.471902
0.1254 0.40166
0.12545 0.426714
0.1255 0.446776
0.12555 0.46435
0.1256 0.466867
0.12565 0.451789
0.1257 0.479448
0.12575 0.4694
0.1258 0.436687
0.12585 0.421561
0.1259 0.383746
0.12595 0.499606
0.126 0.408882
0.12605 0.45676
0.1261 0.444143
0.12615 0.499659
0.1262 0.434041
0.12625 0.411287
0.1263 0.436519
0.12635 0.411221
0.1264 0.385893
0.12645 0.489565
0.1265 0.456686
0.12655 0.494664
0.1266 0.446565
0.12665 0.375603
0.1267 0.390747
0.12675 0.449021
0.1268 0.433791
0.12685 0.410929
0.1269 0.433742
0.12695 0.441342
0.127 0.494689
0.12705 0.456587
0.1271 0.395553
0.12715 0.354799
0.1272 0.331812
0.12725 0.459012
0.1273 0.362226
0.12735 0.474262
0.1274 0.400353
0.12745 0.420707
0.1275 0.441085
0.12755 0.499767
0.1276 0.36449
0.12765 0.451252
0.1277 0.466576
0.12775 0.374566
0.1278 0.448653
0.12785 0.461435
0.1279 0.435847
0.12795 0.402549
0.128 0.463969
0.12805 0.410171
0.1281 0.358873
0.12815 0.381871
0.1282 0.410026
0.12825 0.37663
0.1283 0.451009
0.12835 0.376531
0.1284 0.384174
0.12845 0.414956
0.1285 0.396925
0.12855 0.353153
0.1286 0.36079
0.12865 0.479118
0.1287 0.389009
0.12875 0.406987
0.1288 0.40437
0.12885 0.409484
0.1289 0.412025
0.12895 0.419729
0.129 0.486805
0.12905 0.430023
0.1291 0.43775
0.12915 0.463574
0.1292 0.380858
0.12925 0.380798
0.1293 0.463522
0.12935 0.460938
0.1294 0.411749
0.12945 0.411713
0.1295 0.357266
0.12955 0.41162
0.1296 0.398619
0.12965 0.331129
0.1297 0.393311
0.12975 0.372493
0.1298 0.42177
0.12985 0.41135
0.1299 0.387923
0.12995 0.387869
0.13 0.40082
0.13005 0.447612
0.1301 0.447604
0.13015 0.4502
0.1302 0.478849
0.13025 0.421533
0.1303 0.403256
0.13035 0.379742
0.1304 0.421426
0.13045 0.421398
0.1305 0.439647
0.13055 0.413513
0.1306 0.395188
0.13065 0.39514
0.1307 0.334947
0.13075 0.457805
0.1308 0.439486
0.13085 0.44209
0.1309 0.408031
0.13095 0.381793
0.131 0.397461
0.13105 0.421013
0.1311 0.476068
0.13115 0.41573
0.1312 0.447198
0.13125 0.378914
0.1313 0.45241
0.13135 0.352542
0.1314 0.402413
0.13145 0.415521
0.1315 0.394441
0.13155 0.423345
0.1316 0.402255
0.13165 0.468063
0.1317 0.383751
0.13175 0.365243
0.1318 0.439009
0.13185 0.412615
0.1319 0.423137
0.13195 0.401991
0.132 0.367616
0.13205 0.372832
0.1321 0.425628
0.13215 0.354216
0.1322 0.436133
0.13225 0.335569
0.1323 0.375182
0.13235 0.443968
0.1324 0.425415
0.13245 0.470441
0.1325 0.438639
0.13255 0.356413
0.1326 0.409397
0.13265 0.435901
0.1327 0.38013
0.13275 0.36148
0.1328 0.409234
0.13285 0.438436
0.1329 0.446399
0.13295 0.467671
0.133 0.347934
0.13305 0.37181
0.1331 0.425006
0.13315 0.40367
0.1332 0.427615
0.13325 0.336949
0.1333 0.368863
0.13335 0.430161
0.1334 0.360747
0.13345 0.371355
0.1335 0.376633
0.13355 0.365885
0.1336 0.365817
0.13365 0.365749
0.1337 0.413831
0.13375 0.387039
0.1338 0.344155
0.13385 0.397631
0.1339 0.38955
0.13395 0.36806
0.134 0.392123
0.13405 0.413531
0.1341 0.346424
0.13415 0.440282
0.1342 0.432215
0.13425 0.346245
0.1343 0.424086
0.13435 0.442878
0.1344 0.386399
0.13445 0.480497
0.1345 0.410549
0.13455 0.364751
0.1346 0.472403
0.13465 0.388901
0.1347 0.388851
0.13475 0.337577
0.1348 0.375247
0.13485 0.396771
0.1349 0.385931
0.13495 0.348079
0.135 0.391215
0.13505 0.415485
0.1351 0.40194
0.13515 0.412716
0.1352 0.339649
0.13525 0.409919
0.1353 0.407178
0.13535 0.388186
0.1354 0.306866
0.13545 0.431416
0.1355 0.385311
0.13555 0.368987
0.1356 0.412331
0.13565 0.333593
0.1357 0.355223
0.13575 0.357865
0.1358 0.287151
0.13585 0.428363
0.1359 0.371244
0.13595 0.395662
0.136 0.362966
0.13605 0.32479
0.1361 0.428168
0.13615 0.357324
0.1362 0.354527
0.13625 0.419877
0.1363 0.340768
0.13635 0.406156
0.1364 0.430681
0.13645 0.386983
0.1365 0.416974
0.13655 0.411482
0.1366 0.359523
0.13665 0.400463
0.1367 0.375808
0.13675 0.326502
0.1368 0.375674
0.13685 0.413948
0.1369 0.411179
0.13695 0.312507
0.137 0.405597
0.13705 0.402819
0.1371 0.380837
0.13715 0.369807
0.1372 0.35602
0.13725 0.33398
0.1373 0.391579
0.13735 0.372297
0.1374 0.350245
0.13745 0.377669
0.1375 0.322593
0.13755 0.350017
0.1376 0.349941
0.13765 0.388421
0.1377 0.347048
0.13775 0.399334
0.1378 0.357939
0.13785 0.366143
0.1379 0.374356
0.13795 0.393618
0.138 0.346637
0.13805 0.407323
0.1381 0.385185
0.13815 0.365787
0.1382 0.349133
0.13825 0.373951
0.1383 0.454136
0.13835 0.398776
0.1384 0.371046
0.13845 0.409766
0.1385 0.37094
0.13855 0.401372
0.1386 0.329236
0.13865 0.381852
0.1387 0.417875
0.13875 0.348449
0.1388 0.35115
0.13885 0.378856
0.1389 0.367686
0.13895 0.320364
0.139 0.375888
0.13905 0.384178
0.1391 0.308987
0.13915 0.389619
0.1392 0.350583
0.13925 0.375583
0.1393 0.364379
0.13935 0.369891
0.1394 0.37262
0.13945 0.294442
0.1395 0.397595
0.13955 0.316587
0.1396 0.377935
0.13965 0.372293
0.1397 0.321925
0.13975 0.366567
0.1398 0.360911
0.13985 0.296491
0.1399 0.318771
0.13995 0.374675
0.14 0.327002
0.14005 0.32411
0.1401 0.343639
0.14015 0.461329
0.1402 0.427675
0.14025 0.335059
0.1403 0.354624
0.14035 0.329282
0.1404 0.379756
0.14045 0.410614
0.1405 0.306577
0.14055 0.309285
0.1406 0.382321
0.14065 0.421667
0.1407 0.342825
0.14075 0.297691
0.1408 0.379274
0.14085 0.398948
0.1409 0.345349
0.14095 0.331173
0.141 0.393149
0.14105 0.314091
0.1411 0.393037
0.14115 0.325219
0.1412 0.404229
0.14125 0.384413
0.1413 0.378711
0.14135 0.364519
0.1414 0.375773
0.14145 0.287989
0.1415 0.361479
0.14155 0.372743
0.1416 0.364188
0.14165 0.392466
0.1417 0.415104
0.14175 0.352686
0.1418 0.378149
0.14185 0.349717
0.1419 0.440493
0.14195 0.335405
0.142 0.409189
0.14205 0.400633
0.1421 0.320993
0.14215 0.366405
0.1422 0.383415
0.14225 0.400443
0.1423 0.400407
0.14235 0.374739
0.1424 0.306309
0.14245 0.431607
0.1425 0.328957
0.14255 0.368799
0.1426 0.363035
0.14265 0.265937
0.1427 0.382862
0.14275 0.359966
0.1428 0.345617
0.14285 0.334111
0.1429 0.365478
0.14295 0.373998
0.143 0.328168
0.14305 0.293738
0.1431 0.296491
0.14315 0.327887
0.1432 0.382236
0.14325 0.396518
0.1433 0.39648
0.14335 0.393574
0.1434 0.359106
0.14345 0.402092
0.1435 0.361864
0.14355 0.310106
0.1436 0.330119
0.14365 0.358775
0.1437 0.390336
0.14375 0.33565
0.1438 0.355709
0.14385 0.410325
0.1439 0.31529
0.14395 0.292156
0.144 0.343904
0.14405 0.366886
0.1441 0.438903
0.14415 0.418707
0.1442 0.366755
0.14425 0.340723
0.1443 0.389726
0.14435 0.331924
0.1444 0.409845
0.14445 0.406927
0.1445 0.404006
0.14455 0.35481
0.1446 0.27374
0.14465 0.31124
0.1447 0.296669
0.14475 0.351587
0.1448 0.322549
0.14485 0.348543
0.1449 0.336877
0.14495 0.357099
0.145 0.301916
0.14505 0.316324
0.1451 0.374292
0.14515 0.449744
0.1452 0.356784
0.14525 0.365438
0.1453 0.356659
0.14535 0.342055
0.1454 0.382707
0.14545 0.368111
0.1455 0.376788
0.14555 0.36509
0.1456 0.332989
0.14565 0.286285
0.1457 0.385283
0.14575 0.312339
0.1458 0.402672
0.14585 0.353034
0.1459 0.408429
0.14595 0.326641
0.146 0.323636
0.14605 0.399522
0.1461 0.393642
0.14615 0.294188
0.1462 0.337957
0.14625 0.399327
0.1463 0.352461
0.14635 0.352395
0.1464 0.334755
0.14645 0.334677
0.1465 0.36684
0.14655 0.366784
0.1466 0.34913
0.14665 0.313854
0.1467 0.334307
0.14675 0.328357
0.1468 0.351771
0.14685 0.313511
0.1469 0.319297
0.14695 0.375069
0.147 0.277966
0.14705 0.32198
0.1471 0.330723
0.14715 0.371859
0.1472 0.327632
0.14725 0.354064
0.1473 0.380523
0.14735 0.395217
0.1474 0.324405
0.14745 0.309571
0.1475 0.389154
0.14755 0.27989
0.1476 0.315212
0.14765 0.386018
0.1477 0.312101
0.14775 0.379997
0.1478 0.308983
0.14785 0.335511
0.1479 0.332476
0.14795 0.397518
0.148 0.335303
0.14805 0.367809
0.1481 0.35294
0.14815 0.343984
0.1482 0.287579
0.14825 0.367553
0.1483 0.278489
0.14835 0.337735
0.1484 0.313909
0.14845 0.346489
0.1485 0.325624
0.14855 0.346346
0.1486 0.313575
0.14865 0.310511
0.1487 0.360994
0.14875 0.429384
0.1488 0.316246
0.14885 0.378696
0.1489 0.333965
0.14895 0.378589
0.149 0.3696
0.14905 0.330782
0.1491 0.369483
0.14915 0.396287
0.1492 0.285808
0.14925 0.30063
0.1493 0.336376
0.14935 0.285506
0.1494 0.348167
0.14945 0.363051
0.1495 0.309157
0.14955 0.365913
0.1496 0.329943
0.14965 0.368787
0.1497 0.326805
0.14975 0.296765
0.1498 0.308653
0.14985 0.341539
0.1499 0.332472
0.14995 0.347396
0.15 0.40735
0.15005 0.31126
0.1501 0.299158
0.15015 0.38918
0.1502 0.286972
0.15025 0.386064
0.1503 0.370989
0.15035 0.307771
0.1504 0.349805
0.15045 0.370811
0.1505 0.355706
0.15055 0.388778
0.1506 0.364636
0.15065 0.29526
0.1507 0.31325
0.15075 0.325226
0.1508 0.36135
0.15085 0.349222
0.1509 0.355196
0.15095 0.300776
0.151 0.324848
0.15105 0.294548
0.1511 0.315609
0.15115 0.312499
0.1512 0.321486
0.15125 0.33956
0.1513 0.321328
0.15135 0.357582
0.1514 0.415075
0.15145 0.327185
0.1515 0.339231
0.15155 0.263361
0.1516 0.342099
0.15165 0.345065
0.1517 0.329824
0.15175 0.354036
0.1518 0.344865
0.15185 0.332647
0.1519 0.286988
0.15195 0.305124
0.152 0.356729
0.15205 0.362755
0.1521 0.338357
0.15215 0.320023
0.1522 0.280356
0.15225 0.365536
0.1523 0.371578
0.15235 0.374578
0.1524 0.337944
0.15245 0.356174
0.1525 0.3073
0.15255 0.331626
0.1526 0.365135
0.15265 0.377299
0.1527 0.322265
0.15275 0.349689
0.1528 0.37714
0.15285 0.334284
0.1529 0.321976
0.15295 0.315776
0.153 0.297326
0.15305 0.306416
0.1531 0.36146
0.15315 0.37979
0.1532 0.321513
0.15325 0.333697
0.1533 0.361228
0.15335 0.327426
0.1534 0.376454
0.15345 0.2751
0.1535 0.314913
0.15355 0.324045
0.1536 0.342405
0.15365 0.357709
0.1537 0.363803
0.15375 0.296079
0.1538 0.363677
0.15385 0.308221
0.1539 0.323528
0.15395 0.33269
0.154 0.360347
0.15405 0.298653
0.1541 0.35097
0.15415 0.310818
0.1542 0.375517
0.15425 0.323011
0.1543 0.298237
0.15435 0.359903
0.1544 0.353671
0.15445 0.393783
0.1545 0.344295
0.15455 0.353507
0.1546 0.34417
0.15465 0.337918
0.1547 0.396655
0.15475 0.322321
0.1548 0.331534
0.15485 0.374834
0.1549 0.275622
0.15495 0.331314
0.155 0.300232
0.15505 0.328058
0.1551 0.355911
0.15515 0.358959
0.1552 0.34338
0.15525 0.358846
0.1553 0.312187
0.15535 0.268591
0.1554 0.324441
0.15545 0.355465
0.1555 0.271412
0.15555 0.302422
0.1556 0.292993
0.15565 0.345835
0.1557 0.361348
0.15575 0.333252
0.1558 0.273959
0.15585 0.326857
0.1559 0.333021
0.15595 0.304871
0.156 0.273573
0.15605 0.301563
0.1561 0.36081
0.15615 0.30765
0.1562 0.329439
0.15625 0.351249
0.1563 0.363699
0.15635 0.326113
0.1564 0.301007
0.15645 0.360387
0.1565 0.294584
0.15655 0.338338
0.1566 0.244282
0.15665 0.306836
0.1567 0.360045
0.15675 0.325497
0.1568 0.309738
0.15685 0.293964
0.1569 0.315843
0.15695 0.334603
0.157 0.312548
0.15705 0.312466
0.1571 0.262096
0.15715 0.293422
0.1572 0.309053
0.15725 0.334137
0.1573 0.290011
0.15735 0.340283
0.1574 0.327623
0.15745 0.396851
0.1575 0.308595
0.15755 0.283295
0.1576 0.374632
0.15765 0.352512
0.1577 0.283046
0.15775 0.333442
0.1578 0.298647
0.15785 0.301715
0.1579 0.345853
0.15795 0.339473
0.158 0.323604
0.15805 0.348826
0.1581 0.32979
0.15815 0.336048
0.1582 0.282177
0.15825 0.282077
0.1583 0.383321
0.15835 0.288245
0.1584 0.354698
0.15845 0.300754
0.1585 0.300666
0.15855 0.31961
0.1586 0.300496
0.15865 0.300408
0.1587 0.271745
0.15875 0.287519
0.1588 0.246122
0.15885 0.300026
0.1589 0.268148
0.15895 0.2903
0.159 0.388817
0.15905 0.306053
0.1591 0.340982
0.15915 0.325
0.1592 0.366333
0.15925 0.302567
0.1593 0.334351
0.15935 0.235457
0.1594 0.299109
0.15945 0.381961
0.1595 0.36597
0.15955 0.266972
0.1596 0.343496
0.15965 0.308302
0.1597 0.28266
0.15975 0.317718
0.1598 0.276081
0.15985 0.301563
0.1599 0.327069
0.15995 0.378199
0.16 0.326945
0.16005 0.246825
0.1601 0.32678
0.16015 0.313894
0.1602 0.320226
0.16025 0.32977
0.1603 0.316874
0.16035 0.29755
0.1604 0.380896
0.16045 0.27493
0.1605 0.306938
0.16055 0.355036
0.1606 0.345345
0.16065 0.326003
0.1607 0.351653
0.16075 0.338735
0.1608 0.332239
0.16085 0.380443
0.1609 0.328903
0.16095 0.290195
0.161 0.325534
0.16105 0.264246
0.1611 0.322152
0.16115 0.32208
0.1612 0.341358
0.16125 0.312264
0.1613 0.321867
0.16135 0.328251
0.1614 0.286206
0.16145 0.389472
0.1615 0.295743
0.16155 0.295655
0.1616 0.334363
0.16165 0.327831
0.1617 0.285708
0.16175 0.292086
0.1618 0.347025
0.16185 0.259543
0.1619 0.275628
0.16195 0.346808
0.162 0.252763
0.16205 0.281827
0.1621 0.317404
0.16215 0.310842
0.1622 0.294539
0.16225 0.369109
0.1623 0.307374
0.16235 0.29755
0.1624 0.307211
0.16245 0.303881
0.1625 0.33956
0.16255 0.381776
0.1626 0.339453
0.16265 0.316615
0.1627 0.329561
0.16275 0.349031
0.1628 0.309893
0.16285 0.267461
0.1629 0.280393
0.16295 0.345497
0.163 0.319353
0.16305 0.289923
0.1631 0.283307
0.16315 0.312589
0.1632 0.289658
0.16325 0.34509
0.1633 0.325432
0.16335 0.295952
0.1634 0.289328
0.16345 0.282698
0.1635 0.292417
0.16355 0.266153
0.1636 0.32169
0.16365 0.318346
0.1637 0.314999
0.16375 0.288717
0.1638 0.321397
0.16385 0.259045
0.1639 0.285169
0.16395 0.281797
0.164 0.317794
0.16405 0.386644
0.1641 0.340652
0.16415 0.317606
0.1642 0.314249
0.16425 0.297745
0.1643 0.251643
0.16435 0.294275
0.1644 0.330368
0.16445 0.297404
0.1645 0.379595
0.16455 0.284093
0.1646 0.303759
0.16465 0.280621
0.1647 0.293707
0.16475 0.277141
0.1648 0.286936
0.16485 0.276952
0.1649 0.316444
0.16495 0.316372
0.165 0.309698
0.16505 0.332736
0.1651 0.299644
0.16515 0.316082
0.1652 0.279655
0.16525 0.312621
0.1653 0.335696
0.16535 0.26286
0.1654 0.285919
0.16545 0.315619
0.1655 0.355279
0.16555 0.358543
0.1656 0.272359
0.16565 0.331913
0.1657 0.308646
0.16575 0.315202
0.1658 0.295228
0.16585 0.278554
0.1659 0.27846
0.16595 0.298286
0.166 0.334735
0.16605 0.308099
0.1661 0.33793
0.16615 0.297984
0.1662 0.304552
0.16625 0.317778
0.1663 0.344324
0.16635 0.264398
0.1664 0.320889
0.16645 0.270871
0.1665 0.307414
0.16655 0.267354
0.1666 0.337247
0.16665 0.293847
0.1667 0.303768
0.16675 0.347058
0.1668 0.330321
0.16685 0.296879
0.1669 0.360238
0.16695 0.363534
0.167 0.28999
0.16705 0.28322
0.1671 0.289816
0.16715 0.359954
0.1672 0.31308
0.16725 0.376582
0.1673 0.333037
0.16735 0.353065
0.1674 0.326225
0.16745 0.332861
0.1675 0.356258
0.16755 0.346156
0.1676 0.362869
0.16765 0.342703
0.1677 0.329229
0.16775 0.322455
0.1678 0.268677
0.16785 0.282011
0.1679 0.322229
0.16795 0.295283
0.168 0.342255
0.16805 0.325391
0.1681 0.335416
0.16815 0.298354
0.1682 0.254529
0.16825 0.277985
0.1683 0.28126
0.16835 0.362002
0.1684 0.308056
0.16845 0.324832
0.1685 0.348365
0.16855 0.257271
0.1686 0.29427
0.16865 0.263822
0.1687 0.277222
0.16875 0.273754
0.1688 0.331069
0.16885 0.310741
0.1689 0.330943
0.16895 0.330883
0.169 0.35449
0.16905 0.371354
0.1691 0.310424
0.16915 0.320504
0.1692 0.286588
0.16925 0.293274
0.1693 0.27287
0.16935 0.208404
0.1694 0.323498
0.16945 0.299704
0.1695 0.27928
0.16955 0.306326
0.1696 0.296073
0.16965 0.228113
0.1697 0.316263
0.16975 0.289027
0.1698 0.312722
0.16985 0.339836
0.1699 0.292196
0.16995 0.319314
0.17 0.203614
0.17005 0.308942
0.1701 0.332691
0.17015 0.315613
0.1702 0.27128
0.17025 0.30184
0.1703 0.216589
0.17035 0.274399
0.1704 0.345896
0.17045 0.281056
0.1705 0.291201
0.17055 0.304767
0.1706 0.287628
0.17065 0.263646
0.1707 0.386488
0.17075 0.29423
0.1708 0.290733
0.17085 0.297487
0.1709 0.32818
0.17095 0.29392
0.171 0.290419
0.17105 0.351933
0.1711 0.269735
0.17115 0.338121
0.1712 0.272992
0.17125 0.29003
0.1713 0.255678
0.17135 0.324136
0.1714 0.293213
0.17145 0.299993
0.1715 0.293055
0.17155 0.365047
0.1716 0.334112
0.17165 0.296282
0.1717 0.347729
0.17175 0.292705
0.1718 0.237633
0.17185 0.230645
0.1719 0.275236
0.17195 0.278586
0.172 0.292262
0.17205 0.302508
0.1721 0.292105
0.17215 0.261029
0.1722 0.302271
0.17225 0.319427
0.1723 0.298681
0.17235 0.308949
0.1724 0.319226
0.17245 0.263962
0.1725 0.253513
0.17255 0.315547
0.1726 0.356917
0.17265 0.363783
0.1727 0.2981
0.17275 0.246184
0.1728 0.291019
0.17285 0.325519
0.1729 0.283951
0.17295 0.280407
0.173 0.287243
0.17305 0.304471
0.1731 0.266306
0.17315 0.311244
0.1732 0.290386
0.17325 0.259112
0.1733 0.290217
0.17335 0.307477
0.1734 0.276186
0.17345 0.401018
0.1735 0.282988
0.17355 0.338456
0.1736 0.261998
0.17365 0.334856
0.1737 0.348702
0.17375 0.303468
0.1738 0.324258
0.17385 0.317242
0.1739 0.303262
0.17395 0.33451
0.174 0.306608
0.17405 0.303056
0.1741 0.292535
0.17415 0.285489
0.1742 0.281922
0.17425 0.337614
0.1743 0.302692
0.17435 0.274716
0.1744 0.319985
0.17445 0.309453
0.1745 0.312876
0.17455 0.267414
0.1746 0.284787
0.17465 0.309163
0.1747 0.323075
0.17475 0.347487
0.1748 0.350938
0.17485 0.319412
0.1749 0.277362
0.17495 0.315776
0.175 0.259696
0.17505 0.301624
0.1751 0.294546
0.17515 0.32951
0.1752 0.294404
0.17525 0.322376
0.1753 0.343358
0.17535 0.252102
0.1754 0.241475
0.17545 0.343159
0.1755 0.290446
0.17555 0.25876
0.1756 0.293794
0.17565 0.311288
0.1757 0.349887
0.17575 0.286555
0.1758 0.353298
0.17585 0.300486
0.1759 0.34968
0.17595 0.279236
0.176 0.279152
0.17605 0.272024
0.1761 0.250798
0.17615 0.324702
0.1762 0.275294
0.17625 0.261104
0.1763 0.236321
0.17635 0.253853
0.1764 0.299632
0.17645 0.31721
0.1765 0.338334
0.17655 0.249984
0.1766 0.260483
0.17665 0.278059
0.1767 0.26737
0.17675 0.334464
0.1768 0.330875
0.17685 0.302517
0.1769 0.274135
0.17695 0.341309
0.177 0.316474
0.17705 0.298702
0.1771 0.309259
0.17715 0.263121
0.1772 0.302024
0.17725 0.273586
0.1773 0.358628
0.17735 0.262794
0.1774 0.252055
0.17745 0.283907
0.1775 0.344194
0.17755 0.340596
0.1776 0.290806
0.17765 0.294284
0.1777 0.2871
0.17775 0.311914
0.1778 0.315407
0.17785 0.326019
0.1779 0.279696
0.17795 0.290294
0.178 0.258169
0.17805 0.243827
0.1781 0.279355
0.17815 0.318477
0.1782 0.268507
0.17825 0.289815
0.1783 0.311141
0.17835 0.339621
0.1784 0.332435
0.17845 0.325243
0.1785 0.278764
0.17855 0.314402
0.1786 0.296475
0.17865 0.282107
0.1787 0.296327
0.17875 0.242615
0.1788 0.263975
0.17885 0.353335
0.1789 0.328242
0.17895 0.295968
0.179 0.281572
0.17905 0.267164
0.1791 0.320821
0.17915 0.281339
0.1792 0.292014
0.17925 0.370832
0.1793 0.266779
0.17935 0.277455
0.1794 0.349153
0.17945 0.309621
0.1795 0.323921
0.17955 0.284353
0.1796 0.284275
0.17965 0.345295
0.1797 0.284136
0.17975 0.323614
0.1798 0.355931
0.17985 0.312717
0.1799 0.29466
0.17995 0.229788
0.18 0.305301
0.18005 0.355663
0.1801 0.341213
0.18015 0.261879
0.1802 0.333889
0.18025 0.337445
0.1803 0.247222
0.18035 0.3265
0.1804 0.322837
0.18045 0.301121
0.1805 0.304664
0.18055 0.275702
0.1806 0.272007
0.18065 0.311677
0.1807 0.308
0.18075 0.297088
0.1808 0.264465
0.18085 0.318647
0.1809 0.213638
0.18095 0.369182
0.181 0.282248
0.18105 0.30028
0.1811 0.343688
0.18115 0.253044
0.1812 0.300075
0.18125 0.263747
0.1813 0.307183
0.18135 0.278095
0.1814 0.281644
0.18145 0.285196
0.1815 0.230655
0.18155 0.295925
0.1816 0.274057
0.18165 0.277609
0.1817 0.270259
0.18175 0.288355
0.1818 0.31374
0.18185 0.2773
0.1819 0.295415
0.18195 0.393625
0.182 0.342635
0.18205 0.309813
0.1821 0.291536
0.18215 0.244092
0.1822 0.254929
0.18225 0.232961
0.1823 0.291209
0.18235 0.320321
0.1824 0.30202
0.18245 0.316554
0.1825 0.287288
0.18255 0.221478
0.1826 0.30904
0.18265 0.290708
0.1827 0.221191
0.18275 0.286889
0.1828 0.374583
0.18285 0.257501
0.1829 0.294001
0.18295 0.315891
0.183 0.257257
0.18305 0.271815
0.1831 0.290048
0.18315 0.278984
0.1832 0.297231
0.18325 0.253171
0.1833 0.253079
0.18335 0.282331
0.1834 0.267579
0.18345 0.300525
0.1835 0.263749
0.18355 0.226943
0.1836 0.237856
0.18365 0.267148
0.1837 0.248689
0.18375 0.303735
0.1838 0.340441
0.18385 0.266837
0.1839 0.303543
0.18395 0.296119
0.184 0.288689
0.18405 0.266525
0.1841 0.27749
0.18415 0.332672
0.1842 0.306829
0.18425 0.303081
0.1843 0.284582
0.18435 0.255004
0.1844 0.288115
0.18445 0.310183
0.1845 0.239994
0.18455 0.350656
0.1846 0.2546
0.18465 0.269286
0.1847 0.254424
0.18475 0.23955
0.1848 0.36515
0.18485 0.27267
0.1849 0.265192
0.18495 0.328008
0.185 0.231732
0.18505 0.279756
0.1851 0.246353
0.18515 0.287003
0.1852 0.268406
0.18525 0.320208
0.1853 0.249721
0.18535 0.283001
0.1854 0.30889
0.18545 0.2977
0.1855 0.28279
0.18555 0.245596
0.1856 0.286345
0.18565 0.223135
0.1857 0.275039
0.18575 0.263813
0.1858 0.282314
0.18585 0.278522
0.1859 0.282165
0.18595 0.304411
0.186 0.293186
0.18605 0.31545
0.1861 0.315394
0.18615 0.330234
0.1862 0.330186
0.18625 0.307782
0.1863 0.363627
0.18635 0.277853
0.1864 0.270319
0.18645 0.318729
0.1865 0.26271
0.18655 0.277554
0.1866 0.314808
0.18665 0.258742
0.1867 0.273596
0.18675 0.239894
0.1868 0.273431
0.18685 0.318209
0.1869 0.254592
0.18695 0.250764
0.187 0.318012
0.18705 0.310474
0.1871 0.344103
0.18715 0.310367
0.1872 0.227919
0.18725 0.328959
0.1873 0.325164
0.18735 0.265146
0.1874 0.250068
0.18745 0.223728
0.1875 0.302395
0.18755 0.276069
0.1876 0.291005
0.18765 0.324723
0.1877 0.257083
0.18775 0.294557
0.1878 0.249407
0.18785 0.268107
0.1879 0.222919
0.18795 0.298015
0.188 0.301712
0.18805 0.248982
0.1881 0.297811
0.18815 0.320331
0.1882 0.324044
0.18825 0.211014
0.1883 0.20337
0.18835 0.293688
0.1884 0.255932
0.18845 0.255846
0.1885 0.267073
0.18855 0.289625
0.1886 0.29333
0.18865 0.274394
0.1887 0.278093
0.18875 0.262915
0.1888 0.251502
0.18885 0.274082
0.1889 0.289122
0.18895 0.258814
0.189 0.292759
0.18905 0.251091
0.1891 0.277484
0.18915 0.311466
0.1892 0.231925
0.18925 0.250757
0.1893 0.280965
0.18935 0.349077
0.1894 0.273261
0.18945 0.276975
0.1895 0.265528
0.18955 0.284408
0.1896 0.26158
0.18965 0.238734
0.1897 0.287975
0.18975 0.253743
0.1898 0.318206
0.18985 0.32575
0.1899 0.276315
0.18995 0.272441
0.19 0.298972
0.19005 0.287504
0.1901 0.211376
0.19015 0.272132
0.1902 0.234006
0.19025 0.25294
0.1903 0.252854
0.19035 0.275616
0.1904 0.290778
0.19045 0.271662
0.1905 0.241098
0.19055 0.24863
0.1906 0.267607
0.19065 0.324739
0.1907 0.294171
0.19075 0.313187
0.1908 0.271146
0.19085 0.259616
0.1909 0.240439
0.19095 0.278547
0.191 0.312864
0.19105 0.31281
0.1911 0.282172
0.19115 0.282102
0.1912 0.262907
0.19125 0.255175
0.1913 0.270399
0.19135 0.300947
0.1914 0.277913
0.19145 0.258691
0.1915 0.319905
0.19155 0.281535
0.1916 0.269966
0.19165 0.235384
0.1917 0.277475
0.19175 0.254387
0.1918 0.315695
0.19185 0.284939
0.1919 0.257998
0.19195 0.277116
0.192 0.26168
0.19205 0.307704
0.1921 0.296119
0.19215 0.249929
0.1922 0.307518
0.19225 0.315154
0.1923 0.245856
0.19235 0.249616
0.1924 0.338057
0.19245 0.264867
0.1925 0.287895
0.19255 0.322497
0.1926 0.245389
0.19265 0.260717
0.1927 0.229797
0.19275 0.310677
0.1928 0.252768
0.19285 0.29898
0.1929 0.252612
0.19295 0.341308
0.193 0.26405
0.19305 0.306454
0.1931 0.267768
0.19315 0.244508
0.1932 0.27534
0.19325 0.298464
0.1933 0.244266
0.19335 0.267386
0.1934 0.271179
0.19345 0.267235
0.1935 0.30974
0.19355 0.294198
0.1936 0.239914
0.19365 0.259194
0.1937 0.220364
0.19375 0.270652
0.1938 0.278332
0.19385 0.258872
0.1939 0.254913
0.19395 0.231551
0.194 0.270267
0.19405 0.231373
0.1941 0.316705
0.19415 0.301119
0.1942 0.363221
0.19425 0.301019
0.1943 0.246543
0.19435 0.238681
0.1944 0.265814
0.19445 0.238508
0.1945 0.257873
0.19455 0.288929
0.1946 0.312223
0.19465 0.292701
0.1947 0.284849
0.19475 0.276991
0.1948 0.335376
0.19485 0.284662
0.1949 0.280697
0.19495 0.237729
0.195 0.288352
0.19505 0.299994
0.1951 0.245294
0.19515 0.27644
0.1952 0.319325
0.19525 0.288029
0.1953 0.272337
0.19535 0.326977
0.1954 0.323024
0.19545 0.252598
0.1955 0.256427
0.19555 0.307203
0.1956 0.307149
0.19565 0.295353
0.1957 0.201333
0.19575 0.279545
0.1958 0.299062
0.19585 0.310758
0.1959 0.244083
0.19595 0.310637
0.196 0.267454
0.19605 0.330132
0.1961 0.275168
0.19615 0.204466
0.1962 0.286785
0.19625 0.263165
0.1963 0.200257
0.19635 0.294421
0.1964 0.290432
0.19645 0.27465
0.1965 0.317821
0.19655 0.274521
0.1966 0.313781
0.19665 0.238985
0.1967 0.199547
0.19675 0.289967
0.1968 0.333212
0.19685 0.29773
0.1969 0.293733
0.19695 0.266093
0.197 0.333016
0.19705 0.28173
0.1971 0.297436
0.19715 0.336818
0.1972 0.261825
0.19725 0.253857
0.1973 0.269565
0.19735 0.249753
0.1974 0.289161
0.19745 0.253549
0.1975 0.261371
0.19755 0.308719
0.1976 0.245419
0.19765 0.257197
0.1977 0.304579
0.19775 0.304525
0.1978 0.272815
0.19785 0.260871
0.1979 0.288508
0.19795 0.320126
0.198 0.328002
0.19805 0.30815
0.1981 0.343765
0.19815 0.296163
0.1982 0.34765
0.19825 0.284162
0.1983 0.204758
0.19835 0.276078
0.1984 0.252196
0.19845 0.267996
0.1985 0.228214
0.19855 0.22415
0.1986 0.251867
0.19865 0.263709
0.1987 0.25171
0.19875 0.23175
0.1988 0.255522
0.19885 0.331026
0.1989 0.303133
0.19895 0.299099
0.199 0.330891
0.19905 0.235283
0.1991 0.235195
0.19915 0.255027
0.1992 0.246979
0.19925 0.274799
0.1993 0.30264
0.19935 0.266694
0.1994 0.286567
0.19945 0.286505
0.1995 0.214605
0.19955 0.286363
0.1996 0.286301
0.19965 0.258281
0.1997 0.27019
0.19975 0.234156
0.1998 0.274038
0.19985 0.221996
0.1999 0.30988
