0.025517 -0.0250000004 5.62212139e-05 -0.000998418337 synchronous_release_0
0.03948 -0.0250000004 0.0349446418 0.00196774249 synchronous_release_0
0.040506 -0.0250000004 0.0157682059 0.0312468188 synchronous_release_1
0.023713 -0.0250000004 -0.0157054933 -0.0312783868 synchronous_release_0
0.044186 -0.0250000004 -0.000893668194 0.000448728381 synchronous_release_0
0.026993 -0.0250000004 0.0342742365 -0.00709060721 synchronous_release_0
0.037905 -0.0250000004 -0.0109964723 0.0332276631 synchronous_release_1
0.025698 -0.0250000004 0.034732281 -0.00432072417 synchronous_release_0
0.024223 -0.0250000004 0.0255315113 -0.0239403829 synchronous_release_0
0.028001 -0.0250000004 0.00796722411 0.0340811288 synchronous_release_0
0.029281 -0.0250000004 0.0334987354 0.0101407459 synchronous_release_0
0.030182 -0.0250000004 -0.0334987354 -0.0101407459 synchronous_release_0
0.035275 -0.0250000004 -0.000684010939 -0.000729471751 synchronous_release_0
0.02633 -0.0250000004 -0.0255315113 0.0239403829 synchronous_release_1
0.03404 -0.0250000004 -0.00796722411 -0.0340811288 synchronous_release_2
0.017356 -0.0250000004 0.0306047037 0.0169809337 synchronous_release_0
0.023525 -0.0250000004 0.000596431928 0.0349949178 synchronous_release_0
0.004581 -0.0250000004 0.0218264449 0.0273606707 synchronous_release_0
0.01278 -0.0250000004 -0.0218264449 -0.0273606707 synchronous_release_0
0.018626 -0.0250000004 0.0346082584 -0.00522192043 synchronous_release_0
0.038727 -0.0250000004 0.0127818134 -0.0325825911 synchronous_release_0
0.008688 -0.0250000004 0.0332036946 0.0110686342 synchronous_release_0
0.003396 -0.0250000004 0.0347902081 -0.00382641126 synchronous_release_0
0.005707 -0.0250000004 -0.00844999468 -0.0339646521 synchronous_release_0
0.02471 -0.0250000004 0.00844999468 0.0339646521 synchronous_release_0
0.023914 -0.0250000004 -0.0224347417 0.0268641465 synchronous_release_1
0.024787 -0.0250000004 -0.0161081837 -0.031072921 synchronous_release_0
0.034742 -0.0250000004 0.0161081837 0.031072921 synchronous_release_0
0.042465 -0.0250000004 0.0349640308 0.00158636416 synchronous_release_0
0.004953 -0.0250000004 0.0320065579 -0.0141626358 synchronous_release_0
0.006885 -0.0250000004 0.03045105 -0.0172549574 synchronous_release_0
0.026308 -0.0250000004 0.000282293529 -0.0349988616 synchronous_release_0
0.02479 -0.0250000004 0.00093981883 0.000341673188 synchronous_release_0
0.0146 -0.0250000004 0.013696697 -0.0322087021 synchronous_release_0
0.023438 -0.0250000004 0.0347419027 -0.00424266348 synchronous_release_1
0.008553 -0.0250000004 0.0147313055 0.0317488368 synchronous_release_0
0.022569 -0.0250000004 -0.0147313055 -0.0317488368 synchronous_release_0
0.023626 -0.0250000004 0.034860952 0.00311673362 synchronous_release_0
0.028108 -0.0250000004 0.0201296465 -0.0286321032 synchronous_release_0
0.008143 -0.0250000004 -0.0292474107 0.0192246969 synchronous_release_0
0.029449 -0.0250000004 0.0292474107 -0.0192246969 synchronous_release_1
0.023641 -0.0250000004 0.030144195 0.0177855983 synchronous_release_0
0.024024 -0.0250000004 -0.00250885727 -0.0349099647 synchronous_release_0
0.026447 -0.0250000004 0.012543111 -0.0326752256 synchronous_release_0
0.024018 -0.0250000004 0.0345691309 -0.00547496004 synchronous_release_1
0.005511 -0.0250000004 0.0346547456 -0.0049039381 synchronous_release_0
0.025341 -0.0250000004 0.0130804378 -0.0324638591 synchronous_release_0
0.038976 -0.0250000004 0.0215743078 0.027559921 synchronous_release_0
0.006878 -0.0250000004 0.0214378849 0.0276661723 synchronous_release_0
0.023912 -0.0250000004 0.000342967618 0.000939347227 synchronous_release_0
0.038804 -0.0250000004 0.0328771529 -0.0120038666 synchronous_release_0
0.023351 -0.0250000004 -0.00022324878 0.0009747615 synchronous_release_0
0.023678 -0.0250000004 0.0129524344 0.0325151417 synchronous_release_0
0.034263 -0.0250000004 0.00568704883 0.0345348733 synchronous_release_0
0.032135 -0.0250000004 -0.000986710666 0.00016248711 synchronous_release_1
0.045363 -0.0250000004 0.032751602 0.0123423079 synchronous_release_1
0.005333 -0.0250000004 -0.00367709298 -0.0348063067 synchronous_release_0
0.041967 -0.0250000004 -0.0283045993 0.0205876093 synchronous_release_0
0.023451 -0.0250000004 0.00813209345 -0.0340421659 synchronous_release_0
0.036643 -0.0250000004 -0.0254153337 -0.0240636824 synchronous_release_1
0.024569 -0.0250000004 0.0289790831 0.0196268373 synchronous_release_1
0.008289 -0.0250000004 0.0317228566 0.014787169 synchronous_release_0
0.02395 -0.0250000004 0.0337890738 -0.00912680069 synchronous_release_0
0.035859 -0.0250000004 0.00899049565 -0.0338255966 synchronous_release_0
0.028869 -0.0250000004 -0.0247985782 -0.0246987959 synchronous_release_1
0.024262 -0.0250000004 0.00506743113 -0.0346312163 synchronous_release_0
0.031032 -0.0250000004 -0.0325252286 0.0129270841 synchronous_release_0
0.023538 -0.0250000004 0.0334218909 -0.0103912083 synchronous_release_0
0.003837 -0.0250000004 -0.00699365321 0.0342941513 synchronous_release_0
0.003433 -0.0250000004 0.034913149 0.00246414846 synchronous_release_0
0.023486 -0.0250000004 0.0195905897 -0.0290035997 synchronous_release_0
0.02868 -0.0250000004 -0.0153225593 -0.0314677482 synchronous_release_0
0.024329 -0.0250000004 0.000497911785 -0.000867227683 synchronous_release_0
0.048289 -0.0250000004 -8.43355343e-05 -0.0349998984 synchronous_release_1
0.024665 -0.0250000004 7.28174845e-05 -0.0349999243 synchronous_release_0
0.038138 -0.0250000004 0.0302744148 0.0175630239 synchronous_release_0
0.003281 -0.0250000004 0.0240776675 -0.0254020851 synchronous_release_0
0.005705 -0.0250000004 0.00996001732 0.0335529143 synchronous_release_0
0.020651 -0.0250000004 -0.000958654693 0.000284571923 synchronous_release_0
0.03502 -0.0250000004 0.0250544931 0.0244391566 synchronous_release_0
0.023238 -0.0250000004 0.0240615077 0.0254173926 synchronous_release_0
0.026115 -0.0250000004 0.0340428615 -0.00812918065 synchronous_release_1
0.024761 -0.0250000004 -0.0326232616 -0.0126776498 synchronous_release_0
0.043455 -0.0250000004 -0.0333990978 0.0104642374 synchronous_release_0
0.023933 -0.0250000004 0.0333990978 -0.0104642374 synchronous_release_1
0.023766 -0.0250000004 0.0338177556 0.009019945 synchronous_release_0
0.034809 -0.0250000004 -0.00909737628 -0.0337970079 synchronous_release_1
0.024441 -0.0250000004 0.0233281363 -0.0260921072 synchronous_release_0
0.005044 -0.0250000004 0.0346366786 0.00502995952 synchronous_release_0
0.028488 -0.0250000004 0.0129622666 0.0325112234 synchronous_release_0
0.042985 -0.0250000004 0.034930571 -0.00220345348 synchronous_release_0
0.025202 -0.0250000004 -0.0155570388 0.0313524886 synchronous_release_1
0.006685 -0.0250000004 0.00870743427 0.0338995662 synchronous_release_0
0.030918 -0.0250000004 0.000968559034 -0.000248783836 synchronous_release_0
0.037859 -0.0250000004 0.0338276663 0.0089827052 synchronous_release_0
0.028739 -0.0250000004 0.024693084 -0.0248042658 synchronous_release_1
0.025471 -0.0250000004 -0.034214692 -0.00737257447 synchronous_release_0
0.03494 -0.0250000004 -0.000653489581 -0.0349938988 synchronous_release_0
0.006653 -0.0250000004 0.0306323501 0.0169310108 synchronous_release_1
0.033351 -0.0250000004 0.0343319137 -0.00680585787 synchronous_release_0
0.023416 -0.0250000004 0.029524932 0.0187957014 synchronous_release_0
0.032037 -0.0250000004 -0.0015150889 0.0349671918 synchronous_release_0
0.040405 -0.0250000004 0.0015150889 -0.0349671918 synchronous_release_1
0.003337 -0.0250000004 0.0349432694 0.00199196473 synchronous_release_0
0.023858 -0.0250000004 0.0157465426 0.0312577414 synchronous_release_1
0.024108 -0.0250000004 -0.030381213 0.0173776264 synchronous_release_0
0.028126 -0.0250000004 0.000141140581 -0.0349997154 synchronous_release_0
0.034428 -0.0250000004 -0.000141140581 0.0349997154 synchronous_release_0
0.006272 -0.0250000004 0.00751595946 -0.0341834807 synchronous_release_0
0.02793 -0.0250000004 0.000976670877 0.000214741699 synchronous_release_0
0.003501 -0.0250000004 0.0344885628 0.00596146256 synchronous_release_0
0.023551 -0.0250000004 0.0120815034 0.0328487028 synchronous_release_0
0.02372 -0.0250000004 0.0224070594 -0.0268872402 synchronous_release_0
0.02349 -0.0250000004 0.0270556375 -0.0222034339 synchronous_release_0
0.029575 -0.0250000004 0.0327565566 0.0123291524 synchronous_release_0
0.00405 -0.0250000004 0.00833293378 -0.0339935614 synchronous_release_0
0.02432 -0.0250000004 0.0244898386 -0.0250049556 synchronous_release_0
0.028661 -0.0250000004 0.0338998461 0.00870634458 synchronous_release_0
0.024254 -0.0250000004 0.0175231381 0.0302975185 synchronous_release_0
0.024974 -0.0250000004 -0.00335821821 -0.0348385185 synchronous_release_0
0.029456 -0.0250000004 0.0284919329 -0.0203275615 synchronous_release_1
0.027522 -0.0250000004 0.000296626735 -0.034998743 synchronous_release_0
0.004436 -0.0250000004 0.0315952071 0.0150579843 synchronous_release_0
0.023861 -0.0250000004 0.027708942 -0.0213825755 synchronous_release_1
0.023556 -0.0250000004 0.0324535677 -0.0131059506 synchronous_release_0
0.039776 -0.0250000004 0.02757687 0.0215526388 synchronous_release_0
0.027762 -0.0250000004 -0.000981664372 -0.000190617576 synchronous_release_0
0.040151 -0.0250000004 0.0330909275 -0.0114013383 synchronous_release_0
0.026061 -0.0250000004 0.0264193124 0.0229569147 synchronous_release_1
0.024193 -0.0250000004 -0.000830521122 0.000556987133 synchronous_release_0
0.0291 -0.0250000004 0.0154265588 -0.0314168949 synchronous_release_0
0.04369 -0.0250000004 0.0194945497 0.0290682393 synchronous_release_0
0.008601 -0.0250000004 0.0304800413 -0.0172036939 synchronous_release_0
0.023825 -0.0250000004 0.0301388566 0.0177946431 synchronous_release_0
0.033443 -0.0250000004 -0.0174484695 -0.0303405819 synchronous_release_0
0.023919 -0.0250000004 0.0221555192 0.0270948883 synchronous_release_0
0.023991 -0.0250000004 -0.000774139665 0.000633014833 synchronous_release_2
0.024002 -0.0250000004 -0.0347477882 -0.00419418834 synchronous_release_0
0.023693 -0.0250000004 0.0213324271 0.0277475684 synchronous_release_0
0.023429 -0.0250000004 0.0234970528 -0.0259400947 synchronous_release_0
0.03275 -0.0250000004 -0.000210828493 0.000977523067 synchronous_release_0
0.034257 -0.0250000004 -0.0342133073 -0.00737899726 synchronous_release_0
0.025068 -0.0250000004 -0.00593445414 -0.0344932204 synchronous_release_0
0.031743 -0.0250000004 0.0293748072 0.0190294693 synchronous_release_0
0.043672 -0.0250000004 -0.000454988417 -0.000890497356 synchronous_release_0
0.036286 -0.0250000004 -0.00179260027 0.0349540639 synchronous_release_1
0.040136 -0.0250000004 0.0311674075 -0.0159245946 synchronous_release_1
0.025178 -0.0250000004 0.0349574165 -0.00172598758 synchronous_release_0
0.005129 -0.0250000004 0.0228839647 -0.0264825255 synchronous_release_0
0.030212 -0.0250000004 -0.000756643586 -0.000653827564 synchronous_release_0
0.02504 -0.0250000004 -0.000383826008 0.000923405434 synchronous_release_0
0.030987 -0.0250000004 0.00452548754 0.0347061949 synchronous_release_0
0.023502 -0.0250000004 0.0323191902 0.0134339103 synchronous_release_1
0.025342 -0.0250000004 0.0240378941 0.0254397258 synchronous_release_0
0.038471 -0.0250000004 -0.000726849307 0.000686796975 synchronous_release_0
0.027014 -0.0250000004 0.00108412034 0.0349832057 synchronous_release_0
0.034261 -0.0250000004 0.0297542847 -0.0184304786 synchronous_release_0
0.024996 -0.0250000004 0.0214677417 -0.0276430111 synchronous_release_0
0.02837 -0.0250000004 0.0273650569 0.0218209454 synchronous_release_0
0.023845 -0.0250000004 0.0336970587 -0.00946087936 synchronous_release_0
0.024149 -0.0250000004 -0.00865516745 0.0339129485 synchronous_release_0
0.030902 -0.0250000004 0.0250418912 0.0244520691 synchronous_release_0
0.010519 -0.0250000004 0.0343775344 0.00657153925 synchronous_release_0
0.023684 -0.0250000004 0.0228798871 -0.0264860485 synchronous_release_0
0.030543 -0.0250000004 -0.0343775344 -0.00657153925 synchronous_release_1
0.024323 -0.0250000004 0.0300178746 -0.0179979778 synchronous_release_0
0.029139 -0.0250000004 0.0100775229 -0.0335178092 synchronous_release_0
0.026267 -0.0250000004 0.0182751815 0.0298499203 synchronous_release_0
0.035979 -0.0250000004 -0.000878620903 -0.000477519957 synchronous_release_0
0.004168 -0.0250000004 0.00156877096 0.0349648246 synchronous_release_0
0.00623 -0.0250000004 -0.0310648118 -0.0161238168 synchronous_release_0
0.02428 -0.0250000004 0.000538314508 0.000842744024 synchronous_release_0
0.033857 -0.0250000004 0.0217521504 -0.027419773 synchronous_release_0
0.024299 -0.0250000004 0.0128701448 0.0325478013 synchronous_release_1
0.027828 -0.0250000004 0.000782147215 0.00062309368 synchronous_release_0
0.034677 -0.0250000004 -0.000646066187 0.0349940366 synchronous_release_0
0.026854 -0.0250000004 -0.0158830943 -0.0311885767 synchronous_release_1
0.023763 -0.0250000004 0.000392685446 -0.000919672844 synchronous_release_0
0.023984 -0.0250000004 0.0225354363 0.0267797332 synchronous_release_0
0.024901 -0.0250000004 -0.000765135234 0.000643869609 synchronous_release_0
0.039858 -0.0250000004 0.0344596474 -0.00612639373 synchronous_release_0
0.025375 -0.0250000004 0.0193331788 0.0291758153 synchronous_release_0
0.027864 -0.0250000004 0.0349335866 -0.00215511634 synchronous_release_0
0.024071 -0.0250000004 -0.0195467766 -0.0290331453 synchronous_release_0
0.032156 -0.0250000004 0.0349168297 -0.00241143247 synchronous_release_0
0.039483 -0.0250000004 0.015370053 -0.0314445777 synchronous_release_0
0.005811 -0.0250000004 0.00931511847 -0.0337376432 synchronous_release_0
0.023831 -0.0250000004 0.0245600968 0.0249359508 synchronous_release_0
0.004309 -0.0250000004 0.032464953 0.0130777225 synchronous_release_0
0.037111 -0.0250000004 0.00490683663 0.0346543353 synchronous_release_0
0.024644 -0.0250000004 -0.00490683663 -0.0346543353 synchronous_release_1
0.025047 -0.0250000004 0.0266179326 0.0227263209 synchronous_release_0
0.004321 -0.0250000004 0.0273455032 -0.0218454447 synchronous_release_0
0.007758 -0.0250000004 0.0325914617 0.0127591781 synchronous_release_0
0.039711 -0.0250000004 -0.0052459585 -0.0346046228 synchronous_release_1
0.003811 -0.0250000004 0.0348526125 -0.00320864451 synchronous_release_0
0.024339 -0.0250000004 0.00712244981 0.0342676335 synchronous_release_0
0.034626 -0.0250000004 -0.00712244981 -0.0342676335 synchronous_release_1
0.023947 -0.0250000004 0.0338861614 0.00875945577 synchronous_release_0
0.029952 -0.0250000004 -0.00935716948 -0.0337260045 synchronous_release_0
0.00594 -0.0250000004 -0.0176457625 -0.0302262645 synchronous_release_0
0.030846 -0.0250000004 0.000868423166 0.000495823763 synchronous_release_0
0.023849 -0.0250000004 0.0227087701 0.0266329075 synchronous_release_1
0.024244 -0.0250000004 0.00840472248 0.0339758832 synchronous_release_0
0.003734 -0.0250000004 -0.0349985282 0.000320974608 synchronous_release_0
0.023701 -0.0250000004 0.0177772363 0.0301491272 synchronous_release_1
0.032736 -0.0250000004 0.0349985282 -0.000320974608 synchronous_release_1
0.020079 -0.0250000004 0.0342195592 0.00734995005 synchronous_release_0
0.028469 -0.0250000004 0.0107445362 0.0333099826 synchronous_release_2
0.02872 -0.0250000004 0.00090256681 0.000430549828 synchronous_release_0
0.027381 -0.0250000004 0.0238586884 -0.0256078696 synchronous_release_0
0.029955 -0.0250000004 0.0270911832 -0.0221600495 synchronous_release_0
0.023819 -0.0250000004 0.00720205325 0.0342509916 synchronous_release_0
0.030929 -0.0250000004 0.0332632555 0.0108883347 synchronous_release_1
0.003671 -0.0250000004 0.0304611591 -0.0172371048 synchronous_release_0
0.023944 -0.0250000004 -0.00319404844 -0.0348539532 synchronous_release_0
0.028359 -0.0250000004 0.0285873847 -0.0201931037 synchronous_release_0
0.009374 -0.0250000004 0.034962342 0.00162315763 synchronous_release_0
0.049215 -0.0250000004 0.0160754753 0.0310898552 synchronous_release_0
0.032649 -0.0250000004 0.0188868667 -0.0294666975 synchronous_release_1
0.023572 -0.0250000004 0.0261045102 0.0233142563 synchronous_release_0
0.028377 -0.0250000004 -0.0189660271 -0.0575785534 synchronous_release_0
0.036158 -0.0250000004 0.0332429933 -0.0109500408 synchronous_release_0
0.023323 -0.0250000004 0.0260620422 0.0233617199 synchronous_release_0
0.030144 -0.0250000004 0.00720082176 -0.0342512506 synchronous_release_1
0.028093 -0.0250000004 0.0326549918 0.0125956942 synchronous_release_2
0.024217 -0.0250000004 0.00932942692 0.0337336893 synchronous_release_2
0.024238 -0.0250000004 0.0338483581 -0.00890441758 synchronous_release_0
0.008956 -0.0250000004 0.00144683999 -0.0349700823 synchronous_release_1
0.024277 -0.0250000004 -0.0330470861 -0.0115277969 synchronous_release_0
0.027558 -0.0250000004 0.0330470861 0.0115277969 synchronous_release_0
0.003563 -0.0250000004 0.0334247425 0.0103820322 synchronous_release_0
0.031798 -0.0250000004 -0.000303218508 0.000952921055 synchronous_release_0
0.0338 -0.0250000004 0.0333522369 0.0106126478 synchronous_release_0
0.025926 -0.0250000004 0.034873161 0.00297701853 synchronous_release_0
0.005288 -0.0250000004 0.0200147542 -0.0287125341 synchronous_release_1
0.033527 -0.0250000004 -0.0349257799 -0.00227813441 synchronous_release_0
0.029745 -0.0250000004 -0.000999190256 4.02347137e-05 synchronous_release_0
0.025083 -0.0250000004 -0.00140821498 -0.034971659 synchronous_release_1
0.004787 -0.0250000004 -0.000751103369 0.000660184618 synchronous_release_0
0.02348 -0.0250000004 0.0231064616 0.0262886179 synchronous_release_0
0.023745 -0.0250000004 0.0311855492 0.0158890378 synchronous_release_0
0.040158 -0.0250000004 0.02307475 0.0263164571 synchronous_release_1
0.024559 -0.0250000004 0.0348613637 0.00311212474 synchronous_release_0
0.036458 -0.0250000004 8.89178497e-05 -0.000996038963 synchronous_release_1
0.023541 -0.0250000004 -0.0222521629 -0.0270155741 synchronous_release_0
0.024742 -0.0250000004 0.0345222549 -0.00576315134 synchronous_release_0
0.032673 -0.0250000004 0.000164661467 0.000986350141 synchronous_release_0
0.023986 -0.0250000004 0.0339243864 -0.00861022686 synchronous_release_0
0.027686 -0.0250000004 0.0244188684 0.025074267 synchronous_release_0
0.031648 -0.0250000004 0.00950551802 -0.0336844939 synchronous_release_0
0.003595 -0.0250000004 0.0343390993 0.00676950969 synchronous_release_0
0.024046 -0.0250000004 0.023032117 -0.0263537775 synchronous_release_0
0.030944 -0.0250000004 0.0319202345 -0.0143561355 synchronous_release_0
0.035784 -0.0250000004 0.00352733922 -0.0348218018 synchronous_release_2
0.03137 -0.0250000004 -0.00316645892 -0.0348564705 synchronous_release_0
0.003495 -0.0250000004 0.027738793 -0.0213438367 synchronous_release_0
0.023505 -0.0250000004 0.0323537013 0.013350581 synchronous_release_0
0.024417 -0.0250000004 0.0337137361 0.00940127629 synchronous_release_0
0.03066 -0.0250000004 -0.00871512397 -0.0338975901 synchronous_release_0
0.039656 -0.0250000004 0.00871512397 0.0338975901 synchronous_release_0
0.007556 -0.0250000004 0.0272608516 0.0219509902 synchronous_release_0
0.028275 -0.0250000004 -0.0231995342 -0.0262065185 synchronous_release_0
0.004188 -0.0250000004 0.012619072 0.0326459649 synchronous_release_0
0.028111 -0.0250000004 0.000263030897 -0.00096478741 synchronous_release_1
0.02923 -0.0250000004 -0.00188724383 0.0349490817 synchronous_release_0
0.007995 -0.0250000004 0.0349672569 -0.00151358585 synchronous_release_0
0.006714 -0.0250000004 0.0348891316 -0.00278361226 synchronous_release_0
0.0127 -0.0250000004 -0.000823516233 0.000567292706 synchronous_release_0
0.024496 -0.0250000004 0.0198552447 0.0288230681 synchronous_release_0
0.030041 -0.0250000004 0.0150338869 -0.0316066804 synchronous_release_0
0.036662 -0.0250000004 -0.0348891316 0.00278361226 synchronous_release_0
0.035084 -0.0250000004 0.0335534359 0.00995826 synchronous_release_0
0.006486 -0.0250000004 -0.00094167915 0.000336512078 synchronous_release_0
0.046085 -0.0250000004 -0.0226541709 0.0266793654 synchronous_release_0
0.027092 -0.0250000004 -5.21290077e-05 0.000998640359 synchronous_release_0
0.011349 -0.0250000004 0.0293808764 -0.0190200974 synchronous_release_0
0.022603 -0.0250000004 0.0311623257 0.0159345366 synchronous_release_0
0.026561 -0.0250000004 -0.0293808764 0.0190200974 synchronous_release_1
0.026427 -0.0250000004 0.0330147638 0.0116200419 synchronous_release_0
0.03853 -0.0250000004 -0.0330147638 -0.0116200419 synchronous_release_0
0.017143 -0.0250000004 -0.0314076209 -0.0154454314 synchronous_release_0
0.025768 -0.0250000004 0.00232767445 0.0349225132 synchronous_release_0
0.005966 -0.0250000004 -0.000743830778 0.000668367992 synchronous_release_0
0.023511 -0.0250000004 0.0342426121 -0.0072417895 synchronous_release_0
0.031693 -0.0250000004 0.0233928797 0.0260340772 synchronous_release_0
0.048775 -0.0250000004 0.0108497324 -0.0332758667 synchronous_release_0
0.024292 -0.0250000004 0.0345933073 0.00532006457 synchronous_release_0
0.023568 -0.0250000004 0.000852961395 -0.000521974002 synchronous_release_0
0.030268 -0.0250000004 0.0167194733 -0.0307483205 synchronous_release_1
0.023916 -0.0250000004 0.0237862276 0.0256751899 synchronous_release_0
0.014996 -0.0250000004 0.000999986763 -5.14519924e-06 synchronous_release_0
0.032556 -0.0250000004 -0.000180081973 -0.0349995367 synchronous_release_1
0.003704 -0.0250000004 0.0278327125 -0.0212212185 synchronous_release_0
0.018434 -0.0250000004 0.0322944706 0.0134932268 synchronous_release_0
0.02426 -0.0250000004 0.000385520766 -0.00092269916 synchronous_release_0
0.039589 -0.0250000004 -0.0278327125 0.0212212185 synchronous_release_0
0.028475 -0.0250000004 0.0349597776 0.00167748383 synchronous_release_0
0.036703 -0.0250000004 0.0160271452 0.0311147974 synchronous_release_0
0.023272 -0.0250000004 0.0260392335 -0.02338714 synchronous_release_0
0.003724 -0.0250000004 0.0330441699 0.0115361535 synchronous_release_0
0.023948 -0.0250000004 -0.0330441699 -0.0115361535 synchronous_release_0
0.031081 -0.0250000004 -0.00653148295 -0.0343851673 synchronous_release_0
0.004292 -0.0250000004 0.0166188747 -0.0308028084 synchronous_release_0
0.004986 -0.0250000004 0.0091315292 -0.0337877962 synchronous_release_0
0.026749 -0.0250000004 -0.0091315292 0.0337877962 synchronous_release_0
0.035371 -0.0250000004 0.0338268545 -0.00898576186 synchronous_release_0
0.025394 -0.0250000004 0.0331350509 -0.0112724621 synchronous_release_0
0.023886 -0.0250000004 0.0259006737 0.0235404992 synchronous_release_1
0.006919 -0.0250000004 0.0348865154 -0.00281621067 synchronous_release_0
0.026837 -0.0250000004 -0.0198821677 -0.0288045033 synchronous_release_0
0.005628 -0.0250000004 0.0135548305 -0.0322686623 synchronous_release_0
0.025278 -0.0250000004 -0.0232573108 0.0261552575 synchronous_release_0
0.023522 -0.0250000004 0.0243617065 -0.0251298081 synchronous_release_0
0.02297 -0.0250000004 0.0226623283 -0.0266724367 synchronous_release_0
0.026042 -0.0250000004 0.0117678436 0.0329623703 synchronous_release_0
0.024265 -0.0250000004 -0.0226623283 0.0266724367 synchronous_release_1
0.003443 -0.0250000004 0.0273178973 -0.0218799562 synchronous_release_0
0.023388 -0.0250000004 0.024658826 0.0248383232 synchronous_release_0
0.023499 -0.0250000004 0.0332407745 -0.0109567747 synchronous_release_0
0.03423 -0.0250000004 0.007131542 -0.0342657425 synchronous_release_0
0.02805 -0.0250000004 0.0194285667 0.0291123822 synchronous_release_0
0.025795 -0.0250000004 0.0349263459 -0.00226944121 synchronous_release_2
0.024414 -0.0250000004 -0.000759804955 -0.000650151083 synchronous_release_0
0.023804 -0.0250000004 -0.00947162343 -0.0336940403 synchronous_release_0
0.030071 -0.0250000004 0.000962686865 -0.000270617812 synchronous_release_0
0.02749 -0.0250000004 -0.0293773588 0.01902553 synchronous_release_0
0.028883 -0.0250000004 -0.0311652717 -0.015928774 synchronous_release_0
0.024804 -0.0250000004 0.021443266 0.0276620018 synchronous_release_0
0.004655 -0.0250000004 -0.0158965697 0.0311817106 synchronous_release_0
0.023448 -0.0250000004 0.0205112227 -0.0283600025 synchronous_release_1
0.004065 -0.0250000004 -0.0314007304 0.015459435 synchronous_release_0
0.024038 -0.0250000004 0.0290886287 0.0194641127 synchronous_release_0
0.027239 -0.0250000004 0.0107236544 -0.0333167111 synchronous_release_0
0.023457 -0.0250000004 0.0318891337 0.0144250875 synchronous_release_0
0.028346 -0.0250000004 0.0284370591 -0.0204042562 synchronous_release_0
0.0378 -0.0250000004 -0.0220553569 -0.0271764831 synchronous_release_0
0.005694 -0.0250000004 -0.0299268895 0.0181488646 synchronous_release_0
0.032232 -0.0250000004 0.0306808225 0.0168430143 synchronous_release_0
0.02344 -0.0250000004 -0.0281336493 -0.0208206095 synchronous_release_0
0.029724 -0.0250000004 0.0281336493 0.0208206095 synchronous_release_0
0.033289 -0.0250000004 0.0320980014 -0.0139541502 synchronous_release_0
0.037587 -0.0250000004 -0.0320980014 0.0139541502 synchronous_release_1
0.023683 -0.0250000004 0.0334677243 0.0102426282 synchronous_release_0
0.028278 -0.0250000004 0.0342110341 -0.00738952965 synchronous_release_0
0.035417 -0.0250000004 -0.0107059966 0.0333223894 synchronous_release_1
0.02383 -0.0250000004 1.7690321e-05 -0.000999843514 synchronous_release_0
0.012509 -0.0250000004 -0.00418135632 0.0347493347 synchronous_release_0
0.023683 -0.0250000004 0.0321844847 -0.0137535065 synchronous_release_1
0.041358 -0.0250000004 0.00418135632 -0.0347493347 synchronous_release_1
0.003962 -0.0250000004 0.0174729653 -0.0303264815 synchronous_release_0
0.007827 -0.0250000004 0.0151085131 -0.0315710759 synchronous_release_0
0.02848 -0.0250000004 -0.0197870972 -0.0288698941 synchronous_release_0
0.030773 -0.0250000004 -0.0348956103 0.00270118178 synchronous_release_0
0.025459 -0.0250000004 0.0139010026 -0.0321210542 synchronous_release_0
0.025171 -0.0250000004 0.00817040517 0.034032991 synchronous_release_1
0.030746 -0.0250000004 -0.00817040517 -0.034032991 synchronous_release_1
0.009365 -0.0250000004 0.017515879 0.0303017158 synchronous_release_0
0.032067 -0.0250000004 0.0349999952 -1.83383188e-05 synchronous_release_1
0.024186 -0.0250000004 0.0233055629 -0.0261122718 synchronous_release_0
0.025226 -0.0250000004 -0.0233055629 0.0261122718 synchronous_release_0
0.035672 -0.0250000004 0.0109611093 0.0332393454 synchronous_release_0
0.025844 -0.0250000004 -0.00637030964 -0.0344153913 synchronous_release_0
0.02788 -0.0250000004 0.0266194483 -0.0227245456 synchronous_release_0
0.027718 -0.0250000004 -0.0111238749 -0.0331852288 synchronous_release_0
0.004511 -0.0250000004 0.0252128907 0.024275711 synchronous_release_0
0.024829 -0.0250000004 -0.00841693706 0.0339728593 synchronous_release_0
0.025517 -0.0250000004 -0.00859381802 0.0339285469 synchronous_release_1
0.023642 -0.0250000004 0.000938968958 0.000344001885 synchronous_release_0
0.030434 -0.0250000004 0.0340217133 0.00821723938 synchronous_release_0
0.026547 -0.0250000004 0.0269455087 0.022336955 synchronous_release_1
0.003576 -0.0250000004 0.000701608 0.00071256313 synchronous_release_0
0.007572 -0.0250000004 0.0340287713 -0.00818796194 synchronous_release_0
0.006229 -0.0250000004 0.00294085406 0.0348762294 synchronous_release_0
0.023261 -0.0250000004 -0.0287332736 0.019984969 synchronous_release_0
0.025065 -0.0250000004 0.0605563061 -0.00281669954 synchronous_release_0
0.036327 -0.0250000004 0.0310912641 0.01607275 synchronous_release_0
0.003565 -0.0250000004 0.0294650419 -0.0188894496 synchronous_release_1
0.006445 -0.0250000004 -0.000957349254 -0.000288933221 synchronous_release_0
0.013815 -0.0250000004 0.0349999957 1.73933781e-05 synchronous_release_0
0.003647 -0.0250000004 -0.000905218113 0.000424947252 synchronous_release_0
0.02342 -0.0250000004 0.0348745428 0.00296078793 synchronous_release_0
0.02402 -0.0250000004 0.0148731538 0.031682634 synchronous_release_0
0.004487 -0.0250000004 0.0263028919 -0.0230902117 synchronous_release_0
0.024839 -0.0250000004 0.0331481559 0.0112338667 synchronous_release_0
0.005068 -0.0250000004 0.0145996787 0.03180958 synchronous_release_0
0.049689 -0.0250000004 -0.0348477437 -0.00326109738 synchronous_release_0
0.02471 -0.0250000004 0.0348477437 0.00326109738 synchronous_release_2
0.034408 -0.0250000004 0.0307891397 0.0166441845 synchronous_release_0
0.004576 -0.0250000004 0.0261147952 0.0233027352 synchronous_release_0
0.024126 -0.0250000004 -0.0322673439 0.0135579689 synchronous_release_0
0.02495 -0.0250000004 0.0278752174 0.0211653551 synchronous_release_0
0.033819 -0.0250000004 0.0322673439 -0.0135579689 synchronous_release_0
0.025482 -0.0250000004 0.0246150862 0.0248816706 synchronous_release_0
0.035049 -0.0250000004 0.00924061578 -0.0337581252 synchronous_release_0
0.023793 -0.0250000004 -0.0338557019 0.00887645461 synchronous_release_1
0.028535 -0.0250000004 0.0256341604 0.023830439 synchronous_release_0
0.023499 -0.0250000004 0.0343941189 -0.00648417945 synchronous_release_0
0.023611 -0.0250000004 -0.00344224019 -0.034830317 synchronous_release_0
0.032626 -0.0250000004 0.0318850594 0.0144340911 synchronous_release_0
0.037062 -0.0250000004 0.00344224019 0.034830317 synchronous_release_0
0.003696 -0.0250000004 0.0163556485 -0.0309433799 synchronous_release_0
0.024399 -0.0250000004 0.0186199288 0.0296360971 synchronous_release_0
0.023496 -0.0250000004 0.033789511 0.00912518204 synchronous_release_0
0.033355 -0.0250000004 0.00899211603 0.0338251659 synchronous_release_1
0.026354 -0.0250000004 0.0321521385 0.0138289547 synchronous_release_0
0.033084 -0.0250000004 0.0280522954 -0.0209300914 synchronous_release_0
0.023683 -0.0250000004 0.0308748032 -0.0164847363 synchronous_release_0
0.030672 -0.0250000004 -0.00116120121 0.034980732 synchronous_release_0
0.011182 -0.0250000004 0.029713602 0.0184959957 synchronous_release_1
0.023487 -0.0250000004 0.0227653778 -0.0265845364 synchronous_release_0
0.025669 -0.0250000004 0.00824310414 -0.0340154558 synchronous_release_0
0.032772 -0.0250000004 0.0253366968 0.0241464655 synchronous_release_0
0.024085 -0.0250000004 0.0193978912 -0.0291328306 synchronous_release_0
0.040634 -0.0250000004 -0.000896156624 0.000443737879 synchronous_release_1
0.023752 -0.0250000004 0.000826722308 0.00056261019 synchronous_release_0
0.025941 -0.0250000004 0.0349043665 0.00258557471 synchronous_release_0
0.028865 -0.0250000004 0.0291942185 -0.0193053776 synchronous_release_0
0.023662 -0.0250000004 0.0331270279 -0.0112960181 synchronous_release_0
0.027627 -0.0250000004 0.00678087533 -0.0343368567 synchronous_release_0
0.031884 -0.0250000004 -0.00678087533 0.0343368567 synchronous_release_0
0.026064 -0.0250000004 -0.0187994029 -0.0295225753 synchronous_release_0
0.031199 -0.0250000004 -0.0348732071 0.00297647895 synchronous_release_0
0.02401 -0.0250000004 0.0200143099 0.0287128438 synchronous_release_1
0.023714 -0.0250000004 0.0319163045 0.0143648706 synchronous_release_0
0.025295 -0.0250000004 -0.0283984951 0.0204578952 synchronous_release_0
0.017445 -0.0250000004 0.0152552061 -0.0315004553 synchronous_release_0
0.02914 -0.0250000004 -0.0152552061 0.0315004553 synchronous_release_0
0.039747 -0.0250000004 0.0349077976 -0.00253883161 synchronous_release_1
0.024002 -0.0250000004 -0.000784598624 0.000620004032 synchronous_release_0
0.036037 -0.0250000004 -0.0129318113 0.0325233494 synchronous_release_0
0.032697 -0.0250000004 0.0338729002 -0.00881059756 synchronous_release_0
0.024056 -0.0250000004 0.0215193731 -0.0276028365 synchronous_release_1
0.026318 -0.0250000004 0.0342388532 0.00725954076 synchronous_release_0
0.023439 -0.0250000004 0.000780954421 0.000624588018 synchronous_release_0
0.005886 -0.0250000004 0.0218605806 -0.0273334047 synchronous_release_1
0.005678 -0.0250000004 -0.000347835864 0.000937555444 synchronous_release_0
0.023964 -0.0250000004 0.018412882 0.0297651772 synchronous_release_0
0.024973 -0.0250000004 0.03498977 0.000846163135 synchronous_release_0
0.023909 -0.0250000004 -0.000999754225 2.21695732e-05 synchronous_release_0
0.009848 -0.0250000004 0.00416981904 -0.034750721 synchronous_release_0
0.023643 -0.0250000004 0.0117511591 -0.0329683221 synchronous_release_1
0.014285 -0.0250000004 0.028313968 -0.0205747227 synchronous_release_0
0.023716 -0.0250000004 -0.00149702871 0.0349679697 synchronous_release_0
0.023748 -0.0250000004 -0.000934503576 -0.000355953742 synchronous_release_0
0.036919 -0.0250000004 0.0345548248 -0.00556453816 synchronous_release_0
0.049147 -0.0250000004 0.0338552183 -0.00887829887 synchronous_release_0
0.00943 -0.0250000004 -0.00123773285 -0.0349781077 synchronous_release_0
0.033014 -0.0250000004 0.0296730634 -0.0185609619 synchronous_release_1
0.024619 -0.0250000004 -0.025500049 -0.0239738921 synchronous_release_0
0.029643 -0.0250000004 0.025500049 0.0239738921 synchronous_release_1
0.023606 -0.0250000004 0.034865688 0.00306329904 synchronous_release_0
0.025224 -0.0250000004 0.0164711719 0.0308820416 synchronous_release_0
0.027502 -0.0250000004 0.0185090466 -0.0297054741 synchronous_release_0
0.029752 -0.0250000004 0.0337335582 0.00932990108 synchronous_release_0
0.0172 -0.0250000004 0.0142752619 0.0319564844 synchronous_release_0
0.026435 -0.0250000004 0.0348127583 0.00361550272 synchronous_release_0
0.003548 -0.0250000004 0.0257215889 -0.0237360457 synchronous_release_0
0.007027 -0.0250000004 0.0037292765 0.0348007543 synchronous_release_0
0.023473 -0.0250000004 0.0320029755 0.0141707289 synchronous_release_0
0.032736 -0.0250000004 0.028273699 -0.0206300253 synchronous_release_0
0.024527 -0.0250000004 0.0315456006 -0.0151616319 synchronous_release_0
0.032212 -0.0250000004 -0.000563956446 0.000825804533 synchronous_release_0
0.004531 -0.0250000004 0.032913685 -0.0119033331 synchronous_release_0
0.023537 -0.0250000004 0.024477962 0.025016582 synchronous_release_0
0.025416 -0.0250000004 0.0339039766 -0.00869024589 synchronous_release_0
0.033272 -0.0250000004 -0.024477962 -0.025016582 synchronous_release_1
0.023449 -0.0250000004 0.0343257653 -0.00683680008 synchronous_release_0
0.02504 -0.0250000004 -0.0343257653 0.00683680008 synchronous_release_1
0.030996 -0.0250000004 0.000947010995 0.000321201146 synchronous_release_2
0.029965 -0.0250000004 0.0344842741 0.00598622094 synchronous_release_0
0.026101 -0.0250000004 0.0348437924 -0.00330304855 synchronous_release_0
0.023766 -0.0250000004 0.00011418053 -0.000993460018 synchronous_release_0
0.024011 -0.0250000004 0.0204451493 0.0284076727 synchronous_release_0
0.029406 -0.0250000004 0.0143791916 -0.031909855 synchronous_release_1
0.005794 -0.0250000004 0.0345126895 0.00582015985 synchronous_release_0
0.030815 -0.0250000004 -0.0122159385 -0.0327989458 synchronous_release_0
0.029067 -0.0250000004 0.0222967511 -0.026978786 synchronous_release_2
0.004771 -0.0250000004 0.0207291914 -0.0282010748 synchronous_release_0
0.02786 -0.0250000004 0.0132449848 0.0323970736 synchronous_release_0
0.025783 -0.0250000004 -0.0189973985 0.0293955583 synchronous_release_0
0.020053 -0.0250000004 0.0328171343 0.0121669921 synchronous_release_0
0.026713 -0.0250000004 0.0269454914 -0.0223369759 synchronous_release_0
0.023132 -0.0250000004 0.0319325448 0.0143287327 synchronous_release_0
0.025219 -0.0250000004 0.0238221267 0.0256418852 synchronous_release_1
0.030464 -0.0250000004 0.0349041267 0.00258881077 synchronous_release_0
0.011932 -0.0250000004 0.0308577915 0.0165165585 synchronous_release_0
0.026594 -0.0250000004 0.0116882494 0.0329906778 synchronous_release_0
0.030624 -0.0250000004 0.0227266404 -0.0266176599 synchronous_release_1
0.024 -0.0250000004 -0.000998493975 -5.48614828e-05 synchronous_release_0
0.025122 -0.0250000004 -0.0293051642 -0.0191365449 synchronous_release_0
0.027383 -0.0250000004 0.0293051642 0.0191365449 synchronous_release_0
0.026621 -0.0250000004 0.0319514271 0.0142865778 synchronous_release_0
0.048081 -0.0250000004 -0.0319514271 -0.0142865778 synchronous_release_0
0.024079 -0.0250000004 0.0283482529 -0.0205274586 synchronous_release_1
0.028432 -0.0250000004 -0.0341046237 -0.00786604377 synchronous_release_0
0.003833 -0.0250000004 0.0249032921 0.0245932113 synchronous_release_0
0.026932 -0.0250000004 0.0309822504 -0.0162818967 synchronous_release_1
0.030194 -0.0250000004 0.0246229466 0.0248738919 synchronous_release_0
0.027101 -0.0250000004 0.0338528956 -0.00888715131 synchronous_release_1
0.011548 -0.0250000004 0.0276612865 0.0214441887 synchronous_release_0
0.031875 -0.0250000004 0.000378093786 0.000925767297 synchronous_release_0
0.033481 -0.0250000004 0.0121801347 0.0328122587 synchronous_release_0
0.003702 -0.0250000004 0.0298308397 -0.0183063104 synchronous_release_0
0.024374 -0.0250000004 0.0307691497 0.0166811098 synchronous_release_1
0.023783 -0.0250000004 -0.0328809697 0.0119934078 synchronous_release_0
0.02386 -0.0250000004 0.029601932 0.0186741966 synchronous_release_0
0.030375 -0.0250000004 -0.00137136267 0.0349731235 synchronous_release_1
0.004193 -0.0250000004 0.0023670789 -0.0349198645 synchronous_release_0
0.023936 -0.0250000004 0.00507025873 -0.0346308024 synchronous_release_0
0.025016 -0.0250000004 -0.032526284 0.0129244283 synchronous_release_0
0.024819 -0.0250000004 0.0349995776 0.000171957009 synchronous_release_0
0.030758 -0.0250000004 -0.0173508697 -0.0303965018 synchronous_release_0
0.024451 -0.0250000004 0.0103004606 -0.0334499703 synchronous_release_0
0.023666 -0.0250000004 -0.0332003703 -0.0110786016 synchronous_release_1
0.004209 -0.0250000004 0.0349666329 -0.00152793447 synchronous_release_0
0.023754 -0.0250000004 -0.0188065465 -0.0295180251 synchronous_release_0
0.039115 -0.0250000004 0.00216154177 -0.0349331896 synchronous_release_1
0.020035 -0.0250000004 0.0235725877 0.0258714729 synchronous_release_0
0.027176 -0.0250000004 -0.0106190589 0.0333501962 synchronous_release_0
0.023846 -0.0250000004 0.0182941694 0.0298382869 synchronous_release_0
0.00492 -0.0250000004 0.00537825822 0.0345843077 synchronous_release_0
0.037547 -0.0250000004 0.0326400181 0.0126344456 synchronous_release_0
0.040108 -0.0250000004 0.0272617599 -0.0219498621 synchronous_release_1
0.023637 -0.0250000004 -0.000574013854 -0.0349952927 synchronous_release_1
0.026767 -0.0250000004 0.000514135912 0.000857708729 synchronous_release_1
0.03655 -0.0250000004 0.000574013854 0.0349952927 synchronous_release_1
0.006474 -0.0250000004 0.0349554427 -0.00176550943 synchronous_release_0
0.023519 -0.0250000004 0.0190066974 0.0293895467 synchronous_release_0
0.035526 -0.0250000004 0.0159487453 -0.0311550561 synchronous_release_0
0.027415 -0.0250000004 -0.0159487453 0.0311550561 synchronous_release_1
0.032326 -0.0250000004 0.034904764 0.00258020385 synchronous_release_0
0.023544 -0.0250000004 -0.0209043965 0.0280714483 synchronous_release_0
0.030443 -0.0250000004 0.0209043965 -0.0280714483 synchronous_release_0
0.033141 -0.0250000004 -0.0138583891 -0.0321394625 synchronous_release_0
0.024008 -0.0250000004 0.00465096471 0.0346896026 synchronous_release_0
0.026004 -0.0250000004 0.00038048422 -0.000924787413 synchronous_release_0
0.029969 -0.0250000004 0.0323675594 0.0133169477 synchronous_release_0
0.025748 -0.0250000004 0.0237100852 -0.0257455211 synchronous_release_0
0.024082 -0.0250000004 0.0104412327 0.0334062967 synchronous_release_1
0.024122 -0.0250000004 0.0249639296 0.0245316575 synchronous_release_0
0.027522 -0.0250000004 -0.0223171167 -0.0269619417 synchronous_release_0
0.030048 -0.0250000004 0.0223171167 0.0269619417 synchronous_release_1
0.004699 -0.0250000004 -0.000129069422 -0.00099163556 synchronous_release_0
0.004263 -0.0250000004 0.000224447255 0.000974486239 synchronous_release_0
0.009742 -0.0250000004 -0.023856705 -0.0256097174 synchronous_release_0
0.0243 -0.0250000004 0.0341070184 -0.00785565393 synchronous_release_0
0.028109 -0.0250000004 0.023856705 0.0256097174 synchronous_release_0
0.003679 -0.0250000004 0.0306956969 -0.0168158911 synchronous_release_0
0.023978 -0.0250000004 0.0299108373 0.0181753078 synchronous_release_1
0.023666 -0.0250000004 0.0108831191 -0.0332649623 synchronous_release_0
0.02446 -0.0250000004 0.0222164599 -0.0270449424 synchronous_release_0
0.026814 -0.0250000004 0.0348265573 0.00348007274 synchronous_release_0
0.035207 -0.0250000004 -0.000911449135 0.000411412779 synchronous_release_0
0.026582 -0.0250000004 0.0190892774 0.029335976 synchronous_release_0
0.003892 -0.0250000004 -0.0248003649 0.0246970019 synchronous_release_0
0.028185 -0.0250000004 0.0337884135 0.00912924506 synchronous_release_0
0.034487 -0.0250000004 -0.0089880486 -0.0338262469 synchronous_release_0
0.024373 -0.0250000004 -0.0117018875 -0.0329858429 synchronous_release_0
0.03045 -0.0250000004 0.0227156341 -0.0266270533 synchronous_release_1
0.041217 -0.0250000004 0.0117018875 0.0329858429 synchronous_release_1
0.003619 -0.0250000004 0.0105606327 -0.0333687434 synchronous_release_0
0.023943 -0.0250000004 0.0341784958 -0.00753859547 synchronous_release_0
0.045022 -0.0250000004 0.0236178631 0.0258301479 synchronous_release_1
0.048207 -0.0250000004 -0.0105606327 0.0333687434 synchronous_release_1
0.006532 -0.0250000004 0.000198709184 -0.0349994359 synchronous_release_1
0.023106 -0.0250000004 0.0304097552 -0.0173276308 synchronous_release_1
0.023828 -0.0250000004 0.0229935268 -0.0263874539 synchronous_release_0
0.030019 -0.0250000004 0.000191978612 -0.00098139911 synchronous_release_0
0.024894 -0.0250000004 0.0267861233 -0.0225278405 synchronous_release_0
0.027177 -0.0250000004 0.0050481874 -0.0346340267 synchronous_release_0
0.027703 -0.0250000004 0.00075493919 -0.000655794799 synchronous_release_1
0.024647 -0.0250000004 -0.0299336942 0.0181376391 synchronous_release_0
0.044407 -0.0250000004 -0.0245894296 -0.0249070261 synchronous_release_1
0.041688 -0.0250000004 0.0114477412 0.0330749032 synchronous_release_0
0.029952 -0.0250000004 -0.0114477412 -0.0330749032 synchronous_release_1
0.024232 -0.0250000004 -0.0332351368 0.0109738636 synchronous_release_0
0.025426 -0.0250000004 0.0071139237 -0.0342694046 synchronous_release_0
0.003745 -0.0250000004 0.000742402242 0.00066995441 synchronous_release_0
0.025414 -0.0250000004 0.0234484043 -0.0259840785 synchronous_release_1
0.004527 -0.0250000004 0.0509739473 0.0479755844 synchronous_release_0
0.023602 -0.0250000004 0.0349131808 0.00246369817 synchronous_release_0
0.024325 -0.0250000004 0.0195902156 -0.0290038524 synchronous_release_0
0.018778 -0.0250000004 -0.0206316676 -0.0282725006 synchronous_release_0
0.004144 -0.0250000004 0.0348005376 -0.00373129793 synchronous_release_1
0.012405 -0.0250000004 -0.0345040624 -0.00587108811 synchronous_release_0
0.029945 -0.0250000004 0.0121675198 0.0328169387 synchronous_release_0
0.005335 -0.0250000004 0.0319350458 0.0143231578 synchronous_release_0
0.024565 -0.0250000004 0.0283717414 -0.0204949821 synchronous_release_2
0.024711 -0.0250000004 -0.000997686459 -6.79833044e-05 synchronous_release_0
0.040774 -0.0250000004 -0.0314304715 0.0153988786 synchronous_release_1
0.023015 -0.0250000004 -0.0312196916 -0.0158218475 synchronous_release_0
0.024402 -0.0250000004 0.0312196916 0.0158218475 synchronous_release_0
0.029605 -0.0250000004 -0.0293119676 0.0191261223 synchronous_release_0
0.033389 -0.0250000004 -0.010505442 0.0333861601 synchronous_release_0
0.023585 -0.0250000004 0.0341659838 -0.00759510046 synchronous_release_1
0.003658 -0.0250000004 0.0274816454 -0.0216739283 synchronous_release_0
0.02348 -0.0250000004 0.0325109952 0.0129628389 synchronous_release_2
0.025358 -0.0250000004 0.000217868748 -0.000975978078 synchronous_release_0
0.032734 -0.0250000004 0.0236834118 -0.0257700602 synchronous_release_1
0.011261 -0.0250000004 0.0342632562 -0.00714347762 synchronous_release_0
0.026486 -0.0250000004 0.010945195 -0.0332445891 synchronous_release_0
0.023248 -0.0250000004 -0.0279126919 -0.0211159095 synchronous_release_0
0.036601 -0.0250000004 0.0255005348 0.0239733754 synchronous_release_1
0.008862 -0.0250000004 0.0319827614 -0.0142162925 synchronous_release_1
0.00442 -0.0250000004 0.0291163479 -0.019422623 synchronous_release_0
0.024088 -0.0250000004 0.00226231101 0.0349268085 synchronous_release_0
0.023871 -0.0250000004 0.0133151403 0.032368303 synchronous_release_1
0.028762 -0.0250000004 0.0284192085 0.0204291113 synchronous_release_1
0.023723 -0.0250000004 0.0264408963 -0.0229320518 synchronous_release_0
0.010927 -0.0250000004 -0.00151519262 0.0349671874 synchronous_release_0
0.024438 -0.0250000004 0.00151519262 -0.0349671874 synchronous_release_0
0.032479 -0.0250000004 -0.00173994149 -0.0349567247 synchronous_release_0
0.024845 -0.0250000004 -0.00219636751 -0.0349310173 synchronous_release_0
0.033832 -0.0250000004 0.0291529646 -0.0193676187 synchronous_release_0
0.026058 -0.0250000004 0.0250643369 -0.0244290609 synchronous_release_0
0.024049 -0.0250000004 0.0192463111 -0.0292331919 synchronous_release_0
0.041079 -0.0250000004 -0.0384926223 0.0584663838 synchronous_release_0
0.02378 -0.0250000004 -0.000667744138 -0.00074439087 synchronous_release_0
0.039519 -0.0250000004 0.0260536804 -0.0233710448 synchronous_release_0
0.027073 -0.0250000004 0.0593204392 -0.0124934181 synchronous_release_1
0.033463 -0.0250000004 -0.000801289882 0.000598276294 synchronous_release_0
0.03218 -0.0250000004 0.0347576439 -0.00411171349 synchronous_release_1
0.026542 -0.0250000004 0.0270135721 -0.0222545933 synchronous_release_0
0.023453 -0.0250000004 0.0333552053 0.0106033146 synchronous_release_0
0.033581 -0.0250000004 0.0258603425 -0.0235847978 synchronous_release_0
0.038772 -0.0250000004 0.00749486278 0.0341881124 synchronous_release_0
0.024019 -0.0250000004 -0.0330450424 -0.0115336538 synchronous_release_0
0.023378 -0.0250000004 -0.00116119807 0.0349807321 synchronous_release_0
0.031131 -0.0250000004 -0.0308748017 0.016484739 synchronous_release_0
0.043632 -0.0250000004 0.0322435631 -0.0136144276 synchronous_release_2
0.033563 -0.0250000004 -0.0297826215 0.0183846527 synchronous_release_0
0.034009 -0.0250000004 0.0318431526 0.0515850137 synchronous_release_1
0.023453 -0.0250000004 0.0297826215 -0.0183846527 synchronous_release_2
0.03537 -0.0250000004 0.0193959859 -0.0291340991 synchronous_release_1
0.025366 -0.0250000004 0.00079196088 -0.000610571833 synchronous_release_0
0.024091 -0.0250000004 0.000162401376 -0.000986724781 synchronous_release_1
0.023725 -0.0250000004 0.00639968716 -0.0344099405 synchronous_release_2
0.025299 -0.0250000004 -0.0138666363 0.0321359051 synchronous_release_1
0.042758 -0.0250000004 0.0347638283 -0.00405909331 synchronous_release_2
0.023341 -0.0250000004 0.0118999541 0.0329149068 synchronous_release_0
0.003834 -0.0250000004 0.00519119591 -0.0346128803 synchronous_release_0
0.030777 -0.0250000004 0.0174430481 0.0303436991 synchronous_release_0
0.024945 -0.0250000004 -0.000999515318 -3.11308474e-05 synchronous_release_0
0.026691 -0.0250000004 -0.00108957966 0.0349830361 synchronous_release_0
0.023872 -0.0250000004 0.0281865926 -0.0207488794 synchronous_release_0
0.027527 -0.0250000004 -0.000752540558 0.000658545904 synchronous_release_0
0.023791 -0.0250000004 -0.0343347268 0.00679165211 synchronous_release_1
0.006836 -0.0250000004 0.0235682752 0.0258754016 synchronous_release_0
0.028485 -0.0250000004 0.0341928927 -0.00747302423 synchronous_release_0
0.031046 -0.0250000004 -0.0106246175 0.0333484258 synchronous_release_0
0.003868 -0.0250000004 0.0344760213 0.00603356898 synchronous_release_0
0.029246 -0.0250000004 -0.000766866451 -0.000641806705 synchronous_release_0
0.027152 -0.0250000004 -0.00655920913 0.0343798891 synchronous_release_0
0.024088 -0.0250000004 0.0264942528 0.0228703863 synchronous_release_1
0.028229 -0.0250000004 0.0348894611 0.00277947859 synchronous_release_0
0.026284 -0.0250000004 0.00596847947 -0.0344873492 synchronous_release_0
0.025643 -0.0250000004 0.0259494789 -0.0234866887 synchronous_release_0
0.032024 -0.0250000004 -0.0110871032 0.0331975322 synchronous_release_0
0.039588 -0.0250000004 0.0232063546 0.0262004791 synchronous_release_0
0.023264 -0.0250000004 0.00575521452 0.034523579 synchronous_release_0
0.023662 -0.0250000004 -0.00575521452 -0.034523579 synchronous_release_0
0.035031 -0.0250000004 -0.0327759037 -0.0122776275 synchronous_release_0
0.042519 -0.0250000004 -0.0270206892 0.0222459515 synchronous_release_1
0.003677 -0.0250000004 0.0339748505 0.00840889629 synchronous_release_0
0.034063 -0.0250000004 0.024269743 -0.0252186354 synchronous_release_1
0.033777 -0.0250000004 0.0289383164 -0.0196868952 synchronous_release_0
0.023375 -0.0250000004 0.0349142101 -0.00244906849 synchronous_release_0
0.025749 -0.0250000004 0.0348795016 -0.00290178667 synchronous_release_0
0.03308 -0.0250000004 8.29081904e-05 0.00099655719 synchronous_release_1
0.004191 -0.0250000004 0.0204801012 0.028382485 synchronous_release_0
0.023418 -0.0250000004 0.000582263053 -0.000813000454 synchronous_release_0
0.026527 -0.0250000004 -0.0034214029 0.03483237 synchronous_release_0
0.024489 -0.0250000004 -6.85403716e-05 -0.000997648344 synchronous_release_0
0.027451 -0.0250000004 0.0276279058 -0.0214871781 synchronous_release_0
0.025421 -0.0250000004 0.00673423105 -0.0343460352 synchronous_release_0
0.029606 -0.0250000004 -0.00673423105 0.0343460352 synchronous_release_0
0.024947 -0.0250000004 0.0133973148 0.0323343773 synchronous_release_0
0.033813 -0.0250000004 -0.0213037347 0.0277696036 synchronous_release_0
0.036129 -0.0250000004 0.0347010496 0.00456477365 synchronous_release_0
0.027938 -0.0250000004 0.0196045093 -0.0289941928 synchronous_release_0
0.03165 -0.0250000004 -0.0153074529 -0.0314750995 synchronous_release_0
0.041802 -0.0250000004 0.0153074529 0.0314750995 synchronous_release_0
0.025482 -0.0250000004 0.019328434 -0.0291789588 synchronous_release_0
0.004389 -0.0250000004 0.0202876114 -0.0285203931 synchronous_release_0
0.023328 -0.0250000004 0.0348411622 -0.00333067833 synchronous_release_1
0.033987 -0.0250000004 -0.000686953119 -0.000726701735 synchronous_release_0
0.024772 -0.0250000004 0.0254345607 -0.0240433592 synchronous_release_1
0.024571 -0.0250000004 0.0318137741 -0.0145905372 synchronous_release_0
0.027469 -0.0250000004 0.00971573989 -0.0336244613 synchronous_release_0
0.029228 -0.0250000004 0.000399619666 0.000916681036 synchronous_release_0
0.036236 -0.0250000004 0.0281547455 0.0207920731 synchronous_release_1
0.02651 -0.0250000004 0.0221357709 0.0271110244 synchronous_release_0
0.017452 -0.0250000004 0.0155239159 0.0313689024 synchronous_release_0
0.02624 -0.0250000004 0.00088963959 0.000456663333 synchronous_release_0
0.030029 -0.0250000004 0.0159832167 -0.0311373856 synchronous_release_0
0.03084 -0.0250000004 -0.0159832167 0.0311373856 synchronous_release_0
0.025281 -0.0250000004 0.0156683463 0.0312970114 synchronous_release_0
0.026196 -0.0250000004 0.0192698338 -0.0292176916 synchronous_release_0
0.004102 -0.0250000004 0.0349177266 0.00239840985 synchronous_release_0
0.034478 -0.0250000004 -0.0349177266 -0.00239840985 synchronous_release_0
0.040115 -0.0250000004 0.0235873697 0.0258579966 synchronous_release_0
0.0376 -0.0250000004 0.012048078 -0.0328609771 synchronous_release_0
0.023397 -0.0250000004 0.0263041664 0.0230887598 synchronous_release_0
0.026323 -0.0250000004 0.00684336928 -0.0343244563 synchronous_release_1
0.023998 -0.0250000004 0.0159031837 -0.0311783378 synchronous_release_0
0.023997 -0.0250000004 0.0137679562 -0.0321783061 synchronous_release_0
0.035067 -0.0250000004 0.0209832524 0.0280125528 synchronous_release_1
0.029959 -0.0250000004 0.0229730796 -0.0264052573 synchronous_release_0
0.023373 -0.0250000004 0.0305795583 -0.0170261743 synchronous_release_0
0.026854 -0.0250000004 0.000544679679 -0.0349957615 synchronous_release_0
0.023845 -0.0250000004 0.0318110484 -0.0145964791 synchronous_release_0
0.035467 -0.0250000004 -0.0318110484 0.0145964791 synchronous_release_0
0.028247 -0.0250000004 0.00326460245 -0.0348474156 synchronous_release_1
0.023281 -0.0250000004 0.0347348721 -0.0042998443 synchronous_release_0
0.031829 -0.0250000004 0.0210912104 0.0279313595 synchronous_release_0
0.036141 -0.0250000004 0.0136436617 -0.0322312038 synchronous_release_0
0.030962 -0.0250000004 0.0335649143 0.0099195024 synchronous_release_0
0.025729 -0.0250000004 0.0121503824 -0.0328232876 synchronous_release_0
0.033876 -0.0250000004 -0.0121503824 0.0328232876 synchronous_release_1
0.024458 -0.0250000004 0.0129086068 -0.0325325663 synchronous_release_0
0.02996 -0.0250000004 -0.0129086068 0.0325325663 synchronous_release_0
0.039952 -0.0250000004 -0.0217197255 -0.0274454645 synchronous_release_0
0.027566 -0.0250000004 -0.0176917633 0.0301993627 synchronous_release_0
0.007298 -0.0250000004 -0.00327909676 0.0348460546 synchronous_release_0
0.025055 -0.0250000004 0.0285380202 0.0202628084 synchronous_release_0
0.027604 -0.0250000004 0.0570760403 0.0405256168 synchronous_release_0
0.012291 -0.0250000004 0.0135409859 0.0322744744 synchronous_release_0
0.02428 -0.0250000004 -0.00125428006 0.0349775182 synchronous_release_0
0.026939 -0.0250000004 0.0309185594 -0.0164025207 synchronous_release_0
0.02007 -0.0250000004 0.0214008806 0.0276948065 synchronous_release_0
0.005811 -0.0250000004 0.00416353239 -0.0347514748 synchronous_release_0
0.024326 -0.0250000004 0.000599470349 -0.000800396965 synchronous_release_0
0.028412 -0.0250000004 0.0186430889 -0.0296215333 synchronous_release_1
0.024115 -0.0250000004 -0.0186622757 0.0296094489 synchronous_release_1
0.02618 -0.0250000004 -0.0256065428 -0.0238601125 synchronous_release_0
0.02672 -0.0250000004 0.00786019216 -0.0341059728 synchronous_release_0
0.023851 -0.0250000004 0.0272504082 0.0219639534 synchronous_release_0
0.035053 -0.0250000004 -0.000988043501 -0.000154175358 synchronous_release_0
0.026648 -0.0250000004 0.0286884469 -0.0200492647 synchronous_release_0
0.039091 -0.0250000004 -0.031707396 -0.0148202914 synchronous_release_1
0.010357 -0.0250000004 0.0267982927 0.0225133629 synchronous_release_0
0.02327 -0.0250000004 0.0327111521 0.0124491175 synchronous_release_0
0.043908 -0.0250000004 -0.0327111521 -0.0124491175 synchronous_release_0
0.036278 -0.0250000004 0.000631546571 0.000775337945 synchronous_release_1
0.02377 -0.0250000004 0.0138352694 -0.0321494218 synchronous_release_0
0.043027 -0.0250000004 8.17321649e-05 0.00099665433 synchronous_release_0
0.014795 -0.0250000004 0.0130133904 0.0324907936 synchronous_release_0
0.030878 -0.0250000004 0.0216311575 -0.0275153235 synchronous_release_0
0.025632 -0.0250000004 -0.0007861521 -0.000618033071 synchronous_release_1
0.003851 -0.0250000004 0.0210214297 0.0279839149 synchronous_release_0
0.028862 -0.0250000004 -0.0210214297 -0.0279839149 synchronous_release_1
0.023017 -0.0250000004 0.0271208558 0.0221237244 synchronous_release_0
0.023622 -0.0250000004 0.0121845078 0.032810635 synchronous_release_1
0.024433 -0.0250000004 0.0337107126 -0.00941211221 synchronous_release_1
0.033809 -0.0250000004 0.0250064846 0.0244882774 synchronous_release_1
0.023193 -0.0250000004 0.000184651051 -0.000982804146 synchronous_release_0
0.032178 -0.0250000004 0.0343981451 0.00646278679 synchronous_release_0
0.024127 -0.0250000004 -0.0190706179 -0.0293481095 synchronous_release_0
0.03522 -0.0250000004 -0.0158808994 0.0311896943 synchronous_release_0
0.003683 -0.0250000004 -0.0290160674 0.0195721188 synchronous_release_0
0.023777 -0.0250000004 -0.0314579858 -0.0153425921 synchronous_release_1
0.009985 -0.0250000004 -0.0326947694 -0.0124920796 synchronous_release_0
0.025614 -0.0250000004 -0.027165843 0.0220684611 synchronous_release_0
0.034623 -0.0250000004 0.029117791 -0.0194204595 synchronous_release_0
0.023795 -0.0250000004 0.0313775068 0.015506517 synchronous_release_1
0.027454 -0.0250000004 -0.0103116606 0.0334465193 synchronous_release_1
0.003327 -0.0250000004 0.0346372072 -0.00502631873 synchronous_release_0
0.004844 -0.0250000004 -0.0129656839 0.0325098607 synchronous_release_0
0.024472 -0.0250000004 0.0334178352 -0.010404244 synchronous_release_0
0.040361 -0.0250000004 -0.0305206554 -0.017131538 synchronous_release_0
0.028027 -0.0250000004 0.0305206554 0.017131538 synchronous_release_1
0.003705 -0.0250000004 0.0311889912 0.0158822803 synchronous_release_0
0.032141 -0.0250000004 -0.0293489538 0.0190693185 synchronous_release_0
0.023442 -0.0250000004 0.0293489538 -0.0190693185 synchronous_release_1
0.029747 -0.0250000004 0.021668383 -0.0274860179 synchronous_release_1
0.00355 -0.0250000004 0.0349422813 0.0020092228 synchronous_release_0
0.023851 -0.0250000004 0.0218429204 -0.0273475196 synchronous_release_0
0.023631 -0.0250000004 0.0325302895 0.0129143434 synchronous_release_0
0.029124 -0.0250000004 0.0274492942 -0.0217148854 synchronous_release_0
0.023792 -0.0250000004 0.0348044685 0.00369445198 synchronous_release_1
0.023314 -0.0250000004 0.0295349358 0.0187799779 synchronous_release_0
0.023555 -0.0250000004 -0.0289475127 0.0196733706 synchronous_release_0
0.004036 -0.0250000004 0.0167293511 -0.0307429474 synchronous_release_0
0.028562 -0.0250000004 0.0349888489 -0.000883430682 synchronous_release_0
0.023509 -0.0250000004 0.060202646 -0.007116278 synchronous_release_0
0.030253 -0.0250000004 0.00410858502 0.0347580139 synchronous_release_0
0.038961 -0.0250000004 0.0280470305 -0.0209371459 synchronous_release_0
0.042918 -0.0250000004 0.0239384455 -0.0556951598 synchronous_release_0
0.025345 -0.0250000004 0.0266915297 0.0226398375 synchronous_release_0
0.030207 -0.0250000004 -0.00626090951 0.0344354615 synchronous_release_0
0.005617 -0.0250000004 -0.0296948267 -0.0185261239 synchronous_release_0
0.023286 -0.0250000004 0.0296948267 0.0185261239 synchronous_release_0
0.024059 -0.0250000004 0.0308915073 -0.0164534123 synchronous_release_0
0.02388 -0.0250000004 0.0219951578 0.0272252279 synchronous_release_0
0.045042 -0.0250000004 0.0345753179 -0.00543575143 synchronous_release_0
0.048663 -0.0250000004 -0.0125801601 0.0326609793 synchronous_release_0
0.003974 -0.0250000004 0.0349845614 -0.00103945378 synchronous_release_0
0.023803 -0.0250000004 0.0344909184 -0.00594781873 synchronous_release_1
0.02644 -0.0250000004 0.0465854155 -0.0387917396 synchronous_release_1
0.005327 -0.0250000004 -0.0133501132 0.0323538943 synchronous_release_0
0.025117 -0.0250000004 0.034694351 -0.00461540999 synchronous_release_0
0.031683 -0.0250000004 0.0283991789 -0.020456946 synchronous_release_0
0.033855 -0.0250000004 0.0319158244 0.0143659373 synchronous_release_0
0.023932 -0.0250000004 -0.0035166455 -0.0348228833 synchronous_release_1
0.023942 -0.0250000004 0.0303916763 -0.0173593206 synchronous_release_0
0.02537 -0.0250000004 0.000504008671 -0.000863698593 synchronous_release_1
0.023581 -0.0250000004 -0.0304434217 -0.0172684126 synchronous_release_1
0.008821 -0.0250000004 -0.0347507154 0.00416986539 synchronous_release_0
0.023688 -0.0250000004 0.0347507154 -0.00416986539 synchronous_release_0
0.011521 -0.0250000004 0.0327422077 -0.0123672081 synchronous_release_0
0.025095 -0.0250000004 0.0270814202 0.0221719796 synchronous_release_0
0.03275 -0.0250000004 0.00566078748 -0.0345391877 synchronous_release_0
0.003973 -0.0250000004 0.0156669756 -0.0312976976 synchronous_release_1
0.02546 -0.0250000004 0.034938089 -0.0020808499 synchronous_release_1
0.023958 -0.0250000004 0.0156463439 -0.0313080169 synchronous_release_0
0.02776 -0.0250000004 0.0192903661 0.0292041397 synchronous_release_0
0.023458 -0.0250000004 0.00942092145 -0.0337082518 synchronous_release_0
0.034353 -0.0250000004 0.0339026631 -0.00869536859 synchronous_release_0
0.024161 -0.0250000004 0.0433235845 -0.0424036204 synchronous_release_1
0.031286 -0.0250000004 0.0244817416 0.0250128832 synchronous_release_1
0.04317 -0.0250000004 0.0583844047 0.0163175146 synchronous_release_1
0.034693 -0.0250000004 -0.000801795743 -0.000597598181 synchronous_release_0
0.024336 -0.0250000004 0.0167351668 0.0307397819 synchronous_release_0
0.02654 -0.0250000004 -0.0167351668 -0.0307397819 synchronous_release_0
0.031606 -0.0250000004 -0.0182538487 0.0298629705 synchronous_release_0
0.003815 -0.0250000004 0.0328625987 0.0120436543 synchronous_release_0
0.023227 -0.0250000004 0.0268614099 -0.0224380181 synchronous_release_0
0.040503 -0.0250000004 0.00600118874 0.0344816724 synchronous_release_0
0.025668 -0.0250000004 -0.0321932175 -0.0137330531 synchronous_release_1
0.029185 -0.0250000004 0.00309683626 0.0348627252 synchronous_release_2
0.024066 -0.0250000004 0.0347921179 -0.00380900685 synchronous_release_0
0.033199 -0.0250000004 -0.0140973622 0.0320353614 synchronous_release_1
0.007167 -0.0250000004 0.0339837014 0.00837305423 synchronous_release_0
0.00415 -0.0250000004 -0.00241471718 0.0349166027 synchronous_release_0
0.023854 -0.0250000004 0.0162658537 -0.0309906761 synchronous_release_1
0.027213 -0.0250000004 0.0265149682 -0.0228463664 synchronous_release_1
0.025654 -0.0250000004 0.034935023 -0.00213170513 synchronous_release_0
0.034868 -0.0250000004 0.0156214007 -0.03132047 synchronous_release_0
0.014918 -0.0250000004 0.0193994466 -0.0291317949 synchronous_release_0
0.023271 -0.0250000004 -6.38433188e-05 0.000997959934 synchronous_release_0
0.029205 -0.0250000004 -0.0155291511 -0.031366311 synchronous_release_0
0.038944 -0.0250000004 0.0155291511 0.031366311 synchronous_release_1
0.00612 -0.0250000004 -0.0197903778 0.0288676453 synchronous_release_0
0.024002 -0.0250000004 0.0151049253 0.0315727926 synchronous_release_0
0.040099 -0.0250000004 0.0348953031 0.00270514728 synchronous_release_0
0.018932 -0.0250000004 0.0345496917 0.00559632047 synchronous_release_0
0.024287 -0.0250000004 -0.0124282902 -0.0327190709 synchronous_release_0
0.028634 -0.0250000004 0.003427254 0.0348317948 synchronous_release_0
0.024012 -0.0250000004 0.00353694889 -0.034820827 synchronous_release_0
0.024197 -0.0250000004 0.0283872463 0.0204735011 synchronous_release_0
0.003045 -0.0250000004 0.0339651466 0.00844800668 synchronous_release_0
0.026975 -0.0250000004 0.0305514345 -0.0170765877 synchronous_release_0
0.032428 -0.0250000004 0.00968721852 -0.0336326894 synchronous_release_0
0.023381 -0.0250000004 0.0339703727 -0.00842696738 synchronous_release_1
0.041433 -0.0250000004 0.0297893596 -0.0183737327 synchronous_release_0
0.027448 -0.0250000004 0.00101743942 0.0349852085 synchronous_release_2
0.027754 -0.0250000004 0.053195272 0.0455001433 synchronous_release_0
0.003552 -0.0250000004 -0.0303740372 0.0173901658 synchronous_release_0
0.021111 -0.0250000004 0.00012669322 -0.0349997707 synchronous_release_0
0.023927 -0.0250000004 0.0264646195 -0.0229046702 synchronous_release_0
0.00412 -0.0250000004 -0.0102477231 0.0334661646 synchronous_release_0
0.010997 -0.0250000004 0.0238586871 0.0256078708 synchronous_release_0
0.006263 -0.0250000004 0.0330970553 -0.0113835376 synchronous_release_0
0.02686 -0.0250000004 -0.011365876 -0.0331031247 synchronous_release_0
0.033418 -0.0250000004 -0.000754134276 -0.000656720255 synchronous_release_1
0.003727 -0.0250000004 0.016712613 0.0307520498 synchronous_release_1
0.008457 -0.0250000004 -0.0349883628 -0.000902477471 synchronous_release_1
0.023294 -0.0250000004 0.0312594828 0.0157430852 synchronous_release_0
0.029037 -0.0250000004 -0.0312594828 -0.0157430852 synchronous_release_1
0.006566 -0.0250000004 0.0154036326 -0.0314281419 synchronous_release_0
0.027392 -0.0250000004 -0.0349193856 0.0023741338 synchronous_release_0
0.023755 -0.0250000004 0.0349949624 0.000593804131 synchronous_release_0
0.023392 -0.0250000004 0.0254985228 0.0239755153 synchronous_release_0
0.026151 -0.0250000004 -0.000973432176 -0.00022897554 synchronous_release_0
0.023706 -0.0250000004 0.0266431902 0.022696705 synchronous_release_0
0.038278 -0.0250000004 -0.0266431902 -0.022696705 synchronous_release_1
0.023317 -0.0250000004 0.0226606545 -0.0266738587 synchronous_release_0
0.046448 -0.0250000004 0.011769912 0.0329616318 synchronous_release_0
0.023859 -0.0250000004 0.000824066396 0.000566493225 synchronous_release_0
0.006074 -0.0250000004 0.0333799865 -0.0105250415 synchronous_release_0
0.027107 -0.0250000004 -0.000976298202 -0.000216429712 synchronous_release_0
0.033066 -0.0250000004 0.00757503992 -0.0341704371 synchronous_release_0
0.040744 -0.0250000004 0.0258049466 0.0236453955 synchronous_release_1
0.008674 -0.0250000004 0.000274062727 0.000961711819 synchronous_release_0
0.026312 -0.0250000004 0.0345373273 0.00567212672 synchronous_release_0
0.033821 -0.0250000004 0.0221808695 -0.0270741395 synchronous_release_0
0.031987 -0.0250000004 0.000448524968 -0.000893770302 synchronous_release_0
0.035411 -0.0250000004 0.0312819606 0.0156983739 synchronous_release_0
0.003483 -0.0250000004 0.00433313039 0.0347307354 synchronous_release_0
0.007367 -0.0250000004 0.0279111339 -0.0211179687 synchronous_release_0
0.027334 -0.0250000004 -0.000603370534 -0.00079746097 synchronous_release_0
0.024278 -0.0250000004 0.0307380067 -0.0167384271 synchronous_release_0
0.007369 -0.0250000004 0.00953598117 0.0336758825 synchronous_release_0
0.024038 -0.0250000004 -0.00953598117 -0.0336758825 synchronous_release_0
0.023808 -0.0250000004 -0.0131328438 -0.0324426943 synchronous_release_0
0.035237 -0.0250000004 0.0346626193 0.00484797081 synchronous_release_1
0.026505 -0.0250000004 0.0336060985 0.00977906659 synchronous_release_0
0.035323 -0.0250000004 -0.0252719693 0.0242142017 synchronous_release_0
0.023842 -0.0250000004 0.000993836318 -0.000110857445 synchronous_release_0
0.02626 -0.0250000004 0.0281840572 -0.0207523233 synchronous_release_0
0.004103 -0.0250000004 0.0328230628 0.0121509897 synchronous_release_0
0.00827 -0.0250000004 -0.00588846563 -0.034501101 synchronous_release_0
0.02531 -0.0250000004 0.000985745744 -0.000168241875 synchronous_release_0
0.02851 -0.0250000004 0.0269345971 -0.0223501113 synchronous_release_0
0.02391 -0.0250000004 0.0135980238 -0.0322504845 synchronous_release_0
0.026955 -0.0250000004 -0.000797185037 0.000603735055 synchronous_release_0
0.023981 -0.0250000004 -0.00312267077 -0.0348604206 synchronous_release_1
0.02422 -0.0250000004 -0.0154869891 0.0313871498 synchronous_release_0
0.031599 -0.0250000004 -0.0194385745 -0.0291057008 synchronous_release_1
0.03447 -0.0250000004 0.0194385745 0.0291057008 synchronous_release_1
0.024914 -0.0250000004 0.0348076925 0.00366395197 synchronous_release_0
0.011131 -0.0250000004 0.0347796276 -0.00392141625 synchronous_release_1
0.006323 -0.0250000004 -0.0177852565 0.0301443967 synchronous_release_0
0.023838 -0.0250000004 0.0344691356 0.00607278308 synchronous_release_0
0.03386 -0.0250000004 -0.0224937522 0.0268147555 synchronous_release_0
0.027009 -0.0250000004 -0.012107696 -0.0328390575 synchronous_release_0
0.037405 -0.0250000004 -0.02238561 0.0269051011 synchronous_release_0
0.033347 -0.0250000004 -0.0337218799 -0.00937202306 synchronous_release_0
0.004193 -0.0250000004 0.0259242145 0.0235145721 synchronous_release_0
0.010511 -0.0250000004 0.0314374804 -0.0153845645 synchronous_release_0
0.023926 -0.0250000004 0.00239531656 -0.0349179389 synchronous_release_0
0.019378 -0.0250000004 -0.00844664896 0.0339654843 synchronous_release_0
0.004068 -0.0250000004 0.00441709187 -0.034720157 synchronous_release_0
0.028525 -0.0250000004 0.0337722752 -0.00918876647 synchronous_release_0
0.028969 -0.0250000004 -0.000262536185 -0.000964922148 synchronous_release_0
0.029541 -0.0250000004 0.00892843239 -0.0338420315 synchronous_release_0
0.023728 -0.0250000004 0.0248438428 0.024653265 synchronous_release_1
0.024296 -0.0250000004 0.000144486802 -0.000989506728 synchronous_release_0
0.00622 -0.0250000004 0.034994696 -0.000609301689 synchronous_release_0
0.023884 -0.0250000004 -1.74086197e-05 -0.000999848458 synchronous_release_0
0.02518 -0.0250000004 0.0189884729 -0.0294013247 synchronous_release_0
0.02955 -0.0250000004 0.0159680577 0.0311451623 synchronous_release_0
0.039781 -0.0250000004 -0.0159680577 -0.0311451623 synchronous_release_1
0.031669 -0.0250000004 -0.0177941799 -0.0301391301 synchronous_release_0
0.023401 -0.0250000004 0.0291291099 -0.019403478 synchronous_release_0
0.00449 -0.0250000004 -0.034972758 -0.00138065052 synchronous_release_0
0.026203 -0.0250000004 0.034972758 0.00138065052 synchronous_release_0
0.023222 -0.0250000004 0.0323023275 -0.0134744068 synchronous_release_0
0.025037 -0.0250000004 -0.0349999075 -8.0484593e-05 synchronous_release_0
0.032096 -0.0250000004 -0.000864873334 -0.000501990155 synchronous_release_0
0.022866 -0.0250000004 0.0292443526 0.0192293485 synchronous_release_0
0.023701 -0.0250000004 0.0184556926 -0.0297386518 synchronous_release_0
0.033483 -0.0250000004 0.0349822742 0.00111377274 synchronous_release_0
0.035591 -0.0250000004 -0.0165265816 -0.0308524245 synchronous_release_0
0.023143 -0.0250000004 0.0216521961 -0.0566231614 synchronous_release_0
0.007841 -0.0250000004 0.0267928042 -0.0225198943 synchronous_release_0
0.031481 -0.0250000004 -0.0267928042 0.0225198943 synchronous_release_0
0.026832 -0.0250000004 -0.0200048741 0.0287194187 synchronous_release_0
0.014894 -0.0250000004 0.0172083892 -0.0304773907 synchronous_release_0
0.039086 -0.0250000004 0.0349983891 -0.000335793133 synchronous_release_0
0.040344 -0.0250000004 -0.01779 -0.0301415975 synchronous_release_1
0.041685 -0.0250000004 -0.0349983891 0.000335793133 synchronous_release_1
0.032013 -0.0250000004 0.01779 0.0301415975 synchronous_release_2
0.02386 -0.0250000004 0.0347294266 -0.00434360737 synchronous_release_0
0.028105 -0.0250000004 0.0211263877 0.027904762 synchronous_release_0
0.028603 -0.0250000004 -0.013603039 0.0322483694 synchronous_release_0
0.027117 -0.0250000004 -0.0243653741 -0.0251262521 synchronous_release_0
0.038331 -0.0250000004 0.000717892917 -0.000696153546 synchronous_release_0
0.025957 -0.0250000004 0.0126447009 0.0326360466 synchronous_release_0
0.031715 -0.0250000004 0.021941295 -0.0272686555 synchronous_release_0
0.008106 -0.0250000004 0.0342793799 0.00706569958 synchronous_release_0
0.015586 -0.0250000004 0.0313277562 0.0156067835 synchronous_release_0
0.042809 -0.0250000004 -0.000998114985 6.13716318e-05 synchronous_release_0
0.033659 -0.0250000004 -0.0291797491 0.019327241 synchronous_release_1
0.024403 -0.0250000004 0.0282649067 0.0206420699 synchronous_release_0
0.025293 -0.0250000004 0.000948561944 -0.000316591597 synchronous_release_2
0.003703 -0.0250000004 0.030112245 0.0178396384 synchronous_release_0
0.023689 -0.0250000004 0.000999936811 1.12416449e-05 synchronous_release_0
0.024383 -0.0250000004 0.000393457571 -0.0349977884 synchronous_release_0
0.029246 -0.0250000004 0.0279339397 0.021087793 synchronous_release_0
0.005581 -0.0250000004 -0.000857662806 0.000514212515 synchronous_release_0
0.046632 -0.0250000004 0.0349952412 -0.000577139424 synchronous_release_0
0.023766 -0.0250000004 0.0320820503 0.0139907845 synchronous_release_0
0.004398 -0.0250000004 0.021959291 0.0272541655 synchronous_release_1
0.023806 -0.0250000004 0.0126231542 -0.0326443866 synchronous_release_1
0.034911 -0.0250000004 -0.0123887068 0.0327340792 synchronous_release_1
0.024921 -0.0250000004 -0.0342884461 0.00702157112 synchronous_release_0
0.023893 -0.0250000004 0.0342884461 -0.00702157112 synchronous_release_1
0.031624 -0.0250000004 0.0322299532 -0.0136466157 synchronous_release_0
0.004066 -0.0250000004 0.0347948301 0.00378415114 synchronous_release_0
0.027067 -0.0250000004 -8.45217218e-06 0.034999999 synchronous_release_1
0.017244 -0.0250000004 0.00424226484 -0.0347419514 synchronous_release_0
0.009179 -0.0250000004 -0.00096288582 0.000269909055 synchronous_release_0
0.015201 -0.0250000004 -0.0133345787 -0.0323602999 synchronous_release_0
0.023905 -0.0250000004 0.000924579998 -0.000380987963 synchronous_release_0
0.014166 -0.0250000004 0.0287660639 0.0199377424 synchronous_release_0
0.027187 -0.0250000004 0.0316496233 -0.0149432709 synchronous_release_0
0.023642 -0.0250000004 -0.00326968641 -0.0348469389 synchronous_release_0
0.0281 -0.0250000004 0.00326968641 0.0348469389 synchronous_release_0
0.027009 -0.0250000004 -0.0134537495 -0.0323109366 synchronous_release_0
0.040539 -0.0250000004 0.0294591469 -0.0188986418 synchronous_release_1
0.01552 -0.0250000004 0.0219162188 0.0272888137 synchronous_release_0
0.024775 -0.0250000004 0.0438324376 0.0545776274 synchronous_release_1
0.023417 -0.0250000004 0.0452605652 -0.0533992625 synchronous_release_0
0.030138 -0.0250000004 -0.0118074176 -0.0329482153 synchronous_release_0
0.031705 -0.0250000004 -0.0226302826 0.0266996313 synchronous_release_0
0.036778 -0.0250000004 -0.000762846607 -0.000646579503 synchronous_release_0
0.023582 -0.0250000004 0.0311635667 0.0159321093 synchronous_release_1
0.024591 -0.0250000004 0.0321651923 0.0137985653 synchronous_release_0
0.024818 -0.0250000004 -0.000933521289 0.000358521969 synchronous_release_1
0.028708 -0.0250000004 0.0345699948 0.00546950292 synchronous_release_1
0.004244 -0.0250000004 0.0111395984 0.033179954 synchronous_release_0
0.02777 -0.0250000004 -0.0259244842 0.0235142748 synchronous_release_0
0.023429 -0.0250000004 -0.00386509378 0.0347859318 synchronous_release_0
0.004034 -0.0250000004 0.000363949139 -0.000931418823 synchronous_release_0
0.006 -0.0250000004 -0.0273314514 0.0218630228 synchronous_release_0
0.024779 -0.0250000004 0.0325996588 0.0127382199 synchronous_release_0
0.009177 -0.0250000004 0.0315422932 0.0151685115 synchronous_release_0
0.043363 -0.0250000004 -0.0315422932 -0.0151685115 synchronous_release_0
0.025404 -0.0250000004 0.000502641585 -0.000864494903 synchronous_release_1
0.023826 -0.0250000004 0.0347850557 0.00387297038 synchronous_release_0
0.026537 -0.0250000004 0.00848923264 -0.0339548661 synchronous_release_0
0.01199 -0.0250000004 0.0121655178 0.0328176809 synchronous_release_0
0.024028 -0.0250000004 0.0277879101 -0.0212798509 synchronous_release_0
0.023835 -0.0250000004 0.0311427952 -0.0159726737 synchronous_release_1
0.023587 -0.0250000004 -0.000378332838 0.00092566963 synchronous_release_0
0.00407 -0.0250000004 0.0346565148 -0.00489141897 synchronous_release_0
0.023621 -0.0250000004 0.0215643505 0.0275677128 synchronous_release_0
0.008332 -0.0250000004 0.0258402987 -0.0236067567 synchronous_release_0
0.029264 -0.0250000004 0.0349938054 0.000658472084 synchronous_release_0
0.013183 -0.0250000004 0.0349849962 0.00102471607 synchronous_release_0
0.023621 -0.0250000004 -0.0349849962 -0.00102471607 synchronous_release_0
0.03584 -0.0250000004 0.0183799282 -0.0297855374 synchronous_release_0
0.023812 -0.0250000004 0.0338433307 -0.00892350643 synchronous_release_0
0.037707 -0.0250000004 0.0149193332 -0.0316609143 synchronous_release_0
0.048403 -0.0250000004 0.0348788227 -0.00290993557 synchronous_release_0
0.025621 -0.0250000004 0.0117879844 0.0329551729 synchronous_release_0
0.012519 -0.0250000004 -0.0235090658 -0.0259292079 synchronous_release_0
0.02325 -0.0250000004 0.0342098857 -0.00739484427 synchronous_release_0
0.035665 -0.0250000004 0.0107008198 -0.0333240522 synchronous_release_0
0.011546 -0.0250000004 -0.000454545568 -0.000890723485 synchronous_release_0
0.022558 -0.0250000004 -0.0293653413 -0.0190440734 synchronous_release_0
0.027708 -0.0250000004 0.031175322 -0.0159090949 synchronous_release_0
0.026006 -0.0250000004 0.00718121725 0.0342553663 synchronous_release_0
0.039592 -0.0250000004 0.033256626 0.0109085666 synchronous_release_1
0.028253 -0.0250000004 -0.00152202583 -0.0349668906 synchronous_release_0
0.034873 -0.0250000004 0.00152202583 0.0349668906 synchronous_release_0
0.025054 -0.0250000004 0.0295212026 -0.0188015583 synchronous_release_1
0.028082 -0.0250000004 -0.0208251517 -0.0281302872 synchronous_release_0
0.023399 -0.0250000004 0.0344468309 -0.00619805148 synchronous_release_0
0.025182 -0.0250000004 -0.00217410202 0.0349324102 synchronous_release_1
0.024391 -0.0250000004 0.02996821 -0.0180805528 synchronous_release_0
0.02635 -0.0250000004 -0.000636612925 -0.000771183495 synchronous_release_0
0.031731 -0.0250000004 0.0224241122 0.0268730197 synchronous_release_0
0.023966 -0.0250000004 -0.0224241122 -0.0268730197 synchronous_release_1
0.035234 -0.0250000004 0.0344847739 -0.00598334099 synchronous_release_1
0.027711 -0.0250000004 -0.0111748512 -0.0331680976 synchronous_release_0
0.003958 -0.0250000004 -0.00122999766 0.0349783805 synchronous_release_0
0.02539 -0.0250000004 0.00122999766 -0.0349783805 synchronous_release_0
0.029017 -0.0250000004 -0.0296771673 -0.0185543995 synchronous_release_0
0.024035 -0.0250000004 0.0263783504 0.0230039699 synchronous_release_0
0.035034 -0.0250000004 0.00673284714 -0.0343463065 synchronous_release_0
0.006099 -0.0250000004 0.0217166041 0.0274479344 synchronous_release_0
0.023746 -0.0250000004 0.0346289106 -0.00508316366 synchronous_release_0
0.027416 -0.0250000004 0.0129123064 -0.0325310981 synchronous_release_0
0.00433 -0.0250000004 0.00382483069 0.0347903819 synchronous_release_0
0.003415 -0.0250000004 0.00247392529 -0.0349124576 synchronous_release_0
0.010576 -0.0250000004 0.0222562716 0.0270121894 synchronous_release_0
0.031621 -0.0250000004 0.0122651064 -0.0327805913 synchronous_release_0
0.028617 -0.0250000004 0.0345085942 -0.00584439279 synchronous_release_0
0.024749 -0.0250000004 -0.0012345505 0.0349782202 synchronous_release_0
0.023624 -0.0250000004 0.00265505257 -0.0348991504 synchronous_release_0
0.029731 -0.0250000004 -0.00265505257 0.0348991504 synchronous_release_0
0.005534 -0.0250000004 0.00057422652 -0.000818696466 synchronous_release_0
0.027914 -0.0250000004 0.0286543763 0.0200979282 synchronous_release_0
0.030442 -0.0250000004 -0.00307812822 0.0348643819 synchronous_release_1
0.023638 -0.0250000004 0.0291292878 -0.0194032108 synchronous_release_0
0.034387 -0.0250000004 -0.0291292878 0.0194032108 synchronous_release_0
0.023581 -0.0250000004 0.0227835721 -0.0265689451 synchronous_release_0
0.025935 -0.0250000004 -0.0349999471 6.08503446e-05 synchronous_release_0
0.023541 -0.0250000004 0.0306200521 0.0169532419 synchronous_release_0
0.014472 -0.0250000004 0.0325168952 -0.0129480319 synchronous_release_1
0.023665 -0.0250000004 0.0274717721 0.0216864413 synchronous_release_1
0.02357 -0.0250000004 -0.0330121812 0.0116273769 synchronous_release_0
0.03529 -0.0250000004 0.0330121812 -0.0116273769 synchronous_release_0
0.023149 -0.0250000004 0.0281946855 -0.020737881 synchronous_release_0
0.028259 -0.0250000004 0.0117928773 0.0329534224 synchronous_release_0
0.00373 -0.0250000004 0.0221633821 -0.0270884569 synchronous_release_0
0.029269 -0.0250000004 -0.0123776007 -0.0327382803 synchronous_release_0
0.028511 -0.0250000004 -0.0345409828 -0.00564982349 synchronous_release_1
0.012164 -0.0250000004 0.0197998704 0.0288611353 synchronous_release_0
0.028766 -0.0250000004 -0.0150945411 0.0315777584 synchronous_release_1
0.023301 -0.0250000004 0.0316463843 -0.0149501291 synchronous_release_0
0.035782 -0.0250000004 -0.00287600055 0.0348816373 synchronous_release_0
0.049585 -0.0250000004 0.0287703838 0.0199315082 synchronous_release_0
0.024041 -0.0250000004 0.0158174313 0.0312219293 synchronous_release_0
0.024204 -0.0250000004 0.0337089363 0.00941847201 synchronous_release_0
0.030173 -0.0250000004 0.00869783211 0.0339020312 synchronous_release_1
0.027216 -0.0250000004 0.000906490208 -0.000422226837 synchronous_release_0
0.02455 -0.0250000004 0.0200875546 -0.0286616495 synchronous_release_1
0.041369 -0.0250000004 0.0324489956 0.0131172667 synchronous_release_0
0.024184 -0.0250000004 0.027584384 -0.0215430212 synchronous_release_1
0.023599 -0.0250000004 -0.0163514669 -0.0309455898 synchronous_release_0
