0.02539 -0.0250000004 0.0307505727 0.0167153306 synchronous_release_0
0.023916 -0.0250000004 0.00960823057 0.0336553399 synchronous_release_0
0.049834 -0.0250000004 0.024362987 -0.0251285667 synchronous_release_0
0.035078 -0.0250000004 0.0339980506 0.00831459889 synchronous_release_0
0.023743 -0.0250000004 0.0235920602 -0.0258537173 synchronous_release_0
0.025495 -0.0250000004 -0.000974587239 -0.0349864285 synchronous_release_0
0.023943 -0.0250000004 0.000659842152 0.0349937796 synchronous_release_0
0.02585 -0.0250000004 0.0188798877 -0.0294711696 synchronous_release_1
0.023372 -0.0250000004 0.0348607146 -0.00311938778 synchronous_release_0
0.032489 -0.0250000004 0.0158200775 -0.0312205885 synchronous_release_0
0.031935 -0.0250000004 -0.0313511241 0.0155597885 synchronous_release_0
0.026335 -0.0250000004 -0.00068445638 -0.000729053814 synchronous_release_0
0.022768 -0.0250000004 -0.0250525268 0.0244411722 synchronous_release_0
0.032152 -0.0250000004 0.0335425558 -0.00999484617 synchronous_release_1
0.039664 -0.0250000004 0.0304413955 0.0172719842 synchronous_release_0
0.023747 -0.0250000004 0.0123150286 0.0327618692 synchronous_release_0
0.026857 -0.0250000004 0.0099000681 -0.0598079313 synchronous_release_0
0.009478 -0.0250000004 0.0338858121 -0.00876080699 synchronous_release_0
0.023466 -0.0250000004 0.0245299875 0.0249655706 synchronous_release_0
0.029422 -0.0250000004 -0.0296194675 0.0186463708 synchronous_release_0
0.029917 -0.0250000004 -0.0247738091 0.0247236402 synchronous_release_0
0.030094 -0.0250000004 0.0321958148 -0.0137269628 synchronous_release_0
0.008661 -0.0250000004 0.0275540765 0.0215817717 synchronous_release_0
0.025082 -0.0250000004 0.0324674008 -0.0130716443 synchronous_release_0
0.035581 -0.0250000004 0.0300348073 0.0179697065 synchronous_release_0
0.027659 -0.0250000004 -0.0082208264 -0.0340208467 synchronous_release_0
0.026273 -0.0250000004 0.0344819666 -0.00599949855 synchronous_release_0
0.029091 -0.0250000004 -0.00320066425 -0.0348533463 synchronous_release_0
0.023675 -0.0250000004 0.0337948034 0.00910556233 synchronous_release_0
0.007112 -0.0250000004 0.0349778344 0.00124543055 synchronous_release_0
0.003652 -0.0250000004 0.0349909565 -0.000795591179 synchronous_release_0
0.026871 -0.0250000004 0.0263428786 -0.0230445817 synchronous_release_1
0.029869 -0.0250000004 -0.032154406 -0.0138236816 synchronous_release_0
0.028726 -0.0250000004 0.0343032149 -0.00694906108 synchronous_release_1
0.028725 -0.0250000004 0.000979281087 -0.000202505684 synchronous_release_0
0.029436 -0.0250000004 0.0340574723 -0.0080677494 synchronous_release_1
0.0281 -0.0250000004 0.0339858343 0.00836439266 synchronous_release_0
0.030762 -0.0250000004 0.00974914064 0.0336147922 synchronous_release_0
0.02384 -0.0250000004 0.0191754208 -0.029279741 synchronous_release_0
0.030769 -0.0250000004 -0.03494471 -0.00196653105 synchronous_release_0
0.029396 -0.0250000004 -0.000450785529 -0.000892632291 synchronous_release_1
0.030032 -0.0250000004 0.0287840655 0.0199117445 synchronous_release_0
0.03532 -0.0250000004 0.0037194563 -0.0348018052 synchronous_release_0
0.025181 -0.0250000004 -0.00785382153 -0.0341074404 synchronous_release_0
0.024866 -0.0250000004 0.0345224561 0.00576194602 synchronous_release_0
0.028099 -0.0250000004 0.0309232507 -0.0163936746 synchronous_release_0
0.019212 -0.0250000004 0.0173026471 -0.0304239774 synchronous_release_0
0.023605 -0.0250000004 0.0265781174 -0.0227728715 synchronous_release_0
0.025875 -0.0250000004 0.0244154895 0.0250775571 synchronous_release_0
0.023151 -0.0250000004 0.0348391945 0.00335119791 synchronous_release_0
0.040603 -0.0250000004 0.000853556684 -0.000520999987 synchronous_release_0
0.024689 -0.0250000004 0.0330155181 0.0116178983 synchronous_release_0
0.039815 -0.0250000004 0.0268919187 -0.0224014444 synchronous_release_1
0.027567 -0.0250000004 -0.000675811484 -0.000737074514 synchronous_release_0
0.025262 -0.0250000004 0.000669814888 -0.000742528125 synchronous_release_1
0.028923 -0.0250000004 -0.00730844261 0.0342284482 synchronous_release_1
0.032309 -0.0250000004 0.0151609647 0.0315459213 synchronous_release_0
0.025567 -0.0250000004 -0.0222894286 -0.026984836 synchronous_release_0
0.033953 -0.0250000004 -0.0232136491 0.0261940164 synchronous_release_1
0.027104 -0.0250000004 -0.0280859441 0.0208849167 synchronous_release_0
0.033099 -0.0250000004 0.0151265694 -0.0315624286 synchronous_release_0
0.048855 -0.0250000004 0.0158150056 0.031223158 synchronous_release_0
0.028782 -0.0250000004 0.0345051802 -0.00586451553 synchronous_release_0
0.023624 -0.0250000004 0.0334197708 -0.0103980249 synchronous_release_0
0.032433 -0.0250000004 0.000791739378 -0.000610859033 synchronous_release_0
0.014981 -0.0250000004 0.0250723006 -0.0244208874 synchronous_release_1
0.029254 -0.0250000004 0.025283658 0.0242019965 synchronous_release_0
0.037395 -0.0250000004 -0.0334036313 -0.0104497569 synchronous_release_0
0.023829 -0.0250000004 0.0245883179 -0.0249081236 synchronous_release_0
0.035535 -0.0250000004 0.0340521926 0.00809000497 synchronous_release_2
0.023775 -0.0250000004 0.0346585481 0.00487699152 synchronous_release_0
0.030016 -0.0250000004 -0.000976399197 -0.00021597363 synchronous_release_0
0.031449 -0.0250000004 0.0334323853 -0.0103573941 synchronous_release_0
0.029633 -0.0250000004 0.0332224463 0.0110122234 synchronous_release_0
0.031957 -0.0250000004 0.0311025644 0.0160508718 synchronous_release_0
0.024044 -0.0250000004 0.0348920895 -0.00274628625 synchronous_release_0
0.028536 -0.0250000004 -0.0184429804 0.0297465372 synchronous_release_0
0.010322 -0.0250000004 0.012001483 -0.0328780231 synchronous_release_1
0.006382 -0.0250000004 0.0267597062 -0.0225592137 synchronous_release_0
0.023797 -0.0250000004 -0.000663485265 0.00074818935 synchronous_release_0
0.02372 -0.0250000004 0.0246392326 0.0248577597 synchronous_release_0
0.005561 -0.0250000004 -0.000636327806 0.000771418773 synchronous_release_0
0.035853 -0.0250000004 0.011976527 -0.0328871221 synchronous_release_1
0.022969 -0.0250000004 0.00945107219 -0.0336998106 synchronous_release_0
0.036551 -0.0250000004 0.00766050841 0.0341513779 synchronous_release_0
0.0232 -0.0250000004 0.0290787648 0.0194788459 synchronous_release_0
0.024337 -0.0250000004 0.0343379733 -0.00677521865 synchronous_release_0
0.040887 -0.0250000004 -0.0343379733 0.00677521865 synchronous_release_1
0.023912 -0.0250000004 0.0276179292 0.0214999997 synchronous_release_0
0.024844 -0.0250000004 0.027731857 -0.0213528478 synchronous_release_0
0.003792 -0.0250000004 -0.00896735218 -0.0338317395 synchronous_release_0
0.004077 -0.0250000004 0.0121873963 -0.0328095622 synchronous_release_0
0.027661 -0.0250000004 0.000522456108 -0.000852666181 synchronous_release_0
0.030929 -0.0250000004 0.0335369738 -0.0100135603 synchronous_release_0
0.030612 -0.0250000004 0.0325468885 0.0128724531 synchronous_release_1
0.023636 -0.0250000004 0.0284792342 -0.0203453489 synchronous_release_0
0.025687 -0.0250000004 -0.0284792342 0.0203453489 synchronous_release_0
0.026031 -0.0250000004 -0.0192063683 0.02925945 synchronous_release_0
0.010455 -0.0250000004 0.0349913385 0.000778606875 synchronous_release_0
0.030426 -0.0250000004 0.0346419384 0.00499360616 synchronous_release_0
0.04032 -0.0250000004 0.0113378565 -0.0331127318 synchronous_release_1
0.03159 -0.0250000004 -0.0160285523 -0.0311140726 synchronous_release_0
0.02438 -0.0250000004 0.0211193718 -0.0279100723 synchronous_release_1
0.024525 -0.0250000004 0.0303017105 -0.0175158883 synchronous_release_0
0.024366 -0.0250000004 0.0327198182 -0.0124263228 synchronous_release_0
0.023329 -0.0250000004 -0.0029022766 -0.0348794609 synchronous_release_0
0.023805 -0.0250000004 0.0338963077 -0.00872011016 synchronous_release_1
0.042555 -0.0250000004 0.0141921766 -0.03199347 synchronous_release_0
0.026616 -0.0250000004 0.0338382755 0.00894265669 synchronous_release_0
0.043352 -0.0250000004 0.000900608676 -0.000434630893 synchronous_release_0
0.025273 -0.0250000004 0.0322223923 0.0136644587 synchronous_release_0
0.006113 -0.0250000004 0.0349999239 -7.29812341e-05 synchronous_release_0
0.023864 -0.0250000004 0.0349921149 0.000742896025 synchronous_release_0
0.015696 -0.0250000004 0.0228552585 0.0265073039 synchronous_release_0
0.031336 -0.0250000004 0.0328715684 0.0120191509 synchronous_release_0
0.037571 -0.0250000004 0.0163845014 -0.030928112 synchronous_release_0
0.023605 -0.0250000004 -0.00766659716 -0.0341500115 synchronous_release_1
0.005659 -0.0250000004 0.0343559261 -0.00668358754 synchronous_release_0
0.038657 -0.0250000004 0.0330471265 0.0115276811 synchronous_release_0
0.010291 -0.0250000004 0.0155635718 0.0313492461 synchronous_release_1
0.026551 -0.0250000004 -0.00942192 -0.0337079727 synchronous_release_0
0.010723 -0.0250000004 0.0143867156 0.0319064635 synchronous_release_0
0.028016 -0.0250000004 0.0310017095 -0.0162448149 synchronous_release_0
0.031154 -0.0250000004 0.0252525727 -0.0242344295 synchronous_release_0
0.003716 -0.0250000004 0.0230295629 0.0263560094 synchronous_release_0
0.015122 -0.0250000004 0.0165353577 -0.0308477219 synchronous_release_0
0.036474 -0.0250000004 -0.0217549985 -0.0274175134 synchronous_release_0
0.02813 -0.0250000004 -0.0249098205 0.0245865988 synchronous_release_0
0.007107 -0.0250000004 0.0301251306 -0.0178178703 synchronous_release_0
0.033776 -0.0250000004 0.0348091704 -0.00364988482 synchronous_release_0
0.030189 -0.0250000004 0.0104044632 0.0334177669 synchronous_release_0
0.028868 -0.0250000004 -0.00533334409 0.0345912625 synchronous_release_0
0.033742 -0.0250000004 -0.0147499287 0.0317401891 synchronous_release_0
0.003849 -0.0250000004 0.0325212857 -0.0129370002 synchronous_release_0
0.024143 -0.0250000004 0.0131010084 -0.0324555632 synchronous_release_0
0.029193 -0.0250000004 -0.0210986237 -0.0279257601 synchronous_release_0
0.023844 -0.0250000004 0.000525027309 -0.000851085381 synchronous_release_0
0.025139 -0.0250000004 0.0349540056 -0.00179373784 synchronous_release_0
0.025468 -0.0250000004 3.71831797e-05 0.000999308466 synchronous_release_0
0.023936 -0.0250000004 0.03445246 0.00616668478 synchronous_release_0
0.028468 -0.0250000004 0.0267350648 -0.0225884109 synchronous_release_0
0.023511 -0.0250000004 0.0156757467 0.0312933054 synchronous_release_0
0.030206 -0.0250000004 0.0229885955 -0.0263917502 synchronous_release_0
0.028074 -0.0250000004 0.0319002481 0.014400492 synchronous_release_0
0.024633 -0.0250000004 0.0341218957 -0.00779077898 synchronous_release_0
0.025354 -0.0250000004 0.0193464466 0.0291670191 synchronous_release_0
0.027206 -0.0250000004 0.032954692 0.011789329 synchronous_release_0
0.026533 -0.0250000004 0.0133138186 0.0323688467 synchronous_release_0
0.02733 -0.0250000004 0.0340409198 -0.00813730766 synchronous_release_0
0.016688 -0.0250000004 0.0330928346 0.0113958017 synchronous_release_0
0.01375 -0.0250000004 -0.023065636 -0.0263244456 synchronous_release_0
0.005759 -0.0250000004 0.00496794993 0.034645627 synchronous_release_0
0.033526 -0.0250000004 0.0293017328 -0.0191417986 synchronous_release_0
0.006463 -0.0250000004 0.0113068133 0.0331233448 synchronous_release_0
0.025462 -0.0250000004 -0.015859038 -0.0312008159 synchronous_release_0
0.02981 -0.0250000004 -0.0103942174 -0.0334209552 synchronous_release_0
0.029166 -0.0250000004 0.0240645758 0.0254144878 synchronous_release_0
0.023709 -0.0250000004 0.0103052196 0.0334485044 synchronous_release_0
0.039148 -0.0250000004 -0.0344549988 0.00615248366 synchronous_release_0
0.026065 -0.0250000004 -0.0220168191 -0.0272077135 synchronous_release_0
0.023818 -0.0250000004 0.0317999112 -0.0146207267 synchronous_release_0
0.013198 -0.0250000004 0.0307061061 -0.0167968761 synchronous_release_0
0.04458 -0.0250000004 -0.000479910745 -0.000877317318 synchronous_release_1
0.03794 -0.0250000004 0.0348875121 0.00280383604 synchronous_release_2
0.028839 -0.0250000004 0.00769079033 -0.0341445712 synchronous_release_0
0.024361 -0.0250000004 0.0050234133 -0.0346376287 synchronous_release_0
0.005053 -0.0250000004 0.0343329501 0.0068006277 synchronous_release_0
0.037735 -0.0250000004 -0.0276199139 0.02149745 synchronous_release_0
0.003981 -0.0250000004 0.0325147791 -0.0129533448 synchronous_release_0
0.024796 -0.0250000004 0.0329672609 0.0117541357 synchronous_release_1
0.010809 -0.0250000004 0.0158048331 -0.0312283085 synchronous_release_0
0.029331 -0.0250000004 0.0122655842 0.0327804125 synchronous_release_0
0.039016 -0.0250000004 0.0274502593 0.0217136654 synchronous_release_0
0.023736 -0.0250000004 0.019217914 0.029251868 synchronous_release_0
0.025098 -0.0250000004 -0.0244482626 -0.0250456075 synchronous_release_0
0.034913 -0.0250000004 0.00164933508 -0.0349611169 synchronous_release_0
0.041547 -0.0250000004 0.0346502208 -0.00493580784 synchronous_release_0
0.032132 -0.0250000004 -0.0282756862 0.0206273016 synchronous_release_0
0.023767 -0.0250000004 0.028487301 -0.0203340522 synchronous_release_0
0.024188 -0.0250000004 0.0318074743 0.0146042657 synchronous_release_0
0.031712 -0.0250000004 0.0295320822 0.0187844649 synchronous_release_0
0.021552 -0.0250000004 0.0271476176 0.0220908773 synchronous_release_0
0.033108 -0.0250000004 -0.0106405076 0.0333433591 synchronous_release_1
0.026865 -0.0250000004 -0.00221526119 0.0349298242 synchronous_release_0
0.026458 -0.0250000004 -0.00883179566 0.0338673794 synchronous_release_0
0.026955 -0.0250000004 0.0346462574 -0.00496355219 synchronous_release_1
0.009629 -0.0250000004 0.0330868484 -0.0114131706 synchronous_release_0
0.02355 -0.0250000004 0.0348829637 0.00285986828 synchronous_release_0
0.024805 -0.0250000004 0.0318046278 -0.0146104638 synchronous_release_0
0.014196 -0.0250000004 0.0349835782 -0.00107203361 synchronous_release_0
0.024219 -0.0250000004 0.029521366 0.0188013018 synchronous_release_0
0.026887 -0.0250000004 0.0280945978 0.0208732742 synchronous_release_0
0.023549 -0.0250000004 2.71834388e-05 0.000999630462 synchronous_release_1
0.039572 -0.0250000004 0.0166695789 -0.0307753983 synchronous_release_1
0.04048 -0.0250000004 -0.0342319217 -0.00729215582 synchronous_release_0
0.035792 -0.0250000004 0.0342237213 -0.00733054578 synchronous_release_1
0.027568 -0.0250000004 -0.00172266808 -0.0349575802 synchronous_release_0
0.006553 -0.0250000004 0.0243829594 0.0251091874 synchronous_release_0
0.027185 -0.0250000004 0.0349219878 -0.00233554489 synchronous_release_1
0.037513 -0.0250000004 0.00435480634 -0.0347280242 synchronous_release_0
0.025953 -0.0250000004 0.0231436115 -0.0262559183 synchronous_release_0
0.01886 -0.0250000004 -0.000981812529 -0.000189852989 synchronous_release_0
0.024165 -0.0250000004 0.0177193311 0.0301831957 synchronous_release_0
0.024492 -0.0250000004 -0.00298750616 -0.0348722641 synchronous_release_0
0.023122 -0.0250000004 -0.000356239484 -0.000934394686 synchronous_release_0
0.024618 -0.0250000004 0.00923430205 0.0337598529 synchronous_release_0
0.023845 -0.0250000004 0.0344974407 0.00590987162 synchronous_release_0
0.024067 -0.0250000004 0.00093738489 -0.000348295232 synchronous_release_0
0.030471 -0.0250000004 0.0302086301 -0.0176759347 synchronous_release_0
0.024179 -0.0250000004 0.0331042823 0.0113625037 synchronous_release_0
0.041087 -0.0250000004 -0.000602202679 0.000798343243 synchronous_release_1
0.023504 -0.0250000004 0.0261810949 -0.0232282214 synchronous_release_0
0.031139 -0.0250000004 0.0266296709 0.0227125655 synchronous_release_0
0.034138 -0.0250000004 -0.000472911664 -0.000881109844 synchronous_release_0
0.024713 -0.0250000004 0.0337989002 -0.00909034358 synchronous_release_0
0.026032 -0.0250000004 0.0218813951 -0.0273167448 synchronous_release_0
0.02373 -0.0250000004 0.0339093327 0.00866932282 synchronous_release_0
0.030151 -0.0250000004 0.000999999106 1.33710957e-06 synchronous_release_0
0.006174 -0.0250000004 0.000992165418 0.000124931115 synchronous_release_0
0.029538 -0.0250000004 0.034721971 -0.00440280943 synchronous_release_1
0.031099 -0.0250000004 0.00255687212 0.0349064808 synchronous_release_0
0.032756 -0.0250000004 0.0163429236 0.0309501026 synchronous_release_1
0.024076 -0.0250000004 -0.00837137573 0.0339841149 synchronous_release_0
0.031448 -0.0250000004 0.0336167947 -0.00974223343 synchronous_release_0
0.02317 -0.0250000004 0.0324725127 0.0130589402 synchronous_release_0
0.024035 -0.0250000004 0.0344906992 0.00594908954 synchronous_release_0
0.02931 -0.0250000004 0.031838384 -0.0145367569 synchronous_release_0
0.029045 -0.0250000004 -0.00569682918 0.0345332613 synchronous_release_0
0.025429 -0.0250000004 0.0647181129 -0.0266751919 synchronous_release_0
0.025193 -0.0250000004 0.0335584716 -0.00994127677 synchronous_release_1
0.023304 -0.0250000004 -0.032130002 0.0138803088 synchronous_release_0
0.030023 -0.0250000004 -0.0349590866 0.00169182259 synchronous_release_0
0.00619 -0.0250000004 -0.0279877627 0.0210163065 synchronous_release_0
0.023312 -0.0250000004 0.0173743982 0.0303830592 synchronous_release_0
0.042393 -0.0250000004 -0.0173867848 -0.0303759727 synchronous_release_0
0.024807 -0.0250000004 0.0276341772 -0.021479112 synchronous_release_0
0.005607 -0.0250000004 -0.0252445759 0.0242427595 synchronous_release_0
0.023393 -0.0250000004 0.0339364163 0.00856268919 synchronous_release_0
0.02877 -0.0250000004 0.000304650194 0.000952464309 synchronous_release_0
0.028991 -0.0250000004 0.0329798652 0.011718724 synchronous_release_0
0.023653 -0.0250000004 0.0349178919 0.00239600213 synchronous_release_0
0.02506 -0.0250000004 0.0346304046 0.00507297543 synchronous_release_0
0.004461 -0.0250000004 0.0310981402 0.0160594421 synchronous_release_0
0.025238 -0.0250000004 0.0328674188 0.0120304939 synchronous_release_1
0.02602 -0.0250000004 -0.0238883732 -0.0255801803 synchronous_release_0
0.024806 -0.0250000004 0.0343194418 0.00686847242 synchronous_release_0
0.026923 -0.0250000004 0.0141334416 -0.0320194601 synchronous_release_0
0.022915 -0.0250000004 0.0341810434 0.00752703627 synchronous_release_0
0.011198 -0.0250000004 0.00037263261 -0.000927978953 synchronous_release_0
0.02401 -0.0250000004 0.0327797819 -0.0122672695 synchronous_release_0
0.023536 -0.0250000004 0.0321117924 0.0139223845 synchronous_release_0
0.023762 -0.0250000004 0.034786161 0.00386303068 synchronous_release_0
0.02397 -0.0250000004 0.0273017607 0.0219000882 synchronous_release_0
0.024004 -0.0250000004 0.02782287 0.0212341213 synchronous_release_0
0.023748 -0.0250000004 0.0345166287 0.00579675294 synchronous_release_1
0.02371 -0.0250000004 0.0291839816 0.0193208492 synchronous_release_0
0.023213 -0.0250000004 0.0334116421 0.0104241148 synchronous_release_0
0.027996 -0.0250000004 0.0257333693 -0.0237232735 synchronous_release_0
0.036022 -0.0250000004 -5.84901711e-05 -0.000998287984 synchronous_release_1
0.006335 -0.0250000004 0.0193304935 -0.0291775945 synchronous_release_0
0.026737 -0.0250000004 0.0148868958 -0.0316761793 synchronous_release_0
0.024047 -0.0250000004 0.024017639 0.0254588495 synchronous_release_0
0.03385 -0.0250000004 0.0143952664 0.0319026065 synchronous_release_0
0.02352 -0.0250000004 0.0168743074 -0.0306636226 synchronous_release_0
0.014558 -0.0250000004 -0.0304728054 -0.0172165075 synchronous_release_0
0.019165 -0.0250000004 0.0215758329 0.027558727 synchronous_release_0
0.023647 -0.0250000004 0.0304394398 0.0172754307 synchronous_release_0
0.043961 -0.0250000004 0.0301806817 -0.0177236128 synchronous_release_0
0.035659 -0.0250000004 0.0191192168 0.0293164723 synchronous_release_0
0.033146 -0.0250000004 0.030353472 0.0174260361 synchronous_release_0
0.004206 -0.0250000004 0.0169168149 -0.0306401921 synchronous_release_0
0.02385 -0.0250000004 -1.91344181e-05 -0.00099981692 synchronous_release_0
0.023337 -0.0250000004 0.0272418765 -0.0219745345 synchronous_release_0
0.034738 -0.0250000004 0.00852223781 0.0339465972 synchronous_release_0
0.025684 -0.0250000004 0.0018065581 0.0349533453 synchronous_release_0
0.024066 -0.0250000004 0.0080187319 -0.0340690466 synchronous_release_0
0.02947 -0.0250000004 0.0315516149 -0.0151491122 synchronous_release_0
0.033377 -0.0250000004 0.0288953234 0.0197499439 synchronous_release_0
0.028294 -0.0250000004 0.0164913503 0.0308712709 synchronous_release_1
0.025348 -0.0250000004 -0.00606427959 -0.0344706326 synchronous_release_0
0.03032 -0.0250000004 -0.000642489614 -0.000766294392 synchronous_release_0
0.036293 -0.0250000004 0.029318455 0.0191161764 synchronous_release_1
0.024502 -0.0250000004 0.0348148977 0.00359484326 synchronous_release_0
0.035123 -0.0250000004 -0.000102709807 0.000994711363 synchronous_release_0
0.02624 -0.0250000004 0.00924204667 0.0337577335 synchronous_release_1
0.029425 -0.0250000004 0.0289564026 0.0196602835 synchronous_release_0
0.026056 -0.0250000004 0.0131437362 0.0324382829 synchronous_release_0
0.037312 -0.0250000004 -0.021520509 0.0276019509 synchronous_release_0
0.023467 -0.0250000004 0.0318307228 -0.0145535249 synchronous_release_0
0.024622 -0.0250000004 0.000900708712 -0.000434423545 synchronous_release_0
0.033088 -0.0250000004 0.0220995623 0.027140548 synchronous_release_0
0.025918 -0.0250000004 0.0146247409 -0.0317980652 synchronous_release_1
0.013714 -0.0250000004 0.00777504287 0.0341254847 synchronous_release_0
0.023759 -0.0250000004 -0.00402678617 -0.0347675854 synchronous_release_0
0.037049 -0.0250000004 -0.0349798899 -0.00118629806 synchronous_release_0
0.010369 -0.0250000004 0.0347469106 -0.00420145297 synchronous_release_0
0.032523 -0.0250000004 0.0345033142 -0.00587548367 synchronous_release_0
0.022872 -0.0250000004 0.0307240654 0.0167640033 synchronous_release_0
0.023252 -0.0250000004 0.00733521123 0.0342227216 synchronous_release_0
0.038672 -0.0250000004 0.0333053519 0.0107588816 synchronous_release_0
0.028223 -0.0250000004 -0.0335379907 -0.0100101538 synchronous_release_1
0.025937 -0.0250000004 0.031428122 -0.0154036732 synchronous_release_0
0.027922 -0.0250000004 -0.000452728277 0.000891648533 synchronous_release_0
0.027429 -0.0250000004 0.0188358345 -0.0294993447 synchronous_release_0
0.030679 -0.0250000004 0.0242441783 -0.0252432133 synchronous_release_0
0.028978 -0.0250000004 -0.00347064834 0.0348274978 synchronous_release_0
0.02351 -0.0250000004 -0.0150723966 -0.0315883343 synchronous_release_0
0.029132 -0.0250000004 0.0189862589 -0.0294027545 synchronous_release_0
0.029122 -0.0250000004 0.0348788455 -0.00290966231 synchronous_release_0
0.027683 -0.0250000004 0.00424196714 -0.0347419878 synchronous_release_0
0.045717 -0.0250000004 0.0349629273 -0.0016105022 synchronous_release_0
0.023509 -0.0250000004 0.0341239563 0.00778174814 synchronous_release_0
0.031208 -0.0250000004 0.034876072 0.00294272048 synchronous_release_1
0.023585 -0.0250000004 0.0348839124 0.00284827267 synchronous_release_0
0.026263 -0.0250000004 0.00152955134 -0.0349665622 synchronous_release_0
0.027377 -0.0250000004 0.0149633189 0.0316401499 synchronous_release_0
0.028945 -0.0250000004 0.0145748122 0.0318209813 synchronous_release_2
0.035788 -0.0250000004 0.0330842457 0.011420713 synchronous_release_0
0.023511 -0.0250000004 0.00996316141 -0.0335519808 synchronous_release_0
0.027639 -0.0250000004 0.0340384484 -0.00814763951 synchronous_release_0
0.028602 -0.0250000004 0.000654826506 -0.000755779232 synchronous_release_1
0.027015 -0.0250000004 0.00099993383 -1.15036806e-05 synchronous_release_0
0.029208 -0.0250000004 0.00847292566 -0.0339589389 synchronous_release_0
0.029829 -0.0250000004 0.022451768 0.0268499183 synchronous_release_0
0.026416 -0.0250000004 0.0177591546 0.0301597817 synchronous_release_0
0.026563 -0.0250000004 0.0308180289 0.0165906328 synchronous_release_0
0.023208 -0.0250000004 0.0312142955 0.0158324906 synchronous_release_0
0.028383 -0.0250000004 0.028645994 0.0201098739 synchronous_release_0
0.023294 -0.0250000004 0.0349308889 -0.00219840803 synchronous_release_1
0.034961 -0.0250000004 -0.0297286339 0.0184718252 synchronous_release_0
0.017362 -0.0250000004 0.00384523897 -0.0347881321 synchronous_release_1
0.027698 -0.0250000004 0.0349910771 -0.000790266603 synchronous_release_0
0.02373 -0.0250000004 0.0332859585 -0.0108187321 synchronous_release_0
0.025513 -0.0250000004 0.00727368247 -0.0342358517 synchronous_release_0
0.030061 -0.0250000004 0.0332905364 -0.0108046371 synchronous_release_0
0.027165 -0.0250000004 0.0349626497 -0.00161651705 synchronous_release_0
0.026274 -0.0250000004 -0.0161441502 0.0310542496 synchronous_release_0
0.006448 -0.0250000004 0.034912851 0.00246836689 synchronous_release_0
0.023704 -0.0250000004 0.0228000112 0.0265548393 synchronous_release_0
0.029358 -0.0250000004 0.0224640439 -0.0268396485 synchronous_release_0
0.024031 -0.0250000004 0.00448380322 -0.0347116048 synchronous_release_0
0.024071 -0.0250000004 0.0286223898 0.0201434556 synchronous_release_0
0.012037 -0.0250000004 0.0341934065 -0.00747067293 synchronous_release_0
0.027377 -0.0250000004 0.0175102453 -0.0303049717 synchronous_release_0
0.02519 -0.0250000004 0.027037996 -0.0222249133 synchronous_release_0
0.028223 -0.0250000004 0.0121673557 0.0328169995 synchronous_release_0
0.035777 -0.0250000004 -0.0223366774 0.0269457389 synchronous_release_0
0.003639 -0.0250000004 0.0328033102 0.012204214 synchronous_release_0
0.028412 -0.0250000004 0.0349958317 -0.000540153021 synchronous_release_0
0.004976 -0.0250000004 -0.00841590331 -0.0339731154 synchronous_release_0
0.025667 -0.0250000004 0.0102392945 0.0334687443 synchronous_release_0
0.024296 -0.0250000004 0.0293356156 0.0190898313 synchronous_release_0
0.047551 -0.0250000004 0.000672304196 -0.000740274995 synchronous_release_0
0.033778 -0.0250000004 0.0104337264 -0.0334086419 synchronous_release_0
0.036308 -0.0250000004 -0.0173543575 0.0303945106 synchronous_release_1
