0 0.089306
5e-05 0.078056
0.0001 0.080999
0.00015 0.092075
0.0002 0.092249
0.00025 0.071825
0.0003 0.10575
0.00035 0.078228
0.0004 0.104016
0.00045 0.095886
0.0005 0.075111
0.00055 0.107823
0.0006 0.081698
0.00065 0.07286
0.0007 0.097088
0.00075 0.099702
0.0008 0.090855
0.00085 0.096069
0.0009 0.089992
0.00095 0.087912
0.001 0.122723
0.00105 0.104537
0.0011 0.082196
0.00115 0.097268
0.0012 0.124626
0.00125 0.094158
0.0013 0.087057
0.00135 0.088087
0.0014 0.111632
0.00145 0.083256
0.0015 0.118901
0.00155 0.099851
0.0016 0.093278
0.00165 0.086718
0.0017 0.117697
0.00175 0.101435
0.0018 0.109011
0.00185 0.103869
0.0019 0.095685
0.00195 0.094675
0.002 0.119253
0.00205 0.161129
0.0021 0.151087
0.00215 0.181751
0.0022 0.209925
0.00225 0.253709
0.0023 0.301347
0.00235 0.388039
0.0024 0.411716
0.00245 0.449984
0.0025 0.581369
0.00255 0.763807
0.0026 1.05592
0.00265 1.26826
0.0027 1.72332
0.00275 2.02391
0.0028 2.60562
0.00285 3.08317
0.0029 3.79915
0.00295 4.36958
0.003 5.13266
0.00305 5.64987
0.0031 5.89886
0.00315 6.29829
0.0032 6.63794
0.00325 6.62681
0.0033 6.45618
0.00335 6.19471
0.0034 5.46997
0.00345 4.88292
0.0035 4.18445
0.00355 3.68902
0.0036 2.99576
0.00365 2.71726
0.0037 2.26084
0.00375 2.08296
0.0038 1.83198
0.00385 1.64333
0.0039 1.39816
0.00395 1.28846
0.004 1.28805
0.00405 1.14888
0.0041 1.09154
0.00415 1.04106
0.0042 0.982408
0.00425 0.942694
0.0043 0.904615
0.00435 0.911239
0.0044 0.905724
0.00445 0.850868
0.0045 0.812903
0.00455 0.748385
0.0046 0.738689
0.00465 0.741221
0.0047 0.741962
0.00475 0.715376
0.0048 0.797659
0.00485 0.681189
0.0049 0.739775
0.00495 0.654421
0.005 0.666329
0.00505 0.777807
0.0051 0.656436
0.00515 0.641432
0.0052 0.632851
0.00525 0.597869
0.0053 0.614238
0.00535 0.670942
0.0054 0.617172
0.00545 0.664844
0.0055 0.63565
0.00555 0.559018
0.0056 0.612603
0.00565 0.593597
0.0057 0.610482
0.00575 0.58459
0.0058 0.642653
0.00585 0.570907
0.0059 0.557196
0.00595 0.575444
0.006 0.58086
0.00605 0.606302
0.0061 0.588946
0.00615 0.590364
0.0062 0.558168
0.00625 0.590814
0.0063 0.628656
0.00635 0.578514
0.0064 0.590598
0.00645 0.583018
0.0065 0.541268
0.00655 0.526344
0.0066 0.48269
0.00665 0.54358
0.0067 0.551643
0.00675 0.556675
0.0068 0.547479
0.00685 0.552335
0.0069 0.520777
0.00695 0.569769
0.007 0.52016
0.00705 0.563374
0.0071 0.657292
0.00715 0.55159
0.0072 0.511524
0.00725 0.488592
0.0073 0.534438
0.00735 0.518186
0.0074 0.527826
0.00745 0.531208
0.0075 0.462018
0.00755 0.509088
0.0076 0.505833
0.00765 0.516513
0.0077 0.534668
0.00775 0.529438
0.0078 0.502252
0.00785 0.546086
0.0079 0.507405
0.00795 0.462029
0.008 0.443455
0.00805 0.475047
0.0081 0.517951
0.00815 0.454675
0.0082 0.511957
0.00825 0.507655
0.0083 0.437084
0.00835 0.519744
0.0084 0.495502
0.00845 0.45002
0.0085 0.515502
0.00855 0.559024
0.0086 0.544927
0.00865 0.489955
0.0087 0.445847
0.00875 0.487143
0.0088 0.52075
0.00885 0.45178
0.0089 0.53263
0.00895 0.493612
0.009 0.441897
0.00905 0.491877
0.0091 0.507456
0.00915 0.46891
0.0092 0.494565
0.00925 0.437951
0.0093 0.474003
0.00935 0.471805
0.0094 0.498758
0.00945 0.440338
0.0095 0.481344
0.00955 0.483716
0.0096 0.460916
0.00965 0.463636
0.0097 0.476808
0.00975 0.490452
0.0098 0.415725
0.00985 0.440511
0.0099 0.482267
0.00995 0.414525
0.01 0.480703
0.01005 0.476031
0.0101 0.431159
0.01015 0.466675
0.0102 0.429597
0.01025 0.423763
0.0103 0.436955
0.01035 0.395077
0.0104 0.384427
0.01045 0.462523
0.0105 0.475339
0.01055 0.425219
0.0106 0.449208
0.01065 0.42245
0.0107 0.472559
0.01075 0.482171
0.0108 0.432077
0.01085 0.437585
0.0109 0.490529
0.01095 0.429633
0.011 0.44
0.01105 0.417928
0.0111 0.434858
0.01115 0.451398
0.0112 0.424111
0.01125 0.440353
0.0113 0.433481
0.01135 0.384159
0.0114 0.470263
0.01145 0.440019
0.0115 0.440609
0.01155 0.349381
0.0116 0.415925
0.01165 0.417159
0.0117 0.436081
0.01175 0.450099
0.0118 0.406037
0.01185 0.419293
0.0119 0.420334
0.01195 0.442072
0.012 0.391584
0.01205 0.373904
0.0121 0.468559
0.01215 0.433401
0.0122 0.425532
0.01225 0.410718
0.0123 0.401197
0.01235 0.379697
0.0124 0.422718
0.01245 0.40155
0.0125 0.400748
0.01255 0.3967
0.0126 0.406052
0.01265 0.442478
0.0127 0.390887
0.01275 0.411939
0.0128 0.396782
0.01285 0.469462
0.0129 0.404977
0.01295 0.363955
0.013 0.427939
0.01305 0.391041
0.0131 0.407405
0.01315 0.402607
0.0132 0.364398
0.01325 0.41756
0.0133 0.422764
0.01335 0.39027
0.0134 0.40129
0.01345 0.376016
0.0135 0.420953
0.01355 0.450645
0.0136 0.426094
0.01365 0.402944
0.0137 0.437044
0.01375 0.426282
0.0138 0.423463
0.01385 0.328623
0.0139 0.443153
0.01395 0.385629
0.014 0.397764
0.01405 0.367476
0.0141 0.406795
0.01415 0.413901
0.0142 0.432224
0.01425 0.413872
0.0143 0.395352
0.01435 0.40172
0.0144 0.394309
0.01445 0.389747
0.0145 0.388947
0.01455 0.360425
0.0146 0.387892
0.01465 0.353634
0.0147 0.402242
0.01475 0.377076
0.0148 0.38227
0.01485 0.368768
0.0149 0.420935
0.01495 0.373751
0.015 0.386618
0.01505 0.411416
0.0151 0.429818
0.01515 0.357832
0.0152 0.379401
0.01525 0.409469
0.0153 0.37692
0.01535 0.388734
0.0154 0.379056
0.01545 0.401236
0.0155 0.421476
0.01555 0.334604
0.0156 0.399034
0.01565 0.350438
0.0157 0.324393
0.01575 0.385971
0.0158 0.328649
0.01585 0.359209
0.0159 0.34893
0.01595 0.365776
0.016 0.347492
0.01605 0.383154
0.0161 0.406896
0.01615 0.321366
0.0162 0.353362
0.01625 0.383394
0.0163 0.388217
0.01635 0.411799
0.0164 0.369157
0.01645 0.336043
0.0165 0.374805
0.01655 0.389371
0.0166 0.3578
0.01665 0.392762
0.0167 0.401257
0.01675 0.325173
0.0168 0.363006
0.01685 0.370438
0.0169 0.407108
0.01695 0.36388
0.017 0.347225
0.01705 0.371481
0.0171 0.365098
0.01715 0.385508
0.0172 0.362298
0.01725 0.348936
0.0173 0.353519
0.01735 0.396439
0.0174 0.388094
0.01745 0.358692
0.0175 0.338881
0.01755 0.323141
0.0176 0.298812
0.01765 0.342616
0.0177 0.34208
0.01775 0.323044
0.0178 0.340635
0.01785 0.395981
0.0179 0.409445
0.01795 0.320075
0.018 0.38051
0.01805 0.354584
0.0181 0.3143
0.01815 0.336306
0.0182 0.37238
0.01825 0.319462
0.0183 0.343928
0.01835 0.377074
0.0184 0.329325
0.01845 0.360011
0.0185 0.389848
0.01855 0.374928
0.0186 0.332298
0.01865 0.360398
0.0187 0.342613
0.01875 0.354027
0.0188 0.35876
0.01885 0.338974
0.0189 0.348985
0.01895 0.334389
0.019 0.352076
0.01905 0.325986
0.0191 0.350643
0.01915 0.350547
0.0192 0.333908
0.01925 0.363472
0.0193 0.373929
0.01935 0.365467
0.0194 0.32622
0.01945 0.343232
0.0195 0.320115
0.01955 0.322313
0.0196 0.326113
0.01965 0.296465
0.0197 0.306499
0.01975 0.350283
0.0198 0.308263
0.01985 0.354691
0.0199 0.377143
0.01995 0.346575
0.02 0.3607
0.02005 0.361676
0.0201 0.338087
0.02015 0.298577
0.0202 0.37178
0.02025 0.359466
0.0203 0.351141
0.02035 0.388053
0.0204 0.335267
0.02045 0.318183
0.0205 0.291532
0.02055 0.32897
0.0206 0.352651
0.02065 0.315243
0.0207 0.310774
0.02075 0.291308
0.0208 0.308409
0.02085 0.353651
0.0209 0.32339
0.02095 0.344582
0.021 0.327625
0.02105 0.307181
0.0211 0.303522
0.02115 0.339704
0.0212 0.334503
0.02125 0.353557
0.0213 0.326212
0.02135 0.306388
0.0214 0.291154
0.02145 0.342044
0.0215 0.260121
0.02155 0.316309
0.0216 0.327001
0.02165 0.290037
0.0217 0.361577
0.02175 0.325929
0.0218 0.357342
0.02185 0.3408
0.0219 0.341274
0.02195 0.28764
0.022 0.333756
0.02205 0.379312
0.0221 0.396391
0.02215 0.421585
0.0222 0.475436
0.02225 0.531886
0.0223 0.598107
0.02235 0.654919
0.0224 0.768237
0.02245 0.849011
0.0225 1.04668
0.02255 1.29175
0.0226 1.61274
0.02265 2.08338
0.0227 2.45063
0.02275 3.06331
0.0228 3.79558
0.02285 4.46802
0.0229 5.075
0.02295 6.21392
0.023 6.87287
0.02305 7.78681
0.0231 8.15369
0.02315 8.48516
0.0232 8.91576
0.02325 8.92812
0.0233 8.70636
0.02335 8.44551
0.0234 7.55948
0.02345 6.88376
0.0235 6.07827
0.02355 5.51103
0.0236 4.47981
0.02365 3.95954
0.0237 3.40975
0.02375 3.13582
0.0238 2.84673
0.02385 2.45539
0.0239 2.2541
0.02395 2.11343
0.024 1.93914
0.02405 1.77047
0.0241 1.78234
0.02415 1.59339
0.0242 1.5148
0.02425 1.53826
0.0243 1.43132
0.02435 1.353
0.0244 1.45021
0.02445 1.32997
0.0245 1.34694
0.02455 1.18787
0.0246 1.2053
0.02465 1.22875
0.0247 1.21819
0.02475 1.14158
0.0248 1.09035
0.02485 1.17476
0.0249 1.12894
0.02495 1.07833
0.025 1.06849
0.02505 1.12436
0.0251 1.02009
0.02515 1.00492
0.0252 0.98308
0.02525 1.04966
0.0253 1.02132
0.02535 0.966901
0.0254 1.03075
0.02545 0.944532
0.0255 1.00701
0.02555 0.983842
0.0256 0.970281
0.02565 0.950985
0.0257 0.98256
0.02575 0.87345
0.0258 0.995837
0.02585 0.959391
0.0259 0.89782
0.02595 0.917012
0.026 0.904013
0.02605 0.864839
0.0261 0.933701
0.02615 0.950559
0.0262 0.933913
0.02625 0.946101
0.0263 0.896172
0.02635 0.812694
0.0264 0.902783
0.02645 0.913885
0.0265 0.947883
0.02655 0.900677
0.0266 0.904905
0.02665 0.840805
0.0267 0.879065
0.02675 0.883237
0.0268 0.850917
0.02685 0.895351
0.0269 0.871042
0.02695 0.889258
0.027 0.810737
0.02705 0.848311
0.0271 0.876864
0.02715 0.795688
0.0272 0.82688
0.02725 0.738126
0.0273 0.860575
0.02735 0.794639
0.0274 0.813987
0.02745 0.880193
0.0275 0.849786
0.02755 0.814246
0.0276 0.800081
0.02765 0.795813
0.0277 0.800404
0.02775 0.845054
0.0278 0.783003
0.02785 0.767491
0.0279 0.798854
0.02795 0.782228
0.028 0.731855
0.02805 0.847005
0.0281 0.712238
0.02815 0.694066
0.0282 0.800101
0.02825 0.786145
0.0283 0.786292
0.02835 0.822226
0.0284 0.733172
0.02845 0.78045
0.0285 0.784013
0.02855 0.813909
0.0286 0.782653
0.02865 0.756975
0.0287 0.74094
0.02875 0.796824
0.0288 0.764721
0.02885 0.700085
0.0289 0.793183
0.02895 0.743507
0.029 0.799899
0.02905 0.790819
0.0291 0.734471
0.02915 0.762515
0.0292 0.792461
0.02925 0.736421
0.0293 0.759928
0.02935 0.754746
0.0294 0.738349
0.02945 0.718331
0.0295 0.752586
0.02955 0.69585
0.0296 0.705838
0.02965 0.735482
0.0297 0.779559
0.02975 0.720753
0.0298 0.741054
0.02985 0.736942
0.0299 0.691481
0.02995 0.704595
0.03 0.715374
0.03005 0.641328
0.0301 0.679074
0.03015 0.668692
0.0302 0.690932
0.03025 0.699348
0.0303 0.668354
0.03035 0.704698
0.0304 0.673017
0.03045 0.644843
0.0305 0.683744
0.03055 0.662252
0.0306 0.644336
0.03065 0.644756
0.0307 0.638417
0.03075 0.685643
0.0308 0.67202
0.03085 0.65648
0.0309 0.643344
0.03095 0.645648
0.031 0.697026
0.03105 0.619902
0.0311 0.65268
0.03115 0.699348
0.0312 0.619369
0.03125 0.690501
0.0313 0.625919
0.03135 0.649579
0.0314 0.673985
0.03145 0.638031
0.0315 0.642924
0.03155 0.661116
0.0316 0.657243
0.03165 0.630531
0.0317 0.617031
0.03175 0.730671
0.0318 0.655662
0.03185 0.67664
0.0319 0.64021
0.03195 0.670172
0.032 0.609256
0.03205 0.682236
0.0321 0.61603
0.03215 0.634526
0.0322 0.656982
0.03225 0.592336
0.0323 0.616679
0.03235 0.654747
0.0324 0.611221
0.03245 0.536947
0.0325 0.578212
0.03255 0.615108
0.0326 0.585572
0.03265 0.641578
0.0327 0.659855
0.03275 0.600811
0.0328 0.630195
0.03285 0.634713
0.0329 0.639255
0.03295 0.640521
0.033 0.666914
0.03305 0.661654
0.0331 0.575487
0.03315 0.568613
0.0332 0.568362
0.03325 0.616732
0.0333 0.612631
0.03335 0.602503
0.0334 0.60772
0.03345 0.625024
0.0335 0.637041
0.03355 0.612155
0.0336 0.593891
0.03365 0.614641
0.0337 0.630087
0.03375 0.621269
0.0338 0.625278
0.03385 0.59812
0.0339 0.566092
0.03395 0.518966
0.034 0.564933
0.03405 0.622701
0.0341 0.606963
0.03415 0.554223
0.0342 0.54989
0.03425 0.50644
0.0343 0.476544
0.03435 0.591002
0.0344 0.590901
0.03445 0.610123
0.0345 0.589354
0.03455 0.591334
0.0346 0.587089
0.03465 0.534943
0.0347 0.549295
0.03475 0.500377
0.0348 0.53071
0.03485 0.614924
0.0349 0.549918
0.03495 0.594536
0.035 0.54892
0.03505 0.59718
0.0351 0.512783
0.03515 0.535741
0.0352 0.597576
0.03525 0.596844
0.0353 0.515514
0.03535 0.530838
0.0354 0.574591
0.03545 0.565283
0.0355 0.541719
0.03555 0.544403
0.0356 0.532842
0.03565 0.574072
0.0357 0.543264
0.03575 0.541686
0.0358 0.540822
0.03585 0.559344
0.0359 0.524022
0.03595 0.531756
0.036 0.533758
0.03605 0.551656
0.0361 0.582646
0.03615 0.527612
0.0362 0.546303
0.03625 0.510625
0.0363 0.542414
0.03635 0.516826
0.0364 0.478014
0.03645 0.663886
0.0365 0.588828
0.03655 0.52664
0.0366 0.497185
0.03665 0.557161
0.0367 0.495376
0.03675 0.543006
0.0368 0.528189
0.03685 0.522909
0.0369 0.533869
0.03695 0.563377
0.037 0.518167
0.03705 0.602627
0.0371 0.463789
0.03715 0.531225
0.0372 0.574352
0.03725 0.498296
0.0373 0.54818
0.03735 0.542168
0.0374 0.512167
0.03745 0.579549
0.0375 0.51653
0.03755 0.519438
0.0376 0.544198
0.03765 0.455206
0.0377 0.520638
0.03775 0.563654
0.0378 0.52963
0.03785 0.518972
0.0379 0.567477
0.03795 0.508257
0.038 0.502076
0.03805 0.485968
0.0381 0.564412
0.03815 0.522456
0.0382 0.486458
0.03825 0.52156
0.0383 0.482404
0.03835 0.525274
0.0384 0.528327
0.03845 0.516765
0.0385 0.540627
0.03855 0.536021
0.0386 0.457192
0.03865 0.524346
0.0387 0.506514
0.03875 0.535176
0.0388 0.584931
0.03885 0.488617
0.0389 0.508784
0.03895 0.506412
0.039 0.494662
0.03905 0.48678
0.0391 0.539945
0.03915 0.457685
0.0392 0.485798
0.03925 0.479438
0.0393 0.47227
0.03935 0.517874
0.0394 0.411378
0.03945 0.55017
0.0395 0.498862
0.03955 0.453698
0.0396 0.482908
0.03965 0.478884
0.0397 0.457358
0.03975 0.501822
0.0398 0.484291
0.03985 0.537719
0.0399 0.445134
0.03995 0.452204
0.04 0.5362
0.04005 0.485778
0.0401 0.485759
0.04015 0.517099
0.0402 0.493819
0.04025 0.514785
0.0403 0.501131
0.04035 0.483389
0.0404 0.459921
0.04045 0.491449
0.0405 0.49309
0.04055 0.440336
0.0406 0.461373
0.04065 0.509353
0.0407 0.435263
0.04075 0.473511
0.0408 0.524158
0.04085 0.45802
0.0409 0.496474
0.04095 0.467832
0.041 0.511336
0.04105 0.493352
0.0411 0.459668
0.04115 0.456352
0.0412 0.469527
0.04125 0.486883
0.0413 0.427394
0.04135 0.4389
0.0414 0.496875
0.04145 0.472063
0.0415 0.461291
0.04155 0.492083
0.0416 0.473842
0.04165 0.444696
0.0417 0.414613
0.04175 0.478893
0.0418 0.451337
0.04185 0.481507
0.0419 0.454736
0.04195 0.399312
0.042 0.431998
0.04205 0.462278
0.0421 0.413427
0.04215 0.456401
0.0422 0.412496
0.04225 0.453884
0.0423 0.46493
0.04235 0.465842
0.0424 0.39884
0.04245 0.469304
0.0425 0.420029
0.04255 0.465155
0.0426 0.418319
0.04265 0.419999
0.0427 0.481538
0.04275 0.468824
0.0428 0.516058
0.04285 0.446772
0.0429 0.430504
0.04295 0.532862
0.043 0.448743
0.04305 0.462601
0.0431 0.464428
0.04315 0.45676
0.0432 0.437823
0.04325 0.444803
0.0433 0.445741
0.04335 0.449289
0.0434 0.48066
0.04345 0.472992
0.0435 0.444396
0.04355 0.413088
0.0436 0.477705
0.04365 0.441163
0.0437 0.456998
0.04375 0.431718
0.0438 0.43968
0.04385 0.450306
0.0439 0.48822
0.04395 0.422426
0.044 0.388126
0.04405 0.428682
0.0441 0.420814
0.04415 0.380214
0.0442 0.435059
0.04425 0.410353
0.0443 0.379357
0.04435 0.394435
0.0444 0.450461
0.04445 0.467519
0.0445 0.36257
0.04455 0.429426
0.0446 0.472399
0.04465 0.405557
0.0447 0.445893
0.04475 0.432607
0.0448 0.416588
0.04485 0.422968
0.0449 0.43117
0.04495 0.411502
0.045 0.483673
0.04505 0.439729
0.0451 0.405574
0.04515 0.418316
0.0452 0.442868
0.04525 0.462068
0.0453 0.458659
0.04535 0.425277
0.0454 0.442691
0.04545 0.447425
0.0455 0.413915
0.04555 0.444137
0.0456 0.40416
0.04565 0.420722
0.0457 0.437341
0.04575 0.442109
0.0458 0.4148
0.04585 0.424124
0.0459 0.441752
0.04595 0.4254
0.046 0.38413
0.04605 0.38975
0.0461 0.455386
0.04615 0.407586
0.0462 0.373508
0.04625 0.43933
0.0463 0.396909
0.04635 0.403537
0.0464 0.410189
0.04645 0.413145
0.0465 0.451491
0.04655 0.402355
0.0466 0.4361
0.04665 0.41018
0.0467 0.424384
0.04675 0.422724
0.0468 0.347038
0.04685 0.406184
0.0469 0.380073
0.04695 0.396181
0.047 0.424576
0.04705 0.419152
0.0471 0.411827
0.04715 0.401649
0.0472 0.423571
0.04725 0.410563
0.0473 0.458124
0.04735 0.502046
0.0474 0.409453
0.04745 0.415369
0.0475 0.397531
0.04755 0.338703
0.0476 0.404535
0.04765 0.443865
0.0477 0.428886
0.04775 0.374666
0.0478 0.413107
0.04785 0.374073
0.0479 0.428901
0.04795 0.415743
0.048 0.38717
0.04805 0.43066
0.0481 0.404952
0.04815 0.39941
0.0482 0.404468
0.04825 0.408578
0.0483 0.404967
0.04835 0.401347
0.0484 0.378338
0.04845 0.37078
0.0485 0.389418
0.04855 0.43436
0.0486 0.388954
0.04865 0.424252
0.0487 0.435286
0.04875 0.397556
0.0488 0.42224
0.04885 0.402014
0.0489 0.407182
0.04895 0.396688
0.049 0.426385
0.04905 0.401183
0.0491 0.351331
0.04915 0.403665
0.0492 0.411836
0.04925 0.379608
0.0493 0.381829
0.04935 0.392951
0.0494 0.395208
0.04945 0.417274
0.0495 0.393823
0.04955 0.416927
0.0496 0.390453
0.04965 0.409625
0.0497 0.377117
0.04975 0.397301
0.0498 0.35374
0.04985 0.395878
0.0499 0.392191
