0 972.8642665
0.100380951999999 972.8642665
0.101047619 980.0985011
0.101088435 983.7357663
0.101170067999999 991.6628809
0.101299319999999 1006.465757
0.101340136 1022.120438
0.101380952 1033.542363
0.101421768999998 1045.737337
0.101462584999999 1077.855717
0.101510203999999 1102.760424
0.101551019999999 1123.375257
0.101571428999998 1149.331729
0.101591836999999 1332.891682
0.101632653 1368.750013
0.101673469 1460.417491
0.101687075 1575.636834
0.101693877999999 1720.004394
0.101707482999999 1757.574944
0.101727891 1854.55848
0.101748298999999 1949.658179
0.101782313 2203.163772
0.101802720999999 2304.728344
0.101823129 2431.903976
0.101836734999999 2658.006874
0.101857142999999 2785.694131
0.101877551 2843.030247
0.101891155999999 3266.698856
0.101911564999999 3972.866889
0.101918367 4220.65685
0.101938774999999 5032.630323
0.101959183999999 5832.790379
0.101979592 6924.915768
0.101999999999999 8298.019725
0.102020408 9906.624321
0.102054421999999 11112.10987
0.102061223999998 11368.86393
0.102088434999999 11638.73375
0.102102040999999 11827.06341
0.102122449 11907.65588
0.102163265 11988.79753
0.102272109 11907.65588
0.102306121999998 11559.96138
0.102340135999999 11411.05517
0.102380951999999 11153.34826
0.102414966 10236.1396
0.102448979999999 9279.074931
0.102489795999999 8380.393801
0.102523808999999 7743.632147
0.102557823 6835.714525
0.102598638999999 6277.445875
0.102632652999999 5725.754013
0.102666667 5466.67782
0.102707483 4970.871939
0.102741496999999 4459.056443
0.102775509999999 4148.323409
0.102816326 3885.541886
0.10285034 3614.774688
0.102884353999999 3419.402181
0.102918366999999 3088.232077
0.102959184 2910.517031
0.102993196999999 2778.823341
0.103027210999999 2646.544741
0.103068026999999 2501.958314
0.103102041 2357.980911
0.103136053999999 2252.678432
0.103176870999999 2123.04606
0.103210884 1975.09984
0.103244898 1819.402249
0.103285713999999 1748.915677
0.103319727999999 1638.128094
0.103353741 1543.860564
0.103428570999999 1427.435469
0.103537414999998 1316.53498
0.103612244999999 1249.228744
0.103680271999999 1200.831611
0.103789116 1143.669171
0.103897959 1102.760424
0.104006802999999 1070.560657
0.104115645999999 1039.3011
0.104258502999999 1015.829557
0.104367346999999 999.0369024
0.10447619 986.1681056
0.104585034 973.4650745
0.104659863999999 966.8765436
0.104768706999998 957.3727465
0.104911564999999 951.4803699
0.105095237999999 942.1279076
0.105238094999999 932.8673743
0.105421769 926.5536136
0.105598638999999 923.6978663
0.105891155999999 920.2825853
0.107408162999999 920.2825853
0.107591837 926.5536136
0.107809523999999 935.7514706
0.108020408 938.6444834
0.108238094999999 942.1279076
0.108455781999999 942.1279076
0.108748298999999 947.9623659
0.109217687 954.4220109
0.109687074999999 960.9256736
0.11 970.4647404
0.200380951999998 972.8642665
0.201047618999999 980.0985011
0.201088435 983.7357663
0.201170067999998 991.6628809
0.201299319999999 1006.465757
0.201340135999999 1022.120438
0.201380952 1033.542363
0.201421768999998 1045.737337
0.201462584999999 1077.855717
0.201510203999999 1102.760424
0.201551019999999 1123.375257
0.201571428999998 1149.331729
0.201591836999999 1332.891682
0.201632652999999 1368.750013
0.201673469 1460.417491
0.201687074999999 1575.636834
0.201693877999999 1720.004394
0.201707482999999 1757.574944
0.201727891 1854.55848
0.201748298999999 1949.658179
0.201782312999999 2203.163772
0.201802720999999 2304.728344
0.201823129 2431.903976
0.201836734999999 2658.006874
0.201857142999999 2785.694131
0.201877551 2843.030247
0.201891155999999 3266.698856
0.201911564999998 3972.866889
0.201918367 4220.65685
0.201938774999999 5032.630323
0.201959183999998 5832.790379
0.201979591999999 6924.915768
0.201999999999999 8298.019725
0.202020408 9906.624321
0.202054421999999 11112.10987
0.202061223999998 11368.86393
0.202088434999999 11638.73375
0.202102040999999 11827.06341
0.202122449 11907.65588
0.202163265 11988.79753
0.202272109 11907.65588
0.202306121999998 11559.96138
0.202340135999999 11411.05517
0.202380951999999 11153.34826
0.202414966 10236.1396
0.202448979999999 9279.074931
0.202489795999999 8380.393801
0.202523808999999 7743.632147
0.202557823 6835.714525
0.202598638999998 6277.445875
0.202632652999999 5725.754013
0.202666667 5466.67782
0.202707483 4970.871939
0.202741496999999 4459.056443
0.202775509999999 4148.323409
0.202816325999999 3885.541886
0.20285034 3614.774688
0.202884353999999 3419.402181
0.202918366999999 3088.232077
0.202959184 2910.517031
0.202993196999998 2778.823341
0.203027210999999 2646.544741
0.203068026999999 2501.958314
0.203102041 2357.980911
0.203136053999999 2252.678432
0.203176870999999 2123.04606
0.203210883999999 1975.09984
0.203244898 1819.402249
0.203285713999998 1748.915677
0.203319727999999 1638.128094
0.203353741 1543.860564
0.203428570999999 1427.435469
0.203537414999998 1316.53498
0.203612244999999 1249.228744
0.203680271999998 1200.831611
0.203789116 1143.669171
0.203897958999999 1102.760424
0.204006802999999 1070.560657
0.204115645999999 1039.3011
0.204258502999999 1015.829557
0.204367346999999 999.0369024
0.20447619 986.1681056
0.204585034 973.4650745
0.204659863999999 966.8765436
0.204768706999998 957.3727465
0.204911564999998 951.4803699
0.205095237999999 942.1279076
0.205238094999999 932.8673743
0.205421769 926.5536136
0.205598638999998 923.6978663
0.205891155999999 920.2825853
0.207408162999999 920.2825853
0.207591836999999 926.5536136
0.207809523999999 935.7514706
0.208020408 938.6444834
0.208238094999999 942.1279076
0.208455781999998 942.1279076
0.208748298999999 947.9623659
0.209217686999999 954.4220109
0.209687074999998 960.9256736
0.21 970.4647404
0.300380951999998 972.8642665
0.301047618999999 980.0985011
0.301088434999999 983.7357663
0.301170067999998 991.6628809
0.301299319999999 1006.465757
0.301340135999999 1022.120438
0.301380951999999 1033.542363
0.301421768999998 1045.737337
0.301462584999998 1077.855717
0.301510203999998 1102.760424
0.301551019999999 1123.375257
0.301571428999998 1149.331729
0.301591836999999 1332.891682
0.301632652999999 1368.750013
0.301673469 1460.417491
0.301687074999999 1575.636834
0.301693877999999 1720.004394
0.301707482999998 1757.574944
0.301727890999999 1854.55848
0.301748298999999 1949.658179
0.301782312999999 2203.163772
0.301802720999998 2304.728344
0.301823129 2431.903976
0.301836734999999 2658.006874
0.301857142999998 2785.694131
0.301877550999999 2843.030247
0.301891155999999 3266.698856
0.301911564999998 3972.866889
0.301918367 4220.65685
0.301938774999999 5032.630323
0.301959183999998 5832.790379
0.301979591999999 6924.915768
0.301999999999998 8298.019725
0.302020408 9906.624321
0.302054421999998 11112.10987
0.302061223999998 11368.86393
0.302088434999999 11638.73375
0.302102040999998 11827.06341
0.302122448999999 11907.65588
0.302163265 11988.79753
0.302272108999999 11907.65588
0.302306121999998 11559.96138
0.302340135999999 11411.05517
0.302380951999999 11153.34826
0.302414966 10236.1396
0.302448979999998 9279.074931
0.302489795999999 8380.393801
0.302523808999999 7743.632147
0.302557823 6835.714525
0.302598638999998 6277.445875
0.302632652999999 5725.754013
0.302666666999999 5466.67782
0.302707483 4970.871939
0.302741496999998 4459.056443
0.302775509999999 4148.323409
0.302816325999999 3885.541886
0.30285034 3614.774688
0.302884353999999 3419.402181
0.302918366999999 3088.232077
0.302959183999999 2910.517031
0.302993196999998 2778.823341
0.303027210999999 2646.544741
0.303068026999999 2501.958314
0.303102041 2357.980911
0.303136053999998 2252.678432
0.303176870999999 2123.04606
0.303210883999999 1975.09984
0.303244898 1819.402249
0.303285713999998 1748.915677
0.303319727999999 1638.128094
0.303353740999999 1543.860564
0.303428570999998 1427.435469
0.303537414999998 1316.53498
0.303612244999999 1249.228744
0.303680271999998 1200.831611
0.303789116 1143.669171
0.303897958999999 1102.760424
0.304006802999999 1070.560657
0.304115645999999 1039.3011
0.304258502999999 1015.829557
0.304367346999998 999.0369024
0.30447619 986.1681056
0.304585033999999 973.4650745
0.304659863999998 966.8765436
0.304768706999998 957.3727465
0.304911564999998 951.4803699
0.305095237999999 942.1279076
0.305238094999999 932.8673743
0.305421768999999 926.5536136
0.305598638999998 923.6978663
0.305891155999998 920.2825853
0.307408162999999 920.2825853
0.307591836999999 926.5536136
0.307809523999999 935.7514706
0.308020408 938.6444834
0.308238094999999 942.1279076
0.308455781999998 942.1279076
0.308748298999998 947.9623659
0.309217686999999 954.4220109
0.309687074999998 960.9256736
0.309999999999999 970.4647404
0.400380951999998 972.8642665
0.401047618999999 980.0985011
0.401088434999999 983.7357663
0.401170067999998 991.6628809
0.401299319999999 1006.465757
0.401340135999999 1022.120438
0.401380951999999 1033.542363
0.401421768999998 1045.737337
0.401462584999998 1077.855717
0.401510203999998 1102.760424
0.401551019999998 1123.375257
0.401571428999998 1149.331729
0.401591836999999 1332.891682
0.401632652999999 1368.750013
0.401673468999999 1460.417491
0.401687074999999 1575.636834
0.401693877999999 1720.004394
0.401707482999998 1757.574944
0.401727890999999 1854.55848
0.401748298999998 1949.658179
0.401782312999999 2203.163772
0.401802720999998 2304.728344
0.401823128999999 2431.903976
0.401836734999999 2658.006874
0.401857142999998 2785.694131
0.401877550999999 2843.030247
0.401891155999999 3266.698856
0.401911564999998 3972.866889
0.401918366999999 4220.65685
0.401938774999999 5032.630323
0.401959183999998 5832.790379
0.401979591999999 6924.915768
0.401999999999998 8298.019725
0.402020407999999 9906.624321
0.402054421999998 11112.10987
0.402061223999998 11368.86393
0.402088434999999 11638.73375
0.402102040999998 11827.06341
0.402122448999999 11907.65588
0.402163264999999 11988.79753
0.402272108999999 11907.65588
0.402306121999998 11559.96138
0.402340135999998 11411.05517
0.402380951999999 11153.34826
0.402414965999999 10236.1396
0.402448979999998 9279.074931
0.402489795999998 8380.393801
0.402523808999999 7743.632147
0.402557822999999 6835.714525
0.402598638999998 6277.445875
0.402632652999999 5725.754013
0.402666666999999 5466.67782
0.402707482999999 4970.871939
0.402741496999998 4459.056443
0.402775509999999 4148.323409
0.402816325999999 3885.541886
0.40285034 3614.774688
0.402884353999998 3419.402181
0.402918366999999 3088.232077
0.402959183999999 2910.517031
0.402993196999998 2778.823341
0.403027210999998 2646.544741
0.403068026999999 2501.958314
0.403102040999999 2357.980911
0.403136053999998 2252.678432
0.403176870999998 2123.04606
0.403210883999999 1975.09984
0.403244898 1819.402249
0.403285713999998 1748.915677
0.403319727999999 1638.128094
0.403353740999999 1543.860564
0.403428570999998 1427.435469
0.403537414999998 1316.53498
0.403612244999999 1249.228744
0.403680271999998 1200.831611
0.403789115999999 1143.669171
0.403897958999999 1102.760424
0.404006802999999 1070.560657
0.404115645999998 1039.3011
0.404258502999998 1015.829557
0.404367346999998 999.0369024
0.404476189999999 986.1681056
0.404585033999999 973.4650745
0.404659863999998 966.8765436
0.404768706999998 957.3727465
0.404911564999998 951.4803699
0.405095237999998 942.1279076
0.405238094999999 932.8673743
0.405421768999999 926.5536136
0.405598638999998 923.6978663
0.405891155999998 920.2825853
0.407408162999998 920.2825853
0.407591836999999 926.5536136
0.407809523999998 935.7514706
0.408020408 938.6444834
0.408238094999999 942.1279076
0.408455781999998 942.1279076
0.408748298999998 947.9623659
0.409217686999999 954.4220109
0.409687074999998 960.9256736
0.409999999999999 970.4647404
0.500380951999998 972.8642665
0.501047618999999 980.0985011
0.501088434999999 983.7357663
0.501170067999998 991.6628809
0.501299319999999 1006.465757
0.501340135999999 1022.120438
0.501380951999999 1033.542363
0.501421768999998 1045.737337
0.501462584999998 1077.855717
0.501510203999998 1102.760424
0.501551019999998 1123.375257
0.501571428999998 1149.331729
0.501591836999999 1332.891682
0.501632652999999 1368.750013
0.501673468999999 1460.417491
0.501687074999999 1575.636834
0.501693877999999 1720.004394
0.501707482999998 1757.574944
0.501727890999999 1854.55848
0.501748298999998 1949.658179
0.501782312999999 2203.163772
0.501802720999998 2304.728344
0.501823128999999 2431.903976
0.501836734999999 2658.006874
0.501857142999998 2785.694131
0.501877550999999 2843.030247
0.501891155999998 3266.698856
0.501911564999998 3972.866889
0.501918366999999 4220.65685
0.501938774999999 5032.630323
0.501959183999998 5832.790379
0.501979591999999 6924.915768
0.501999999999998 8298.019725
0.502020407999999 9906.624321
0.502054421999998 11112.10987
0.502061223999998 11368.86393
0.502088434999998 11638.73375
0.502102040999998 11827.06341
0.502122448999999 11907.65588
0.502163264999999 11988.79753
0.502272108999999 11907.65588
0.502306121999998 11559.96138
0.502340135999998 11411.05517
0.502380951999999 11153.34826
0.502414965999999 10236.1396
0.502448979999998 9279.074931
0.502489795999998 8380.393801
0.502523808999999 7743.632147
0.502557822999999 6835.714525
0.502598638999998 6277.445875
0.502632652999998 5725.754013
0.502666666999999 5466.67782
0.502707482999999 4970.871939
0.502741496999998 4459.056443
0.502775509999999 4148.323409
0.502816325999999 3885.541886
0.502850339999999 3614.774688
0.502884353999998 3419.402181
0.502918366999999 3088.232077
0.502959183999999 2910.517031
0.502993196999998 2778.823341
0.503027210999998 2646.544741
0.503068026999999 2501.958314
0.503102040999999 2357.980911
0.503136053999998 2252.678432
0.503176870999998 2123.04606
0.503210883999999 1975.09984
0.503244897999999 1819.402249
0.503285713999998 1748.915677
0.503319727999998 1638.128094
0.503353740999999 1543.860564
0.503428570999998 1427.435469
0.503537414999998 1316.53498
0.503612244999999 1249.228744
0.503680271999998 1200.831611
0.503789115999999 1143.669171
0.503897958999999 1102.760424
0.504006802999999 1070.560657
0.504115645999998 1039.3011
0.504258502999998 1015.829557
0.504367346999998 999.0369024
0.504476189999999 986.1681056
0.504585033999999 973.4650745
0.504659863999998 966.8765436
0.504768706999998 957.3727465
0.504911564999998 951.4803699
0.505095237999998 942.1279076
0.505238094999998 932.8673743
0.505421768999999 926.5536136
0.505598638999998 923.6978663
0.505891155999998 920.2825853
0.507408162999998 920.2825853
0.507591836999999 926.5536136
0.507809523999998 935.7514706
0.508020407999999 938.6444834
0.508238094999999 942.1279076
0.508455781999998 942.1279076
0.508748298999998 947.9623659
0.509217686999999 954.4220109
0.509687074999998 960.9256736
0.509999999999999 970.4647404
0.600380951999998 972.8642665
0.601047618999998 980.0985011
0.601088434999999 983.7357663
0.601170067999998 991.6628809
0.601299319999998 1006.465757
0.601340135999999 1022.120438
0.601380951999999 1033.542363
0.601421768999997 1045.737337
0.601462584999998 1077.855717
0.601510203999998 1102.760424
0.601551019999998 1123.375257
0.601571428999997 1149.331729
0.601591836999998 1332.891682
0.601632652999999 1368.750013
0.601673468999999 1460.417491
0.601687074999999 1575.636834
0.601693877999998 1720.004394
0.601707482999998 1757.574944
0.601727890999999 1854.55848
0.601748298999998 1949.658179
0.601782312999999 2203.163772
0.601802720999998 2304.728344
0.601823128999999 2431.903976
0.601836734999998 2658.006874
0.601857142999998 2785.694131
0.601877550999999 2843.030247
0.601891155999998 3266.698856
0.601911564999998 3972.866889
0.601918366999999 4220.65685
0.601938774999998 5032.630323
0.601959183999998 5832.790379
0.601979591999999 6924.915768
0.601999999999998 8298.019725
0.602020407999999 9906.624321
0.602054421999998 11112.10987
0.602061223999997 11368.86393
0.602088434999998 11638.73375
0.602102040999998 11827.06341
0.602122448999999 11907.65588
0.602163264999999 11988.79753
0.602272108999999 11907.65588
0.602306121999997 11559.96138
0.602340135999998 11411.05517
0.602380951999998 11153.34826
0.602414965999999 10236.1396
0.602448979999998 9279.074931
0.602489795999998 8380.393801
0.602523808999998 7743.632147
0.602557822999999 6835.714525
0.602598638999998 6277.445875
0.602632652999998 5725.754013
0.602666666999999 5466.67782
0.602707482999999 4970.871939
0.602741496999998 4459.056443
0.602775509999998 4148.323409
0.602816325999999 3885.541886
0.602850339999999 3614.774688
0.602884353999998 3419.402181
0.602918366999998 3088.232077
0.602959183999999 2910.517031
0.602993196999998 2778.823341
0.603027210999998 2646.544741
0.603068026999998 2501.958314
0.603102040999999 2357.980911
0.603136053999998 2252.678432
0.603176870999998 2123.04606
0.603210883999999 1975.09984
0.603244897999999 1819.402249
0.603285713999998 1748.915677
0.603319727999998 1638.128094
0.603353740999999 1543.860564
0.603428570999998 1427.435469
0.603537414999997 1316.53498
0.603612244999998 1249.228744
0.603680271999998 1200.831611
0.603789115999999 1143.669171
0.603897958999999 1102.760424
0.604006802999998 1070.560657
0.604115645999998 1039.3011
0.604258502999998 1015.829557
0.604367346999998 999.0369024
0.604476189999999 986.1681056
0.604585033999999 973.4650745
0.604659863999998 966.8765436
0.604768706999997 957.3727465
0.604911564999998 951.4803699
0.605095237999998 942.1279076
0.605238094999998 932.8673743
0.605421768999999 926.5536136
0.605598638999998 923.6978663
0.605891155999998 920.2825853
0.607408162999998 920.2825853
0.607591836999999 926.5536136
0.607809523999998 935.7514706
0.608020407999999 938.6444834
0.608238094999998 942.1279076
0.608455781999998 942.1279076
0.608748298999998 947.9623659
0.609217686999999 954.4220109
0.609687074999998 960.9256736
0.609999999999999 970.4647404
0.700380951999997 972.8642665
0.701047618999998 980.0985011
0.701088434999999 983.7357663
0.701170067999997 991.6628809
0.701299319999998 1006.465757
0.701340135999998 1022.120438
0.701380951999999 1033.542363
0.701421768999997 1045.737337
0.701462584999997 1077.855717
0.701510203999998 1102.760424
0.701551019999998 1123.375257
0.701571428999997 1149.331729
0.701591836999998 1332.891682
0.701632652999998 1368.750013
0.701673468999999 1460.417491
0.701687074999998 1575.636834
0.701693877999998 1720.004394
0.701707482999998 1757.574944
0.701727890999999 1854.55848
0.701748298999998 1949.658179
0.701782312999998 2203.163772
0.701802720999998 2304.728344
0.701823128999999 2431.903976
0.701836734999998 2658.006874
0.701857142999997 2785.694131
0.701877550999998 2843.030247
0.701891155999998 3266.698856
0.701911564999997 3972.866889
0.701918366999999 4220.65685
0.701938774999998 5032.630323
0.701959183999997 5832.790379
0.701979591999998 6924.915768
0.701999999999998 8298.019725
0.702020407999999 9906.624321
0.702054421999997 11112.10987
0.702061223999997 11368.86393
0.702088434999998 11638.73375
0.702102040999998 11827.06341
0.702122448999999 11907.65588
0.702163264999999 11988.79753
0.702272108999998 11907.65588
0.702306121999997 11559.96138
0.702340135999998 11411.05517
0.702380951999998 11153.34826
0.702414965999999 10236.1396
0.702448979999997 9279.074931
0.702489795999998 8380.393801
0.702523808999998 7743.632147
0.702557822999999 6835.714525
0.702598638999997 6277.445875
0.702632652999998 5725.754013
0.702666666999998 5466.67782
0.702707482999999 4970.871939
0.702741496999998 4459.056443
0.702775509999998 4148.323409
0.702816325999998 3885.541886
0.702850339999999 3614.774688
0.702884353999998 3419.402181
0.702918366999998 3088.232077
0.702959183999999 2910.517031
0.702993196999997 2778.823341
0.703027210999998 2646.544741
0.703068026999998 2501.958314
0.703102040999999 2357.980911
0.703136053999997 2252.678432
0.703176870999998 2123.04606
0.703210883999998 1975.09984
0.703244897999999 1819.402249
0.703285713999997 1748.915677
0.703319727999998 1638.128094
0.703353740999998 1543.860564
0.703428570999998 1427.435469
0.703537414999997 1316.53498
0.703612244999998 1249.228744
0.703680271999997 1200.831611
0.703789115999999 1143.669171
0.703897958999998 1102.760424
0.704006802999998 1070.560657
0.704115645999998 1039.3011
0.704258502999998 1015.829557
0.704367346999997 999.0369024
0.704476189999999 986.1681056
0.704585033999999 973.4650745
0.704659863999998 966.8765436
0.704768706999997 957.3727465
0.704911564999997 951.4803699
0.705095237999998 942.1279076
0.705238094999998 932.8673743
0.705421768999999 926.5536136
0.705598638999997 923.6978663
0.705891155999998 920.2825853
0.707408162999998 920.2825853
0.707591836999998 926.5536136
0.707809523999998 935.7514706
0.708020407999999 938.6444834
0.708238094999998 942.1279076
0.708455781999997 942.1279076
0.708748298999997 947.9623659
0.709217686999998 954.4220109
0.709687074999997 960.9256736
0.709999999999999 970.4647404
0.800380951999997 972.8642665
0.801047618999998 980.0985011
0.801088434999998 983.7357663
0.801170067999997 991.6628809
0.801299319999998 1006.465757
0.801340135999998 1022.120438
0.801380951999998 1033.542363
0.801421768999997 1045.737337
0.801462584999997 1077.855717
0.801510203999997 1102.760424
0.801551019999998 1123.375257
0.801571428999997 1149.331729
0.801591836999998 1332.891682
0.801632652999998 1368.750013
0.801673468999999 1460.417491
0.801687074999998 1575.636834
0.801693877999998 1720.004394
0.801707482999997 1757.574944
0.801727890999998 1854.55848
0.801748298999998 1949.658179
0.801782312999998 2203.163772
0.801802720999997 2304.728344
0.801823128999999 2431.903976
0.801836734999998 2658.006874
0.801857142999997 2785.694131
0.801877550999998 2843.030247
0.801891155999998 3266.698856
0.801911564999997 3972.866889
0.801918366999999 4220.65685
0.801938774999998 5032.630323
0.801959183999997 5832.790379
0.801979591999998 6924.915768
0.801999999999997 8298.019725
0.802020407999999 9906.624321
0.802054421999997 11112.10987
0.802061223999997 11368.86393
0.802088434999998 11638.73375
0.802102040999997 11827.06341
0.802122448999998 11907.65588
0.802163264999999 11988.79753
0.802272108999998 11907.65588
0.802306121999997 11559.96138
0.802340135999998 11411.05517
0.802380951999998 11153.34826
0.802414965999999 10236.1396
0.802448979999997 9279.074931
0.802489795999998 8380.393801
0.802523808999998 7743.632147
0.802557822999999 6835.714525
0.802598638999997 6277.445875
0.802632652999998 5725.754013
0.802666666999998 5466.67782
0.802707482999999 4970.871939
0.802741496999997 4459.056443
0.802775509999998 4148.323409
0.802816325999998 3885.541886
0.802850339999999 3614.774688
0.802884353999998 3419.402181
0.802918366999998 3088.232077
0.802959183999998 2910.517031
0.802993196999997 2778.823341
0.803027210999998 2646.544741
0.803068026999998 2501.958314
0.803102040999999 2357.980911
0.803136053999997 2252.678432
0.803176870999998 2123.04606
0.803210883999998 1975.09984
0.803244897999999 1819.402249
0.803285713999997 1748.915677
0.803319727999998 1638.128094
0.803353740999998 1543.860564
0.803428570999997 1427.435469
0.803537414999997 1316.53498
0.803612244999998 1249.228744
0.803680271999997 1200.831611
0.803789115999999 1143.669171
0.803897958999998 1102.760424
0.804006802999998 1070.560657
0.804115645999998 1039.3011
0.804258502999998 1015.829557
0.804367346999997 999.0369024
0.804476189999999 986.1681056
0.804585033999998 973.4650745
0.804659863999997 966.8765436
0.804768706999997 957.3727465
0.804911564999997 951.4803699
0.805095237999998 942.1279076
0.805238094999998 932.8673743
0.805421768999998 926.5536136
0.805598638999997 923.6978663
0.805891155999997 920.2825853
0.807408162999998 920.2825853
0.807591836999998 926.5536136
0.807809523999998 935.7514706
0.808020407999999 938.6444834
0.808238094999998 942.1279076
0.808455781999997 942.1279076
0.808748298999997 947.9623659
0.809217686999998 954.4220109
0.809687074999997 960.9256736
0.809999999999998 970.4647404
0.900380951999997 972.8642665
0.901047618999998 980.0985011
0.901088434999998 983.7357663
0.901170067999997 991.6628809
0.901299319999998 1006.465757
0.901340135999998 1022.120438
0.901380951999998 1033.542363
0.901421768999997 1045.737337
0.901462584999997 1077.855717
0.901510203999997 1102.760424
0.901551019999997 1123.375257
0.901571428999997 1149.331729
0.901591836999998 1332.891682
0.901632652999998 1368.750013
0.901673468999998 1460.417491
0.901687074999998 1575.636834
0.901693877999998 1720.004394
0.901707482999997 1757.574944
0.901727890999998 1854.55848
0.901748298999997 1949.658179
0.901782312999998 2203.163772
0.901802720999997 2304.728344
0.901823128999998 2431.903976
0.901836734999998 2658.006874
0.901857142999997 2785.694131
0.901877550999998 2843.030247
0.901891155999998 3266.698856
0.901911564999997 3972.866889
0.901918366999998 4220.65685
0.901938774999998 5032.630323
0.901959183999997 5832.790379
0.901979591999998 6924.915768
0.901999999999997 8298.019725
0.902020407999998 9906.624321
0.902054421999997 11112.10987
0.902061223999997 11368.86393
0.902088434999998 11638.73375
0.902102040999997 11827.06341
0.902122448999998 11907.65588
0.902163264999998 11988.79753
0.902272108999998 11907.65588
0.902306121999997 11559.96138
0.902340135999997 11411.05517
0.902380951999998 11153.34826
0.902414965999998 10236.1396
0.902448979999997 9279.074931
0.902489795999997 8380.393801
0.902523808999998 7743.632147
0.902557822999998 6835.714525
0.902598638999997 6277.445875
0.902632652999998 5725.754013
0.902666666999998 5466.67782
0.902707482999998 4970.871939
0.902741496999997 4459.056443
0.902775509999998 4148.323409
0.902816325999998 3885.541886
0.902850339999999 3614.774688
0.902884353999997 3419.402181
0.902918366999998 3088.232077
0.902959183999998 2910.517031
0.902993196999997 2778.823341
0.903027210999997 2646.544741
0.903068026999998 2501.958314
0.903102040999998 2357.980911
0.903136053999997 2252.678432
0.903176870999997 2123.04606
0.903210883999998 1975.09984
0.903244897999999 1819.402249
0.903285713999997 1748.915677
0.903319727999998 1638.128094
0.903353740999998 1543.860564
0.903428570999997 1427.435469
0.903537414999997 1316.53498
0.903612244999998 1249.228744
0.903680271999997 1200.831611
0.903789115999998 1143.669171
0.903897958999998 1102.760424
0.904006802999998 1070.560657
0.904115645999997 1039.3011
0.904258502999997 1015.829557
0.904367346999997 999.0369024
0.904476189999998 986.1681056
0.904585033999998 973.4650745
0.904659863999997 966.8765436
0.904768706999997 957.3727465
0.904911564999997 951.4803699
0.905095237999997 942.1279076
0.905238094999998 932.8673743
0.905421768999998 926.5536136
0.905598638999997 923.6978663
0.905891155999997 920.2825853
0.907408162999997 920.2825853
0.907591836999998 926.5536136
0.907809523999997 935.7514706
0.908020407999999 938.6444834
0.908238094999998 942.1279076
0.908455781999997 942.1279076
0.908748298999997 947.9623659
0.909217686999998 954.4220109
0.909687074999997 960.9256736
0.909999999999998 970.4647404
1.000380952 972.8642665
1.001047619 980.0985011
1.001088435 983.7357663
1.001170068 991.6628809
1.00129932 1006.465757
1.001340136 1022.120438
1.001380952 1033.542363
1.001421769 1045.737337
1.001462585 1077.855717
1.001510204 1102.760424
1.00155102 1123.375257
1.001571429 1149.331729
1.001591837 1332.891682
1.001632653 1368.750013
1.001673469 1460.417491
1.001687075 1575.636834
1.001693878 1720.004394
1.001707483 1757.574944
1.001727891 1854.55848
1.001748299 1949.658179
1.001782313 2203.163772
1.001802721 2304.728344
1.001823129 2431.903976
1.001836735 2658.006874
1.001857143 2785.694131
1.001877551 2843.030247
1.001891156 3266.698856
1.001911565 3972.866889
1.001918367 4220.65685
1.001938775 5032.630323
1.001959184 5832.790379
1.001979592 6924.915768
1.002 8298.019725
1.002020408 9906.624321
1.002054422 11112.10987
1.002061224 11368.86393
1.002088435 11638.73375
1.002102041 11827.06341
1.002122449 11907.65588
1.002163265 11988.79753
1.002272109 11907.65588
1.002306122 11559.96138
1.002340136 11411.05517
1.002380952 11153.34826
1.002414966 10236.1396
1.00244898 9279.074931
1.002489796 8380.393801
1.002523809 7743.632147
1.002557823 6835.714525
1.002598639 6277.445875
1.002632653 5725.754013
1.002666667 5466.67782
1.002707483 4970.871939
1.002741497 4459.056443
1.00277551 4148.323409
1.002816326 3885.541886
1.00285034 3614.774688
1.002884354 3419.402181
1.002918367 3088.232077
1.002959184 2910.517031
1.002993197 2778.823341
1.003027211 2646.544741
1.003068027 2501.958314
1.003102041 2357.980911
1.003136054 2252.678432
1.003176871 2123.04606
1.003210884 1975.09984
1.003244898 1819.402249
1.003285714 1748.915677
1.003319728 1638.128094
1.003353741 1543.860564
1.003428571 1427.435469
1.003537415 1316.53498
1.003612245 1249.228744
1.003680272 1200.831611
1.003789116 1143.669171
1.003897959 1102.760424
1.004006803 1070.560657
1.004115646 1039.3011
1.004258503 1015.829557
1.004367347 999.0369024
1.00447619 986.1681056
1.004585034 973.4650745
1.004659864 966.8765436
1.004768707 957.3727465
1.004911565 951.4803699
1.005095238 942.1279076
1.005238095 932.8673743
1.005421769 926.5536136
1.005598639 923.6978663
1.005891156 920.2825853
1.007408163 920.2825853
1.007591837 926.5536136
1.007809524 935.7514706
1.008020408 938.6444834
1.008238095 942.1279076
1.008455782 942.1279076
1.008748299 947.9623659
1.009217687 954.4220109
1.009687075 960.9256736
1.01 970.4647404
1.100380952 972.8642665
1.101047619 980.0985011
1.101088435 983.7357663
1.101170068 991.6628809
1.10129932 1006.465757
1.101340136 1022.120438
1.101380952 1033.542363
1.101421769 1045.737337
1.101462585 1077.855717
1.101510204 1102.760424
1.10155102 1123.375257
1.101571429 1149.331729
1.101591837 1332.891682
1.101632653 1368.750013
1.101673469 1460.417491
1.101687075 1575.636834
1.101693878 1720.004394
1.101707483 1757.574944
1.101727891 1854.55848
1.101748299 1949.658179
1.101782313 2203.163772
1.101802721 2304.728344
1.101823129 2431.903976
1.101836735 2658.006874
1.101857143 2785.694131
1.101877551 2843.030247
1.101891156 3266.698856
1.101911565 3972.866889
1.101918367 4220.65685
1.101938775 5032.630323
1.101959184 5832.790379
1.101979592 6924.915768
1.102 8298.019725
1.102020408 9906.624321
1.102054422 11112.10987
1.102061224 11368.86393
1.102088435 11638.73375
1.102102041 11827.06341
1.102122449 11907.65588
1.102163265 11988.79753
1.102272109 11907.65588
1.102306122 11559.96138
1.102340136 11411.05517
1.102380952 11153.34826
1.102414966 10236.1396
1.10244898 9279.074931
1.102489796 8380.393801
1.102523809 7743.632147
1.102557823 6835.714525
1.102598639 6277.445875
1.102632653 5725.754013
1.102666667 5466.67782
1.102707483 4970.871939
1.102741497 4459.056443
1.10277551 4148.323409
1.102816326 3885.541886
1.10285034 3614.774688
1.102884354 3419.402181
1.102918367 3088.232077
1.102959184 2910.517031
1.102993197 2778.823341
1.103027211 2646.544741
1.103068027 2501.958314
1.103102041 2357.980911
1.103136054 2252.678432
1.103176871 2123.04606
1.103210884 1975.09984
1.103244898 1819.402249
1.103285714 1748.915677
1.103319728 1638.128094
1.103353741 1543.860564
1.103428571 1427.435469
1.103537415 1316.53498
1.103612245 1249.228744
1.103680272 1200.831611
1.103789116 1143.669171
1.103897959 1102.760424
1.104006803 1070.560657
1.104115646 1039.3011
1.104258503 1015.829557
1.104367347 999.0369024
1.10447619 986.1681056
1.104585034 973.4650745
1.104659864 966.8765436
1.104768707 957.3727465
1.104911565 951.4803699
1.105095238 942.1279076
1.105238095 932.8673743
1.105421769 926.5536136
1.105598639 923.6978663
1.105891156 920.2825853
1.107408163 920.2825853
1.107591837 926.5536136
1.107809524 935.7514706
1.108020408 938.6444834
1.108238095 942.1279076
1.108455782 942.1279076
1.108748299 947.9623659
1.109217687 954.4220109
1.109687075 960.9256736
1.11 970.4647404
1.200380952 972.8642665
1.201047619 980.0985011
1.201088435 983.7357663
1.201170068 991.6628809
1.20129932 1006.465757
1.201340136 1022.120438
1.201380952 1033.542363
1.201421769 1045.737337
1.201462585 1077.855717
1.201510204 1102.760424
1.20155102 1123.375257
1.201571429 1149.331729
1.201591837 1332.891682
1.201632653 1368.750013
1.201673469 1460.417491
1.201687075 1575.636834
1.201693878 1720.004394
1.201707483 1757.574944
1.201727891 1854.55848
1.201748299 1949.658179
1.201782313 2203.163772
1.201802721 2304.728344
1.201823129 2431.903976
1.201836735 2658.006874
1.201857143 2785.694131
1.201877551 2843.030247
1.201891156 3266.698856
1.201911565 3972.866889
1.201918367 4220.65685
1.201938775 5032.630323
1.201959184 5832.790379
1.201979592 6924.915768
1.202 8298.019725
1.202020408 9906.624321
1.202054422 11112.10987
1.202061224 11368.86393
1.202088435 11638.73375
1.202102041 11827.06341
1.202122449 11907.65588
1.202163265 11988.79753
1.202272109 11907.65588
1.202306122 11559.96138
1.202340136 11411.05517
1.202380952 11153.34826
1.202414966 10236.1396
1.20244898 9279.074931
1.202489796 8380.393801
1.202523809 7743.632147
1.202557823 6835.714525
1.202598639 6277.445875
1.202632653 5725.754013
1.202666667 5466.67782
1.202707483 4970.871939
1.202741497 4459.056443
1.20277551 4148.323409
1.202816326 3885.541886
1.20285034 3614.774688
1.202884354 3419.402181
1.202918367 3088.232077
1.202959184 2910.517031
1.202993197 2778.823341
1.203027211 2646.544741
1.203068027 2501.958314
1.203102041 2357.980911
1.203136054 2252.678432
1.203176871 2123.04606
1.203210884 1975.09984
1.203244898 1819.402249
1.203285714 1748.915677
1.203319728 1638.128094
1.203353741 1543.860564
1.203428571 1427.435469
1.203537415 1316.53498
1.203612245 1249.228744
1.203680272 1200.831611
1.203789116 1143.669171
1.203897959 1102.760424
1.204006803 1070.560657
1.204115646 1039.3011
1.204258503 1015.829557
1.204367347 999.0369024
1.20447619 986.1681056
1.204585034 973.4650745
1.204659864 966.8765436
1.204768707 957.3727465
1.204911565 951.4803699
1.205095238 942.1279076
1.205238095 932.8673743
1.205421769 926.5536136
1.205598639 923.6978663
1.205891156 920.2825853
1.207408163 920.2825853
1.207591837 926.5536136
1.207809524 935.7514706
1.208020408 938.6444834
1.208238095 942.1279076
1.208455782 942.1279076
1.208748299 947.9623659
1.209217687 954.4220109
1.209687075 960.9256736
1.21 970.4647404
1.300380952 972.8642665
1.301047619 980.0985011
1.301088435 983.7357663
1.301170068 991.6628809
1.30129932 1006.465757
1.301340136 1022.120438
1.301380952 1033.542363
1.301421769 1045.737337
1.301462585 1077.855717
1.301510204 1102.760424
1.30155102 1123.375257
1.301571429 1149.331729
1.301591837 1332.891682
1.301632653 1368.750013
1.301673469 1460.417491
1.301687075 1575.636834
1.301693878 1720.004394
1.301707483 1757.574944
1.301727891 1854.55848
1.301748299 1949.658179
1.301782313 2203.163772
1.301802721 2304.728344
1.301823129 2431.903976
1.301836735 2658.006874
1.301857143 2785.694131
1.301877551 2843.030247
1.301891156 3266.698856
1.301911565 3972.866889
1.301918367 4220.65685
1.301938775 5032.630323
1.301959184 5832.790379
1.301979592 6924.915768
1.302 8298.019725
1.302020408 9906.624321
1.302054422 11112.10987
1.302061224 11368.86393
1.302088435 11638.73375
1.302102041 11827.06341
1.302122449 11907.65588
1.302163265 11988.79753
1.302272109 11907.65588
1.302306122 11559.96138
1.302340136 11411.05517
1.302380952 11153.34826
1.302414966 10236.1396
1.30244898 9279.074931
1.302489796 8380.393801
1.302523809 7743.632147
1.302557823 6835.714525
1.302598639 6277.445875
1.302632653 5725.754013
1.302666667 5466.67782
1.302707483 4970.871939
1.302741497 4459.056443
1.30277551 4148.323409
1.302816326 3885.541886
1.30285034 3614.774688
1.302884354 3419.402181
1.302918367 3088.232077
1.302959184 2910.517031
1.302993197 2778.823341
1.303027211 2646.544741
1.303068027 2501.958314
1.303102041 2357.980911
1.303136054 2252.678432
1.303176871 2123.04606
1.303210884 1975.09984
1.303244898 1819.402249
1.303285714 1748.915677
1.303319728 1638.128094
1.303353741 1543.860564
1.303428571 1427.435469
1.303537415 1316.53498
1.303612245 1249.228744
1.303680272 1200.831611
1.303789116 1143.669171
1.303897959 1102.760424
1.304006803 1070.560657
1.304115646 1039.3011
1.304258503 1015.829557
1.304367347 999.0369024
1.30447619 986.1681056
1.304585034 973.4650745
1.304659864 966.8765436
1.304768707 957.3727465
1.304911565 951.4803699
1.305095238 942.1279076
1.305238095 932.8673743
1.305421769 926.5536136
1.305598639 923.6978663
1.305891156 920.2825853
1.307408163 920.2825853
1.307591837 926.5536136
1.307809524 935.7514706
1.308020408 938.6444834
1.308238095 942.1279076
1.308455782 942.1279076
1.308748299 947.9623659
1.309217687 954.4220109
1.309687075 960.9256736
1.31 970.4647404
1.400380952 972.8642665
1.401047619 980.0985011
1.401088435 983.7357663
1.401170068 991.6628809
1.40129932 1006.465757
1.401340136 1022.120438
1.401380952 1033.542363
1.401421769 1045.737337
1.401462585 1077.855717
1.401510204 1102.760424
1.40155102 1123.375257
1.401571429 1149.331729
1.401591837 1332.891682
1.401632653 1368.750013
1.401673469 1460.417491
1.401687075 1575.636834
1.401693878 1720.004394
1.401707483 1757.574944
1.401727891 1854.55848
1.401748299 1949.658179
1.401782313 2203.163772
1.401802721 2304.728344
1.401823129 2431.903976
1.401836735 2658.006874
1.401857143 2785.694131
1.401877551 2843.030247
1.401891156 3266.698856
1.401911565 3972.866889
1.401918367 4220.65685
1.401938775 5032.630323
1.401959184 5832.790379
1.401979592 6924.915768
1.402 8298.019725
1.402020408 9906.624321
1.402054422 11112.10987
1.402061224 11368.86393
1.402088435 11638.73375
1.402102041 11827.06341
1.402122449 11907.65588
1.402163265 11988.79753
1.402272109 11907.65588
1.402306122 11559.96138
1.402340136 11411.05517
1.402380952 11153.34826
1.402414966 10236.1396
1.40244898 9279.074931
1.402489796 8380.393801
1.402523809 7743.632147
1.402557823 6835.714525
1.402598639 6277.445875
1.402632653 5725.754013
1.402666667 5466.67782
1.402707483 4970.871939
1.402741497 4459.056443
1.40277551 4148.323409
1.402816326 3885.541886
1.40285034 3614.774688
1.402884354 3419.402181
1.402918367 3088.232077
1.402959184 2910.517031
1.402993197 2778.823341
1.403027211 2646.544741
1.403068027 2501.958314
1.403102041 2357.980911
1.403136054 2252.678432
1.403176871 2123.04606
1.403210884 1975.09984
1.403244898 1819.402249
1.403285714 1748.915677
1.403319728 1638.128094
1.403353741 1543.860564
1.403428571 1427.435469
1.403537415 1316.53498
1.403612245 1249.228744
1.403680272 1200.831611
1.403789116 1143.669171
1.403897959 1102.760424
1.404006803 1070.560657
1.404115646 1039.3011
1.404258503 1015.829557
1.404367347 999.0369024
1.40447619 986.1681056
1.404585034 973.4650745
1.404659864 966.8765436
1.404768707 957.3727465
1.404911565 951.4803699
1.405095238 942.1279076
1.405238095 932.8673743
1.405421769 926.5536136
1.405598639 923.6978663
1.405891156 920.2825853
1.407408163 920.2825853
1.407591837 926.5536136
1.407809524 935.7514706
1.408020408 938.6444834
1.408238095 942.1279076
1.408455782 942.1279076
1.408748299 947.9623659
1.409217687 954.4220109
1.409687075 960.9256736
1.41 970.4647404
1.500380952 972.8642665
1.501047619 980.0985011
1.501088435 983.7357663
1.501170068 991.6628809
1.50129932 1006.465757
1.501340136 1022.120438
1.501380952 1033.542363
1.501421769 1045.737337
1.501462585 1077.855717
1.501510204 1102.760424
1.50155102 1123.375257
1.501571429 1149.331729
1.501591837 1332.891682
1.501632653 1368.750013
1.501673469 1460.417491
1.501687075 1575.636834
1.501693878 1720.004394
1.501707483 1757.574944
1.501727891 1854.55848
1.501748299 1949.658179
1.501782313 2203.163772
1.501802721 2304.728344
1.501823129 2431.903976
1.501836735 2658.006874
1.501857143 2785.694131
1.501877551 2843.030247
1.501891156 3266.698856
1.501911565 3972.866889
1.501918367 4220.65685
1.501938775 5032.630323
1.501959184 5832.790379
1.501979592 6924.915768
1.502 8298.019725
1.502020408 9906.624321
1.502054422 11112.10987
1.502061224 11368.86393
1.502088435 11638.73375
1.502102041 11827.06341
1.502122449 11907.65588
1.502163265 11988.79753
1.502272109 11907.65588
1.502306122 11559.96138
1.502340136 11411.05517
1.502380952 11153.34826
1.502414966 10236.1396
1.50244898 9279.074931
1.502489796 8380.393801
1.502523809 7743.632147
1.502557823 6835.714525
1.502598639 6277.445875
1.502632653 5725.754013
1.502666667 5466.67782
1.502707483 4970.871939
1.502741497 4459.056443
1.50277551 4148.323409
1.502816326 3885.541886
1.50285034 3614.774688
1.502884354 3419.402181
1.502918367 3088.232077
1.502959184 2910.517031
1.502993197 2778.823341
1.503027211 2646.544741
1.503068027 2501.958314
1.503102041 2357.980911
1.503136054 2252.678432
1.503176871 2123.04606
1.503210884 1975.09984
1.503244898 1819.402249
1.503285714 1748.915677
1.503319728 1638.128094
1.503353741 1543.860564
1.503428571 1427.435469
1.503537415 1316.53498
1.503612245 1249.228744
1.503680272 1200.831611
1.503789116 1143.669171
1.503897959 1102.760424
1.504006803 1070.560657
1.504115646 1039.3011
1.504258503 1015.829557
1.504367347 999.0369024
1.50447619 986.1681056
1.504585034 973.4650745
1.504659864 966.8765436
1.504768707 957.3727465
1.504911565 951.4803699
1.505095238 942.1279076
1.505238095 932.8673743
1.505421769 926.5536136
1.505598639 923.6978663
1.505891156 920.2825853
1.507408163 920.2825853
1.507591837 926.5536136
1.507809524 935.7514706
1.508020408 938.6444834
1.508238095 942.1279076
1.508455782 942.1279076
1.508748299 947.9623659
1.509217687 954.4220109
1.509687075 960.9256736
1.51 970.4647404
1.600380952 972.8642665
1.601047619 980.0985011
1.601088435 983.7357663
1.601170068 991.6628809
1.60129932 1006.465757
1.601340136 1022.120438
1.601380952 1033.542363
1.601421769 1045.737337
1.601462585 1077.855717
1.601510204 1102.760424
1.60155102 1123.375257
1.601571429 1149.331729
1.601591837 1332.891682
1.601632653 1368.750013
1.601673469 1460.417491
1.601687075 1575.636834
1.601693878 1720.004394
1.601707483 1757.574944
1.601727891 1854.55848
1.601748299 1949.658179
1.601782313 2203.163772
1.601802721 2304.728344
1.601823129 2431.903976
1.601836735 2658.006874
1.601857143 2785.694131
1.601877551 2843.030247
1.601891156 3266.698856
1.601911565 3972.866889
1.601918367 4220.65685
1.601938775 5032.630323
1.601959184 5832.790379
1.601979592 6924.915768
1.602 8298.019725
1.602020408 9906.624321
1.602054422 11112.10987
1.602061224 11368.86393
1.602088435 11638.73375
1.602102041 11827.06341
1.602122449 11907.65588
1.602163265 11988.79753
1.602272109 11907.65588
1.602306122 11559.96138
1.602340136 11411.05517
1.602380952 11153.34826
1.602414966 10236.1396
1.60244898 9279.074931
1.602489796 8380.393801
1.602523809 7743.632147
1.602557823 6835.714525
1.602598639 6277.445875
1.602632653 5725.754013
1.602666667 5466.67782
1.602707483 4970.871939
1.602741497 4459.056443
1.60277551 4148.323409
1.602816326 3885.541886
1.60285034 3614.774688
1.602884354 3419.402181
1.602918367 3088.232077
1.602959184 2910.517031
1.602993197 2778.823341
1.603027211 2646.544741
1.603068027 2501.958314
1.603102041 2357.980911
1.603136054 2252.678432
1.603176871 2123.04606
1.603210884 1975.09984
1.603244898 1819.402249
1.603285714 1748.915677
1.603319728 1638.128094
1.603353741 1543.860564
1.603428571 1427.435469
1.603537415 1316.53498
1.603612245 1249.228744
1.603680272 1200.831611
1.603789116 1143.669171
1.603897959 1102.760424
1.604006803 1070.560657
1.604115646 1039.3011
1.604258503 1015.829557
1.604367347 999.0369024
1.60447619 986.1681056
1.604585034 973.4650745
1.604659864 966.8765436
1.604768707 957.3727465
1.604911565 951.4803699
1.605095238 942.1279076
1.605238095 932.8673743
1.605421769 926.5536136
1.605598639 923.6978663
1.605891156 920.2825853
1.607408163 920.2825853
1.607591837 926.5536136
1.607809524 935.7514706
1.608020408 938.6444834
1.608238095 942.1279076
1.608455782 942.1279076
1.608748299 947.9623659
1.609217687 954.4220109
1.609687075 960.9256736
1.61 970.4647404
1.700380952 972.8642665
1.701047619 980.0985011
1.701088435 983.7357663
1.701170068 991.6628809
1.70129932 1006.465757
1.701340136 1022.120438
1.701380952 1033.542363
1.701421769 1045.737337
1.701462585 1077.855717
1.701510204 1102.760424
1.70155102 1123.375257
1.701571429 1149.331729
1.701591837 1332.891682
1.701632653 1368.750013
1.701673469 1460.417491
1.701687075 1575.636834
1.701693878 1720.004394
1.701707483 1757.574944
1.701727891 1854.55848
1.701748299 1949.658179
1.701782313 2203.163772
1.701802721 2304.728344
1.701823129 2431.903976
1.701836735 2658.006874
1.701857143 2785.694131
1.701877551 2843.030247
1.701891156 3266.698856
1.701911565 3972.866889
1.701918367 4220.65685
1.701938775 5032.630323
1.701959184 5832.790379
1.701979592 6924.915768
1.702 8298.019725
1.702020408 9906.624321
1.702054422 11112.10987
1.702061224 11368.86393
1.702088435 11638.73375
1.702102041 11827.06341
1.702122449 11907.65588
1.702163265 11988.79753
1.702272109 11907.65588
1.702306122 11559.96138
1.702340136 11411.05517
1.702380952 11153.34826
1.702414966 10236.1396
1.70244898 9279.074931
1.702489796 8380.393801
1.702523809 7743.632147
1.702557823 6835.714525
1.702598639 6277.445875
1.702632653 5725.754013
1.702666667 5466.67782
1.702707483 4970.871939
1.702741497 4459.056443
1.70277551 4148.323409
1.702816326 3885.541886
1.70285034 3614.774688
1.702884354 3419.402181
1.702918367 3088.232077
1.702959184 2910.517031
1.702993197 2778.823341
1.703027211 2646.544741
1.703068027 2501.958314
1.703102041 2357.980911
1.703136054 2252.678432
1.703176871 2123.04606
1.703210884 1975.09984
1.703244898 1819.402249
1.703285714 1748.915677
1.703319728 1638.128094
1.703353741 1543.860564
1.703428571 1427.435469
1.703537415 1316.53498
1.703612245 1249.228744
1.703680272 1200.831611
1.703789116 1143.669171
1.703897959 1102.760424
1.704006803 1070.560657
1.704115646 1039.3011
1.704258503 1015.829557
1.704367347 999.0369024
1.70447619 986.1681056
1.704585034 973.4650745
1.704659864 966.8765436
1.704768707 957.3727465
1.704911565 951.4803699
1.705095238 942.1279076
1.705238095 932.8673743
1.705421769 926.5536136
1.705598639 923.6978663
1.705891156 920.2825853
1.707408163 920.2825853
1.707591837 926.5536136
1.707809524 935.7514706
1.708020408 938.6444834
1.708238095 942.1279076
1.708455782 942.1279076
1.708748299 947.9623659
1.709217687 954.4220109
1.709687075 960.9256736
1.71 970.4647404
1.800380952 972.8642665
1.801047619 980.0985011
1.801088435 983.7357663
1.801170068 991.6628809
1.80129932 1006.465757
1.801340136 1022.120438
1.801380952 1033.542363
1.801421769 1045.737337
1.801462585 1077.855717
1.801510204 1102.760424
1.80155102 1123.375257
1.801571429 1149.331729
1.801591837 1332.891682
1.801632653 1368.750013
1.801673469 1460.417491
1.801687075 1575.636834
1.801693878 1720.004394
1.801707483 1757.574944
1.801727891 1854.55848
1.801748299 1949.658179
1.801782313 2203.163772
1.801802721 2304.728344
1.801823129 2431.903976
1.801836735 2658.006874
1.801857143 2785.694131
1.801877551 2843.030247
1.801891156 3266.698856
1.801911565 3972.866889
1.801918367 4220.65685
1.801938775 5032.630323
1.801959184 5832.790379
1.801979592 6924.915768
1.802 8298.019725
1.802020408 9906.624321
1.802054422 11112.10987
1.802061224 11368.86393
1.802088435 11638.73375
1.802102041 11827.06341
1.802122449 11907.65588
1.802163265 11988.79753
1.802272109 11907.65588
1.802306122 11559.96138
1.802340136 11411.05517
1.802380952 11153.34826
1.802414966 10236.1396
1.80244898 9279.074931
1.802489796 8380.393801
1.802523809 7743.632147
1.802557823 6835.714525
1.802598639 6277.445875
1.802632653 5725.754013
1.802666667 5466.67782
1.802707483 4970.871939
1.802741497 4459.056443
1.80277551 4148.323409
1.802816326 3885.541886
1.80285034 3614.774688
1.802884354 3419.402181
1.802918367 3088.232077
1.802959184 2910.517031
1.802993197 2778.823341
1.803027211 2646.544741
1.803068027 2501.958314
1.803102041 2357.980911
1.803136054 2252.678432
1.803176871 2123.04606
1.803210884 1975.09984
1.803244898 1819.402249
1.803285714 1748.915677
1.803319728 1638.128094
1.803353741 1543.860564
1.803428571 1427.435469
1.803537415 1316.53498
1.803612245 1249.228744
1.803680272 1200.831611
1.803789116 1143.669171
1.803897959 1102.760424
1.804006803 1070.560657
1.804115646 1039.3011
1.804258503 1015.829557
1.804367347 999.0369024
1.80447619 986.1681056
1.804585034 973.4650745
1.804659864 966.8765436
1.804768707 957.3727465
1.804911565 951.4803699
1.805095238 942.1279076
1.805238095 932.8673743
1.805421769 926.5536136
1.805598639 923.6978663
1.805891156 920.2825853
1.807408163 920.2825853
1.807591837 926.5536136
1.807809524 935.7514706
1.808020408 938.6444834
1.808238095 942.1279076
1.808455782 942.1279076
1.808748299 947.9623659
1.809217687 954.4220109
1.809687075 960.9256736
1.81 970.4647404
1.900380952 972.8642665
1.901047619 980.0985011
1.901088435 983.7357663
1.90117006799999 991.6628809
1.90129932 1006.465757
1.901340136 1022.120438
1.901380952 1033.542363
1.90142176899999 1045.737337
1.901462585 1077.855717
1.901510204 1102.760424
1.90155102 1123.375257
1.90157142899999 1149.331729
1.901591837 1332.891682
1.901632653 1368.750013
1.901673469 1460.417491
1.901687075 1575.636834
1.901693878 1720.004394
1.901707483 1757.574944
1.901727891 1854.55848
1.901748299 1949.658179
1.901782313 2203.163772
1.901802721 2304.728344
1.901823129 2431.903976
1.901836735 2658.006874
1.901857143 2785.694131
1.901877551 2843.030247
1.901891156 3266.698856
1.90191156499999 3972.866889
1.901918367 4220.65685
1.901938775 5032.630323
1.90195918399999 5832.790379
1.901979592 6924.915768
1.902 8298.019725
1.902020408 9906.624321
1.902054422 11112.10987
1.90206122399999 11368.86393
1.902088435 11638.73375
1.902102041 11827.06341
1.902122449 11907.65588
1.902163265 11988.79753
1.902272109 11907.65588
1.90230612199999 11559.96138
1.902340136 11411.05517
1.902380952 11153.34826
1.902414966 10236.1396
1.90244898 9279.074931
1.902489796 8380.393801
1.902523809 7743.632147
1.902557823 6835.714525
1.90259863899999 6277.445875
1.902632653 5725.754013
1.902666667 5466.67782
1.902707483 4970.871939
1.902741497 4459.056443
1.90277551 4148.323409
1.902816326 3885.541886
1.90285034 3614.774688
1.902884354 3419.402181
1.902918367 3088.232077
1.902959184 2910.517031
1.90299319699999 2778.823341
1.903027211 2646.544741
1.903068027 2501.958314
1.903102041 2357.980911
1.903136054 2252.678432
1.903176871 2123.04606
1.903210884 1975.09984
1.903244898 1819.402249
1.903285714 1748.915677
1.903319728 1638.128094
1.903353741 1543.860564
1.903428571 1427.435469
1.90353741499999 1316.53498
1.903612245 1249.228744
1.903680272 1200.831611
1.903789116 1143.669171
1.903897959 1102.760424
1.904006803 1070.560657
1.904115646 1039.3011
1.904258503 1015.829557
1.904367347 999.0369024
1.90447619 986.1681056
1.904585034 973.4650745
1.904659864 966.8765436
1.90476870699999 957.3727465
1.904911565 951.4803699
1.905095238 942.1279076
1.905238095 932.8673743
1.905421769 926.5536136
1.905598639 923.6978663
1.905891156 920.2825853
1.907408163 920.2825853
1.907591837 926.5536136
1.907809524 935.7514706
1.908020408 938.6444834
1.908238095 942.1279076
1.90845578199999 942.1279076
1.908748299 947.9623659
1.909217687 954.4220109
1.909687075 960.9256736
1.91 970.4647404
2.000380952 972.8642665
2.001047619 980.0985011
2.001088435 983.7357663
2.001170068 991.6628809
2.00129932 1006.465757
2.001340136 1022.120438
2.001380952 1033.542363
2.00142176899999 1045.737337
2.001462585 1077.855717
2.00151020399999 1102.760424
2.00155102 1123.375257
2.00157142899999 1149.331729
2.001591837 1332.891682
2.001632653 1368.750013
2.001673469 1460.417491
2.001687075 1575.636834
2.001693878 1720.004394
2.001707483 1757.574944
2.001727891 1854.55848
2.001748299 1949.658179
2.001782313 2203.163772
2.001802721 2304.728344
2.001823129 2431.903976
2.001836735 2658.006874
2.001857143 2785.694131
2.001877551 2843.030247
2.001891156 3266.698856
2.00191156499999 3972.866889
2.001918367 4220.65685
2.001938775 5032.630323
2.00195918399999 5832.790379
2.001979592 6924.915768
2.00199999999999 8298.019725
2.002020408 9906.624321
2.00205442199999 11112.10987
2.00206122399999 11368.86393
2.002088435 11638.73375
2.002102041 11827.06341
2.002122449 11907.65588
2.002163265 11988.79753
2.002272109 11907.65588
2.00230612199999 11559.96138
2.002340136 11411.05517
2.002380952 11153.34826
2.002414966 10236.1396
2.00244897999999 9279.074931
2.002489796 8380.393801
2.002523809 7743.632147
2.002557823 6835.714525
2.00259863899999 6277.445875
2.002632653 5725.754013
2.002666667 5466.67782
2.002707483 4970.871939
2.002741497 4459.056443
2.00277551 4148.323409
2.002816326 3885.541886
2.00285034 3614.774688
2.002884354 3419.402181
2.002918367 3088.232077
2.002959184 2910.517031
2.002993197 2778.823341
2.003027211 2646.544741
2.003068027 2501.958314
2.003102041 2357.980911
2.00313605399999 2252.678432
2.003176871 2123.04606
2.003210884 1975.09984
2.003244898 1819.402249
2.00328571399999 1748.915677
2.003319728 1638.128094
2.003353741 1543.860564
2.003428571 1427.435469
2.00353741499999 1316.53498
2.003612245 1249.228744
2.00368027199999 1200.831611
2.003789116 1143.669171
2.003897959 1102.760424
2.004006803 1070.560657
2.004115646 1039.3011
2.004258503 1015.829557
2.00436734699999 999.0369024
2.00447619 986.1681056
2.004585034 973.4650745
2.004659864 966.8765436
2.00476870699999 957.3727465
2.00491156499999 951.4803699
2.005095238 942.1279076
2.005238095 932.8673743
2.005421769 926.5536136
2.00559863899999 923.6978663
2.005891156 920.2825853
2.007408163 920.2825853
2.007591837 926.5536136
2.00780952399999 935.7514706
2.008020408 938.6444834
2.008238095 942.1279076
2.008455782 942.1279076
2.008748299 947.9623659
2.009217687 954.4220109
2.009687075 960.9256736
2.01 970.4647404
2.10038095199999 972.8642665
2.101047619 980.0985011
2.101088435 983.7357663
2.10117006799999 991.6628809
2.10129932 1006.465757
2.101340136 1022.120438
2.101380952 1033.542363
2.10142176899999 1045.737337
2.10146258499999 1077.855717
2.10151020399999 1102.760424
2.10155102 1123.375257
2.10157142899999 1149.331729
2.101591837 1332.891682
2.101632653 1368.750013
2.101673469 1460.417491
2.101687075 1575.636834
2.101693878 1720.004394
2.10170748299999 1757.574944
2.101727891 1854.55848
2.101748299 1949.658179
2.101782313 2203.163772
2.10180272099999 2304.728344
2.101823129 2431.903976
2.101836735 2658.006874
2.10185714299999 2785.694131
2.101877551 2843.030247
2.101891156 3266.698856
2.10191156499999 3972.866889
2.101918367 4220.65685
2.101938775 5032.630323
2.10195918399999 5832.790379
2.101979592 6924.915768
2.10199999999999 8298.019725
2.102020408 9906.624321
2.10205442199999 11112.10987
2.10206122399999 11368.86393
2.102088435 11638.73375
2.10210204099999 11827.06341
2.102122449 11907.65588
2.102163265 11988.79753
2.102272109 11907.65588
2.10230612199999 11559.96138
2.102340136 11411.05517
2.102380952 11153.34826
2.102414966 10236.1396
2.10244897999999 9279.074931
2.102489796 8380.393801
2.102523809 7743.632147
2.102557823 6835.714525
2.10259863899999 6277.445875
2.102632653 5725.754013
2.102666667 5466.67782
2.102707483 4970.871939
2.10274149699999 4459.056443
2.10277551 4148.323409
2.102816326 3885.541886
2.10285034 3614.774688
2.102884354 3419.402181
2.102918367 3088.232077
2.102959184 2910.517031
2.10299319699999 2778.823341
2.103027211 2646.544741
2.103068027 2501.958314
2.103102041 2357.980911
2.10313605399999 2252.678432
2.103176871 2123.04606
2.103210884 1975.09984
2.103244898 1819.402249
2.10328571399999 1748.915677
2.103319728 1638.128094
2.103353741 1543.860564
2.10342857099999 1427.435469
2.10353741499999 1316.53498
2.103612245 1249.228744
2.10368027199999 1200.831611
2.103789116 1143.669171
2.103897959 1102.760424
2.104006803 1070.560657
2.104115646 1039.3011
2.104258503 1015.829557
2.10436734699999 999.0369024
2.10447619 986.1681056
2.104585034 973.4650745
2.10465986399999 966.8765436
2.10476870699999 957.3727465
2.10491156499999 951.4803699
2.105095238 942.1279076
2.105238095 932.8673743
2.105421769 926.5536136
2.10559863899999 923.6978663
2.10589115599999 920.2825853
2.107408163 920.2825853
2.107591837 926.5536136
2.10780952399999 935.7514706
2.108020408 938.6444834
2.108238095 942.1279076
2.10845578199999 942.1279076
2.10874829899999 947.9623659
2.109217687 954.4220109
2.10968707499999 960.9256736
2.11 970.4647404
2.20038095199999 972.8642665
2.201047619 980.0985011
2.201088435 983.7357663
2.20117006799999 991.6628809
2.20129932 1006.465757
2.201340136 1022.120438
2.201380952 1033.542363
2.20142176899999 1045.737337
2.20146258499999 1077.855717
2.20151020399999 1102.760424
2.20155101999999 1123.375257
2.20157142899999 1149.331729
2.201591837 1332.891682
2.201632653 1368.750013
2.201673469 1460.417491
2.201687075 1575.636834
2.201693878 1720.004394
2.20170748299999 1757.574944
2.201727891 1854.55848
2.20174829899999 1949.658179
2.201782313 2203.163772
2.20180272099999 2304.728344
2.201823129 2431.903976
2.201836735 2658.006874
2.20185714299999 2785.694131
2.201877551 2843.030247
2.20189115599999 3266.698856
2.20191156499999 3972.866889
2.201918367 4220.65685
2.201938775 5032.630323
2.20195918399999 5832.790379
2.201979592 6924.915768
2.20199999999999 8298.019725
2.202020408 9906.624321
2.20205442199999 11112.10987
2.20206122399999 11368.86393
2.20208843499999 11638.73375
2.20210204099999 11827.06341
2.202122449 11907.65588
2.202163265 11988.79753
2.202272109 11907.65588
2.20230612199999 11559.96138
2.20234013599999 11411.05517
2.202380952 11153.34826
2.202414966 10236.1396
2.20244897999999 9279.074931
2.20248979599999 8380.393801
2.202523809 7743.632147
2.202557823 6835.714525
2.20259863899999 6277.445875
2.20263265299999 5725.754013
2.202666667 5466.67782
2.202707483 4970.871939
2.20274149699999 4459.056443
2.20277551 4148.323409
2.202816326 3885.541886
2.20285034 3614.774688
2.20288435399999 3419.402181
2.202918367 3088.232077
2.202959184 2910.517031
2.20299319699999 2778.823341
2.20302721099999 2646.544741
2.203068027 2501.958314
2.203102041 2357.980911
2.20313605399999 2252.678432
2.20317687099999 2123.04606
2.203210884 1975.09984
2.203244898 1819.402249
2.20328571399999 1748.915677
2.20331972799999 1638.128094
2.203353741 1543.860564
2.20342857099999 1427.435469
2.20353741499999 1316.53498
2.203612245 1249.228744
2.20368027199999 1200.831611
2.203789116 1143.669171
2.203897959 1102.760424
2.204006803 1070.560657
2.20411564599999 1039.3011
2.20425850299999 1015.829557
2.20436734699999 999.0369024
2.20447619 986.1681056
2.204585034 973.4650745
2.20465986399999 966.8765436
2.20476870699999 957.3727465
2.20491156499999 951.4803699
2.20509523799999 942.1279076
2.205238095 932.8673743
2.205421769 926.5536136
2.20559863899999 923.6978663
2.20589115599999 920.2825853
2.20740816299999 920.2825853
2.207591837 926.5536136
2.20780952399999 935.7514706
2.208020408 938.6444834
2.208238095 942.1279076
2.20845578199999 942.1279076
2.20874829899999 947.9623659
2.209217687 954.4220109
2.20968707499999 960.9256736
2.21 970.4647404
2.30038095199999 972.8642665
2.301047619 980.0985011
2.301088435 983.7357663
2.30117006799999 991.6628809
2.30129932 1006.465757
2.301340136 1022.120438
2.301380952 1033.542363
2.30142176899999 1045.737337
2.30146258499999 1077.855717
2.30151020399999 1102.760424
2.30155101999999 1123.375257
2.30157142899999 1149.331729
2.301591837 1332.891682
2.301632653 1368.750013
2.301673469 1460.417491
2.301687075 1575.636834
2.301693878 1720.004394
2.30170748299999 1757.574944
2.301727891 1854.55848
2.30174829899999 1949.658179
2.301782313 2203.163772
2.30180272099999 2304.728344
2.301823129 2431.903976
2.301836735 2658.006874
2.30185714299999 2785.694131
2.301877551 2843.030247
2.301891156 3266.698856
2.30191156499999 3972.866889
2.301918367 4220.65685
2.301938775 5032.630323
2.30195918399999 5832.790379
2.301979592 6924.915768
2.30199999999999 8298.019725
2.302020408 9906.624321
2.30205442199999 11112.10987
2.30206122399999 11368.86393
2.302088435 11638.73375
2.30210204099999 11827.06341
2.302122449 11907.65588
2.302163265 11988.79753
2.302272109 11907.65588
2.30230612199999 11559.96138
2.30234013599999 11411.05517
2.302380952 11153.34826
2.302414966 10236.1396
2.30244897999999 9279.074931
2.30248979599999 8380.393801
2.302523809 7743.632147
2.302557823 6835.714525
2.30259863899999 6277.445875
2.30263265299999 5725.754013
2.302666667 5466.67782
2.302707483 4970.871939
2.30274149699999 4459.056443
2.30277551 4148.323409
2.302816326 3885.541886
2.30285034 3614.774688
2.30288435399999 3419.402181
2.302918367 3088.232077
2.302959184 2910.517031
2.30299319699999 2778.823341
2.30302721099999 2646.544741
2.303068027 2501.958314
2.303102041 2357.980911
2.30313605399999 2252.678432
2.30317687099999 2123.04606
2.303210884 1975.09984
2.303244898 1819.402249
2.30328571399999 1748.915677
2.303319728 1638.128094
2.303353741 1543.860564
2.30342857099999 1427.435469
2.30353741499999 1316.53498
2.303612245 1249.228744
2.30368027199999 1200.831611
2.303789116 1143.669171
2.303897959 1102.760424
2.304006803 1070.560657
2.30411564599999 1039.3011
2.30425850299999 1015.829557
2.30436734699999 999.0369024
2.30447619 986.1681056
2.304585034 973.4650745
2.30465986399999 966.8765436
2.30476870699999 957.3727465
2.30491156499999 951.4803699
2.30509523799999 942.1279076
2.305238095 932.8673743
2.305421769 926.5536136
2.30559863899999 923.6978663
2.30589115599999 920.2825853
2.30740816299999 920.2825853
2.307591837 926.5536136
2.30780952399999 935.7514706
2.308020408 938.6444834
2.308238095 942.1279076
2.30845578199999 942.1279076
2.30874829899999 947.9623659
2.309217687 954.4220109
2.30968707499999 960.9256736
2.31 970.4647404
2.40038095199999 972.8642665
2.40104761899999 980.0985011
2.401088435 983.7357663
2.40117006799999 991.6628809
2.40129931999999 1006.465757
2.401340136 1022.120438
2.401380952 1033.542363
2.40142176899999 1045.737337
2.40146258499999 1077.855717
2.40151020399999 1102.760424
2.40155101999999 1123.375257
2.40157142899999 1149.331729
2.40159183699999 1332.891682
2.401632653 1368.750013
2.401673469 1460.417491
2.401687075 1575.636834
2.40169387799999 1720.004394
2.40170748299999 1757.574944
2.401727891 1854.55848
2.40174829899999 1949.658179
2.401782313 2203.163772
2.40180272099999 2304.728344
2.401823129 2431.903976
2.40183673499999 2658.006874
2.40185714299999 2785.694131
2.401877551 2843.030247
2.40189115599999 3266.698856
2.40191156499999 3972.866889
2.401918367 4220.65685
2.40193877499999 5032.630323
2.40195918399999 5832.790379
2.401979592 6924.915768
2.40199999999999 8298.019725
2.402020408 9906.624321
2.40205442199999 11112.10987
2.40206122399999 11368.86393
2.40208843499999 11638.73375
2.40210204099999 11827.06341
2.402122449 11907.65588
2.402163265 11988.79753
2.402272109 11907.65588
2.40230612199999 11559.96138
2.40234013599999 11411.05517
2.40238095199999 11153.34826
2.402414966 10236.1396
2.40244897999999 9279.074931
2.40248979599999 8380.393801
2.40252380899999 7743.632147
2.402557823 6835.714525
2.40259863899999 6277.445875
2.40263265299999 5725.754013
2.402666667 5466.67782
2.402707483 4970.871939
2.40274149699999 4459.056443
2.40277550999999 4148.323409
2.402816326 3885.541886
2.40285034 3614.774688
2.40288435399999 3419.402181
2.40291836699999 3088.232077
2.402959184 2910.517031
2.40299319699999 2778.823341
2.40302721099999 2646.544741
2.40306802699999 2501.958314
2.403102041 2357.980911
2.40313605399999 2252.678432
2.40317687099999 2123.04606
2.403210884 1975.09984
2.403244898 1819.402249
2.40328571399999 1748.915677
2.40331972799999 1638.128094
2.403353741 1543.860564
2.40342857099999 1427.435469
2.40353741499999 1316.53498
2.40361224499999 1249.228744
2.40368027199999 1200.831611
2.403789116 1143.669171
2.403897959 1102.760424
2.40400680299999 1070.560657
2.40411564599999 1039.3011
2.40425850299999 1015.829557
2.40436734699999 999.0369024
2.40447619 986.1681056
2.404585034 973.4650745
2.40465986399999 966.8765436
2.40476870699999 957.3727465
2.40491156499999 951.4803699
2.40509523799999 942.1279076
2.40523809499999 932.8673743
2.405421769 926.5536136
2.40559863899999 923.6978663
2.40589115599999 920.2825853
2.40740816299999 920.2825853
2.407591837 926.5536136
2.40780952399999 935.7514706
2.408020408 938.6444834
2.40823809499999 942.1279076
2.40845578199999 942.1279076
2.40874829899999 947.9623659
2.409217687 954.4220109
2.40968707499999 960.9256736
2.41 970.4647404
2.50038095199999 972.8642665
2.50104761899999 980.0985011
2.50108843499999 983.7357663
2.50117006799999 991.6628809
2.50129931999999 1006.465757
2.50134013599999 1022.120438
2.50138095199999 1033.542363
2.50142176899999 1045.737337
2.50146258499999 1077.855717
2.50151020399999 1102.760424
2.50155101999999 1123.375257
2.50157142899999 1149.331729
2.50159183699999 1332.891682
2.50163265299999 1368.750013
2.501673469 1460.417491
2.50168707499999 1575.636834
2.50169387799999 1720.004394
2.50170748299999 1757.574944
2.50172789099999 1854.55848
2.50174829899999 1949.658179
2.50178231299999 2203.163772
2.50180272099999 2304.728344
2.501823129 2431.903976
2.50183673499999 2658.006874
2.50185714299999 2785.694131
2.50187755099999 2843.030247
2.50189115599999 3266.698856
2.50191156499999 3972.866889
2.501918367 4220.65685
2.50193877499999 5032.630323
2.50195918399999 5832.790379
2.50197959199999 6924.915768
2.50199999999999 8298.019725
2.502020408 9906.624321
2.50205442199999 11112.10987
2.50206122399999 11368.86393
2.50208843499999 11638.73375
2.50210204099999 11827.06341
2.50212244899999 11907.65588
2.502163265 11988.79753
2.50227210899999 11907.65588
2.50230612199999 11559.96138
2.50234013599999 11411.05517
2.50238095199999 11153.34826
2.502414966 10236.1396
2.50244897999999 9279.074931
2.50248979599999 8380.393801
2.50252380899999 7743.632147
2.502557823 6835.714525
2.50259863899999 6277.445875
2.50263265299999 5725.754013
2.50266666699999 5466.67782
2.502707483 4970.871939
2.50274149699999 4459.056443
2.50277550999999 4148.323409
2.50281632599999 3885.541886
2.50285034 3614.774688
2.50288435399999 3419.402181
2.50291836699999 3088.232077
2.50295918399999 2910.517031
2.50299319699999 2778.823341
2.50302721099999 2646.544741
2.50306802699999 2501.958314
2.503102041 2357.980911
2.50313605399999 2252.678432
2.50317687099999 2123.04606
2.50321088399999 1975.09984
2.503244898 1819.402249
2.50328571399999 1748.915677
2.50331972799999 1638.128094
2.50335374099999 1543.860564
2.50342857099999 1427.435469
2.50353741499999 1316.53498
2.50361224499999 1249.228744
2.50368027199999 1200.831611
2.503789116 1143.669171
2.50389795899999 1102.760424
2.50400680299999 1070.560657
2.50411564599999 1039.3011
2.50425850299999 1015.829557
2.50436734699999 999.0369024
2.50447619 986.1681056
2.50458503399999 973.4650745
2.50465986399999 966.8765436
2.50476870699999 957.3727465
2.50491156499999 951.4803699
2.50509523799999 942.1279076
2.50523809499999 932.8673743
2.50542176899999 926.5536136
2.50559863899999 923.6978663
2.50589115599999 920.2825853
2.50740816299999 920.2825853
2.50759183699999 926.5536136
2.50780952399999 935.7514706
2.508020408 938.6444834
2.50823809499999 942.1279076
2.50845578199999 942.1279076
2.50874829899999 947.9623659
2.50921768699999 954.4220109
2.50968707499999 960.9256736
2.50999999999999 970.4647404
2.60038095199999 972.8642665
2.60104761899999 980.0985011
2.60108843499999 983.7357663
2.60117006799999 991.6628809
2.60129931999999 1006.465757
2.60134013599999 1022.120438
2.601380952 1033.542363
2.60142176899999 1045.737337
2.60146258499999 1077.855717
2.60151020399999 1102.760424
2.60155101999999 1123.375257
2.60157142899999 1149.331729
2.60159183699999 1332.891682
2.60163265299999 1368.750013
2.601673469 1460.417491
2.60168707499999 1575.636834
2.60169387799999 1720.004394
2.60170748299999 1757.574944
2.601727891 1854.55848
2.60174829899999 1949.658179
2.60178231299999 2203.163772
2.60180272099999 2304.728344
2.601823129 2431.903976
2.60183673499999 2658.006874
2.60185714299999 2785.694131
2.60187755099999 2843.030247
2.60189115599999 3266.698856
2.60191156499999 3972.866889
2.601918367 4220.65685
2.60193877499999 5032.630323
2.60195918399999 5832.790379
2.60197959199999 6924.915768
2.60199999999999 8298.019725
2.602020408 9906.624321
2.60205442199999 11112.10987
2.60206122399999 11368.86393
2.60208843499999 11638.73375
2.60210204099999 11827.06341
2.602122449 11907.65588
2.602163265 11988.79753
2.60227210899999 11907.65588
2.60230612199999 11559.96138
2.60234013599999 11411.05517
2.60238095199999 11153.34826
2.602414966 10236.1396
2.60244897999999 9279.074931
2.60248979599999 8380.393801
2.60252380899999 7743.632147
2.602557823 6835.714525
2.60259863899999 6277.445875
2.60263265299999 5725.754013
2.60266666699999 5466.67782
2.602707483 4970.871939
2.60274149699999 4459.056443
2.60277550999999 4148.323409
2.60281632599999 3885.541886
2.60285034 3614.774688
2.60288435399999 3419.402181
2.60291836699999 3088.232077
2.602959184 2910.517031
2.60299319699999 2778.823341
2.60302721099999 2646.544741
2.60306802699999 2501.958314
2.603102041 2357.980911
2.60313605399999 2252.678432
2.60317687099999 2123.04606
2.60321088399999 1975.09984
2.603244898 1819.402249
2.60328571399999 1748.915677
2.60331972799999 1638.128094
2.60335374099999 1543.860564
2.60342857099999 1427.435469
2.60353741499999 1316.53498
2.60361224499999 1249.228744
2.60368027199999 1200.831611
2.603789116 1143.669171
2.60389795899999 1102.760424
2.60400680299999 1070.560657
2.60411564599999 1039.3011
2.60425850299999 1015.829557
2.60436734699999 999.0369024
2.60447619 986.1681056
2.60458503399999 973.4650745
2.60465986399999 966.8765436
2.60476870699999 957.3727465
2.60491156499999 951.4803699
2.60509523799999 942.1279076
2.60523809499999 932.8673743
2.605421769 926.5536136
2.60559863899999 923.6978663
2.60589115599999 920.2825853
2.60740816299999 920.2825853
2.60759183699999 926.5536136
2.60780952399999 935.7514706
2.608020408 938.6444834
2.60823809499999 942.1279076
2.60845578199999 942.1279076
2.60874829899999 947.9623659
2.60921768699999 954.4220109
2.60968707499999 960.9256736
2.60999999999999 970.4647404
2.70038095199999 972.8642665
2.70104761899999 980.0985011
2.70108843499999 983.7357663
2.70117006799999 991.6628809
2.70129931999999 1006.465757
2.70134013599999 1022.120438
2.70138095199999 1033.542363
2.70142176899999 1045.737337
2.70146258499999 1077.855717
2.70151020399999 1102.760424
2.70155101999999 1123.375257
2.70157142899999 1149.331729
2.70159183699999 1332.891682
2.70163265299999 1368.750013
2.70167346899999 1460.417491
2.70168707499999 1575.636834
2.70169387799999 1720.004394
2.70170748299999 1757.574944
2.70172789099999 1854.55848
2.70174829899999 1949.658179
2.70178231299999 2203.163772
2.70180272099999 2304.728344
2.70182312899999 2431.903976
2.70183673499999 2658.006874
2.70185714299999 2785.694131
2.70187755099999 2843.030247
2.70189115599999 3266.698856
2.70191156499999 3972.866889
2.70191836699999 4220.65685
2.70193877499999 5032.630323
2.70195918399999 5832.790379
2.70197959199999 6924.915768
2.70199999999999 8298.019725
2.70202040799999 9906.624321
2.70205442199999 11112.10987
2.70206122399999 11368.86393
2.70208843499999 11638.73375
2.70210204099999 11827.06341
2.70212244899999 11907.65588
2.70216326499999 11988.79753
2.70227210899999 11907.65588
2.70230612199999 11559.96138
2.70234013599999 11411.05517
2.70238095199999 11153.34826
2.70241496599999 10236.1396
2.70244897999999 9279.074931
2.70248979599999 8380.393801
2.70252380899999 7743.632147
2.70255782299999 6835.714525
2.70259863899999 6277.445875
2.70263265299999 5725.754013
2.70266666699999 5466.67782
2.70270748299999 4970.871939
2.70274149699999 4459.056443
2.70277550999999 4148.323409
2.70281632599999 3885.541886
2.70285034 3614.774688
2.70288435399999 3419.402181
2.70291836699999 3088.232077
2.70295918399999 2910.517031
2.70299319699999 2778.823341
2.70302721099999 2646.544741
2.70306802699999 2501.958314
2.70310204099999 2357.980911
2.70313605399999 2252.678432
2.70317687099999 2123.04606
2.70321088399999 1975.09984
2.703244898 1819.402249
2.70328571399999 1748.915677
2.70331972799999 1638.128094
2.70335374099999 1543.860564
2.70342857099999 1427.435469
2.70353741499999 1316.53498
2.70361224499999 1249.228744
2.70368027199999 1200.831611
2.70378911599999 1143.669171
2.70389795899999 1102.760424
2.70400680299999 1070.560657
2.70411564599999 1039.3011
2.70425850299999 1015.829557
2.70436734699999 999.0369024
2.70447618999999 986.1681056
2.70458503399999 973.4650745
2.70465986399999 966.8765436
2.70476870699999 957.3727465
2.70491156499999 951.4803699
2.70509523799999 942.1279076
2.70523809499999 932.8673743
2.70542176899999 926.5536136
2.70559863899999 923.6978663
2.70589115599999 920.2825853
2.70740816299999 920.2825853
2.70759183699999 926.5536136
2.70780952399999 935.7514706
2.70802040799999 938.6444834
2.70823809499999 942.1279076
2.70845578199999 942.1279076
2.70874829899999 947.9623659
2.70921768699999 954.4220109
2.70968707499999 960.9256736
2.70999999999999 970.4647404
2.80038095199999 972.8642665
2.80104761899999 980.0985011
2.80108843499999 983.7357663
2.80117006799999 991.6628809
2.80129931999999 1006.465757
2.80134013599999 1022.120438
2.80138095199999 1033.542363
2.80142176899999 1045.737337
2.80146258499999 1077.855717
2.80151020399999 1102.760424
2.80155101999999 1123.375257
2.80157142899999 1149.331729
2.80159183699999 1332.891682
2.80163265299999 1368.750013
2.80167346899999 1460.417491
2.80168707499999 1575.636834
2.80169387799999 1720.004394
2.80170748299999 1757.574944
2.80172789099999 1854.55848
2.80174829899999 1949.658179
2.80178231299999 2203.163772
2.80180272099999 2304.728344
2.80182312899999 2431.903976
2.80183673499999 2658.006874
2.80185714299999 2785.694131
2.80187755099999 2843.030247
2.80189115599999 3266.698856
2.80191156499999 3972.866889
2.80191836699999 4220.65685
2.80193877499999 5032.630323
2.80195918399999 5832.790379
2.80197959199999 6924.915768
2.80199999999999 8298.019725
2.80202040799999 9906.624321
2.80205442199999 11112.10987
2.80206122399999 11368.86393
2.80208843499999 11638.73375
2.80210204099999 11827.06341
2.80212244899999 11907.65588
2.80216326499999 11988.79753
2.80227210899999 11907.65588
2.80230612199999 11559.96138
2.80234013599999 11411.05517
2.80238095199999 11153.34826
2.80241496599999 10236.1396
2.80244897999999 9279.074931
2.80248979599999 8380.393801
2.80252380899999 7743.632147
2.80255782299999 6835.714525
2.80259863899999 6277.445875
2.80263265299999 5725.754013
2.80266666699999 5466.67782
2.80270748299999 4970.871939
2.80274149699999 4459.056443
2.80277550999999 4148.323409
2.80281632599999 3885.541886
2.80285033999999 3614.774688
2.80288435399999 3419.402181
2.80291836699999 3088.232077
2.80295918399999 2910.517031
2.80299319699999 2778.823341
2.80302721099999 2646.544741
2.80306802699999 2501.958314
2.80310204099999 2357.980911
2.80313605399999 2252.678432
2.80317687099999 2123.04606
2.80321088399999 1975.09984
2.80324489799999 1819.402249
2.80328571399999 1748.915677
2.80331972799999 1638.128094
2.80335374099999 1543.860564
2.80342857099999 1427.435469
2.80353741499999 1316.53498
2.80361224499999 1249.228744
2.80368027199999 1200.831611
2.80378911599999 1143.669171
2.80389795899999 1102.760424
2.80400680299999 1070.560657
2.80411564599999 1039.3011
2.80425850299999 1015.829557
2.80436734699999 999.0369024
2.80447618999999 986.1681056
2.80458503399999 973.4650745
2.80465986399999 966.8765436
2.80476870699999 957.3727465
2.80491156499999 951.4803699
2.80509523799999 942.1279076
2.80523809499999 932.8673743
2.80542176899999 926.5536136
2.80559863899999 923.6978663
2.80589115599999 920.2825853
2.80740816299999 920.2825853
2.80759183699999 926.5536136
2.80780952399999 935.7514706
2.80802040799999 938.6444834
2.80823809499999 942.1279076
2.80845578199999 942.1279076
2.80874829899999 947.9623659
2.80921768699999 954.4220109
2.80968707499999 960.9256736
2.80999999999999 970.4647404
2.90038095199999 972.8642665
2.90104761899999 980.0985011
2.90108843499999 983.7357663
2.90117006799999 991.6628809
2.90129931999999 1006.465757
2.90134013599999 1022.120438
2.90138095199999 1033.542363
2.90142176899999 1045.737337
2.90146258499999 1077.855717
2.90151020399999 1102.760424
2.90155101999999 1123.375257
2.90157142899999 1149.331729
2.90159183699999 1332.891682
2.90163265299999 1368.750013
2.90167346899999 1460.417491
2.90168707499999 1575.636834
2.90169387799999 1720.004394
2.90170748299999 1757.574944
2.90172789099999 1854.55848
2.90174829899999 1949.658179
2.90178231299999 2203.163772
2.90180272099999 2304.728344
2.90182312899999 2431.903976
2.90183673499999 2658.006874
2.90185714299999 2785.694131
2.90187755099999 2843.030247
2.90189115599999 3266.698856
2.90191156499999 3972.866889
2.90191836699999 4220.65685
2.90193877499999 5032.630323
2.90195918399999 5832.790379
2.90197959199999 6924.915768
2.90199999999999 8298.019725
2.90202040799999 9906.624321
2.90205442199999 11112.10987
2.90206122399999 11368.86393
2.90208843499999 11638.73375
2.90210204099999 11827.06341
2.90212244899999 11907.65588
2.90216326499999 11988.79753
2.90227210899999 11907.65588
2.90230612199999 11559.96138
2.90234013599999 11411.05517
2.90238095199999 11153.34826
2.90241496599999 10236.1396
2.90244897999999 9279.074931
2.90248979599999 8380.393801
2.90252380899999 7743.632147
2.90255782299999 6835.714525
2.90259863899999 6277.445875
2.90263265299999 5725.754013
2.90266666699999 5466.67782
2.90270748299999 4970.871939
2.90274149699999 4459.056443
2.90277550999999 4148.323409
2.90281632599999 3885.541886
2.90285033999999 3614.774688
2.90288435399999 3419.402181
2.90291836699999 3088.232077
2.90295918399999 2910.517031
2.90299319699999 2778.823341
2.90302721099999 2646.544741
2.90306802699999 2501.958314
2.90310204099999 2357.980911
2.90313605399999 2252.678432
2.90317687099999 2123.04606
2.90321088399999 1975.09984
2.90324489799999 1819.402249
2.90328571399999 1748.915677
2.90331972799999 1638.128094
2.90335374099999 1543.860564
2.90342857099999 1427.435469
2.90353741499999 1316.53498
2.90361224499999 1249.228744
2.90368027199999 1200.831611
2.90378911599999 1143.669171
2.90389795899999 1102.760424
2.90400680299999 1070.560657
2.90411564599999 1039.3011
2.90425850299999 1015.829557
2.90436734699999 999.0369024
2.90447618999999 986.1681056
2.90458503399999 973.4650745
2.90465986399999 966.8765436
2.90476870699999 957.3727465
2.90491156499999 951.4803699
2.90509523799999 942.1279076
2.90523809499999 932.8673743
2.90542176899999 926.5536136
2.90559863899999 923.6978663
2.90589115599999 920.2825853
2.90740816299999 920.2825853
2.90759183699999 926.5536136
2.90780952399999 935.7514706
2.90802040799999 938.6444834
2.90823809499999 942.1279076
2.90845578199999 942.1279076
2.90874829899999 947.9623659
2.90921768699999 954.4220109
2.90968707499999 960.9256736
2.90999999999999 970.4647404
