0 11822.1
4.0816e-05 11822.1
0.000122449 11727.6
0.000251701 11555.1
0.000292517 11378.1
0.000333333 11252.4
0.00037415 11121.2
0.000414966 10789.8
0.000462585 10546.1
0.000503401 10352.6
0.00052381 10118.8
0.000544218 8725.26
0.000585034 8496.67
0.00062585 7963.35
0.000639456 7381.03
0.000646259 6761.51
0.000659864 6616.97
0.000680272 6270.94
0.00070068 5965.06
0.000734694 5278.69
0.000755102 5046.07
0.00077551 4782.19
0.000789116 4375.39
0.000809524 4174.84
0.000829932 4090.64
0.000843537 3560.11
0.000863946 2927.31
0.000870748 2755.45
0.000891156 2310.88
0.000911565 1993.87
0.000931973 1679.42
0.000952381 1401.52
0.000972789 1173.94
0.0010068 1046.59
0.0010136 1022.95
0.00104082 999.234
0.00105442 983.323
0.00107483 976.667
0.00111565 970.057
0.00122449 976.667
0.0012585 1006.04
0.00129252 1019.17
0.00133333 1042.72
0.00136735 1136.15
0.00140136 1253.34
0.00144218 1387.74
0.00147619 1501.86
0.0015102 1701.33
0.00155102 1852.64
0.00158503 2031.14
0.00161905 2127.4
0.00165986 2339.59
0.00169388 2608.13
0.00172789 2803.5
0.00176871 2993.1
0.00180272 3217.3
0.00183673 3401.13
0.00187075 3765.85
0.00191157 3995.79
0.00194558 4185.16
0.00197959 4394.34
0.00202041 4648.29
0.00205442 4932.11
0.00208843 5162.66
0.00212925 5477.89
0.00216327 5888.22
0.00219728 6392.11
0.00223809 6649.73
0.00227211 7099.46
0.00230612 7532.95
0.00238095 8147.35
0.0024898 8833.66
0.00256463 9309.6
0.00263265 9684.81
0.0027415 10168.9
0.00285034 10546.1
0.00295918 10863.3
0.00306803 11190
0.00321088 11448.6
0.00331973 11641
0.00342857 11792.9
0.00353742 11946.8
0.00361224 12028.2
0.00372109 12147.6
0.00386395 12222.9
0.00404762 12344.2
0.00419048 12466.7
0.00437415 12551.7
0.00455102 12590.5
0.00484354 12637.2
0.005 12637.2
0.010040816 11822.1
0.010122449 11727.6
0.010251701 11555.1
0.010292517 11378.1
0.010333333 11252.4
0.01037415 11121.2
0.010414966 10789.8
0.010462585 10546.1
0.010503401 10352.6
0.01052381 10118.8
0.010544218 8725.26
0.010585034 8496.67
0.01062585 7963.35
0.010639456 7381.03
0.010646259 6761.51
0.010659864 6616.97
0.010680272 6270.94
0.01070068 5965.06
0.010734694 5278.69
0.010755102 5046.07
0.01077551 4782.19
0.010789116 4375.39
0.010809524 4174.84
0.010829932 4090.64
0.010843537 3560.11
0.010863946 2927.31
0.010870748 2755.45
0.010891156 2310.88
0.010911565 1993.87
0.010931973 1679.42
0.010952381 1401.52
0.010972789 1173.94
0.0110068 1046.59
0.0110136 1022.95
0.01104082 999.234
0.01105442 983.323
0.01107483 976.667
0.01111565 970.057
0.01122449 976.667
0.0112585 1006.04
0.01129252 1019.17
0.01133333 1042.72
0.01136735 1136.15
0.01140136 1253.34
0.01144218 1387.74
0.01147619 1501.86
0.0115102 1701.33
0.01155102 1852.64
0.01158503 2031.14
0.01161905 2127.4
0.01165986 2339.59
0.01169388 2608.13
0.01172789 2803.5
0.01176871 2993.1
0.01180272 3217.3
0.01183673 3401.13
0.01187075 3765.85
0.01191157 3995.79
0.01194558 4185.16
0.01197959 4394.34
0.01202041 4648.29
0.01205442 4932.11
0.01208843 5162.66
0.01212925 5477.89
0.01216327 5888.22
0.01219728 6392.11
0.01223809 6649.73
0.01227211 7099.46
0.01230612 7532.95
0.01238095 8147.35
0.0124898 8833.66
0.01256463 9309.6
0.01263265 9684.81
0.0127415 10168.9
0.01285034 10546.1
0.01295918 10863.3
0.01306803 11190
0.01321088 11448.6
0.01331973 11641
0.01342857 11792.9
0.01353742 11946.8
0.01361224 12028.2
0.01372109 12147.6
0.01386395 12222.9
0.01404762 12344.2
0.01419048 12466.7
0.01437415 12551.7
0.01455102 12590.5
0.01484354 12637.2
0.015 12637.2
0.020040816 11822.1
0.020122449 11727.6
0.020251701 11555.1
0.020292517 11378.1
0.020333333 11252.4
0.02037415 11121.2
0.020414966 10789.8
0.020462585 10546.1
0.020503401 10352.6
0.02052381 10118.8
0.020544218 8725.26
0.020585034 8496.67
0.02062585 7963.35
0.020639456 7381.03
0.020646259 6761.51
0.020659864 6616.97
0.020680272 6270.94
0.02070068 5965.06
0.020734694 5278.69
0.020755102 5046.07
0.02077551 4782.19
0.020789116 4375.39
0.020809524 4174.84
0.020829932 4090.64
0.020843537 3560.11
0.020863946 2927.31
0.020870748 2755.45
0.020891156 2310.88
0.020911565 1993.87
0.020931973 1679.42
0.020952381 1401.52
0.020972789 1173.94
0.0210068 1046.59
0.0210136 1022.95
0.02104082 999.234
0.02105442 983.323
0.02107483 976.667
0.02111565 970.057
0.02122449 976.667
0.0212585 1006.04
0.02129252 1019.17
0.02133333 1042.72
0.02136735 1136.15
0.02140136 1253.34
0.02144218 1387.74
0.02147619 1501.86
0.0215102 1701.33
0.02155102 1852.64
0.02158503 2031.14
0.02161905 2127.4
0.02165986 2339.59
0.02169388 2608.13
0.02172789 2803.5
0.02176871 2993.1
0.02180272 3217.3
0.02183673 3401.13
0.02187075 3765.85
0.02191157 3995.79
0.02194558 4185.16
0.02197959 4394.34
0.02202041 4648.29
0.02205442 4932.11
0.02208843 5162.66
0.02212925 5477.89
0.02216327 5888.22
0.02219728 6392.11
0.02223809 6649.73
0.02227211 7099.46
0.02230612 7532.95
0.02238095 8147.35
0.0224898 8833.66
0.02256463 9309.6
0.02263265 9684.81
0.0227415 10168.9
0.02285034 10546.1
0.02295918 10863.3
0.02306803 11190
0.02321088 11448.6
0.02331973 11641
0.02342857 11792.9
0.02353742 11946.8
0.02361224 12028.2
0.02372109 12147.6
0.02386395 12222.9
0.02404762 12344.2
0.02419048 12466.7
0.02437415 12551.7
0.02455102 12590.5
0.02484354 12637.2
0.025 12637.2
0.030040816 11822.1
0.030122449 11727.6
0.030251701 11555.1
0.030292517 11378.1
0.030333333 11252.4
0.03037415 11121.2
0.030414966 10789.8
0.030462585 10546.1
0.030503401 10352.6
0.03052381 10118.8
0.030544218 8725.26
0.030585034 8496.67
0.03062585 7963.35
0.030639456 7381.03
0.030646259 6761.51
0.030659864 6616.97
0.030680272 6270.94
0.03070068 5965.06
0.030734694 5278.69
0.030755102 5046.07
0.03077551 4782.19
0.030789116 4375.39
0.030809524 4174.84
0.030829932 4090.64
0.030843537 3560.11
0.030863946 2927.31
0.030870748 2755.45
0.030891156 2310.88
0.030911565 1993.87
0.030931973 1679.42
0.030952381 1401.52
0.030972789 1173.94
0.0310068 1046.59
0.0310136 1022.95
0.03104082 999.234
0.03105442 983.323
0.03107483 976.667
0.03111565 970.057
0.03122449 976.667
0.0312585 1006.04
0.03129252 1019.17
0.03133333 1042.72
0.03136735 1136.15
0.03140136 1253.34
0.03144218 1387.74
0.03147619 1501.86
0.0315102 1701.33
0.03155102 1852.64
0.03158503 2031.14
0.03161905 2127.4
0.03165986 2339.59
0.03169388 2608.13
0.03172789 2803.5
0.03176871 2993.1
0.03180272 3217.3
0.03183673 3401.13
0.03187075 3765.85
0.03191157 3995.79
0.03194558 4185.16
0.03197959 4394.34
0.03202041 4648.29
0.03205442 4932.11
0.03208843 5162.66
0.03212925 5477.89
0.03216327 5888.22
0.03219728 6392.11
0.03223809 6649.73
0.03227211 7099.46
0.03230612 7532.95
0.03238095 8147.35
0.0324898 8833.66
0.03256463 9309.6
0.03263265 9684.81
0.0327415 10168.9
0.03285034 10546.1
0.03295918 10863.3
0.03306803 11190
0.03321088 11448.6
0.03331973 11641
0.03342857 11792.9
0.03353742 11946.8
0.03361224 12028.2
0.03372109 12147.6
0.03386395 12222.9
0.03404762 12344.2
0.03419048 12466.7
0.03437415 12551.7
0.03455102 12590.5
0.03484354 12637.2
0.035 12637.2
0.040040816 11822.1
0.040122449 11727.6
0.040251701 11555.1
0.040292517 11378.1
0.040333333 11252.4
0.04037415 11121.2
0.040414966 10789.8
0.040462585 10546.1
0.040503401 10352.6
0.04052381 10118.8
0.040544218 8725.26
0.040585034 8496.67
0.04062585 7963.35
0.040639456 7381.03
0.040646259 6761.51
0.040659864 6616.97
0.040680272 6270.94
0.04070068 5965.06
0.040734694 5278.69
0.040755102 5046.07
0.04077551 4782.19
0.040789116 4375.39
0.040809524 4174.84
0.040829932 4090.64
0.040843537 3560.11
0.040863946 2927.31
0.040870748 2755.45
0.040891156 2310.88
0.040911565 1993.87
0.040931973 1679.42
0.040952381 1401.52
0.040972789 1173.94
0.0410068 1046.59
0.0410136 1022.95
0.04104082 999.234
0.04105442 983.323
0.04107483 976.667
0.04111565 970.057
0.04122449 976.667
0.0412585 1006.04
0.04129252 1019.17
0.04133333 1042.72
0.04136735 1136.15
0.04140136 1253.34
0.04144218 1387.74
0.04147619 1501.86
0.0415102 1701.33
0.04155102 1852.64
0.04158503 2031.14
0.04161905 2127.4
0.04165986 2339.59
0.04169388 2608.13
0.04172789 2803.5
0.04176871 2993.1
0.04180272 3217.3
0.04183673 3401.13
0.04187075 3765.85
0.04191157 3995.79
0.04194558 4185.16
0.04197959 4394.34
0.04202041 4648.29
0.04205442 4932.11
0.04208843 5162.66
0.04212925 5477.89
0.04216327 5888.22
0.04219728 6392.11
0.04223809 6649.73
0.04227211 7099.46
0.04230612 7532.95
0.04238095 8147.35
0.0424898 8833.66
0.04256463 9309.6
0.04263265 9684.81
0.0427415 10168.9
0.04285034 10546.1
0.04295918 10863.3
0.04306803 11190
0.04321088 11448.6
0.04331973 11641
0.04342857 11792.9
0.04353742 11946.8
0.04361224 12028.2
0.04372109 12147.6
0.04386395 12222.9
0.04404762 12344.2
0.04419048 12466.7
0.04437415 12551.7
0.04455102 12590.5
0.04484354 12637.2
0.045 12637.2
0.050040816 11822.1
0.050122449 11727.6
0.050251701 11555.1
0.050292517 11378.1
0.050333333 11252.4
0.05037415 11121.2
0.050414966 10789.8
0.050462585 10546.1
0.050503401 10352.6
0.05052381 10118.8
0.050544218 8725.26
0.050585034 8496.67
0.05062585 7963.35
0.050639456 7381.03
0.050646259 6761.51
0.050659864 6616.97
0.050680272 6270.94
0.05070068 5965.06
0.050734694 5278.69
0.050755102 5046.07
0.05077551 4782.19
0.050789116 4375.39
0.050809524 4174.84
0.050829932 4090.64
0.050843537 3560.11
0.050863946 2927.31
0.050870748 2755.45
0.050891156 2310.88
0.050911565 1993.87
0.050931973 1679.42
0.050952381 1401.52
0.050972789 1173.94
0.0510068 1046.59
0.0510136 1022.95
0.05104082 999.234
0.05105442 983.323
0.05107483 976.667
0.05111565 970.057
0.05122449 976.667
0.0512585 1006.04
0.05129252 1019.17
0.05133333 1042.72
0.05136735 1136.15
0.05140136 1253.34
0.05144218 1387.74
0.05147619 1501.86
0.0515102 1701.33
0.05155102 1852.64
0.05158503 2031.14
0.05161905 2127.4
0.05165986 2339.59
0.05169388 2608.13
0.05172789 2803.5
0.05176871 2993.1
0.05180272 3217.3
0.05183673 3401.13
0.05187075 3765.85
0.05191157 3995.79
0.05194558 4185.16
0.05197959 4394.34
0.05202041 4648.29
0.05205442 4932.11
0.05208843 5162.66
0.05212925 5477.89
0.05216327 5888.22
0.05219728 6392.11
0.05223809 6649.73
0.05227211 7099.46
0.05230612 7532.95
0.05238095 8147.35
0.0524898 8833.66
0.05256463 9309.6
0.05263265 9684.81
0.0527415 10168.9
0.05285034 10546.1
0.05295918 10863.3
0.05306803 11190
0.05321088 11448.6
0.05331973 11641
0.05342857 11792.9
0.05353742 11946.8
0.05361224 12028.2
0.05372109 12147.6
0.05386395 12222.9
0.05404762 12344.2
0.05419048 12466.7
0.05437415 12551.7
0.05455102 12590.5
0.05484354 12637.2
0.055 12637.2
0.060040816 11822.1
0.060122449 11727.6
0.060251701 11555.1
0.060292517 11378.1
0.060333333 11252.4
0.06037415 11121.2
0.060414966 10789.8
0.060462585 10546.1
0.060503401 10352.6
0.06052381 10118.8
0.060544218 8725.26
0.060585034 8496.67
0.06062585 7963.35
0.060639456 7381.03
0.060646259 6761.51
0.060659864 6616.97
0.060680272 6270.94
0.06070068 5965.06
0.060734694 5278.69
0.060755102 5046.07
0.06077551 4782.19
0.060789116 4375.39
0.060809524 4174.84
0.060829932 4090.64
0.060843537 3560.11
0.060863946 2927.31
0.060870748 2755.45
0.060891156 2310.88
0.060911565 1993.87
0.060931973 1679.42
0.060952381 1401.52
0.060972789 1173.94
0.0610068 1046.59
0.0610136 1022.95
0.06104082 999.234
0.06105442 983.323
0.06107483 976.667
0.06111565 970.057
0.06122449 976.667
0.0612585 1006.04
0.06129252 1019.17
0.06133333 1042.72
0.06136735 1136.15
0.06140136 1253.34
0.06144218 1387.74
0.06147619 1501.86
0.0615102 1701.33
0.06155102 1852.64
0.06158503 2031.14
0.06161905 2127.4
0.06165986 2339.59
0.06169388 2608.13
0.06172789 2803.5
0.06176871 2993.1
0.06180272 3217.3
0.06183673 3401.13
0.06187075 3765.85
0.06191157 3995.79
0.06194558 4185.16
0.06197959 4394.34
0.06202041 4648.29
0.06205442 4932.11
0.06208843 5162.66
0.06212925 5477.89
0.06216327 5888.22
0.06219728 6392.11
0.06223809 6649.73
0.06227211 7099.46
0.06230612 7532.95
0.06238095 8147.35
0.0624898 8833.66
0.06256463 9309.6
0.06263265 9684.81
0.0627415 10168.9
0.06285034 10546.1
0.06295918 10863.3
0.06306803 11190
0.06321088 11448.6
0.06331973 11641
0.06342857 11792.9
0.06353742 11946.8
0.06361224 12028.2
0.06372109 12147.6
0.06386395 12222.9
0.06404762 12344.2
0.06419048 12466.7
0.06437415 12551.7
0.06455102 12590.5
0.06484354 12637.2
0.065 12637.2
0.070040816 11822.1
0.070122449 11727.6
0.070251701 11555.1
0.070292517 11378.1
0.070333333 11252.4
0.07037415 11121.2
0.070414966 10789.8
0.070462585 10546.1
0.070503401 10352.6
0.07052381 10118.8
0.070544218 8725.26
0.070585034 8496.67
0.07062585 7963.35
0.070639456 7381.03
0.070646259 6761.51
0.070659864 6616.97
0.070680272 6270.94
0.07070068 5965.06
0.070734694 5278.69
0.070755102 5046.07
0.07077551 4782.19
0.070789116 4375.39
0.070809524 4174.84
0.070829932 4090.64
0.070843537 3560.11
0.070863946 2927.31
0.070870748 2755.45
0.070891156 2310.88
0.070911565 1993.87
0.070931973 1679.42
0.070952381 1401.52
0.070972789 1173.94
0.0710068 1046.59
0.0710136 1022.95
0.07104082 999.234
0.07105442 983.323
0.07107483 976.667
0.07111565 970.057
0.07122449 976.667
0.0712585 1006.04
0.07129252 1019.17
0.07133333 1042.72
0.07136735 1136.15
0.07140136 1253.34
0.07144218 1387.74
0.07147619 1501.86
0.0715102 1701.33
0.07155102 1852.64
0.07158503 2031.14
0.07161905 2127.4
0.07165986 2339.59
0.07169388 2608.13
0.07172789 2803.5
0.07176871 2993.1
0.07180272 3217.3
0.07183673 3401.13
0.07187075 3765.85
0.07191157 3995.79
0.07194558 4185.16
0.07197959 4394.34
0.07202041 4648.29
0.07205442 4932.11
0.07208843 5162.66
0.07212925 5477.89
0.07216327 5888.22
0.07219728 6392.11
0.07223809 6649.73
0.07227211 7099.46
0.07230612 7532.95
0.07238095 8147.35
0.0724898 8833.66
0.07256463 9309.6
0.07263265 9684.81
0.0727415 10168.9
0.07285034 10546.1
0.07295918 10863.3
0.07306803 11190
0.07321088 11448.6
0.07331973 11641
0.07342857 11792.9
0.07353742 11946.8
0.07361224 12028.2
0.07372109 12147.6
0.07386395 12222.9
0.07404762 12344.2
0.07419048 12466.7
0.07437415 12551.7
0.07455102 12590.5
0.07484354 12637.2
0.075 12637.2
0.080040816 11822.1
0.080122449 11727.6
0.080251701 11555.1
0.080292517 11378.1
0.080333333 11252.4
0.08037415 11121.2
0.080414966 10789.8
0.080462585 10546.1
0.080503401 10352.6
0.08052381 10118.8
0.080544218 8725.26
0.080585034 8496.67
0.08062585 7963.35
0.080639456 7381.03
0.080646259 6761.51
0.080659864 6616.97
0.080680272 6270.94
0.08070068 5965.06
0.080734694 5278.69
0.080755102 5046.07
0.08077551 4782.19
0.080789116 4375.39
0.080809524 4174.84
0.080829932 4090.64
0.080843537 3560.11
0.080863946 2927.31
0.080870748 2755.45
0.080891156 2310.88
0.080911565 1993.87
0.080931973 1679.42
0.080952381 1401.52
0.080972789 1173.94
0.0810068 1046.59
0.0810136 1022.95
0.08104082 999.234
0.08105442 983.323
0.08107483 976.667
0.08111565 970.057
0.08122449 976.667
0.0812585 1006.04
0.08129252 1019.17
0.08133333 1042.72
0.08136735 1136.15
0.08140136 1253.34
0.08144218 1387.74
0.08147619 1501.86
0.0815102 1701.33
0.08155102 1852.64
0.08158503 2031.14
0.08161905 2127.4
0.08165986 2339.59
0.08169388 2608.13
0.08172789 2803.5
0.08176871 2993.1
0.08180272 3217.3
0.08183673 3401.13
0.08187075 3765.85
0.08191157 3995.79
0.08194558 4185.16
0.08197959 4394.34
0.08202041 4648.29
0.08205442 4932.11
0.08208843 5162.66
0.08212925 5477.89
0.08216327 5888.22
0.08219728 6392.11
0.08223809 6649.73
0.08227211 7099.46
0.08230612 7532.95
0.08238095 8147.35
0.0824898 8833.66
0.08256463 9309.6
0.08263265 9684.81
0.0827415 10168.9
0.08285034 10546.1
0.08295918 10863.3
0.08306803 11190
0.08321088 11448.6
0.08331973 11641
0.08342857 11792.9
0.08353742 11946.8
0.08361224 12028.2
0.08372109 12147.6
0.08386395 12222.9
0.08404762 12344.2
0.08419048 12466.7
0.08437415 12551.7
0.08455102 12590.5
0.08484354 12637.2
0.085 12637.2
0.090040816 11822.1
0.090122449 11727.6
0.090251701 11555.1
0.090292517 11378.1
0.090333333 11252.4
0.09037415 11121.2
0.090414966 10789.8
0.090462585 10546.1
0.090503401 10352.6
0.09052381 10118.8
0.090544218 8725.26
0.090585034 8496.67
0.09062585 7963.35
0.090639456 7381.03
0.090646259 6761.51
0.090659864 6616.97
0.090680272 6270.94
0.09070068 5965.06
0.090734694 5278.69
0.090755102 5046.07
0.09077551 4782.19
0.090789116 4375.39
0.090809524 4174.84
0.090829932 4090.64
0.090843537 3560.11
0.090863946 2927.31
0.090870748 2755.45
0.090891156 2310.88
0.090911565 1993.87
0.090931973 1679.42
0.090952381 1401.52
0.090972789 1173.94
0.0910068 1046.59
0.0910136 1022.95
0.09104082 999.234
0.09105442 983.323
0.09107483 976.667
0.09111565 970.057
0.09122449 976.667
0.0912585 1006.04
0.09129252 1019.17
0.09133333 1042.72
0.09136735 1136.15
0.09140136 1253.34
0.09144218 1387.74
0.09147619 1501.86
0.0915102 1701.33
0.09155102 1852.64
0.09158503 2031.14
0.09161905 2127.4
0.09165986 2339.59
0.09169388 2608.13
0.09172789 2803.5
0.09176871 2993.1
0.09180272 3217.3
0.09183673 3401.13
0.09187075 3765.85
0.09191157 3995.79
0.09194558 4185.16
0.09197959 4394.34
0.09202041 4648.29
0.09205442 4932.11
0.09208843 5162.66
0.09212925 5477.89
0.09216327 5888.22
0.09219728 6392.11
0.09223809 6649.73
0.09227211 7099.46
0.09230612 7532.95
0.09238095 8147.35
0.0924898 8833.66
0.09256463 9309.6
0.09263265 9684.81
0.0927415 10168.9
0.09285034 10546.1
0.09295918 10863.3
0.09306803 11190
0.09321088 11448.6
0.09331973 11641
0.09342857 11792.9
0.09353742 11946.8
0.09361224 12028.2
0.09372109 12147.6
0.09386395 12222.9
0.09404762 12344.2
0.09419048 12466.7
0.09437415 12551.7
0.09455102 12590.5
0.09484354 12637.2
0.095 12637.2
0.100040816 11822.1
0.100122449 11727.6
0.100251701 11555.1
0.100292517 11378.1
0.100333333 11252.4
0.10037415 11121.2
0.100414966 10789.8
0.100462585 10546.1
0.100503401 10352.6
0.10052381 10118.8
0.100544218 8725.26
0.100585034 8496.67
0.10062585 7963.35
0.100639456 7381.03
0.100646259 6761.51
0.100659864 6616.97
0.100680272 6270.94
0.10070068 5965.06
0.100734694 5278.69
0.100755102 5046.07
0.10077551 4782.19
0.100789116 4375.39
0.100809524 4174.84
0.100829932 4090.64
0.100843537 3560.11
0.100863946 2927.31
0.100870748 2755.45
0.100891156 2310.88
0.100911565 1993.87
0.100931973 1679.42
0.100952381 1401.52
0.100972789 1173.94
0.1010068 1046.59
0.1010136 1022.95
0.10104082 999.234
0.10105442 983.323
0.10107483 976.667
0.10111565 970.057
0.10122449 976.667
0.1012585 1006.04
0.10129252 1019.17
0.10133333 1042.72
0.10136735 1136.15
0.10140136 1253.34
0.10144218 1387.74
0.10147619 1501.86
0.1015102 1701.33
0.10155102 1852.64
0.10158503 2031.14
0.10161905 2127.4
0.10165986 2339.59
0.10169388 2608.13
0.10172789 2803.5
0.10176871 2993.1
0.10180272 3217.3
0.10183673 3401.13
0.10187075 3765.85
0.10191157 3995.79
0.10194558 4185.16
0.10197959 4394.34
0.10202041 4648.29
0.10205442 4932.11
0.10208843 5162.66
0.10212925 5477.89
0.10216327 5888.22
0.10219728 6392.11
0.10223809 6649.73
0.10227211 7099.46
0.10230612 7532.95
0.10238095 8147.35
0.1024898 8833.66
0.10256463 9309.6
0.10263265 9684.81
0.1027415 10168.9
0.10285034 10546.1
0.10295918 10863.3
0.10306803 11190
0.10321088 11448.6
0.10331973 11641
0.10342857 11792.9
0.10353742 11946.8
0.10361224 12028.2
0.10372109 12147.6
0.10386395 12222.9
0.10404762 12344.2
0.10419048 12466.7
0.10437415 12551.7
0.10455102 12590.5
0.10484354 12637.2
0.105 12637.2
0.110040816 11822.1
0.110122449 11727.6
0.110251701 11555.1
0.110292517 11378.1
0.110333333 11252.4
0.11037415 11121.2
0.110414966 10789.8
0.110462585 10546.1
0.110503401 10352.6
0.11052381 10118.8
0.110544218 8725.26
0.110585034 8496.67
0.11062585 7963.35
0.110639456 7381.03
0.110646259 6761.51
0.110659864 6616.97
0.110680272 6270.94
0.11070068 5965.06
0.110734694 5278.69
0.110755102 5046.07
0.11077551 4782.19
0.110789116 4375.39
0.110809524 4174.84
0.110829932 4090.64
0.110843537 3560.11
0.110863946 2927.31
0.110870748 2755.45
0.110891156 2310.88
0.110911565 1993.87
0.110931973 1679.42
0.110952381 1401.52
0.110972789 1173.94
0.1110068 1046.59
0.1110136 1022.95
0.11104082 999.234
0.11105442 983.323
0.11107483 976.667
0.11111565 970.057
0.11122449 976.667
0.1112585 1006.04
0.11129252 1019.17
0.11133333 1042.72
0.11136735 1136.15
0.11140136 1253.34
0.11144218 1387.74
0.11147619 1501.86
0.1115102 1701.33
0.11155102 1852.64
0.11158503 2031.14
0.11161905 2127.4
0.11165986 2339.59
0.11169388 2608.13
0.11172789 2803.5
0.11176871 2993.1
0.11180272 3217.3
0.11183673 3401.13
0.11187075 3765.85
0.11191157 3995.79
0.11194558 4185.16
0.11197959 4394.34
0.11202041 4648.29
0.11205442 4932.11
0.11208843 5162.66
0.11212925 5477.89
0.11216327 5888.22
0.11219728 6392.11
0.11223809 6649.73
0.11227211 7099.46
0.11230612 7532.95
0.11238095 8147.35
0.1124898 8833.66
0.11256463 9309.6
0.11263265 9684.81
0.1127415 10168.9
0.11285034 10546.1
0.11295918 10863.3
0.11306803 11190
0.11321088 11448.6
0.11331973 11641
0.11342857 11792.9
0.11353742 11946.8
0.11361224 12028.2
0.11372109 12147.6
0.11386395 12222.9
0.11404762 12344.2
0.11419048 12466.7
0.11437415 12551.7
0.11455102 12590.5
0.11484354 12637.2
0.115 12637.2
0.120040816 11822.1
0.120122449 11727.6
0.120251701 11555.1
0.120292517 11378.1
0.120333333 11252.4
0.12037415 11121.2
0.120414966 10789.8
0.120462585 10546.1
0.120503401 10352.6
0.12052381 10118.8
0.120544218 8725.26
0.120585034 8496.67
0.12062585 7963.35
0.120639456 7381.03
0.120646259 6761.51
0.120659864 6616.97
0.120680272 6270.94
0.12070068 5965.06
0.120734694 5278.69
0.120755102 5046.07
0.12077551 4782.19
0.120789116 4375.39
0.120809524 4174.84
0.120829932 4090.64
0.120843537 3560.11
0.120863946 2927.31
0.120870748 2755.45
0.120891156 2310.88
0.120911565 1993.87
0.120931973 1679.42
0.120952381 1401.52
0.120972789 1173.94
0.1210068 1046.59
0.1210136 1022.95
0.12104082 999.234
0.12105442 983.323
0.12107483 976.667
0.12111565 970.057
0.12122449 976.667
0.1212585 1006.04
0.12129252 1019.17
0.12133333 1042.72
0.12136735 1136.15
0.12140136 1253.34
0.12144218 1387.74
0.12147619 1501.86
0.1215102 1701.33
0.12155102 1852.64
0.12158503 2031.14
0.12161905 2127.4
0.12165986 2339.59
0.12169388 2608.13
0.12172789 2803.5
0.12176871 2993.1
0.12180272 3217.3
0.12183673 3401.13
0.12187075 3765.85
0.12191157 3995.79
0.12194558 4185.16
0.12197959 4394.34
0.12202041 4648.29
0.12205442 4932.11
0.12208843 5162.66
0.12212925 5477.89
0.12216327 5888.22
0.12219728 6392.11
0.12223809 6649.73
0.12227211 7099.46
0.12230612 7532.95
0.12238095 8147.35
0.1224898 8833.66
0.12256463 9309.6
0.12263265 9684.81
0.1227415 10168.9
0.12285034 10546.1
0.12295918 10863.3
0.12306803 11190
0.12321088 11448.6
0.12331973 11641
0.12342857 11792.9
0.12353742 11946.8
0.12361224 12028.2
0.12372109 12147.6
0.12386395 12222.9
0.12404762 12344.2
0.12419048 12466.7
0.12437415 12551.7
0.12455102 12590.5
0.12484354 12637.2
0.125 12637.2
0.130040816 11822.1
0.130122449 11727.6
0.130251701 11555.1
0.130292517 11378.1
0.130333333 11252.4
0.13037415 11121.2
0.130414966 10789.8
0.130462585 10546.1
0.130503401 10352.6
0.13052381 10118.8
0.130544218 8725.26
0.130585034 8496.67
0.13062585 7963.35
0.130639456 7381.03
0.130646259 6761.51
0.130659864 6616.97
0.130680272 6270.94
0.13070068 5965.06
0.130734694 5278.69
0.130755102 5046.07
0.13077551 4782.19
0.130789116 4375.39
0.130809524 4174.84
0.130829932 4090.64
0.130843537 3560.11
0.130863946 2927.31
0.130870748 2755.45
0.130891156 2310.88
0.130911565 1993.87
0.130931973 1679.42
0.130952381 1401.52
0.130972789 1173.94
0.1310068 1046.59
0.1310136 1022.95
0.13104082 999.234
0.13105442 983.323
0.13107483 976.667
0.13111565 970.057
0.13122449 976.667
0.1312585 1006.04
0.13129252 1019.17
0.13133333 1042.72
0.13136735 1136.15
0.13140136 1253.34
0.13144218 1387.74
0.13147619 1501.86
0.1315102 1701.33
0.13155102 1852.64
0.13158503 2031.14
0.13161905 2127.4
0.13165986 2339.59
0.13169388 2608.13
0.13172789 2803.5
0.13176871 2993.1
0.13180272 3217.3
0.13183673 3401.13
0.13187075 3765.85
0.13191157 3995.79
0.13194558 4185.16
0.13197959 4394.34
0.13202041 4648.29
0.13205442 4932.11
0.13208843 5162.66
0.13212925 5477.89
0.13216327 5888.22
0.13219728 6392.11
0.13223809 6649.73
0.13227211 7099.46
0.13230612 7532.95
0.13238095 8147.35
0.1324898 8833.66
0.13256463 9309.6
0.13263265 9684.81
0.1327415 10168.9
0.13285034 10546.1
0.13295918 10863.3
0.13306803 11190
0.13321088 11448.6
0.13331973 11641
0.13342857 11792.9
0.13353742 11946.8
0.13361224 12028.2
0.13372109 12147.6
0.13386395 12222.9
0.13404762 12344.2
0.13419048 12466.7
0.13437415 12551.7
0.13455102 12590.5
0.13484354 12637.2
0.135 12637.2
0.140040816 11822.1
0.140122449 11727.6
0.140251701 11555.1
0.140292517 11378.1
0.140333333 11252.4
0.14037415 11121.2
0.140414966 10789.8
0.140462585 10546.1
0.140503401 10352.6
0.14052381 10118.8
0.140544218 8725.26
0.140585034 8496.67
0.14062585 7963.35
0.140639456 7381.03
0.140646259 6761.51
0.140659864 6616.97
0.140680272 6270.94
0.14070068 5965.06
0.140734694 5278.69
0.140755102 5046.07
0.14077551 4782.19
0.140789116 4375.39
0.140809524 4174.84
0.140829932 4090.64
0.140843537 3560.11
0.140863946 2927.31
0.140870748 2755.45
0.140891156 2310.88
0.140911565 1993.87
0.140931973 1679.42
0.140952381 1401.52
0.140972789 1173.94
0.1410068 1046.59
0.1410136 1022.95
0.14104082 999.234
0.14105442 983.323
0.14107483 976.667
0.14111565 970.057
0.14122449 976.667
0.1412585 1006.04
0.14129252 1019.17
0.14133333 1042.72
0.14136735 1136.15
0.14140136 1253.34
0.14144218 1387.74
0.14147619 1501.86
0.1415102 1701.33
0.14155102 1852.64
0.14158503 2031.14
0.14161905 2127.4
0.14165986 2339.59
0.14169388 2608.13
0.14172789 2803.5
0.14176871 2993.1
0.14180272 3217.3
0.14183673 3401.13
0.14187075 3765.85
0.14191157 3995.79
0.14194558 4185.16
0.14197959 4394.34
0.14202041 4648.29
0.14205442 4932.11
0.14208843 5162.66
0.14212925 5477.89
0.14216327 5888.22
0.14219728 6392.11
0.14223809 6649.73
0.14227211 7099.46
0.14230612 7532.95
0.14238095 8147.35
0.1424898 8833.66
0.14256463 9309.6
0.14263265 9684.81
0.1427415 10168.9
0.14285034 10546.1
0.14295918 10863.3
0.14306803 11190
0.14321088 11448.6
0.14331973 11641
0.14342857 11792.9
0.14353742 11946.8
0.14361224 12028.2
0.14372109 12147.6
0.14386395 12222.9
0.14404762 12344.2
0.14419048 12466.7
0.14437415 12551.7
0.14455102 12590.5
0.14484354 12637.2
0.145 12637.2
0.150040816 11822.1
0.150122449 11727.6
0.150251701 11555.1
0.150292517 11378.1
0.150333333 11252.4
0.15037415 11121.2
0.150414966 10789.8
0.150462585 10546.1
0.150503401 10352.6
0.15052381 10118.8
0.150544218 8725.26
0.150585034 8496.67
0.15062585 7963.35
0.150639456 7381.03
0.150646259 6761.51
0.150659864 6616.97
0.150680272 6270.94
0.15070068 5965.06
0.150734694 5278.69
0.150755102 5046.07
0.15077551 4782.19
0.150789116 4375.39
0.150809524 4174.84
0.150829932 4090.64
0.150843537 3560.11
0.150863946 2927.31
0.150870748 2755.45
0.150891156 2310.88
0.150911565 1993.87
0.150931973 1679.42
0.150952381 1401.52
0.150972789 1173.94
0.1510068 1046.59
0.1510136 1022.95
0.15104082 999.234
0.15105442 983.323
0.15107483 976.667
0.15111565 970.057
0.15122449 976.667
0.1512585 1006.04
0.15129252 1019.17
0.15133333 1042.72
0.15136735 1136.15
0.15140136 1253.34
0.15144218 1387.74
0.15147619 1501.86
0.1515102 1701.33
0.15155102 1852.64
0.15158503 2031.14
0.15161905 2127.4
0.15165986 2339.59
0.15169388 2608.13
0.15172789 2803.5
0.15176871 2993.1
0.15180272 3217.3
0.15183673 3401.13
0.15187075 3765.85
0.15191157 3995.79
0.15194558 4185.16
0.15197959 4394.34
0.15202041 4648.29
0.15205442 4932.11
0.15208843 5162.66
0.15212925 5477.89
0.15216327 5888.22
0.15219728 6392.11
0.15223809 6649.73
0.15227211 7099.46
0.15230612 7532.95
0.15238095 8147.35
0.1524898 8833.66
0.15256463 9309.6
0.15263265 9684.81
0.1527415 10168.9
0.15285034 10546.1
0.15295918 10863.3
0.15306803 11190
0.15321088 11448.6
0.15331973 11641
0.15342857 11792.9
0.15353742 11946.8
0.15361224 12028.2
0.15372109 12147.6
0.15386395 12222.9
0.15404762 12344.2
0.15419048 12466.7
0.15437415 12551.7
0.15455102 12590.5
0.15484354 12637.2
0.155 12637.2
0.160040816 11822.1
0.160122449 11727.6
0.160251701 11555.1
0.160292517 11378.1
0.160333333 11252.4
0.16037415 11121.2
0.160414966 10789.8
0.160462585 10546.1
0.160503401 10352.6
0.16052381 10118.8
0.160544218 8725.26
0.160585034 8496.67
0.16062585 7963.35
0.160639456 7381.03
0.160646259 6761.51
0.160659864 6616.97
0.160680272 6270.94
0.16070068 5965.06
0.160734694 5278.69
0.160755102 5046.07
0.16077551 4782.19
0.160789116 4375.39
0.160809524 4174.84
0.160829932 4090.64
0.160843537 3560.11
0.160863946 2927.31
0.160870748 2755.45
0.160891156 2310.88
0.160911565 1993.87
0.160931973 1679.42
0.160952381 1401.52
0.160972789 1173.94
0.1610068 1046.59
0.1610136 1022.95
0.16104082 999.234
0.16105442 983.323
0.16107483 976.667
0.16111565 970.057
0.16122449 976.667
0.1612585 1006.04
0.16129252 1019.17
0.16133333 1042.72
0.16136735 1136.15
0.16140136 1253.34
0.16144218 1387.74
0.16147619 1501.86
0.1615102 1701.33
0.16155102 1852.64
0.16158503 2031.14
0.16161905 2127.4
0.16165986 2339.59
0.16169388 2608.13
0.16172789 2803.5
0.16176871 2993.1
0.16180272 3217.3
0.16183673 3401.13
0.16187075 3765.85
0.16191157 3995.79
0.16194558 4185.16
0.16197959 4394.34
0.16202041 4648.29
0.16205442 4932.11
0.16208843 5162.66
0.16212925 5477.89
0.16216327 5888.22
0.16219728 6392.11
0.16223809 6649.73
0.16227211 7099.46
0.16230612 7532.95
0.16238095 8147.35
0.1624898 8833.66
0.16256463 9309.6
0.16263265 9684.81
0.1627415 10168.9
0.16285034 10546.1
0.16295918 10863.3
0.16306803 11190
0.16321088 11448.6
0.16331973 11641
0.16342857 11792.9
0.16353742 11946.8
0.16361224 12028.2
0.16372109 12147.6
0.16386395 12222.9
0.16404762 12344.2
0.16419048 12466.7
0.16437415 12551.7
0.16455102 12590.5
0.16484354 12637.2
0.165 12637.2
0.170040816 11822.1
0.170122449 11727.6
0.170251701 11555.1
0.170292517 11378.1
0.170333333 11252.4
0.17037415 11121.2
0.170414966 10789.8
0.170462585 10546.1
0.170503401 10352.6
0.17052381 10118.8
0.170544218 8725.26
0.170585034 8496.67
0.17062585 7963.35
0.170639456 7381.03
0.170646259 6761.51
0.170659864 6616.97
0.170680272 6270.94
0.17070068 5965.06
0.170734694 5278.69
0.170755102 5046.07
0.17077551 4782.19
0.170789116 4375.39
0.170809524 4174.84
0.170829932 4090.64
0.170843537 3560.11
0.170863946 2927.31
0.170870748 2755.45
0.170891156 2310.88
0.170911565 1993.87
0.170931973 1679.42
0.170952381 1401.52
0.170972789 1173.94
0.1710068 1046.59
0.1710136 1022.95
0.17104082 999.234
0.17105442 983.323
0.17107483 976.667
0.17111565 970.057
0.17122449 976.667
0.1712585 1006.04
0.17129252 1019.17
0.17133333 1042.72
0.17136735 1136.15
0.17140136 1253.34
0.17144218 1387.74
0.17147619 1501.86
0.1715102 1701.33
0.17155102 1852.64
0.17158503 2031.14
0.17161905 2127.4
0.17165986 2339.59
0.17169388 2608.13
0.17172789 2803.5
0.17176871 2993.1
0.17180272 3217.3
0.17183673 3401.13
0.17187075 3765.85
0.17191157 3995.79
0.17194558 4185.16
0.17197959 4394.34
0.17202041 4648.29
0.17205442 4932.11
0.17208843 5162.66
0.17212925 5477.89
0.17216327 5888.22
0.17219728 6392.11
0.17223809 6649.73
0.17227211 7099.46
0.17230612 7532.95
0.17238095 8147.35
0.1724898 8833.66
0.17256463 9309.6
0.17263265 9684.81
0.1727415 10168.9
0.17285034 10546.1
0.17295918 10863.3
0.17306803 11190
0.17321088 11448.6
0.17331973 11641
0.17342857 11792.9
0.17353742 11946.8
0.17361224 12028.2
0.17372109 12147.6
0.17386395 12222.9
0.17404762 12344.2
0.17419048 12466.7
0.17437415 12551.7
0.17455102 12590.5
0.17484354 12637.2
0.175 12637.2
0.180040816 11822.1
0.180122449 11727.6
0.180251701 11555.1
0.180292517 11378.1
0.180333333 11252.4
0.18037415 11121.2
0.180414966 10789.8
0.180462585 10546.1
0.180503401 10352.6
0.18052381 10118.8
0.180544218 8725.26
0.180585034 8496.67
0.18062585 7963.35
0.180639456 7381.03
0.180646259 6761.51
0.180659864 6616.97
0.180680272 6270.94
0.18070068 5965.06
0.180734694 5278.69
0.180755102 5046.07
0.18077551 4782.19
0.180789116 4375.39
0.180809524 4174.84
0.180829932 4090.64
0.180843537 3560.11
0.180863946 2927.31
0.180870748 2755.45
0.180891156 2310.88
0.180911565 1993.87
0.180931973 1679.42
0.180952381 1401.52
0.180972789 1173.94
0.1810068 1046.59
0.1810136 1022.95
0.18104082 999.234
0.18105442 983.323
0.18107483 976.667
0.18111565 970.057
0.18122449 976.667
0.1812585 1006.04
0.18129252 1019.17
0.18133333 1042.72
0.18136735 1136.15
0.18140136 1253.34
0.18144218 1387.74
0.18147619 1501.86
0.1815102 1701.33
0.18155102 1852.64
0.18158503 2031.14
0.18161905 2127.4
0.18165986 2339.59
0.18169388 2608.13
0.18172789 2803.5
0.18176871 2993.1
0.18180272 3217.3
0.18183673 3401.13
0.18187075 3765.85
0.18191157 3995.79
0.18194558 4185.16
0.18197959 4394.34
0.18202041 4648.29
0.18205442 4932.11
0.18208843 5162.66
0.18212925 5477.89
0.18216327 5888.22
0.18219728 6392.11
0.18223809 6649.73
0.18227211 7099.46
0.18230612 7532.95
0.18238095 8147.35
0.1824898 8833.66
0.18256463 9309.6
0.18263265 9684.81
0.1827415 10168.9
0.18285034 10546.1
0.18295918 10863.3
0.18306803 11190
0.18321088 11448.6
0.18331973 11641
0.18342857 11792.9
0.18353742 11946.8
0.18361224 12028.2
0.18372109 12147.6
0.18386395 12222.9
0.18404762 12344.2
0.18419048 12466.7
0.18437415 12551.7
0.18455102 12590.5
0.18484354 12637.2
0.185 12637.2
0.190040816 11822.1
0.190122449 11727.6
0.190251701 11555.1
0.190292517 11378.1
0.190333333 11252.4
0.19037415 11121.2
0.190414966 10789.8
0.190462585 10546.1
0.190503401 10352.6
0.19052381 10118.8
0.190544218 8725.26
0.190585034 8496.67
0.19062585 7963.35
0.190639456 7381.03
0.190646259 6761.51
0.190659864 6616.97
0.190680272 6270.94
0.19070068 5965.06
0.190734694 5278.69
0.190755102 5046.07
0.19077551 4782.19
0.190789116 4375.39
0.190809524 4174.84
0.190829932 4090.64
0.190843537 3560.11
0.190863946 2927.31
0.190870748 2755.45
0.190891156 2310.88
0.190911565 1993.87
0.190931973 1679.42
0.190952381 1401.52
0.190972789 1173.94
0.1910068 1046.59
0.1910136 1022.95
0.19104082 999.234
0.19105442 983.323
0.19107483 976.667
0.19111565 970.057
0.19122449 976.667
0.1912585 1006.04
0.19129252 1019.17
0.19133333 1042.72
0.19136735 1136.15
0.19140136 1253.34
0.19144218 1387.74
0.19147619 1501.86
0.1915102 1701.33
0.19155102 1852.64
0.19158503 2031.14
0.19161905 2127.4
0.19165986 2339.59
0.19169388 2608.13
0.19172789 2803.5
0.19176871 2993.1
0.19180272 3217.3
0.19183673 3401.13
0.19187075 3765.85
0.19191157 3995.79
0.19194558 4185.16
0.19197959 4394.34
0.19202041 4648.29
0.19205442 4932.11
0.19208843 5162.66
0.19212925 5477.89
0.19216327 5888.22
0.19219728 6392.11
0.19223809 6649.73
0.19227211 7099.46
0.19230612 7532.95
0.19238095 8147.35
0.1924898 8833.66
0.19256463 9309.6
0.19263265 9684.81
0.1927415 10168.9
0.19285034 10546.1
0.19295918 10863.3
0.19306803 11190
0.19321088 11448.6
0.19331973 11641
0.19342857 11792.9
0.19353742 11946.8
0.19361224 12028.2
0.19372109 12147.6
0.19386395 12222.9
0.19404762 12344.2
0.19419048 12466.7
0.19437415 12551.7
0.19455102 12590.5
0.19484354 12637.2
0.195 12637.2
0.200040816 11822.1
0.200122449 11727.6
0.200251701 11555.1
0.200292517 11378.1
0.200333333 11252.4
0.20037415 11121.2
0.200414966 10789.8
0.200462585 10546.1
0.200503401 10352.6
0.20052381 10118.8
0.200544218 8725.26
0.200585034 8496.67
0.20062585 7963.35
0.200639456 7381.03
0.200646259 6761.51
0.200659864 6616.97
0.200680272 6270.94
0.20070068 5965.06
0.200734694 5278.69
0.200755102 5046.07
0.20077551 4782.19
0.200789116 4375.39
0.200809524 4174.84
0.200829932 4090.64
0.200843537 3560.11
0.200863946 2927.31
0.200870748 2755.45
0.200891156 2310.88
0.200911565 1993.87
0.200931973 1679.42
0.200952381 1401.52
0.200972789 1173.94
0.2010068 1046.59
0.2010136 1022.95
0.20104082 999.234
0.20105442 983.323
0.20107483 976.667
0.20111565 970.057
0.20122449 976.667
0.2012585 1006.04
0.20129252 1019.17
0.20133333 1042.72
0.20136735 1136.15
0.20140136 1253.34
0.20144218 1387.74
0.20147619 1501.86
0.2015102 1701.33
0.20155102 1852.64
0.20158503 2031.14
0.20161905 2127.4
0.20165986 2339.59
0.20169388 2608.13
0.20172789 2803.5
0.20176871 2993.1
0.20180272 3217.3
0.20183673 3401.13
0.20187075 3765.85
0.20191157 3995.79
0.20194558 4185.16
0.20197959 4394.34
0.20202041 4648.29
0.20205442 4932.11
0.20208843 5162.66
0.20212925 5477.89
0.20216327 5888.22
0.20219728 6392.11
0.20223809 6649.73
0.20227211 7099.46
0.20230612 7532.95
0.20238095 8147.35
0.2024898 8833.66
0.20256463 9309.6
0.20263265 9684.81
0.2027415 10168.9
0.20285034 10546.1
0.20295918 10863.3
0.20306803 11190
0.20321088 11448.6
0.20331973 11641
0.20342857 11792.9
0.20353742 11946.8
0.20361224 12028.2
0.20372109 12147.6
0.20386395 12222.9
0.20404762 12344.2
0.20419048 12466.7
0.20437415 12551.7
0.20455102 12590.5
0.20484354 12637.2
0.205 12637.2
0.210040816 11822.1
0.210122449 11727.6
0.210251701 11555.1
0.210292517 11378.1
0.210333333 11252.4
0.21037415 11121.2
0.210414966 10789.8
0.210462585 10546.1
0.210503401 10352.6
0.21052381 10118.8
0.210544218 8725.26
0.210585034 8496.67
0.21062585 7963.35
0.210639456 7381.03
0.210646259 6761.51
0.210659864 6616.97
0.210680272 6270.94
0.21070068 5965.06
0.210734694 5278.69
0.210755102 5046.07
0.21077551 4782.19
0.210789116 4375.39
0.210809524 4174.84
0.210829932 4090.64
0.210843537 3560.11
0.210863946 2927.31
0.210870748 2755.45
0.210891156 2310.88
0.210911565 1993.87
0.210931973 1679.42
0.210952381 1401.52
0.210972789 1173.94
0.2110068 1046.59
0.2110136 1022.95
0.21104082 999.234
0.21105442 983.323
0.21107483 976.667
0.21111565 970.057
0.21122449 976.667
0.2112585 1006.04
0.21129252 1019.17
0.21133333 1042.72
0.21136735 1136.15
0.21140136 1253.34
0.21144218 1387.74
0.21147619 1501.86
0.2115102 1701.33
0.21155102 1852.64
0.21158503 2031.14
0.21161905 2127.4
0.21165986 2339.59
0.21169388 2608.13
0.21172789 2803.5
0.21176871 2993.1
0.21180272 3217.3
0.21183673 3401.13
0.21187075 3765.85
0.21191157 3995.79
0.21194558 4185.16
0.21197959 4394.34
0.21202041 4648.29
0.21205442 4932.11
0.21208843 5162.66
0.21212925 5477.89
0.21216327 5888.22
0.21219728 6392.11
0.21223809 6649.73
0.21227211 7099.46
0.21230612 7532.95
0.21238095 8147.35
0.2124898 8833.66
0.21256463 9309.6
0.21263265 9684.81
0.2127415 10168.9
0.21285034 10546.1
0.21295918 10863.3
0.21306803 11190
0.21321088 11448.6
0.21331973 11641
0.21342857 11792.9
0.21353742 11946.8
0.21361224 12028.2
0.21372109 12147.6
0.21386395 12222.9
0.21404762 12344.2
0.21419048 12466.7
0.21437415 12551.7
0.21455102 12590.5
0.21484354 12637.2
0.215 12637.2
0.220040816 11822.1
0.220122449 11727.6
0.220251701 11555.1
0.220292517 11378.1
0.220333333 11252.4
0.22037415 11121.2
0.220414966 10789.8
0.220462585 10546.1
0.220503401 10352.6
0.22052381 10118.8
0.220544218 8725.26
0.220585034 8496.67
0.22062585 7963.35
0.220639456 7381.03
0.220646259 6761.51
0.220659864 6616.97
0.220680272 6270.94
0.22070068 5965.06
0.220734694 5278.69
0.220755102 5046.07
0.22077551 4782.19
0.220789116 4375.39
0.220809524 4174.84
0.220829932 4090.64
0.220843537 3560.11
0.220863946 2927.31
0.220870748 2755.45
0.220891156 2310.88
0.220911565 1993.87
0.220931973 1679.42
0.220952381 1401.52
0.220972789 1173.94
0.2210068 1046.59
0.2210136 1022.95
0.22104082 999.234
0.22105442 983.323
0.22107483 976.667
0.22111565 970.057
0.22122449 976.667
0.2212585 1006.04
0.22129252 1019.17
0.22133333 1042.72
0.22136735 1136.15
0.22140136 1253.34
0.22144218 1387.74
0.22147619 1501.86
0.2215102 1701.33
0.22155102 1852.64
0.22158503 2031.14
0.22161905 2127.4
0.22165986 2339.59
0.22169388 2608.13
0.22172789 2803.5
0.22176871 2993.1
0.22180272 3217.3
0.22183673 3401.13
0.22187075 3765.85
0.22191157 3995.79
0.22194558 4185.16
0.22197959 4394.34
0.22202041 4648.29
0.22205442 4932.11
0.22208843 5162.66
0.22212925 5477.89
0.22216327 5888.22
0.22219728 6392.11
0.22223809 6649.73
0.22227211 7099.46
0.22230612 7532.95
0.22238095 8147.35
0.2224898 8833.66
0.22256463 9309.6
0.22263265 9684.81
0.2227415 10168.9
0.22285034 10546.1
0.22295918 10863.3
0.22306803 11190
0.22321088 11448.6
0.22331973 11641
0.22342857 11792.9
0.22353742 11946.8
0.22361224 12028.2
0.22372109 12147.6
0.22386395 12222.9
0.22404762 12344.2
0.22419048 12466.7
0.22437415 12551.7
0.22455102 12590.5
0.22484354 12637.2
0.225 12637.2
0.230040816 11822.1
0.230122449 11727.6
0.230251701 11555.1
0.230292517 11378.1
0.230333333 11252.4
0.23037415 11121.2
0.230414966 10789.8
0.230462585 10546.1
0.230503401 10352.6
0.23052381 10118.8
0.230544218 8725.26
0.230585034 8496.67
0.23062585 7963.35
0.230639456 7381.03
0.230646259 6761.51
0.230659864 6616.97
0.230680272 6270.94
0.23070068 5965.06
0.230734694 5278.69
0.230755102 5046.07
0.23077551 4782.19
0.230789116 4375.39
0.230809524 4174.84
0.230829932 4090.64
0.230843537 3560.11
0.230863946 2927.31
0.230870748 2755.45
0.230891156 2310.88
0.230911565 1993.87
0.230931973 1679.42
0.230952381 1401.52
0.230972789 1173.94
0.2310068 1046.59
0.2310136 1022.95
0.23104082 999.234
0.23105442 983.323
0.23107483 976.667
0.23111565 970.057
0.23122449 976.667
0.2312585 1006.04
0.23129252 1019.17
0.23133333 1042.72
0.23136735 1136.15
0.23140136 1253.34
0.23144218 1387.74
0.23147619 1501.86
0.2315102 1701.33
0.23155102 1852.64
0.23158503 2031.14
0.23161905 2127.4
0.23165986 2339.59
0.23169388 2608.13
0.23172789 2803.5
0.23176871 2993.1
0.23180272 3217.3
0.23183673 3401.13
0.23187075 3765.85
0.23191157 3995.79
0.23194558 4185.16
0.23197959 4394.34
0.23202041 4648.29
0.23205442 4932.11
0.23208843 5162.66
0.23212925 5477.89
0.23216327 5888.22
0.23219728 6392.11
0.23223809 6649.73
0.23227211 7099.46
0.23230612 7532.95
0.23238095 8147.35
0.2324898 8833.66
0.23256463 9309.6
0.23263265 9684.81
0.2327415 10168.9
0.23285034 10546.1
0.23295918 10863.3
0.23306803 11190
0.23321088 11448.6
0.23331973 11641
0.23342857 11792.9
0.23353742 11946.8
0.23361224 12028.2
0.23372109 12147.6
0.23386395 12222.9
0.23404762 12344.2
0.23419048 12466.7
0.23437415 12551.7
0.23455102 12590.5
0.23484354 12637.2
0.235 12637.2
0.240040816 11822.1
0.240122449 11727.6
0.240251701 11555.1
0.240292517 11378.1
0.240333333 11252.4
0.24037415 11121.2
0.240414966 10789.8
0.240462585 10546.1
0.240503401 10352.6
0.24052381 10118.8
0.240544218 8725.26
0.240585034 8496.67
0.24062585 7963.35
0.240639456 7381.03
0.240646259 6761.51
0.240659864 6616.97
0.240680272 6270.94
0.24070068 5965.06
0.240734694 5278.69
0.240755102 5046.07
0.24077551 4782.19
0.240789116 4375.39
0.240809524 4174.84
0.240829932 4090.64
0.240843537 3560.11
0.240863946 2927.31
0.240870748 2755.45
0.240891156 2310.88
0.240911565 1993.87
0.240931973 1679.42
0.240952381 1401.52
0.240972789 1173.94
0.2410068 1046.59
0.2410136 1022.95
0.24104082 999.234
0.24105442 983.323
0.24107483 976.667
0.24111565 970.057
0.24122449 976.667
0.2412585 1006.04
0.24129252 1019.17
0.24133333 1042.72
0.24136735 1136.15
0.24140136 1253.34
0.24144218 1387.74
0.24147619 1501.86
0.2415102 1701.33
0.24155102 1852.64
0.24158503 2031.14
0.24161905 2127.4
0.24165986 2339.59
0.24169388 2608.13
0.24172789 2803.5
0.24176871 2993.1
0.24180272 3217.3
0.24183673 3401.13
0.24187075 3765.85
0.24191157 3995.79
0.24194558 4185.16
0.24197959 4394.34
0.24202041 4648.29
0.24205442 4932.11
0.24208843 5162.66
0.24212925 5477.89
0.24216327 5888.22
0.24219728 6392.11
0.24223809 6649.73
0.24227211 7099.46
0.24230612 7532.95
0.24238095 8147.35
0.2424898 8833.66
0.24256463 9309.6
0.24263265 9684.81
0.2427415 10168.9
0.24285034 10546.1
0.24295918 10863.3
0.24306803 11190
0.24321088 11448.6
0.24331973 11641
0.24342857 11792.9
0.24353742 11946.8
0.24361224 12028.2
0.24372109 12147.6
0.24386395 12222.9
0.24404762 12344.2
0.24419048 12466.7
0.24437415 12551.7
0.24455102 12590.5
0.24484354 12637.2
0.245 12637.2
0.250040816 11822.1
0.250122449 11727.6
0.250251701 11555.1
0.250292517 11378.1
0.250333333 11252.4
0.25037415 11121.2
0.250414966 10789.8
0.250462585 10546.1
0.250503401 10352.6
0.25052381 10118.8
0.250544218 8725.26
0.250585034 8496.67
0.25062585 7963.35
0.250639456 7381.03
0.250646259 6761.51
0.250659864 6616.97
0.250680272 6270.94
0.25070068 5965.06
0.250734694 5278.69
0.250755102 5046.07
0.25077551 4782.19
0.250789116 4375.39
0.250809524 4174.84
0.250829932 4090.64
0.250843537 3560.11
0.250863946 2927.31
0.250870748 2755.45
0.250891156 2310.88
0.250911565 1993.87
0.250931973 1679.42
0.250952381 1401.52
0.250972789 1173.94
0.2510068 1046.59
0.2510136 1022.95
0.25104082 999.234
0.25105442 983.323
0.25107483 976.667
0.25111565 970.057
0.25122449 976.667
0.2512585 1006.04
0.25129252 1019.17
0.25133333 1042.72
0.25136735 1136.15
0.25140136 1253.34
0.25144218 1387.74
0.25147619 1501.86
0.2515102 1701.33
0.25155102 1852.64
0.25158503 2031.14
0.25161905 2127.4
0.25165986 2339.59
0.25169388 2608.13
0.25172789 2803.5
0.25176871 2993.1
0.25180272 3217.3
0.25183673 3401.13
0.25187075 3765.85
0.25191157 3995.79
0.25194558 4185.16
0.25197959 4394.34
0.25202041 4648.29
0.25205442 4932.11
0.25208843 5162.66
0.25212925 5477.89
0.25216327 5888.22
0.25219728 6392.11
0.25223809 6649.73
0.25227211 7099.46
0.25230612 7532.95
0.25238095 8147.35
0.2524898 8833.66
0.25256463 9309.6
0.25263265 9684.81
0.2527415 10168.9
0.25285034 10546.1
0.25295918 10863.3
0.25306803 11190
0.25321088 11448.6
0.25331973 11641
0.25342857 11792.9
0.25353742 11946.8
0.25361224 12028.2
0.25372109 12147.6
0.25386395 12222.9
0.25404762 12344.2
0.25419048 12466.7
0.25437415 12551.7
0.25455102 12590.5
0.25484354 12637.2
0.255 12637.2
0.260040816 11822.1
0.260122449 11727.6
0.260251701 11555.1
0.260292517 11378.1
0.260333333 11252.4
0.26037415 11121.2
0.260414966 10789.8
0.260462585 10546.1
0.260503401 10352.6
0.26052381 10118.8
0.260544218 8725.26
0.260585034 8496.67
0.26062585 7963.35
0.260639456 7381.03
0.260646259 6761.51
0.260659864 6616.97
0.260680272 6270.94
0.26070068 5965.06
0.260734694 5278.69
0.260755102 5046.07
0.26077551 4782.19
0.260789116 4375.39
0.260809524 4174.84
0.260829932 4090.64
0.260843537 3560.11
0.260863946 2927.31
0.260870748 2755.45
0.260891156 2310.88
0.260911565 1993.87
0.260931973 1679.42
0.260952381 1401.52
0.260972789 1173.94
0.2610068 1046.59
0.2610136 1022.95
0.26104082 999.234
0.26105442 983.323
0.26107483 976.667
0.26111565 970.057
0.26122449 976.667
0.2612585 1006.04
0.26129252 1019.17
0.26133333 1042.72
0.26136735 1136.15
0.26140136 1253.34
0.26144218 1387.74
0.26147619 1501.86
0.2615102 1701.33
0.26155102 1852.64
0.26158503 2031.14
0.26161905 2127.4
0.26165986 2339.59
0.26169388 2608.13
0.26172789 2803.5
0.26176871 2993.1
0.26180272 3217.3
0.26183673 3401.13
0.26187075 3765.85
0.26191157 3995.79
0.26194558 4185.16
0.26197959 4394.34
0.26202041 4648.29
0.26205442 4932.11
0.26208843 5162.66
0.26212925 5477.89
0.26216327 5888.22
0.26219728 6392.11
0.26223809 6649.73
0.26227211 7099.46
0.26230612 7532.95
0.26238095 8147.35
0.2624898 8833.66
0.26256463 9309.6
0.26263265 9684.81
0.2627415 10168.9
0.26285034 10546.1
0.26295918 10863.3
0.26306803 11190
0.26321088 11448.6
0.26331973 11641
0.26342857 11792.9
0.26353742 11946.8
0.26361224 12028.2
0.26372109 12147.6
0.26386395 12222.9
0.26404762 12344.2
0.26419048 12466.7
0.26437415 12551.7
0.26455102 12590.5
0.26484354 12637.2
0.265 12637.2
0.270040816 11822.1
0.270122449 11727.6
0.270251701 11555.1
0.270292517 11378.1
0.270333333 11252.4
0.27037415 11121.2
0.270414966 10789.8
0.270462585 10546.1
0.270503401 10352.6
0.27052381 10118.8
0.270544218 8725.26
0.270585034 8496.67
0.27062585 7963.35
0.270639456 7381.03
0.270646259 6761.51
0.270659864 6616.97
0.270680272 6270.94
0.27070068 5965.06
0.270734694 5278.69
0.270755102 5046.07
0.27077551 4782.19
0.270789116 4375.39
0.270809524 4174.84
0.270829932 4090.64
0.270843537 3560.11
0.270863946 2927.31
0.270870748 2755.45
0.270891156 2310.88
0.270911565 1993.87
0.270931973 1679.42
0.270952381 1401.52
0.270972789 1173.94
0.2710068 1046.59
0.2710136 1022.95
0.27104082 999.234
0.27105442 983.323
0.27107483 976.667
0.27111565 970.057
0.27122449 976.667
0.2712585 1006.04
0.27129252 1019.17
0.27133333 1042.72
0.27136735 1136.15
0.27140136 1253.34
0.27144218 1387.74
0.27147619 1501.86
0.2715102 1701.33
0.27155102 1852.64
0.27158503 2031.14
0.27161905 2127.4
0.27165986 2339.59
0.27169388 2608.13
0.27172789 2803.5
0.27176871 2993.1
0.27180272 3217.3
0.27183673 3401.13
0.27187075 3765.85
0.27191157 3995.79
0.27194558 4185.16
0.27197959 4394.34
0.27202041 4648.29
0.27205442 4932.11
0.27208843 5162.66
0.27212925 5477.89
0.27216327 5888.22
0.27219728 6392.11
0.27223809 6649.73
0.27227211 7099.46
0.27230612 7532.95
0.27238095 8147.35
0.2724898 8833.66
0.27256463 9309.6
0.27263265 9684.81
0.2727415 10168.9
0.27285034 10546.1
0.27295918 10863.3
0.27306803 11190
0.27321088 11448.6
0.27331973 11641
0.27342857 11792.9
0.27353742 11946.8
0.27361224 12028.2
0.27372109 12147.6
0.27386395 12222.9
0.27404762 12344.2
0.27419048 12466.7
0.27437415 12551.7
0.27455102 12590.5
0.27484354 12637.2
0.275 12637.2
0.280040816 11822.1
0.280122449 11727.6
0.280251701 11555.1
0.280292517 11378.1
0.280333333 11252.4
0.28037415 11121.2
0.280414966 10789.8
0.280462585 10546.1
0.280503401 10352.6
0.28052381 10118.8
0.280544218 8725.26
0.280585034 8496.67
0.28062585 7963.35
0.280639456 7381.03
0.280646259 6761.51
0.280659864 6616.97
0.280680272 6270.94
0.28070068 5965.06
0.280734694 5278.69
0.280755102 5046.07
0.28077551 4782.19
0.280789116 4375.39
0.280809524 4174.84
0.280829932 4090.64
0.280843537 3560.11
0.280863946 2927.31
0.280870748 2755.45
0.280891156 2310.88
0.280911565 1993.87
0.280931973 1679.42
0.280952381 1401.52
0.280972789 1173.94
0.2810068 1046.59
0.2810136 1022.95
0.28104082 999.234
0.28105442 983.323
0.28107483 976.667
0.28111565 970.057
0.28122449 976.667
0.2812585 1006.04
0.28129252 1019.17
0.28133333 1042.72
0.28136735 1136.15
0.28140136 1253.34
0.28144218 1387.74
0.28147619 1501.86
0.2815102 1701.33
0.28155102 1852.64
0.28158503 2031.14
0.28161905 2127.4
0.28165986 2339.59
0.28169388 2608.13
0.28172789 2803.5
0.28176871 2993.1
0.28180272 3217.3
0.28183673 3401.13
0.28187075 3765.85
0.28191157 3995.79
0.28194558 4185.16
0.28197959 4394.34
0.28202041 4648.29
0.28205442 4932.11
0.28208843 5162.66
0.28212925 5477.89
0.28216327 5888.22
0.28219728 6392.11
0.28223809 6649.73
0.28227211 7099.46
0.28230612 7532.95
0.28238095 8147.35
0.2824898 8833.66
0.28256463 9309.6
0.28263265 9684.81
0.2827415 10168.9
0.28285034 10546.1
0.28295918 10863.3
0.28306803 11190
0.28321088 11448.6
0.28331973 11641
0.28342857 11792.9
0.28353742 11946.8
0.28361224 12028.2
0.28372109 12147.6
0.28386395 12222.9
0.28404762 12344.2
0.28419048 12466.7
0.28437415 12551.7
0.28455102 12590.5
0.28484354 12637.2
0.285 12637.2
0.290040816 11822.1
0.290122449 11727.6
0.290251701 11555.1
0.290292517 11378.1
0.290333333 11252.4
0.29037415 11121.2
0.290414966 10789.8
0.290462585 10546.1
0.290503401 10352.6
0.29052381 10118.8
0.290544218 8725.26
0.290585034 8496.67
0.29062585 7963.35
0.290639456 7381.03
0.290646259 6761.51
0.290659864 6616.97
0.290680272 6270.94
0.29070068 5965.06
0.290734694 5278.69
0.290755102 5046.07
0.29077551 4782.19
0.290789116 4375.39
0.290809524 4174.84
0.290829932 4090.64
0.290843537 3560.11
0.290863946 2927.31
0.290870748 2755.45
0.290891156 2310.88
0.290911565 1993.87
0.290931973 1679.42
0.290952381 1401.52
0.290972789 1173.94
0.2910068 1046.59
0.2910136 1022.95
0.29104082 999.234
0.29105442 983.323
0.29107483 976.667
0.29111565 970.057
0.29122449 976.667
0.2912585 1006.04
0.29129252 1019.17
0.29133333 1042.72
0.29136735 1136.15
0.29140136 1253.34
0.29144218 1387.74
0.29147619 1501.86
0.2915102 1701.33
0.29155102 1852.64
0.29158503 2031.14
0.29161905 2127.4
0.29165986 2339.59
0.29169388 2608.13
0.29172789 2803.5
0.29176871 2993.1
0.29180272 3217.3
0.29183673 3401.13
0.29187075 3765.85
0.29191157 3995.79
0.29194558 4185.16
0.29197959 4394.34
0.29202041 4648.29
0.29205442 4932.11
0.29208843 5162.66
0.29212925 5477.89
0.29216327 5888.22
0.29219728 6392.11
0.29223809 6649.73
0.29227211 7099.46
0.29230612 7532.95
0.29238095 8147.35
0.2924898 8833.66
0.29256463 9309.6
0.29263265 9684.81
0.2927415 10168.9
0.29285034 10546.1
0.29295918 10863.3
0.29306803 11190
0.29321088 11448.6
0.29331973 11641
0.29342857 11792.9
0.29353742 11946.8
0.29361224 12028.2
0.29372109 12147.6
0.29386395 12222.9
0.29404762 12344.2
0.29419048 12466.7
0.29437415 12551.7
0.29455102 12590.5
0.29484354 12637.2
0.295 12637.2
