0 25632.03357
0.10038 25632.03357
0.101047 25282.96508
0.101087999999999 25110.21756
0.10117 24739.96964
0.101299 24070.71804
0.101339999999999 23392.82512
0.101379999999999 22916.59484
0.101420999999999 22424.4213
0.101462 21203.36336
0.10151 20325.59772
0.101550999999999 19640.64202
0.101570999999998 18827.56909
0.101590999999999 14311.76126
0.101631999999999 13625.55257
0.101672999999998 12085.01971
0.101686999999999 10500.45251
0.101693 8927.704857
0.101707 8577.701011
0.101726999999999 7765.988285
0.101747999999999 7079.459265
0.101781999999999 5646.009756
0.101802 5194.156362
0.101823 4702.63039
0.101835999999999 3989.147969
0.101856999999999 3657.335287
0.101876999999999 3521.992005
0.101890999999999 2723.522839
0.101911 1895.912238
0.101918 1695.060694
0.101937999999999 1223.918832
0.101958999999999 931.4246021
0.101978999999999 677.9362441
0.101999999999999 485.0496304
0.10202 349.4306791
0.102053999999999 282.5254841
0.102060999999999 270.8296433
0.102087999999999 259.3214928
0.102101999999999 251.7305279
0.102122 248.5862386
0.102162999999999 245.4812237
0.102272 248.5862386
0.102305999999999 262.6015689
0.102339999999998 268.9791821
0.102379999999999 280.5951102
0.102414 328.8967065
0.102447999999999 394.4246491
0.102488999999999 476.2621851
0.102523 551.2730005
0.102556999999999 694.4007881
0.102597999999999 813.0052989
0.102631999999998 963.9074808
0.102666 1050.157566
0.102706999999999 1252.211577
0.102740999999999 1531.152932
0.102775 1750.170621
0.102815999999999 1975.52898
0.102849999999999 2258.110675
0.102884 2502.696358
0.102917999999999 3021.970455
0.102958999999999 3372.334775
0.102993 3674.090044
0.103026999999999 4021.183852
0.103067999999999 4461.83106
0.103102 4979.13142
0.103136 5418.467205
0.103176 6046.679031
0.103209999999999 6911.602213
0.103243999999999 8046.011183
0.103285 8656.472288
0.103318999999999 9771.111263
0.103352999999999 10903.96441
0.103428 12606.91408
0.103537 14642.59938
0.103611999999999 16136.14707
0.103679999999999 17360.41708
0.103788999999999 19000.4676
0.103896999999998 20325.59772
0.104005999999999 21471.55804
0.104114999999999 22682.12778
0.104258 23661.66072
0.104366999999998 24403.04968
0.104475999999999 24995.70878
0.104584999999999 25602.76136
0.104658999999998 25926.60265
0.104767999999999 26404.97068
0.104911 26708.42253
0.105094999999999 27201.21581
0.105237999999999 27703.10154
0.105421 28053.50937
0.105597999999999 28214.2475
0.105891 28408.3494
0.107408 28408.3494
0.107591 28053.50937
0.107809 27545.27544
0.10802 27388.34849
0.108237999999999 27201.21581
0.108455 27201.21581
0.108747999999999 26892.16501
0.109217 26556.26318
0.109687 26224.55699
0.11 25749.45744
0.20038 25632.03357
0.201047 25282.96508
0.201087999999999 25110.21756
0.20117 24739.96964
0.201298999999999 24070.71804
0.201339999999999 23392.82512
0.201379999999999 22916.59484
0.201420999999999 22424.4213
0.201462 21203.36336
0.201509999999999 20325.59772
0.201550999999999 19640.64202
0.201570999999998 18827.56909
0.201590999999999 14311.76126
0.201631999999999 13625.55257
0.201672999999998 12085.01971
0.201686999999998 10500.45251
0.201692999999999 8927.704857
0.201706999999999 8577.701011
0.201726999999999 7765.988285
0.201747999999999 7079.459265
0.201781999999998 5646.009756
0.201801999999999 5194.156362
0.201823 4702.63039
0.201835999999999 3989.147969
0.201856999999999 3657.335287
0.201876999999998 3521.992005
0.201890999999999 2723.522839
0.201911 1895.912238
0.201918 1695.060694
0.201937999999999 1223.918832
0.201958999999999 931.4246021
0.201978999999998 677.9362441
0.201999999999999 485.0496304
0.20202 349.4306791
0.202053999999999 282.5254841
0.202060999999999 270.8296433
0.202087999999999 259.3214928
0.202101999999999 251.7305279
0.202122 248.5862386
0.202162999999999 245.4812237
0.202271999999999 248.5862386
0.202305999999999 262.6015689
0.202339999999998 268.9791821
0.202379999999999 280.5951102
0.202414 328.8967065
0.202447999999999 394.4246491
0.202488999999999 476.2621851
0.202523 551.2730005
0.202556999999999 694.4007881
0.202597999999999 813.0052989
0.202631999999998 963.9074808
0.202665999999999 1050.157566
0.202706999999999 1252.211577
0.202740999999998 1531.152932
0.202775 1750.170621
0.202815999999999 1975.52898
0.202849999999998 2258.110675
0.202884 2502.696358
0.202917999999999 3021.970455
0.202958999999999 3372.334775
0.202993 3674.090044
0.203026999999999 4021.183852
0.203067999999999 4461.83106
0.203102 4979.13142
0.203135999999999 5418.467205
0.203176 6046.679031
0.203209999999999 6911.602213
0.203243999999998 8046.011183
0.203285 8656.472288
0.203318999999999 9771.111263
0.203352999999999 10903.96441
0.203427999999999 12606.91408
0.203536999999999 14642.59938
0.203611999999998 16136.14707
0.203679999999999 17360.41708
0.203788999999999 19000.4676
0.203896999999998 20325.59772
0.204005999999998 21471.55804
0.204114999999999 22682.12778
0.204258 23661.66072
0.204366999999998 24403.04968
0.204475999999998 24995.70878
0.204584999999999 25602.76136
0.204658999999998 25926.60265
0.204767999999998 26404.97068
0.204911 26708.42253
0.205094999999999 27201.21581
0.205237999999998 27703.10154
0.205421 28053.50937
0.205597999999999 28214.2475
0.205891 28408.3494
0.207408 28408.3494
0.207590999999999 28053.50937
0.207809 27545.27544
0.20802 27388.34849
0.208237999999998 27201.21581
0.208454999999999 27201.21581
0.208747999999999 26892.16501
0.209216999999999 26556.26318
0.209686999999999 26224.55699
0.21 25749.45744
0.300379999999999 25632.03357
0.301046999999999 25282.96508
0.301087999999999 25110.21756
0.30117 24739.96964
0.301298999999999 24070.71804
0.301339999999999 23392.82512
0.301379999999999 22916.59484
0.301420999999998 22424.4213
0.301462 21203.36336
0.301509999999999 20325.59772
0.301550999999999 19640.64202
0.301570999999998 18827.56909
0.301590999999999 14311.76126
0.301631999999999 13625.55257
0.301672999999998 12085.01971
0.301686999999998 10500.45251
0.301692999999999 8927.704857
0.301706999999999 8577.701011
0.301726999999999 7765.988285
0.301747999999999 7079.459265
0.301781999999998 5646.009756
0.301801999999999 5194.156362
0.301823 4702.63039
0.301835999999999 3989.147969
0.301856999999999 3657.335287
0.301876999999998 3521.992005
0.301890999999998 2723.522839
0.301910999999999 1895.912238
0.301917999999999 1695.060694
0.301937999999999 1223.918832
0.301958999999999 931.4246021
0.301978999999998 677.9362441
0.301999999999998 485.0496304
0.30202 349.4306791
0.302053999999999 282.5254841
0.302060999999999 270.8296433
0.302087999999998 259.3214928
0.302101999999999 251.7305279
0.302122 248.5862386
0.302162999999999 245.4812237
0.302271999999999 248.5862386
0.302305999999999 262.6015689
0.302339999999998 268.9791821
0.302379999999998 280.5951102
0.302414 328.8967065
0.302447999999999 394.4246491
0.302488999999998 476.2621851
0.302523 551.2730005
0.302556999999999 694.4007881
0.302597999999999 813.0052989
0.302631999999998 963.9074808
0.302665999999999 1050.157566
0.302706999999999 1252.211577
0.302740999999998 1531.152932
0.302774999999999 1750.170621
0.302815999999999 1975.52898
0.302849999999998 2258.110675
0.302883999999999 2502.696358
0.302917999999999 3021.970455
0.302958999999998 3372.334775
0.302993 3674.090044
0.303026999999999 4021.183852
0.303067999999999 4461.83106
0.303102 4979.13142
0.303135999999999 5418.467205
0.303175999999999 6046.679031
0.303209999999999 6911.602213
0.303243999999998 8046.011183
0.303285 8656.472288
0.303318999999999 9771.111263
0.303352999999998 10903.96441
0.303427999999999 12606.91408
0.303536999999999 14642.59938
0.303611999999998 16136.14707
0.303679999999999 17360.41708
0.303788999999999 19000.4676
0.303896999999998 20325.59772
0.304005999999998 21471.55804
0.304114999999998 22682.12778
0.304258 23661.66072
0.304366999999998 24403.04968
0.304475999999998 24995.70878
0.304584999999998 25602.76136
0.304658999999998 25926.60265
0.304767999999998 26404.97068
0.304910999999999 26708.42253
0.305094999999999 27201.21581
0.305237999999998 27703.10154
0.305421 28053.50937
0.305597999999999 28214.2475
0.305891 28408.3494
0.307407999999999 28408.3494
0.307590999999999 28053.50937
0.307809 27545.27544
0.30802 27388.34849
0.308237999999998 27201.21581
0.308454999999999 27201.21581
0.308747999999998 26892.16501
0.309216999999999 26556.26318
0.309686999999999 26224.55699
0.309999999999999 25749.45744
0.400379999999999 25632.03357
0.401046999999999 25282.96508
0.401087999999999 25110.21756
0.401169999999999 24739.96964
0.401298999999999 24070.71804
0.401339999999998 23392.82512
0.401379999999999 22916.59484
0.401420999999998 22424.4213
0.401461999999999 21203.36336
0.401509999999999 20325.59772
0.401550999999999 19640.64202
0.401570999999998 18827.56909
0.401590999999999 14311.76126
0.401631999999998 13625.55257
0.401672999999998 12085.01971
0.401686999999998 10500.45251
0.401692999999999 8927.704857
0.401706999999999 8577.701011
0.401726999999998 7765.988285
0.401747999999999 7079.459265
0.401781999999998 5646.009756
0.401801999999999 5194.156362
0.401822999999999 4702.63039
0.401835999999998 3989.147969
0.401856999999999 3657.335287
0.401876999999998 3521.992005
0.401890999999998 2723.522839
0.401910999999999 1895.912238
0.401917999999999 1695.060694
0.401937999999998 1223.918832
0.401958999999999 931.4246021
0.401978999999998 677.9362441
0.401999999999998 485.0496304
0.402019999999999 349.4306791
0.402053999999999 282.5254841
0.402060999999999 270.8296433
0.402087999999998 259.3214928
0.402101999999998 251.7305279
0.402121999999999 248.5862386
0.402162999999999 245.4812237
0.402271999999999 248.5862386
0.402305999999998 262.6015689
0.402339999999998 268.9791821
0.402379999999998 280.5951102
0.402413999999999 328.8967065
0.402447999999999 394.4246491
0.402488999999998 476.2621851
0.402522999999999 551.2730005
0.402556999999999 694.4007881
0.402597999999998 813.0052989
0.402631999999998 963.9074808
0.402665999999999 1050.157566
0.402706999999998 1252.211577
0.402740999999998 1531.152932
0.402774999999999 1750.170621
0.402815999999999 1975.52898
0.402849999999998 2258.110675
0.402883999999999 2502.696358
0.402917999999999 3021.970455
0.402958999999998 3372.334775
0.402992999999999 3674.090044
0.403026999999999 4021.183852
0.403067999999998 4461.83106
0.403102 4979.13142
0.403135999999999 5418.467205
0.403175999999999 6046.679031
0.403209999999999 6911.602213
0.403243999999998 8046.011183
0.403284999999999 8656.472288
0.403318999999999 9771.111263
0.403352999999998 10903.96441
0.403427999999999 12606.91408
0.403536999999999 14642.59938
0.403611999999998 16136.14707
0.403679999999999 17360.41708
0.403788999999999 19000.4676
0.403896999999998 20325.59772
0.404005999999998 21471.55804
0.404114999999998 22682.12778
0.404257999999999 23661.66072
0.404366999999998 24403.04968
0.404475999999998 24995.70878
0.404584999999998 25602.76136
0.404658999999998 25926.60265
0.404767999999998 26404.97068
0.404910999999999 26708.42253
0.405094999999998 27201.21581
0.405237999999998 27703.10154
0.405420999999999 28053.50937
0.405597999999998 28214.2475
0.405890999999999 28408.3494
0.407407999999999 28408.3494
0.407590999999999 28053.50937
0.407808999999999 27545.27544
0.408019999999999 27388.34849
0.408237999999998 27201.21581
0.408454999999999 27201.21581
0.408747999999998 26892.16501
0.409216999999999 26556.26318
0.409686999999999 26224.55699
0.409999999999999 25749.45744
0.500379999999999 25632.03357
0.501046999999999 25282.96508
0.501087999999999 25110.21756
0.501169999999999 24739.96964
0.501298999999999 24070.71804
0.501339999999998 23392.82512
0.501379999999998 22916.59484
0.501420999999998 22424.4213
0.501461999999999 21203.36336
0.501509999999999 20325.59772
0.501550999999998 19640.64202
0.501570999999998 18827.56909
0.501590999999999 14311.76126
0.501631999999998 13625.55257
0.501672999999998 12085.01971
0.501686999999998 10500.45251
0.501692999999999 8927.704857
0.501706999999999 8577.701011
0.501726999999998 7765.988285
0.501747999999998 7079.459265
0.501781999999998 5646.009756
0.501801999999999 5194.156362
0.501822999999999 4702.63039
0.501835999999998 3989.147969
0.501856999999999 3657.335287
0.501876999999998 3521.992005
0.501890999999998 2723.522839
0.501910999999999 1895.912238
0.501917999999999 1695.060694
0.501937999999998 1223.918832
0.501958999999999 931.4246021
0.501978999999998 677.9362441
0.501999999999998 485.0496304
0.502019999999999 349.4306791
0.502053999999999 282.5254841
0.502060999999999 270.8296433
0.502087999999998 259.3214928
0.502101999999998 251.7305279
0.502121999999999 248.5862386
0.502162999999999 245.4812237
0.502271999999999 248.5862386
0.502305999999998 262.6015689
0.502339999999998 268.9791821
0.502379999999998 280.5951102
0.502413999999999 328.8967065
0.502447999999999 394.4246491
0.502488999999998 476.2621851
0.502522999999999 551.2730005
0.502556999999999 694.4007881
0.502597999999998 813.0052989
0.502631999999998 963.9074808
0.502665999999999 1050.157566
0.502706999999998 1252.211577
0.502740999999998 1531.152932
0.502774999999999 1750.170621
0.502815999999998 1975.52898
0.502849999999998 2258.110675
0.502883999999999 2502.696358
0.502917999999999 3021.970455
0.502958999999998 3372.334775
0.502992999999999 3674.090044
0.503026999999999 4021.183852
0.503067999999998 4461.83106
0.503101999999999 4979.13142
0.503135999999999 5418.467205
0.503175999999999 6046.679031
0.503209999999998 6911.602213
0.503243999999998 8046.011183
0.503284999999999 8656.472288
0.503318999999999 9771.111263
0.503352999999998 10903.96441
0.503427999999999 12606.91408
0.503536999999999 14642.59938
0.503611999999998 16136.14707
0.503679999999998 17360.41708
0.503788999999999 19000.4676
0.503896999999998 20325.59772
0.504005999999998 21471.55804
0.504114999999998 22682.12778
0.504257999999999 23661.66072
0.504366999999998 24403.04968
0.504475999999998 24995.70878
0.504584999999998 25602.76136
0.504658999999998 25926.60265
0.504767999999998 26404.97068
0.504910999999999 26708.42253
0.505094999999998 27201.21581
0.505237999999998 27703.10154
0.505420999999999 28053.50937
0.505597999999998 28214.2475
0.505890999999999 28408.3494
0.507407999999999 28408.3494
0.507590999999999 28053.50937
0.507808999999999 27545.27544
0.508019999999999 27388.34849
0.508237999999998 27201.21581
0.508454999999999 27201.21581
0.508747999999998 26892.16501
0.509216999999999 26556.26318
0.509686999999999 26224.55699
0.509999999999999 25749.45744
0.600379999999999 25632.03357
0.601046999999999 25282.96508
0.601087999999998 25110.21756
0.601169999999999 24739.96964
0.601298999999998 24070.71804
0.601339999999998 23392.82512
0.601379999999998 22916.59484
0.601420999999998 22424.4213
0.601461999999999 21203.36336
0.601509999999999 20325.59772
0.601550999999998 19640.64202
0.601570999999997 18827.56909
0.601590999999998 14311.76126
0.601631999999998 13625.55257
0.601672999999997 12085.01971
0.601686999999998 10500.45251
0.601692999999998 8927.704857
0.601706999999999 8577.701011
0.601726999999998 7765.988285
0.601747999999998 7079.459265
0.601781999999998 5646.009756
0.601801999999999 5194.156362
0.601822999999999 4702.63039
0.601835999999998 3989.147969
0.601856999999998 3657.335287
0.601876999999998 3521.992005
0.601890999999998 2723.522839
0.601910999999999 1895.912238
0.601917999999999 1695.060694
0.601937999999998 1223.918832
0.601958999999998 931.4246021
0.601978999999998 677.9362441
0.601999999999998 485.0496304
0.602019999999999 349.4306791
0.602053999999998 282.5254841
0.602060999999998 270.8296433
0.602087999999998 259.3214928
0.602101999999998 251.7305279
0.602121999999999 248.5862386
0.602162999999998 245.4812237
0.602271999999999 248.5862386
0.602305999999998 262.6015689
0.602339999999997 268.9791821
0.602379999999998 280.5951102
0.602413999999999 328.8967065
0.602447999999998 394.4246491
0.602488999999998 476.2621851
0.602522999999999 551.2730005
0.602556999999998 694.4007881
0.602597999999998 813.0052989
0.602631999999997 963.9074808
0.602665999999999 1050.157566
0.602706999999998 1252.211577
0.602740999999998 1531.152932
0.602774999999999 1750.170621
0.602815999999998 1975.52898
0.602849999999998 2258.110675
0.602883999999999 2502.696358
0.602917999999998 3021.970455
0.602958999999998 3372.334775
0.602992999999999 3674.090044
0.603026999999998 4021.183852
0.603067999999998 4461.83106
0.603101999999999 4979.13142
0.603135999999999 5418.467205
0.603175999999999 6046.679031
0.603209999999998 6911.602213
0.603243999999998 8046.011183
0.603284999999999 8656.472288
0.603318999999998 9771.111263
0.603352999999998 10903.96441
0.603427999999999 12606.91408
0.603536999999999 14642.59938
0.603611999999998 16136.14707
0.603679999999998 17360.41708
0.603788999999998 19000.4676
0.603896999999997 20325.59772
0.604005999999998 21471.55804
0.604114999999998 22682.12778
0.604257999999999 23661.66072
0.604366999999997 24403.04968
0.604475999999998 24995.70878
0.604584999999998 25602.76136
0.604658999999997 25926.60265
0.604767999999998 26404.97068
0.604910999999999 26708.42253
0.605094999999998 27201.21581
0.605237999999998 27703.10154
0.605420999999999 28053.50937
0.605597999999998 28214.2475
0.605890999999999 28408.3494
0.607407999999999 28408.3494
0.607590999999999 28053.50937
0.607808999999999 27545.27544
0.608019999999999 27388.34849
0.608237999999998 27201.21581
0.608454999999999 27201.21581
0.608747999999998 26892.16501
0.609216999999999 26556.26318
0.609686999999999 26224.55699
0.609999999999999 25749.45744
0.700379999999999 25632.03357
0.701046999999999 25282.96508
0.701087999999998 25110.21756
0.701169999999999 24739.96964
0.701298999999998 24070.71804
0.701339999999998 23392.82512
0.701379999999998 22916.59484
0.701420999999998 22424.4213
0.701461999999999 21203.36336
0.701509999999998 20325.59772
0.701550999999998 19640.64202
0.701570999999997 18827.56909
0.701590999999998 14311.76126
0.701631999999998 13625.55257
0.701672999999997 12085.01971
0.701686999999997 10500.45251
0.701692999999998 8927.704857
0.701706999999998 8577.701011
0.701726999999998 7765.988285
0.701747999999998 7079.459265
0.701781999999997 5646.009756
0.701801999999998 5194.156362
0.701822999999999 4702.63039
0.701835999999998 3989.147969
0.701856999999998 3657.335287
0.701876999999997 3521.992005
0.701890999999997 2723.522839
0.701910999999999 1895.912238
0.701917999999999 1695.060694
0.701937999999998 1223.918832
0.701958999999998 931.4246021
0.701978999999997 677.9362441
0.701999999999998 485.0496304
0.702019999999999 349.4306791
0.702053999999998 282.5254841
0.702060999999998 270.8296433
0.702087999999997 259.3214928
0.702101999999998 251.7305279
0.702121999999999 248.5862386
0.702162999999998 245.4812237
0.702271999999998 248.5862386
0.702305999999998 262.6015689
0.702339999999997 268.9791821
0.702379999999997 280.5951102
0.702413999999999 328.8967065
0.702447999999998 394.4246491
0.702488999999998 476.2621851
0.702522999999999 551.2730005
0.702556999999998 694.4007881
0.702597999999998 813.0052989
0.702631999999997 963.9074808
0.702665999999998 1050.157566
0.702706999999998 1252.211577
0.702740999999997 1531.152932
0.702774999999998 1750.170621
0.702815999999998 1975.52898
0.702849999999997 2258.110675
0.702883999999999 2502.696358
0.702917999999998 3021.970455
0.702958999999998 3372.334775
0.702992999999999 3674.090044
0.703026999999998 4021.183852
0.703067999999998 4461.83106
0.703101999999999 4979.13142
0.703135999999998 5418.467205
0.703175999999999 6046.679031
0.703209999999998 6911.602213
0.703243999999997 8046.011183
0.703284999999999 8656.472288
0.703318999999998 9771.111263
0.703352999999998 10903.96441
0.703427999999998 12606.91408
0.703536999999998 14642.59938
0.703611999999997 16136.14707
0.703679999999998 17360.41708
0.703788999999998 19000.4676
0.703896999999997 20325.59772
0.704005999999997 21471.55804
0.704114999999997 22682.12778
0.704257999999999 23661.66072
0.704366999999997 24403.04968
0.704475999999997 24995.70878
0.704584999999997 25602.76136
0.704658999999997 25926.60265
0.704767999999997 26404.97068
0.704910999999999 26708.42253
0.705094999999998 27201.21581
0.705237999999997 27703.10154
0.705420999999999 28053.50937
0.705597999999998 28214.2475
0.705890999999999 28408.3494
0.707407999999999 28408.3494
0.707590999999998 28053.50937
0.707808999999999 27545.27544
0.708019999999999 27388.34849
0.708237999999997 27201.21581
0.708454999999998 27201.21581
0.708747999999998 26892.16501
0.709216999999998 26556.26318
0.709686999999998 26224.55699
0.709999999999999 25749.45744
0.800379999999998 25632.03357
0.801046999999998 25282.96508
0.801087999999998 25110.21756
0.801169999999999 24739.96964
0.801298999999998 24070.71804
0.801339999999998 23392.82512
0.801379999999998 22916.59484
0.801420999999997 22424.4213
0.801461999999999 21203.36336
0.801509999999998 20325.59772
0.801550999999998 19640.64202
0.801570999999997 18827.56909
0.801590999999998 14311.76126
0.801631999999998 13625.55257
0.801672999999997 12085.01971
0.801686999999997 10500.45251
0.801692999999998 8927.704857
0.801706999999998 8577.701011
0.801726999999998 7765.988285
0.801747999999998 7079.459265
0.801781999999997 5646.009756
0.801801999999998 5194.156362
0.801822999999999 4702.63039
0.801835999999998 3989.147969
0.801856999999998 3657.335287
0.801876999999997 3521.992005
0.801890999999997 2723.522839
0.801910999999998 1895.912238
0.801917999999998 1695.060694
0.801937999999998 1223.918832
0.801958999999998 931.4246021
0.801978999999997 677.9362441
0.801999999999997 485.0496304
0.802019999999999 349.4306791
0.802053999999998 282.5254841
0.802060999999998 270.8296433
0.802087999999997 259.3214928
0.802101999999998 251.7305279
0.802121999999999 248.5862386
0.802162999999998 245.4812237
0.802271999999998 248.5862386
0.802305999999998 262.6015689
0.802339999999997 268.9791821
0.802379999999997 280.5951102
0.802413999999999 328.8967065
0.802447999999998 394.4246491
0.802488999999997 476.2621851
0.802522999999999 551.2730005
0.802556999999998 694.4007881
0.802597999999998 813.0052989
0.802631999999997 963.9074808
0.802665999999998 1050.157566
0.802706999999998 1252.211577
0.802740999999997 1531.152932
0.802774999999998 1750.170621
0.802815999999998 1975.52898
0.802849999999997 2258.110675
0.802883999999998 2502.696358
0.802917999999998 3021.970455
0.802958999999997 3372.334775
0.802992999999999 3674.090044
0.803026999999998 4021.183852
0.803067999999998 4461.83106
0.803101999999999 4979.13142
0.803135999999998 5418.467205
0.803175999999998 6046.679031
0.803209999999998 6911.602213
0.803243999999997 8046.011183
0.803284999999999 8656.472288
0.803318999999998 9771.111263
0.803352999999997 10903.96441
0.803427999999998 12606.91408
0.803536999999998 14642.59938
0.803611999999997 16136.14707
0.803679999999998 17360.41708
0.803788999999998 19000.4676
0.803896999999997 20325.59772
0.804005999999997 21471.55804
0.804114999999997 22682.12778
0.804257999999999 23661.66072
0.804366999999997 24403.04968
0.804475999999997 24995.70878
0.804584999999997 25602.76136
0.804658999999997 25926.60265
0.804767999999997 26404.97068
0.804910999999998 26708.42253
0.805094999999998 27201.21581
0.805237999999997 27703.10154
0.805420999999999 28053.50937
0.805597999999998 28214.2475
0.805890999999999 28408.3494
0.807407999999998 28408.3494
0.807590999999998 28053.50937
0.807808999999999 27545.27544
0.808019999999999 27388.34849
0.808237999999997 27201.21581
0.808454999999998 27201.21581
0.808747999999997 26892.16501
0.809216999999998 26556.26318
0.809686999999998 26224.55699
0.809999999999998 25749.45744
0.900379999999998 25632.03357
0.901046999999998 25282.96508
0.901087999999998 25110.21756
0.901169999999998 24739.96964
0.901298999999998 24070.71804
0.901339999999997 23392.82512
0.901379999999998 22916.59484
0.901420999999997 22424.4213
0.901461999999998 21203.36336
0.901509999999998 20325.59772
0.901550999999998 19640.64202
0.901570999999997 18827.56909
0.901590999999998 14311.76126
0.901631999999997 13625.55257
0.901672999999997 12085.01971
0.901686999999997 10500.45251
0.901692999999998 8927.704857
0.901706999999998 8577.701011
0.901726999999997 7765.988285
0.901747999999998 7079.459265
0.901781999999997 5646.009756
0.901801999999998 5194.156362
0.901822999999998 4702.63039
0.901835999999997 3989.147969
0.901856999999998 3657.335287
0.901876999999997 3521.992005
0.901890999999997 2723.522839
0.901910999999998 1895.912238
0.901917999999998 1695.060694
0.901937999999997 1223.918832
0.901958999999998 931.4246021
0.901978999999997 677.9362441
0.901999999999997 485.0496304
0.902019999999998 349.4306791
0.902053999999998 282.5254841
0.902060999999998 270.8296433
0.902087999999997 259.3214928
0.902101999999997 251.7305279
0.902121999999998 248.5862386
0.902162999999998 245.4812237
0.902271999999998 248.5862386
0.902305999999997 262.6015689
0.902339999999997 268.9791821
0.902379999999997 280.5951102
0.902413999999998 328.8967065
0.902447999999998 394.4246491
0.902488999999997 476.2621851
0.902522999999998 551.2730005
0.902556999999998 694.4007881
0.902597999999997 813.0052989
0.902631999999997 963.9074808
0.902665999999998 1050.157566
0.902706999999997 1252.211577
0.902740999999997 1531.152932
0.902774999999998 1750.170621
0.902815999999998 1975.52898
0.902849999999997 2258.110675
0.902883999999998 2502.696358
0.902917999999998 3021.970455
0.902958999999997 3372.334775
0.902992999999998 3674.090044
0.903026999999998 4021.183852
0.903067999999997 4461.83106
0.903101999999999 4979.13142
0.903135999999998 5418.467205
0.903175999999998 6046.679031
0.903209999999998 6911.602213
0.903243999999997 8046.011183
0.903284999999998 8656.472288
0.903318999999998 9771.111263
0.903352999999997 10903.96441
0.903427999999998 12606.91408
0.903536999999998 14642.59938
0.903611999999997 16136.14707
0.903679999999998 17360.41708
0.903788999999998 19000.4676
0.903896999999997 20325.59772
0.904005999999997 21471.55804
0.904114999999997 22682.12778
0.904257999999998 23661.66072
0.904366999999997 24403.04968
0.904475999999997 24995.70878
0.904584999999997 25602.76136
0.904658999999997 25926.60265
0.904767999999997 26404.97068
0.904910999999998 26708.42253
0.905094999999997 27201.21581
0.905237999999997 27703.10154
0.905420999999998 28053.50937
0.905597999999997 28214.2475
0.905890999999998 28408.3494
0.907407999999998 28408.3494
0.907590999999998 28053.50937
0.907808999999998 27545.27544
0.908019999999998 27388.34849
0.908237999999997 27201.21581
0.908454999999998 27201.21581
0.908747999999997 26892.16501
0.909216999999998 26556.26318
0.909686999999998 26224.55699
0.909999999999998 25749.45744
1.00038 25632.03357
1.001047 25282.96508
1.001088 25110.21756
1.00117 24739.96964
1.001299 24070.71804
1.00134 23392.82512
1.00138 22916.59484
1.001421 22424.4213
1.001462 21203.36336
1.00151 20325.59772
1.001551 19640.64202
1.001571 18827.56909
1.001591 14311.76126
1.001632 13625.55257
1.001673 12085.01971
1.001687 10500.45251
1.001693 8927.704857
1.001707 8577.701011
1.001727 7765.988285
1.001748 7079.459265
1.001782 5646.009756
1.001802 5194.156362
1.001823 4702.63039
1.001836 3989.147969
1.001857 3657.335287
1.001877 3521.992005
1.001891 2723.522839
1.001911 1895.912238
1.001918 1695.060694
1.001938 1223.918832
1.001959 931.4246021
1.001979 677.9362441
1.002 485.0496304
1.00202 349.4306791
1.002054 282.5254841
1.002061 270.8296433
1.002088 259.3214928
1.002102 251.7305279
1.002122 248.5862386
1.002163 245.4812237
1.002272 248.5862386
1.002306 262.6015689
1.00234 268.9791821
1.00238 280.5951102
1.002414 328.8967065
1.002448 394.4246491
1.002489 476.2621851
1.002523 551.2730005
1.002557 694.4007881
1.002598 813.0052989
1.002632 963.9074808
1.002666 1050.157566
1.002707 1252.211577
1.002741 1531.152932
1.002775 1750.170621
1.002816 1975.52898
1.00285 2258.110675
1.002884 2502.696358
1.002918 3021.970455
1.002959 3372.334775
1.002993 3674.090044
1.003027 4021.183852
1.003068 4461.83106
1.003102 4979.13142
1.003136 5418.467205
1.003176 6046.679031
1.00321 6911.602213
1.003244 8046.011183
1.003285 8656.472288
1.003319 9771.111263
1.003353 10903.96441
1.003428 12606.91408
1.003537 14642.59938
1.003612 16136.14707
1.00368 17360.41708
1.003789 19000.4676
1.003897 20325.59772
1.004006 21471.55804
1.004115 22682.12778
1.004258 23661.66072
1.004367 24403.04968
1.004476 24995.70878
1.004585 25602.76136
1.004659 25926.60265
1.004768 26404.97068
1.004911 26708.42253
1.005095 27201.21581
1.005238 27703.10154
1.005421 28053.50937
1.005598 28214.2475
1.005891 28408.3494
1.007408 28408.3494
1.007591 28053.50937
1.007809 27545.27544
1.00802 27388.34849
1.008238 27201.21581
1.008455 27201.21581
1.008748 26892.16501
1.009217 26556.26318
1.009687 26224.55699
1.01 25749.45744
1.10038 25632.03357
1.101047 25282.96508
1.101088 25110.21756
1.10117 24739.96964
1.101299 24070.71804
1.10134 23392.82512
1.10138 22916.59484
1.101421 22424.4213
1.101462 21203.36336
1.10151 20325.59772
1.101551 19640.64202
1.101571 18827.56909
1.101591 14311.76126
1.101632 13625.55257
1.101673 12085.01971
1.101687 10500.45251
1.101693 8927.704857
1.101707 8577.701011
1.101727 7765.988285
1.101748 7079.459265
1.101782 5646.009756
1.101802 5194.156362
1.101823 4702.63039
1.101836 3989.147969
1.101857 3657.335287
1.101877 3521.992005
1.101891 2723.522839
1.101911 1895.912238
1.101918 1695.060694
1.101938 1223.918832
1.101959 931.4246021
1.101979 677.9362441
1.102 485.0496304
1.10202 349.4306791
1.102054 282.5254841
1.102061 270.8296433
1.102088 259.3214928
1.102102 251.7305279
1.102122 248.5862386
1.102163 245.4812237
1.102272 248.5862386
1.102306 262.6015689
1.10234 268.9791821
1.10238 280.5951102
1.102414 328.8967065
1.102448 394.4246491
1.102489 476.2621851
1.102523 551.2730005
1.102557 694.4007881
1.102598 813.0052989
1.102632 963.9074808
1.102666 1050.157566
1.102707 1252.211577
1.102741 1531.152932
1.102775 1750.170621
1.102816 1975.52898
1.10285 2258.110675
1.102884 2502.696358
1.102918 3021.970455
1.102959 3372.334775
1.102993 3674.090044
1.103027 4021.183852
1.103068 4461.83106
1.103102 4979.13142
1.103136 5418.467205
1.103176 6046.679031
1.10321 6911.602213
1.103244 8046.011183
1.103285 8656.472288
1.103319 9771.111263
1.103353 10903.96441
1.103428 12606.91408
1.103537 14642.59938
1.103612 16136.14707
1.10368 17360.41708
1.103789 19000.4676
1.103897 20325.59772
1.104006 21471.55804
1.104115 22682.12778
1.104258 23661.66072
1.104367 24403.04968
1.104476 24995.70878
1.104585 25602.76136
1.104659 25926.60265
1.104768 26404.97068
1.104911 26708.42253
1.105095 27201.21581
1.105238 27703.10154
1.105421 28053.50937
1.105598 28214.2475
1.105891 28408.3494
1.107408 28408.3494
1.107591 28053.50937
1.107809 27545.27544
1.10802 27388.34849
1.108238 27201.21581
1.108455 27201.21581
1.108748 26892.16501
1.109217 26556.26318
1.109687 26224.55699
1.11 25749.45744
1.20038 25632.03357
1.201047 25282.96508
1.201088 25110.21756
1.20117 24739.96964
1.201299 24070.71804
1.20134 23392.82512
1.20138 22916.59484
1.201421 22424.4213
1.201462 21203.36336
1.20151 20325.59772
1.201551 19640.64202
1.201571 18827.56909
1.201591 14311.76126
1.201632 13625.55257
1.201673 12085.01971
1.201687 10500.45251
1.201693 8927.704857
1.201707 8577.701011
1.201727 7765.988285
1.201748 7079.459265
1.201782 5646.009756
1.201802 5194.156362
1.201823 4702.63039
1.201836 3989.147969
1.201857 3657.335287
1.201877 3521.992005
1.201891 2723.522839
1.201911 1895.912238
1.201918 1695.060694
1.201938 1223.918832
1.201959 931.4246021
1.201979 677.9362441
1.202 485.0496304
1.20202 349.4306791
1.202054 282.5254841
1.202061 270.8296433
1.202088 259.3214928
1.202102 251.7305279
1.202122 248.5862386
1.202163 245.4812237
1.202272 248.5862386
1.202306 262.6015689
1.20234 268.9791821
1.20238 280.5951102
1.202414 328.8967065
1.202448 394.4246491
1.202489 476.2621851
1.202523 551.2730005
1.202557 694.4007881
1.202598 813.0052989
1.202632 963.9074808
1.202666 1050.157566
1.202707 1252.211577
1.202741 1531.152932
1.202775 1750.170621
1.202816 1975.52898
1.20285 2258.110675
1.202884 2502.696358
1.202918 3021.970455
1.202959 3372.334775
1.202993 3674.090044
1.203027 4021.183852
1.203068 4461.83106
1.203102 4979.13142
1.203136 5418.467205
1.203176 6046.679031
1.20321 6911.602213
1.203244 8046.011183
1.203285 8656.472288
1.203319 9771.111263
1.203353 10903.96441
1.203428 12606.91408
1.203537 14642.59938
1.203612 16136.14707
1.20368 17360.41708
1.203789 19000.4676
1.203897 20325.59772
1.204006 21471.55804
1.204115 22682.12778
1.204258 23661.66072
1.204367 24403.04968
1.204476 24995.70878
1.204585 25602.76136
1.204659 25926.60265
1.204768 26404.97068
1.204911 26708.42253
1.205095 27201.21581
1.205238 27703.10154
1.205421 28053.50937
1.205598 28214.2475
1.205891 28408.3494
1.207408 28408.3494
1.207591 28053.50937
1.207809 27545.27544
1.20802 27388.34849
1.208238 27201.21581
1.208455 27201.21581
1.208748 26892.16501
1.209217 26556.26318
1.209687 26224.55699
1.21 25749.45744
1.30038 25632.03357
1.301047 25282.96508
1.301088 25110.21756
1.30117 24739.96964
1.301299 24070.71804
1.30134 23392.82512
1.30138 22916.59484
1.301421 22424.4213
1.301462 21203.36336
1.30151 20325.59772
1.301551 19640.64202
1.301571 18827.56909
1.301591 14311.76126
1.301632 13625.55257
1.301673 12085.01971
1.301687 10500.45251
1.301693 8927.704857
1.301707 8577.701011
1.301727 7765.988285
1.301748 7079.459265
1.301782 5646.009756
1.301802 5194.156362
1.301823 4702.63039
1.301836 3989.147969
1.301857 3657.335287
1.301877 3521.992005
1.301891 2723.522839
1.301911 1895.912238
1.301918 1695.060694
1.301938 1223.918832
1.301959 931.4246021
1.301979 677.9362441
1.302 485.0496304
1.30202 349.4306791
1.302054 282.5254841
1.302061 270.8296433
1.302088 259.3214928
1.302102 251.7305279
1.302122 248.5862386
1.302163 245.4812237
1.302272 248.5862386
1.302306 262.6015689
1.30234 268.9791821
1.30238 280.5951102
1.302414 328.8967065
1.302448 394.4246491
1.302489 476.2621851
1.302523 551.2730005
1.302557 694.4007881
1.302598 813.0052989
1.302632 963.9074808
1.302666 1050.157566
1.302707 1252.211577
1.302741 1531.152932
1.302775 1750.170621
1.302816 1975.52898
1.30285 2258.110675
1.302884 2502.696358
1.302918 3021.970455
1.302959 3372.334775
1.302993 3674.090044
1.303027 4021.183852
1.303068 4461.83106
1.303102 4979.13142
1.303136 5418.467205
1.303176 6046.679031
1.30321 6911.602213
1.303244 8046.011183
1.303285 8656.472288
1.303319 9771.111263
1.303353 10903.96441
1.303428 12606.91408
1.303537 14642.59938
1.303612 16136.14707
1.30368 17360.41708
1.303789 19000.4676
1.303897 20325.59772
1.304006 21471.55804
1.304115 22682.12778
1.304258 23661.66072
1.304367 24403.04968
1.304476 24995.70878
1.304585 25602.76136
1.304659 25926.60265
1.304768 26404.97068
1.304911 26708.42253
1.305095 27201.21581
1.305238 27703.10154
1.305421 28053.50937
1.305598 28214.2475
1.305891 28408.3494
1.307408 28408.3494
1.307591 28053.50937
1.307809 27545.27544
1.30802 27388.34849
1.308238 27201.21581
1.308455 27201.21581
1.308748 26892.16501
1.309217 26556.26318
1.309687 26224.55699
1.31 25749.45744
1.40038 25632.03357
1.401047 25282.96508
1.401088 25110.21756
1.40117 24739.96964
1.401299 24070.71804
1.40134 23392.82512
1.40138 22916.59484
1.401421 22424.4213
1.401462 21203.36336
1.40151 20325.59772
1.401551 19640.64202
1.401571 18827.56909
1.401591 14311.76126
1.401632 13625.55257
1.401673 12085.01971
1.401687 10500.45251
1.401693 8927.704857
1.401707 8577.701011
1.401727 7765.988285
1.401748 7079.459265
1.401782 5646.009756
1.401802 5194.156362
1.401823 4702.63039
1.401836 3989.147969
1.401857 3657.335287
1.401877 3521.992005
1.401891 2723.522839
1.401911 1895.912238
1.401918 1695.060694
1.401938 1223.918832
1.401959 931.4246021
1.401979 677.9362441
1.402 485.0496304
1.40202 349.4306791
1.402054 282.5254841
1.402061 270.8296433
1.402088 259.3214928
1.402102 251.7305279
1.402122 248.5862386
1.402163 245.4812237
1.402272 248.5862386
1.402306 262.6015689
1.40234 268.9791821
1.40238 280.5951102
1.402414 328.8967065
1.402448 394.4246491
1.402489 476.2621851
1.402523 551.2730005
1.402557 694.4007881
1.402598 813.0052989
1.402632 963.9074808
1.402666 1050.157566
1.402707 1252.211577
1.402741 1531.152932
1.402775 1750.170621
1.402816 1975.52898
1.40285 2258.110675
1.402884 2502.696358
1.402918 3021.970455
1.402959 3372.334775
1.402993 3674.090044
1.403027 4021.183852
1.403068 4461.83106
1.403102 4979.13142
1.403136 5418.467205
1.403176 6046.679031
1.40321 6911.602213
1.403244 8046.011183
1.403285 8656.472288
1.403319 9771.111263
1.403353 10903.96441
1.403428 12606.91408
1.403537 14642.59938
1.403612 16136.14707
1.40368 17360.41708
1.403789 19000.4676
1.403897 20325.59772
1.404006 21471.55804
1.404115 22682.12778
1.404258 23661.66072
1.404367 24403.04968
1.404476 24995.70878
1.404585 25602.76136
1.404659 25926.60265
1.404768 26404.97068
1.404911 26708.42253
1.405095 27201.21581
1.405238 27703.10154
1.405421 28053.50937
1.405598 28214.2475
1.405891 28408.3494
1.407408 28408.3494
1.407591 28053.50937
1.407809 27545.27544
1.40802 27388.34849
1.408238 27201.21581
1.408455 27201.21581
1.408748 26892.16501
1.409217 26556.26318
1.409687 26224.55699
1.41 25749.45744
1.50038 25632.03357
1.501047 25282.96508
1.501088 25110.21756
1.50117 24739.96964
1.501299 24070.71804
1.50134 23392.82512
1.50138 22916.59484
1.501421 22424.4213
1.501462 21203.36336
1.50151 20325.59772
1.501551 19640.64202
1.501571 18827.56909
1.501591 14311.76126
1.501632 13625.55257
1.501673 12085.01971
1.501687 10500.45251
1.501693 8927.704857
1.501707 8577.701011
1.501727 7765.988285
1.501748 7079.459265
1.501782 5646.009756
1.501802 5194.156362
1.501823 4702.63039
1.501836 3989.147969
1.501857 3657.335287
1.501877 3521.992005
1.501891 2723.522839
1.501911 1895.912238
1.501918 1695.060694
1.501938 1223.918832
1.501959 931.4246021
1.501979 677.9362441
1.502 485.0496304
1.50202 349.4306791
1.502054 282.5254841
1.502061 270.8296433
1.502088 259.3214928
1.502102 251.7305279
1.502122 248.5862386
1.502163 245.4812237
1.502272 248.5862386
1.502306 262.6015689
1.50234 268.9791821
1.50238 280.5951102
1.502414 328.8967065
1.502448 394.4246491
1.502489 476.2621851
1.502523 551.2730005
1.502557 694.4007881
1.502598 813.0052989
1.502632 963.9074808
1.502666 1050.157566
1.502707 1252.211577
1.502741 1531.152932
1.502775 1750.170621
1.502816 1975.52898
1.50285 2258.110675
1.502884 2502.696358
1.502918 3021.970455
1.502959 3372.334775
1.502993 3674.090044
1.503027 4021.183852
1.503068 4461.83106
1.503102 4979.13142
1.503136 5418.467205
1.503176 6046.679031
1.50321 6911.602213
1.503244 8046.011183
1.503285 8656.472288
1.503319 9771.111263
1.503353 10903.96441
1.503428 12606.91408
1.503537 14642.59938
1.503612 16136.14707
1.50368 17360.41708
1.503789 19000.4676
1.503897 20325.59772
1.504006 21471.55804
1.504115 22682.12778
1.504258 23661.66072
1.504367 24403.04968
1.504476 24995.70878
1.504585 25602.76136
1.504659 25926.60265
1.504768 26404.97068
1.504911 26708.42253
1.505095 27201.21581
1.505238 27703.10154
1.505421 28053.50937
1.505598 28214.2475
1.505891 28408.3494
1.507408 28408.3494
1.507591 28053.50937
1.507809 27545.27544
1.50802 27388.34849
1.508238 27201.21581
1.508455 27201.21581
1.508748 26892.16501
1.509217 26556.26318
1.509687 26224.55699
1.51 25749.45744
1.60038 25632.03357
1.601047 25282.96508
1.601088 25110.21756
1.60117 24739.96964
1.601299 24070.71804
1.60134 23392.82512
1.60138 22916.59484
1.601421 22424.4213
1.601462 21203.36336
1.60151 20325.59772
1.601551 19640.64202
1.601571 18827.56909
1.601591 14311.76126
1.601632 13625.55257
1.601673 12085.01971
1.601687 10500.45251
1.601693 8927.704857
1.601707 8577.701011
1.601727 7765.988285
1.601748 7079.459265
1.601782 5646.009756
1.601802 5194.156362
1.601823 4702.63039
1.601836 3989.147969
1.601857 3657.335287
1.601877 3521.992005
1.601891 2723.522839
1.601911 1895.912238
1.601918 1695.060694
1.601938 1223.918832
1.601959 931.4246021
1.601979 677.9362441
1.602 485.0496304
1.60202 349.4306791
1.602054 282.5254841
1.602061 270.8296433
1.602088 259.3214928
1.602102 251.7305279
1.602122 248.5862386
1.602163 245.4812237
1.602272 248.5862386
1.602306 262.6015689
1.60234 268.9791821
1.60238 280.5951102
1.602414 328.8967065
1.602448 394.4246491
1.602489 476.2621851
1.602523 551.2730005
1.602557 694.4007881
1.602598 813.0052989
1.602632 963.9074808
1.602666 1050.157566
1.602707 1252.211577
1.602741 1531.152932
1.602775 1750.170621
1.602816 1975.52898
1.60285 2258.110675
1.602884 2502.696358
1.602918 3021.970455
1.602959 3372.334775
1.602993 3674.090044
1.603027 4021.183852
1.603068 4461.83106
1.603102 4979.13142
1.603136 5418.467205
1.603176 6046.679031
1.60321 6911.602213
1.603244 8046.011183
1.603285 8656.472288
1.603319 9771.111263
1.603353 10903.96441
1.603428 12606.91408
1.603537 14642.59938
1.603612 16136.14707
1.60368 17360.41708
1.603789 19000.4676
1.603897 20325.59772
1.604006 21471.55804
1.604115 22682.12778
1.604258 23661.66072
1.604367 24403.04968
1.604476 24995.70878
1.604585 25602.76136
1.604659 25926.60265
1.604768 26404.97068
1.604911 26708.42253
1.605095 27201.21581
1.605238 27703.10154
1.605421 28053.50937
1.605598 28214.2475
1.605891 28408.3494
1.607408 28408.3494
1.607591 28053.50937
1.607809 27545.27544
1.60802 27388.34849
1.608238 27201.21581
1.608455 27201.21581
1.608748 26892.16501
1.609217 26556.26318
1.609687 26224.55699
1.61 25749.45744
1.70038 25632.03357
1.701047 25282.96508
1.701088 25110.21756
1.70117 24739.96964
1.701299 24070.71804
1.70134 23392.82512
1.70138 22916.59484
1.701421 22424.4213
1.701462 21203.36336
1.70151 20325.59772
1.701551 19640.64202
1.701571 18827.56909
1.701591 14311.76126
1.701632 13625.55257
1.701673 12085.01971
1.701687 10500.45251
1.701693 8927.704857
1.701707 8577.701011
1.701727 7765.988285
1.701748 7079.459265
1.701782 5646.009756
1.701802 5194.156362
1.701823 4702.63039
1.701836 3989.147969
1.701857 3657.335287
1.701877 3521.992005
1.701891 2723.522839
1.701911 1895.912238
1.701918 1695.060694
1.701938 1223.918832
1.701959 931.4246021
1.701979 677.9362441
1.702 485.0496304
1.70202 349.4306791
1.702054 282.5254841
1.702061 270.8296433
1.702088 259.3214928
1.702102 251.7305279
1.702122 248.5862386
1.702163 245.4812237
1.702272 248.5862386
1.702306 262.6015689
1.70234 268.9791821
1.70238 280.5951102
1.702414 328.8967065
1.702448 394.4246491
1.702489 476.2621851
1.702523 551.2730005
1.702557 694.4007881
1.702598 813.0052989
1.702632 963.9074808
1.702666 1050.157566
1.702707 1252.211577
1.702741 1531.152932
1.702775 1750.170621
1.702816 1975.52898
1.70285 2258.110675
1.702884 2502.696358
1.702918 3021.970455
1.702959 3372.334775
1.702993 3674.090044
1.703027 4021.183852
1.703068 4461.83106
1.703102 4979.13142
1.703136 5418.467205
1.703176 6046.679031
1.70321 6911.602213
1.703244 8046.011183
1.703285 8656.472288
1.703319 9771.111263
1.703353 10903.96441
1.703428 12606.91408
1.703537 14642.59938
1.703612 16136.14707
1.70368 17360.41708
1.703789 19000.4676
1.703897 20325.59772
1.704006 21471.55804
1.704115 22682.12778
1.704258 23661.66072
1.704367 24403.04968
1.704476 24995.70878
1.704585 25602.76136
1.704659 25926.60265
1.704768 26404.97068
1.704911 26708.42253
1.705095 27201.21581
1.705238 27703.10154
1.705421 28053.50937
1.705598 28214.2475
1.705891 28408.3494
1.707408 28408.3494
1.707591 28053.50937
1.707809 27545.27544
1.70802 27388.34849
1.708238 27201.21581
1.708455 27201.21581
1.708748 26892.16501
1.709217 26556.26318
1.709687 26224.55699
1.71 25749.45744
1.80038 25632.03357
1.801047 25282.96508
1.801088 25110.21756
1.80117 24739.96964
1.801299 24070.71804
1.80134 23392.82512
1.80138 22916.59484
1.801421 22424.4213
1.801462 21203.36336
1.80151 20325.59772
1.801551 19640.64202
1.801571 18827.56909
1.801591 14311.76126
1.801632 13625.55257
1.801673 12085.01971
1.801687 10500.45251
1.801693 8927.704857
1.801707 8577.701011
1.801727 7765.988285
1.801748 7079.459265
1.801782 5646.009756
1.801802 5194.156362
1.801823 4702.63039
1.801836 3989.147969
1.801857 3657.335287
1.801877 3521.992005
1.801891 2723.522839
1.801911 1895.912238
1.801918 1695.060694
1.801938 1223.918832
1.801959 931.4246021
1.801979 677.9362441
1.802 485.0496304
1.80202 349.4306791
1.802054 282.5254841
1.802061 270.8296433
1.802088 259.3214928
1.802102 251.7305279
1.802122 248.5862386
1.802163 245.4812237
1.802272 248.5862386
1.802306 262.6015689
1.80234 268.9791821
1.80238 280.5951102
1.802414 328.8967065
1.802448 394.4246491
1.802489 476.2621851
1.802523 551.2730005
1.802557 694.4007881
1.802598 813.0052989
1.802632 963.9074808
1.802666 1050.157566
1.802707 1252.211577
1.802741 1531.152932
1.802775 1750.170621
1.802816 1975.52898
1.80285 2258.110675
1.802884 2502.696358
1.802918 3021.970455
1.802959 3372.334775
1.802993 3674.090044
1.803027 4021.183852
1.803068 4461.83106
1.803102 4979.13142
1.803136 5418.467205
1.803176 6046.679031
1.80321 6911.602213
1.803244 8046.011183
1.803285 8656.472288
1.803319 9771.111263
1.803353 10903.96441
1.803428 12606.91408
1.803537 14642.59938
1.803612 16136.14707
1.80368 17360.41708
1.803789 19000.4676
1.803897 20325.59772
1.804006 21471.55804
1.804115 22682.12778
1.804258 23661.66072
1.804367 24403.04968
1.804476 24995.70878
1.804585 25602.76136
1.804659 25926.60265
1.804768 26404.97068
1.804911 26708.42253
1.805095 27201.21581
1.805238 27703.10154
1.805421 28053.50937
1.805598 28214.2475
1.805891 28408.3494
1.807408 28408.3494
1.807591 28053.50937
1.807809 27545.27544
1.80802 27388.34849
1.808238 27201.21581
1.808455 27201.21581
1.808748 26892.16501
1.809217 26556.26318
1.809687 26224.55699
1.81 25749.45744
1.90038 25632.03357
1.901047 25282.96508
1.901088 25110.21756
1.90117 24739.96964
1.901299 24070.71804
1.90134 23392.82512
1.90138 22916.59484
1.901421 22424.4213
1.901462 21203.36336
1.90151 20325.59772
1.901551 19640.64202
1.90157099999999 18827.56909
1.901591 14311.76126
1.901632 13625.55257
1.90167299999999 12085.01971
1.901687 10500.45251
1.901693 8927.704857
1.901707 8577.701011
1.901727 7765.988285
1.901748 7079.459265
1.90178199999999 5646.009756
1.901802 5194.156362
1.901823 4702.63039
1.901836 3989.147969
1.901857 3657.335287
1.90187699999999 3521.992005
1.901891 2723.522839
1.901911 1895.912238
1.901918 1695.060694
1.901938 1223.918832
1.901959 931.4246021
1.90197899999999 677.9362441
1.902 485.0496304
1.90202 349.4306791
1.902054 282.5254841
1.902061 270.8296433
1.902088 259.3214928
1.902102 251.7305279
1.902122 248.5862386
1.902163 245.4812237
1.902272 248.5862386
1.902306 262.6015689
1.90233999999999 268.9791821
1.90238 280.5951102
1.902414 328.8967065
1.902448 394.4246491
1.902489 476.2621851
1.902523 551.2730005
1.902557 694.4007881
1.902598 813.0052989
1.90263199999999 963.9074808
1.902666 1050.157566
1.902707 1252.211577
1.90274099999999 1531.152932
1.902775 1750.170621
1.902816 1975.52898
1.90285 2258.110675
1.902884 2502.696358
1.902918 3021.970455
1.902959 3372.334775
1.902993 3674.090044
1.903027 4021.183852
1.903068 4461.83106
1.903102 4979.13142
1.903136 5418.467205
1.903176 6046.679031
1.90321 6911.602213
1.903244 8046.011183
1.903285 8656.472288
1.903319 9771.111263
1.903353 10903.96441
1.903428 12606.91408
1.903537 14642.59938
1.90361199999999 16136.14707
1.90368 17360.41708
1.903789 19000.4676
1.90389699999999 20325.59772
1.90400599999999 21471.55804
1.904115 22682.12778
1.904258 23661.66072
1.90436699999999 24403.04968
1.90447599999999 24995.70878
1.904585 25602.76136
1.90465899999999 25926.60265
1.90476799999999 26404.97068
1.904911 26708.42253
1.905095 27201.21581
1.90523799999999 27703.10154
1.905421 28053.50937
1.905598 28214.2475
1.905891 28408.3494
1.907408 28408.3494
1.907591 28053.50937
1.907809 27545.27544
1.90802 27388.34849
1.90823799999999 27201.21581
1.908455 27201.21581
1.908748 26892.16501
1.909217 26556.26318
1.909687 26224.55699
1.91 25749.45744
2.00038 25632.03357
2.001047 25282.96508
2.001088 25110.21756
2.00117 24739.96964
2.001299 24070.71804
2.00134 23392.82512
2.00138 22916.59484
2.00142099999999 22424.4213
2.001462 21203.36336
2.00151 20325.59772
2.001551 19640.64202
2.00157099999999 18827.56909
2.001591 14311.76126
2.001632 13625.55257
2.00167299999999 12085.01971
2.00168699999999 10500.45251
2.001693 8927.704857
2.001707 8577.701011
2.00172699999999 7765.988285
2.001748 7079.459265
2.001782 5646.009756
2.001802 5194.156362
2.001823 4702.63039
2.001836 3989.147969
2.001857 3657.335287
2.00187699999999 3521.992005
2.00189099999999 2723.522839
2.001911 1895.912238
2.001918 1695.060694
2.001938 1223.918832
2.001959 931.4246021
2.00197899999999 677.9362441
2.00199999999999 485.0496304
2.00202 349.4306791
2.002054 282.5254841
2.002061 270.8296433
2.002088 259.3214928
2.002102 251.7305279
2.002122 248.5862386
2.002163 245.4812237
2.002272 248.5862386
2.002306 262.6015689
2.00233999999999 268.9791821
2.00238 280.5951102
2.002414 328.8967065
2.002448 394.4246491
2.00248899999999 476.2621851
2.002523 551.2730005
2.002557 694.4007881
2.002598 813.0052989
2.00263199999999 963.9074808
2.002666 1050.157566
2.002707 1252.211577
2.00274099999999 1531.152932
2.002775 1750.170621
2.002816 1975.52898
2.00285 2258.110675
2.002884 2502.696358
2.002918 3021.970455
2.00295899999999 3372.334775
2.002993 3674.090044
2.003027 4021.183852
2.00306799999999 4461.83106
2.003102 4979.13142
2.003136 5418.467205
2.003176 6046.679031
2.00321 6911.602213
2.00324399999999 8046.011183
2.003285 8656.472288
2.003319 9771.111263
2.003353 10903.96441
2.003428 12606.91408
2.003537 14642.59938
2.003612 16136.14707
2.00368 17360.41708
2.003789 19000.4676
2.00389699999999 20325.59772
2.00400599999999 21471.55804
2.004115 22682.12778
2.004258 23661.66072
2.00436699999999 24403.04968
2.00447599999999 24995.70878
2.004585 25602.76136
2.00465899999999 25926.60265
2.00476799999999 26404.97068
2.004911 26708.42253
2.00509499999999 27201.21581
2.00523799999999 27703.10154
2.005421 28053.50937
2.005598 28214.2475
2.005891 28408.3494
2.007408 28408.3494
2.007591 28053.50937
2.007809 27545.27544
2.00802 27388.34849
2.008238 27201.21581
2.008455 27201.21581
2.008748 26892.16501
2.009217 26556.26318
2.009687 26224.55699
2.01 25749.45744
2.10038 25632.03357
2.101047 25282.96508
2.101088 25110.21756
2.10117 24739.96964
2.101299 24070.71804
2.10134 23392.82512
2.10138 22916.59484
2.10142099999999 22424.4213
2.101462 21203.36336
2.10151 20325.59772
2.101551 19640.64202
2.10157099999999 18827.56909
2.101591 14311.76126
2.101632 13625.55257
2.10167299999999 12085.01971
2.10168699999999 10500.45251
2.101693 8927.704857
2.101707 8577.701011
2.101727 7765.988285
2.101748 7079.459265
2.10178199999999 5646.009756
2.101802 5194.156362
2.101823 4702.63039
2.101836 3989.147969
2.101857 3657.335287
2.10187699999999 3521.992005
2.10189099999999 2723.522839
2.101911 1895.912238
2.101918 1695.060694
2.101938 1223.918832
2.101959 931.4246021
2.10197899999999 677.9362441
2.10199999999999 485.0496304
2.10202 349.4306791
2.102054 282.5254841
2.102061 270.8296433
2.10208799999999 259.3214928
2.102102 251.7305279
2.102122 248.5862386
2.102163 245.4812237
2.102272 248.5862386
2.102306 262.6015689
2.10233999999999 268.9791821
2.10237999999999 280.5951102
2.102414 328.8967065
2.102448 394.4246491
2.10248899999999 476.2621851
2.102523 551.2730005
2.102557 694.4007881
2.102598 813.0052989
2.10263199999999 963.9074808
2.102666 1050.157566
2.102707 1252.211577
2.10274099999999 1531.152932
2.102775 1750.170621
2.102816 1975.52898
2.10284999999999 2258.110675
2.102884 2502.696358
2.102918 3021.970455
2.10295899999999 3372.334775
2.102993 3674.090044
2.103027 4021.183852
2.103068 4461.83106
2.103102 4979.13142
2.103136 5418.467205
2.103176 6046.679031
2.10321 6911.602213
2.10324399999999 8046.011183
2.103285 8656.472288
2.103319 9771.111263
2.10335299999999 10903.96441
2.103428 12606.91408
2.103537 14642.59938
2.10361199999999 16136.14707
2.10368 17360.41708
2.103789 19000.4676
2.10389699999999 20325.59772
2.10400599999999 21471.55804
2.10411499999999 22682.12778
2.104258 23661.66072
2.10436699999999 24403.04968
2.10447599999999 24995.70878
2.10458499999999 25602.76136
2.10465899999999 25926.60265
2.10476799999999 26404.97068
2.104911 26708.42253
2.105095 27201.21581
2.10523799999999 27703.10154
2.105421 28053.50937
2.105598 28214.2475
2.105891 28408.3494
2.107408 28408.3494
2.107591 28053.50937
2.107809 27545.27544
2.10802 27388.34849
2.10823799999999 27201.21581
2.108455 27201.21581
2.10874799999999 26892.16501
2.109217 26556.26318
2.109687 26224.55699
2.11 25749.45744
2.20038 25632.03357
2.201047 25282.96508
2.201088 25110.21756
2.20117 24739.96964
2.201299 24070.71804
2.20133999999999 23392.82512
2.20138 22916.59484
2.20142099999999 22424.4213
2.201462 21203.36336
2.20151 20325.59772
2.20155099999999 19640.64202
2.20157099999999 18827.56909
2.201591 14311.76126
2.20163199999999 13625.55257
2.20167299999999 12085.01971
2.20168699999999 10500.45251
2.201693 8927.704857
2.201707 8577.701011
2.20172699999999 7765.988285
2.20174799999999 7079.459265
2.20178199999999 5646.009756
2.201802 5194.156362
2.201823 4702.63039
2.20183599999999 3989.147969
2.201857 3657.335287
2.20187699999999 3521.992005
2.20189099999999 2723.522839
2.201911 1895.912238
2.201918 1695.060694
2.20193799999999 1223.918832
2.201959 931.4246021
2.20197899999999 677.9362441
2.20199999999999 485.0496304
2.20202 349.4306791
2.202054 282.5254841
2.202061 270.8296433
2.20208799999999 259.3214928
2.20210199999999 251.7305279
2.202122 248.5862386
2.202163 245.4812237
2.202272 248.5862386
2.20230599999999 262.6015689
2.20233999999999 268.9791821
2.20237999999999 280.5951102
2.202414 328.8967065
2.202448 394.4246491
2.20248899999999 476.2621851
2.202523 551.2730005
2.202557 694.4007881
2.20259799999999 813.0052989
2.20263199999999 963.9074808
2.202666 1050.157566
2.20270699999999 1252.211577
2.20274099999999 1531.152932
2.202775 1750.170621
2.202816 1975.52898
2.20284999999999 2258.110675
2.202884 2502.696358
2.202918 3021.970455
2.20295899999999 3372.334775
2.202993 3674.090044
2.203027 4021.183852
2.20306799999999 4461.83106
2.203102 4979.13142
2.203136 5418.467205
2.203176 6046.679031
2.20321 6911.602213
2.20324399999999 8046.011183
2.203285 8656.472288
2.203319 9771.111263
2.20335299999999 10903.96441
2.203428 12606.91408
2.203537 14642.59938
2.20361199999999 16136.14707
2.20367999999999 17360.41708
2.203789 19000.4676
2.20389699999999 20325.59772
2.20400599999999 21471.55804
2.20411499999999 22682.12778
2.204258 23661.66072
2.20436699999999 24403.04968
2.20447599999999 24995.70878
2.20458499999999 25602.76136
2.20465899999999 25926.60265
2.20476799999999 26404.97068
2.204911 26708.42253
2.20509499999999 27201.21581
2.20523799999999 27703.10154
2.205421 28053.50937
2.20559799999999 28214.2475
2.205891 28408.3494
2.207408 28408.3494
2.207591 28053.50937
2.207809 27545.27544
2.20802 27388.34849
2.20823799999999 27201.21581
2.208455 27201.21581
2.20874799999999 26892.16501
2.209217 26556.26318
2.209687 26224.55699
2.21 25749.45744
2.30038 25632.03357
2.301047 25282.96508
2.301088 25110.21756
2.30117 24739.96964
2.301299 24070.71804
2.30133999999999 23392.82512
2.30138 22916.59484
2.30142099999999 22424.4213
2.301462 21203.36336
2.30151 20325.59772
2.301551 19640.64202
2.30157099999999 18827.56909
2.301591 14311.76126
2.30163199999999 13625.55257
2.30167299999999 12085.01971
2.30168699999999 10500.45251
2.301693 8927.704857
2.301707 8577.701011
2.30172699999999 7765.988285
2.301748 7079.459265
2.30178199999999 5646.009756
2.301802 5194.156362
2.301823 4702.63039
2.30183599999999 3989.147969
2.301857 3657.335287
2.30187699999999 3521.992005
2.30189099999999 2723.522839
2.301911 1895.912238
2.301918 1695.060694
2.30193799999999 1223.918832
2.301959 931.4246021
2.30197899999999 677.9362441
2.30199999999999 485.0496304
2.30202 349.4306791
2.302054 282.5254841
2.302061 270.8296433
2.30208799999999 259.3214928
2.30210199999999 251.7305279
2.302122 248.5862386
2.302163 245.4812237
2.302272 248.5862386
2.30230599999999 262.6015689
2.30233999999999 268.9791821
2.30237999999999 280.5951102
2.302414 328.8967065
2.302448 394.4246491
2.30248899999999 476.2621851
2.302523 551.2730005
2.302557 694.4007881
2.30259799999999 813.0052989
2.30263199999999 963.9074808
2.302666 1050.157566
2.30270699999999 1252.211577
2.30274099999999 1531.152932
2.302775 1750.170621
2.302816 1975.52898
2.30284999999999 2258.110675
2.302884 2502.696358
2.302918 3021.970455
2.30295899999999 3372.334775
2.302993 3674.090044
2.303027 4021.183852
2.30306799999999 4461.83106
2.303102 4979.13142
2.303136 5418.467205
2.303176 6046.679031
2.30321 6911.602213
2.30324399999999 8046.011183
2.303285 8656.472288
2.303319 9771.111263
2.30335299999999 10903.96441
2.303428 12606.91408
2.303537 14642.59938
2.30361199999999 16136.14707
2.30368 17360.41708
2.303789 19000.4676
2.30389699999999 20325.59772
2.30400599999999 21471.55804
2.30411499999999 22682.12778
2.304258 23661.66072
2.30436699999999 24403.04968
2.30447599999999 24995.70878
2.30458499999999 25602.76136
2.30465899999999 25926.60265
2.30476799999999 26404.97068
2.304911 26708.42253
2.30509499999999 27201.21581
2.30523799999999 27703.10154
2.305421 28053.50937
2.30559799999999 28214.2475
2.305891 28408.3494
2.307408 28408.3494
2.307591 28053.50937
2.307809 27545.27544
2.30802 27388.34849
2.30823799999999 27201.21581
2.308455 27201.21581
2.30874799999999 26892.16501
2.309217 26556.26318
2.309687 26224.55699
2.31 25749.45744
2.40038 25632.03357
2.401047 25282.96508
2.40108799999999 25110.21756
2.40117 24739.96964
2.40129899999999 24070.71804
2.40133999999999 23392.82512
2.40137999999999 22916.59484
2.40142099999999 22424.4213
2.401462 21203.36336
2.40151 20325.59772
2.40155099999999 19640.64202
2.40157099999999 18827.56909
2.40159099999999 14311.76126
2.40163199999999 13625.55257
2.40167299999999 12085.01971
2.40168699999999 10500.45251
2.40169299999999 8927.704857
2.401707 8577.701011
2.40172699999999 7765.988285
2.40174799999999 7079.459265
2.40178199999999 5646.009756
2.401802 5194.156362
2.401823 4702.63039
2.40183599999999 3989.147969
2.40185699999999 3657.335287
2.40187699999999 3521.992005
2.40189099999999 2723.522839
2.401911 1895.912238
2.401918 1695.060694
2.40193799999999 1223.918832
2.40195899999999 931.4246021
2.40197899999999 677.9362441
2.40199999999999 485.0496304
2.40202 349.4306791
2.40205399999999 282.5254841
2.40206099999999 270.8296433
2.40208799999999 259.3214928
2.40210199999999 251.7305279
2.402122 248.5862386
2.40216299999999 245.4812237
2.402272 248.5862386
2.40230599999999 262.6015689
2.40233999999999 268.9791821
2.40237999999999 280.5951102
2.402414 328.8967065
2.40244799999999 394.4246491
2.40248899999999 476.2621851
2.402523 551.2730005
2.40255699999999 694.4007881
2.40259799999999 813.0052989
2.40263199999999 963.9074808
2.402666 1050.157566
2.40270699999999 1252.211577
2.40274099999999 1531.152932
2.402775 1750.170621
2.40281599999999 1975.52898
2.40284999999999 2258.110675
2.402884 2502.696358
2.40291799999999 3021.970455
2.40295899999999 3372.334775
2.402993 3674.090044
2.40302699999999 4021.183852
2.40306799999999 4461.83106
2.403102 4979.13142
2.403136 5418.467205
2.403176 6046.679031
2.40320999999999 6911.602213
2.40324399999999 8046.011183
2.403285 8656.472288
2.40331899999999 9771.111263
2.40335299999999 10903.96441
2.403428 12606.91408
2.403537 14642.59938
2.40361199999999 16136.14707
2.40367999999999 17360.41708
2.40378899999999 19000.4676
2.40389699999999 20325.59772
2.40400599999999 21471.55804
2.40411499999999 22682.12778
2.404258 23661.66072
2.40436699999999 24403.04968
2.40447599999999 24995.70878
2.40458499999999 25602.76136
2.40465899999999 25926.60265
2.40476799999999 26404.97068
2.404911 26708.42253
2.40509499999999 27201.21581
2.40523799999999 27703.10154
2.405421 28053.50937
2.40559799999999 28214.2475
2.405891 28408.3494
2.407408 28408.3494
2.407591 28053.50937
2.407809 27545.27544
2.40802 27388.34849
2.40823799999999 27201.21581
2.408455 27201.21581
2.40874799999999 26892.16501
2.409217 26556.26318
2.409687 26224.55699
2.41 25749.45744
2.50037999999999 25632.03357
2.50104699999999 25282.96508
2.50108799999999 25110.21756
2.50117 24739.96964
2.50129899999999 24070.71804
2.50133999999999 23392.82512
2.50137999999999 22916.59484
2.50142099999999 22424.4213
2.501462 21203.36336
2.50150999999999 20325.59772
2.50155099999999 19640.64202
2.50157099999999 18827.56909
2.50159099999999 14311.76126
2.50163199999999 13625.55257
2.50167299999999 12085.01971
2.50168699999999 10500.45251
2.50169299999999 8927.704857
2.50170699999999 8577.701011
2.50172699999999 7765.988285
2.50174799999999 7079.459265
2.50178199999999 5646.009756
2.50180199999999 5194.156362
2.501823 4702.63039
2.50183599999999 3989.147969
2.50185699999999 3657.335287
2.50187699999999 3521.992005
2.50189099999999 2723.522839
2.50191099999999 1895.912238
2.50191799999999 1695.060694
2.50193799999999 1223.918832
2.50195899999999 931.4246021
2.50197899999999 677.9362441
2.50199999999999 485.0496304
2.50202 349.4306791
2.50205399999999 282.5254841
2.50206099999999 270.8296433
2.50208799999999 259.3214928
2.50210199999999 251.7305279
2.502122 248.5862386
2.50216299999999 245.4812237
2.50227199999999 248.5862386
2.50230599999999 262.6015689
2.50233999999999 268.9791821
2.50237999999999 280.5951102
2.502414 328.8967065
2.50244799999999 394.4246491
2.50248899999999 476.2621851
2.502523 551.2730005
2.50255699999999 694.4007881
2.50259799999999 813.0052989
2.50263199999999 963.9074808
2.50266599999999 1050.157566
2.50270699999999 1252.211577
2.50274099999999 1531.152932
2.50277499999999 1750.170621
2.50281599999999 1975.52898
2.50284999999999 2258.110675
2.502884 2502.696358
2.50291799999999 3021.970455
2.50295899999999 3372.334775
2.502993 3674.090044
2.50302699999999 4021.183852
2.50306799999999 4461.83106
2.503102 4979.13142
2.50313599999999 5418.467205
2.50317599999999 6046.679031
2.50320999999999 6911.602213
2.50324399999999 8046.011183
2.503285 8656.472288
2.50331899999999 9771.111263
2.50335299999999 10903.96441
2.50342799999999 12606.91408
2.50353699999999 14642.59938
2.50361199999999 16136.14707
2.50367999999999 17360.41708
2.50378899999999 19000.4676
2.50389699999999 20325.59772
2.50400599999999 21471.55804
2.50411499999999 22682.12778
2.504258 23661.66072
2.50436699999999 24403.04968
2.50447599999999 24995.70878
2.50458499999999 25602.76136
2.50465899999999 25926.60265
2.50476799999999 26404.97068
2.504911 26708.42253
2.50509499999999 27201.21581
2.50523799999999 27703.10154
2.505421 28053.50937
2.50559799999999 28214.2475
2.505891 28408.3494
2.50740799999999 28408.3494
2.50759099999999 28053.50937
2.507809 27545.27544
2.50802 27388.34849
2.50823799999999 27201.21581
2.50845499999999 27201.21581
2.50874799999999 26892.16501
2.50921699999999 26556.26318
2.50968699999999 26224.55699
2.50999999999999 25749.45744
2.60038 25632.03357
2.601047 25282.96508
2.60108799999999 25110.21756
2.60117 24739.96964
2.60129899999999 24070.71804
2.60133999999999 23392.82512
2.60137999999999 22916.59484
2.60142099999999 22424.4213
2.601462 21203.36336
2.60150999999999 20325.59772
2.60155099999999 19640.64202
2.60157099999999 18827.56909
2.60159099999999 14311.76126
2.60163199999999 13625.55257
2.60167299999999 12085.01971
2.60168699999999 10500.45251
2.60169299999999 8927.704857
2.60170699999999 8577.701011
2.60172699999999 7765.988285
2.60174799999999 7079.459265
2.60178199999999 5646.009756
2.60180199999999 5194.156362
2.601823 4702.63039
2.60183599999999 3989.147969
2.60185699999999 3657.335287
2.60187699999999 3521.992005
2.60189099999999 2723.522839
2.60191099999999 1895.912238
2.601918 1695.060694
2.60193799999999 1223.918832
2.60195899999999 931.4246021
2.60197899999999 677.9362441
2.60199999999999 485.0496304
2.60202 349.4306791
2.60205399999999 282.5254841
2.60206099999999 270.8296433
2.60208799999999 259.3214928
2.60210199999999 251.7305279
2.602122 248.5862386
2.60216299999999 245.4812237
2.60227199999999 248.5862386
2.60230599999999 262.6015689
2.60233999999999 268.9791821
2.60237999999999 280.5951102
2.602414 328.8967065
2.60244799999999 394.4246491
2.60248899999999 476.2621851
2.602523 551.2730005
2.60255699999999 694.4007881
2.60259799999999 813.0052989
2.60263199999999 963.9074808
2.60266599999999 1050.157566
2.60270699999999 1252.211577
2.60274099999999 1531.152932
2.60277499999999 1750.170621
2.60281599999999 1975.52898
2.60284999999999 2258.110675
2.602884 2502.696358
2.60291799999999 3021.970455
2.60295899999999 3372.334775
2.602993 3674.090044
2.60302699999999 4021.183852
2.60306799999999 4461.83106
2.603102 4979.13142
2.60313599999999 5418.467205
2.603176 6046.679031
2.60320999999999 6911.602213
2.60324399999999 8046.011183
2.603285 8656.472288
2.60331899999999 9771.111263
2.60335299999999 10903.96441
2.60342799999999 12606.91408
2.60353699999999 14642.59938
2.60361199999999 16136.14707
2.60367999999999 17360.41708
2.60378899999999 19000.4676
2.60389699999999 20325.59772
2.60400599999999 21471.55804
2.60411499999999 22682.12778
2.604258 23661.66072
2.60436699999999 24403.04968
2.60447599999999 24995.70878
2.60458499999999 25602.76136
2.60465899999999 25926.60265
2.60476799999999 26404.97068
2.604911 26708.42253
2.60509499999999 27201.21581
2.60523799999999 27703.10154
2.605421 28053.50937
2.60559799999999 28214.2475
2.605891 28408.3494
2.607408 28408.3494
2.60759099999999 28053.50937
2.607809 27545.27544
2.60802 27388.34849
2.60823799999999 27201.21581
2.60845499999999 27201.21581
2.60874799999999 26892.16501
2.60921699999999 26556.26318
2.60968699999999 26224.55699
2.60999999999999 25749.45744
2.70037999999999 25632.03357
2.70104699999999 25282.96508
2.70108799999999 25110.21756
2.70116999999999 24739.96964
2.70129899999999 24070.71804
2.70133999999999 23392.82512
2.70137999999999 22916.59484
2.70142099999999 22424.4213
2.70146199999999 21203.36336
2.70150999999999 20325.59772
2.70155099999999 19640.64202
2.70157099999999 18827.56909
2.70159099999999 14311.76126
2.70163199999999 13625.55257
2.70167299999999 12085.01971
2.70168699999999 10500.45251
2.70169299999999 8927.704857
2.70170699999999 8577.701011
2.70172699999999 7765.988285
2.70174799999999 7079.459265
2.70178199999999 5646.009756
2.70180199999999 5194.156362
2.70182299999999 4702.63039
2.70183599999999 3989.147969
2.70185699999999 3657.335287
2.70187699999999 3521.992005
2.70189099999999 2723.522839
2.70191099999999 1895.912238
2.70191799999999 1695.060694
2.70193799999999 1223.918832
2.70195899999999 931.4246021
2.70197899999999 677.9362441
2.70199999999999 485.0496304
2.70201999999999 349.4306791
2.70205399999999 282.5254841
2.70206099999999 270.8296433
2.70208799999999 259.3214928
2.70210199999999 251.7305279
2.70212199999999 248.5862386
2.70216299999999 245.4812237
2.70227199999999 248.5862386
2.70230599999999 262.6015689
2.70233999999999 268.9791821
2.70237999999999 280.5951102
2.70241399999999 328.8967065
2.70244799999999 394.4246491
2.70248899999999 476.2621851
2.70252299999999 551.2730005
2.70255699999999 694.4007881
2.70259799999999 813.0052989
2.70263199999999 963.9074808
2.70266599999999 1050.157566
2.70270699999999 1252.211577
2.70274099999999 1531.152932
2.70277499999999 1750.170621
2.70281599999999 1975.52898
2.70284999999999 2258.110675
2.70288399999999 2502.696358
2.70291799999999 3021.970455
2.70295899999999 3372.334775
2.70299299999999 3674.090044
2.70302699999999 4021.183852
2.70306799999999 4461.83106
2.703102 4979.13142
2.70313599999999 5418.467205
2.70317599999999 6046.679031
2.70320999999999 6911.602213
2.70324399999999 8046.011183
2.70328499999999 8656.472288
2.70331899999999 9771.111263
2.70335299999999 10903.96441
2.70342799999999 12606.91408
2.70353699999999 14642.59938
2.70361199999999 16136.14707
2.70367999999999 17360.41708
2.70378899999999 19000.4676
2.70389699999999 20325.59772
2.70400599999999 21471.55804
2.70411499999999 22682.12778
2.70425799999999 23661.66072
2.70436699999999 24403.04968
2.70447599999999 24995.70878
2.70458499999999 25602.76136
2.70465899999999 25926.60265
2.70476799999999 26404.97068
2.70491099999999 26708.42253
2.70509499999999 27201.21581
2.70523799999999 27703.10154
2.70542099999999 28053.50937
2.70559799999999 28214.2475
2.70589099999999 28408.3494
2.70740799999999 28408.3494
2.70759099999999 28053.50937
2.70780899999999 27545.27544
2.70801999999999 27388.34849
2.70823799999999 27201.21581
2.70845499999999 27201.21581
2.70874799999999 26892.16501
2.70921699999999 26556.26318
2.70968699999999 26224.55699
2.70999999999999 25749.45744
2.80037999999999 25632.03357
2.80104699999999 25282.96508
2.80108799999999 25110.21756
2.80116999999999 24739.96964
2.80129899999999 24070.71804
2.80133999999999 23392.82512
2.80137999999999 22916.59484
2.80142099999999 22424.4213
2.80146199999999 21203.36336
2.80150999999999 20325.59772
2.80155099999999 19640.64202
2.80157099999999 18827.56909
2.80159099999999 14311.76126
2.80163199999999 13625.55257
2.80167299999999 12085.01971
2.80168699999999 10500.45251
2.80169299999999 8927.704857
2.80170699999999 8577.701011
2.80172699999999 7765.988285
2.80174799999999 7079.459265
2.80178199999999 5646.009756
2.80180199999999 5194.156362
2.80182299999999 4702.63039
2.80183599999999 3989.147969
2.80185699999999 3657.335287
2.80187699999999 3521.992005
2.80189099999999 2723.522839
2.80191099999999 1895.912238
2.80191799999999 1695.060694
2.80193799999999 1223.918832
2.80195899999999 931.4246021
2.80197899999999 677.9362441
2.80199999999999 485.0496304
2.80201999999999 349.4306791
2.80205399999999 282.5254841
2.80206099999999 270.8296433
2.80208799999999 259.3214928
2.80210199999999 251.7305279
2.80212199999999 248.5862386
2.80216299999999 245.4812237
2.80227199999999 248.5862386
2.80230599999999 262.6015689
2.80233999999999 268.9791821
2.80237999999999 280.5951102
2.80241399999999 328.8967065
2.80244799999999 394.4246491
2.80248899999999 476.2621851
2.80252299999999 551.2730005
2.80255699999999 694.4007881
2.80259799999999 813.0052989
2.80263199999999 963.9074808
2.80266599999999 1050.157566
2.80270699999999 1252.211577
2.80274099999999 1531.152932
2.80277499999999 1750.170621
2.80281599999999 1975.52898
2.80284999999999 2258.110675
2.80288399999999 2502.696358
2.80291799999999 3021.970455
2.80295899999999 3372.334775
2.80299299999999 3674.090044
2.80302699999999 4021.183852
2.80306799999999 4461.83106
2.80310199999999 4979.13142
2.80313599999999 5418.467205
2.80317599999999 6046.679031
2.80320999999999 6911.602213
2.80324399999999 8046.011183
2.80328499999999 8656.472288
2.80331899999999 9771.111263
2.80335299999999 10903.96441
2.80342799999999 12606.91408
2.80353699999999 14642.59938
2.80361199999999 16136.14707
2.80367999999999 17360.41708
2.80378899999999 19000.4676
2.80389699999999 20325.59772
2.80400599999999 21471.55804
2.80411499999999 22682.12778
2.80425799999999 23661.66072
2.80436699999999 24403.04968
2.80447599999999 24995.70878
2.80458499999999 25602.76136
2.80465899999999 25926.60265
2.80476799999999 26404.97068
2.80491099999999 26708.42253
2.80509499999999 27201.21581
2.80523799999999 27703.10154
2.80542099999999 28053.50937
2.80559799999999 28214.2475
2.80589099999999 28408.3494
2.80740799999999 28408.3494
2.80759099999999 28053.50937
2.80780899999999 27545.27544
2.80801999999999 27388.34849
2.80823799999999 27201.21581
2.80845499999999 27201.21581
2.80874799999999 26892.16501
2.80921699999999 26556.26318
2.80968699999999 26224.55699
2.80999999999999 25749.45744
2.90037999999999 25632.03357
2.90104699999999 25282.96508
2.90108799999999 25110.21756
2.90116999999999 24739.96964
2.90129899999999 24070.71804
2.90133999999999 23392.82512
2.90137999999999 22916.59484
2.90142099999999 22424.4213
2.90146199999999 21203.36336
2.90150999999999 20325.59772
2.90155099999999 19640.64202
2.90157099999999 18827.56909
2.90159099999999 14311.76126
2.90163199999999 13625.55257
2.90167299999999 12085.01971
2.90168699999999 10500.45251
2.90169299999999 8927.704857
2.90170699999999 8577.701011
2.90172699999999 7765.988285
2.90174799999999 7079.459265
2.90178199999999 5646.009756
2.90180199999999 5194.156362
2.90182299999999 4702.63039
2.90183599999999 3989.147969
2.90185699999999 3657.335287
2.90187699999999 3521.992005
2.90189099999999 2723.522839
2.90191099999999 1895.912238
2.90191799999999 1695.060694
2.90193799999999 1223.918832
2.90195899999999 931.4246021
2.90197899999999 677.9362441
2.90199999999999 485.0496304
2.90201999999999 349.4306791
2.90205399999999 282.5254841
2.90206099999999 270.8296433
2.90208799999999 259.3214928
2.90210199999999 251.7305279
2.90212199999999 248.5862386
2.90216299999999 245.4812237
2.90227199999999 248.5862386
2.90230599999999 262.6015689
2.90233999999999 268.9791821
2.90237999999999 280.5951102
2.90241399999999 328.8967065
2.90244799999999 394.4246491
2.90248899999999 476.2621851
2.90252299999999 551.2730005
2.90255699999999 694.4007881
2.90259799999999 813.0052989
2.90263199999999 963.9074808
2.90266599999999 1050.157566
2.90270699999999 1252.211577
2.90274099999999 1531.152932
2.90277499999999 1750.170621
2.90281599999999 1975.52898
2.90284999999999 2258.110675
2.90288399999999 2502.696358
2.90291799999999 3021.970455
2.90295899999999 3372.334775
2.90299299999999 3674.090044
2.90302699999999 4021.183852
2.90306799999999 4461.83106
2.90310199999999 4979.13142
2.90313599999999 5418.467205
2.90317599999999 6046.679031
2.90320999999999 6911.602213
2.90324399999999 8046.011183
2.90328499999999 8656.472288
2.90331899999999 9771.111263
2.90335299999999 10903.96441
2.90342799999999 12606.91408
2.90353699999999 14642.59938
2.90361199999999 16136.14707
2.90367999999999 17360.41708
2.90378899999999 19000.4676
2.90389699999999 20325.59772
2.90400599999999 21471.55804
2.90411499999999 22682.12778
2.90425799999999 23661.66072
2.90436699999999 24403.04968
2.90447599999999 24995.70878
2.90458499999999 25602.76136
2.90465899999999 25926.60265
2.90476799999999 26404.97068
2.90491099999999 26708.42253
2.90509499999999 27201.21581
2.90523799999999 27703.10154
2.90542099999999 28053.50937
2.90559799999999 28214.2475
2.90589099999999 28408.3494
2.90740799999999 28408.3494
2.90759099999999 28053.50937
2.90780899999999 27545.27544
2.90801999999999 27388.34849
2.90823799999999 27201.21581
2.90845499999999 27201.21581
2.90874799999999 26892.16501
2.90921699999999 26556.26318
2.90968699999999 26224.55699
2.90999999999999 25749.45744
