0 1270.096827
0.100380951999999 1270.096827
0.101047619 1281.133795
0.101088435 1286.688193
0.101170067999999 1298.805474
0.101299319999999 1321.476435
0.101340136 1345.512926
0.101380952 1363.089457
0.101421768999998 1381.891615
0.101462584999999 1431.586998
0.101510203999999 1470.292876
0.101551019999999 1502.442963
0.101571428999998 1543.064576
0.101591836999999 1834.582433
0.101632653 1892.353057
0.101673469 2041.181673
0.101687075 2230.476433
0.101693877999999 2470.94592
0.101707482999999 2534.096048
0.101727891 2698.149944
0.101748298999999 2860.423004
0.101782313 3299.374349
0.101802720999999 3477.688429
0.101823129 3702.829199
0.101836734999999 4107.953862
0.101857142999999 4339.343681
0.101877551 4443.831707
0.101891155999999 5226.53258
0.101911564999999 6568.684761
0.101918367 7049.623899
0.101938774999999 8657.854613
0.101959183999999 10286.08905
0.101979592 12569.0558
0.101999999999999 15525.73251
0.102020408 19095.13427
0.102054421999999 21835.66343
0.102061223999998 22426.03517
0.102088434999999 23048.98177
0.102102040999999 23485.14973
0.102122449 23672.15805
0.102163265 23860.65549
0.102272109 23672.15805
0.102306121999998 22866.8965
0.102340135999999 22523.264
0.102380951999999 21930.33268
0.102414966 19838.96597
0.102448979999999 17690.09171
0.102489795999999 15705.8812
0.102523808999999 14321.24054
0.102557823 12380.1742
0.102598638999999 11207.62797
0.102632652999999 10065.98175
0.102666667 9536.099761
0.102707483 8533.899575
0.102741496999999 7516.838737
0.102775509999999 6908.72781
0.102816326 6400.375449
0.10285034 5882.586206
0.102884353999999 5512.973143
0.102918366999999 4894.610082
0.102959184 4567.27171
0.102993196999999 4326.846576
0.103027210999999 4087.272478
0.103068026999999 3827.70121
0.103102041 3571.714837
0.103136053999999 3386.137294
0.103176870999999 3159.681529
0.103210884 2904.063851
0.103244898 2638.510348
0.103285713999999 2519.520912
0.103319727999999 2334.131584
0.103353741 2178.031135
0.103428570999999 1987.446985
0.103537414999998 1808.316603
0.103612244999999 1700.817582
0.103680271999999 1624.115466
0.103789116 1534.189468
0.103897959 1470.292876
0.104006802999999 1420.277565
0.104115645999999 1371.963638
0.104258502999999 1335.846306
0.104367346999999 1310.091916
0.10447619 1290.404497
0.104585034 1271.012931
0.104659863999999 1260.972022
0.104768706999998 1246.508494
0.104911564999999 1237.553155
0.105095237999999 1223.358244
0.105238094999999 1209.326151
0.105421769 1199.772563
0.105598638999999 1195.455009
0.105891155999999 1190.294447
0.107408162999999 1190.294447
0.107591837 1199.772563
0.107809523999999 1213.693804
0.108020408 1218.07723
0.108238094999999 1223.358244
0.108455781999999 1223.358244
0.108748298999999 1232.210864
0.109217687 1242.022753
0.109687074999999 1251.912773
0.11 1266.439008
0.200380951999998 1270.096827
0.201047618999999 1281.133795
0.201088435 1286.688193
0.201170067999998 1298.805474
0.201299319999999 1321.476435
0.201340135999999 1345.512926
0.201380952 1363.089457
0.201421768999998 1381.891615
0.201462584999999 1431.586998
0.201510203999999 1470.292876
0.201551019999999 1502.442963
0.201571428999998 1543.064576
0.201591836999999 1834.582433
0.201632652999999 1892.353057
0.201673469 2041.181673
0.201687074999999 2230.476433
0.201693877999999 2470.94592
0.201707482999999 2534.096048
0.201727891 2698.149944
0.201748298999999 2860.423004
0.201782312999999 3299.374349
0.201802720999999 3477.688429
0.201823129 3702.829199
0.201836734999999 4107.953862
0.201857142999999 4339.343681
0.201877551 4443.831707
0.201891155999999 5226.53258
0.201911564999998 6568.684761
0.201918367 7049.623899
0.201938774999999 8657.854613
0.201959183999998 10286.08905
0.201979591999999 12569.0558
0.201999999999999 15525.73251
0.202020408 19095.13427
0.202054421999999 21835.66343
0.202061223999998 22426.03517
0.202088434999999 23048.98177
0.202102040999999 23485.14973
0.202122449 23672.15805
0.202163265 23860.65549
0.202272109 23672.15805
0.202306121999998 22866.8965
0.202340135999999 22523.264
0.202380951999999 21930.33268
0.202414966 19838.96597
0.202448979999999 17690.09171
0.202489795999999 15705.8812
0.202523808999999 14321.24054
0.202557823 12380.1742
0.202598638999998 11207.62797
0.202632652999999 10065.98175
0.202666667 9536.099761
0.202707483 8533.899575
0.202741496999999 7516.838737
0.202775509999999 6908.72781
0.202816325999999 6400.375449
0.20285034 5882.586206
0.202884353999999 5512.973143
0.202918366999999 4894.610082
0.202959184 4567.27171
0.202993196999998 4326.846576
0.203027210999999 4087.272478
0.203068026999999 3827.70121
0.203102041 3571.714837
0.203136053999999 3386.137294
0.203176870999999 3159.681529
0.203210883999999 2904.063851
0.203244898 2638.510348
0.203285713999998 2519.520912
0.203319727999999 2334.131584
0.203353741 2178.031135
0.203428570999999 1987.446985
0.203537414999998 1808.316603
0.203612244999999 1700.817582
0.203680271999998 1624.115466
0.203789116 1534.189468
0.203897958999999 1470.292876
0.204006802999999 1420.277565
0.204115645999999 1371.963638
0.204258502999999 1335.846306
0.204367346999999 1310.091916
0.20447619 1290.404497
0.204585034 1271.012931
0.204659863999999 1260.972022
0.204768706999998 1246.508494
0.204911564999998 1237.553155
0.205095237999999 1223.358244
0.205238094999999 1209.326151
0.205421769 1199.772563
0.205598638999998 1195.455009
0.205891155999999 1190.294447
0.207408162999999 1190.294447
0.207591836999999 1199.772563
0.207809523999999 1213.693804
0.208020408 1218.07723
0.208238094999999 1223.358244
0.208455781999998 1223.358244
0.208748298999999 1232.210864
0.209217686999999 1242.022753
0.209687074999998 1251.912773
0.21 1266.439008
0.300380951999998 1270.096827
0.301047618999999 1281.133795
0.301088434999999 1286.688193
0.301170067999998 1298.805474
0.301299319999999 1321.476435
0.301340135999999 1345.512926
0.301380951999999 1363.089457
0.301421768999998 1381.891615
0.301462584999998 1431.586998
0.301510203999998 1470.292876
0.301551019999999 1502.442963
0.301571428999998 1543.064576
0.301591836999999 1834.582433
0.301632652999999 1892.353057
0.301673469 2041.181673
0.301687074999999 2230.476433
0.301693877999999 2470.94592
0.301707482999998 2534.096048
0.301727890999999 2698.149944
0.301748298999999 2860.423004
0.301782312999999 3299.374349
0.301802720999998 3477.688429
0.301823129 3702.829199
0.301836734999999 4107.953862
0.301857142999998 4339.343681
0.301877550999999 4443.831707
0.301891155999999 5226.53258
0.301911564999998 6568.684761
0.301918367 7049.623899
0.301938774999999 8657.854613
0.301959183999998 10286.08905
0.301979591999999 12569.0558
0.301999999999998 15525.73251
0.302020408 19095.13427
0.302054421999998 21835.66343
0.302061223999998 22426.03517
0.302088434999999 23048.98177
0.302102040999998 23485.14973
0.302122448999999 23672.15805
0.302163265 23860.65549
0.302272108999999 23672.15805
0.302306121999998 22866.8965
0.302340135999999 22523.264
0.302380951999999 21930.33268
0.302414966 19838.96597
0.302448979999998 17690.09171
0.302489795999999 15705.8812
0.302523808999999 14321.24054
0.302557823 12380.1742
0.302598638999998 11207.62797
0.302632652999999 10065.98175
0.302666666999999 9536.099761
0.302707483 8533.899575
0.302741496999998 7516.838737
0.302775509999999 6908.72781
0.302816325999999 6400.375449
0.30285034 5882.586206
0.302884353999999 5512.973143
0.302918366999999 4894.610082
0.302959183999999 4567.27171
0.302993196999998 4326.846576
0.303027210999999 4087.272478
0.303068026999999 3827.70121
0.303102041 3571.714837
0.303136053999998 3386.137294
0.303176870999999 3159.681529
0.303210883999999 2904.063851
0.303244898 2638.510348
0.303285713999998 2519.520912
0.303319727999999 2334.131584
0.303353740999999 2178.031135
0.303428570999998 1987.446985
0.303537414999998 1808.316603
0.303612244999999 1700.817582
0.303680271999998 1624.115466
0.303789116 1534.189468
0.303897958999999 1470.292876
0.304006802999999 1420.277565
0.304115645999999 1371.963638
0.304258502999999 1335.846306
0.304367346999998 1310.091916
0.30447619 1290.404497
0.304585033999999 1271.012931
0.304659863999998 1260.972022
0.304768706999998 1246.508494
0.304911564999998 1237.553155
0.305095237999999 1223.358244
0.305238094999999 1209.326151
0.305421768999999 1199.772563
0.305598638999998 1195.455009
0.305891155999998 1190.294447
0.307408162999999 1190.294447
0.307591836999999 1199.772563
0.307809523999999 1213.693804
0.308020408 1218.07723
0.308238094999999 1223.358244
0.308455781999998 1223.358244
0.308748298999998 1232.210864
0.309217686999999 1242.022753
0.309687074999998 1251.912773
0.309999999999999 1266.439008
0.400380951999998 1270.096827
0.401047618999999 1281.133795
0.401088434999999 1286.688193
0.401170067999998 1298.805474
0.401299319999999 1321.476435
0.401340135999999 1345.512926
0.401380951999999 1363.089457
0.401421768999998 1381.891615
0.401462584999998 1431.586998
0.401510203999998 1470.292876
0.401551019999998 1502.442963
0.401571428999998 1543.064576
0.401591836999999 1834.582433
0.401632652999999 1892.353057
0.401673468999999 2041.181673
0.401687074999999 2230.476433
0.401693877999999 2470.94592
0.401707482999998 2534.096048
0.401727890999999 2698.149944
0.401748298999998 2860.423004
0.401782312999999 3299.374349
0.401802720999998 3477.688429
0.401823128999999 3702.829199
0.401836734999999 4107.953862
0.401857142999998 4339.343681
0.401877550999999 4443.831707
0.401891155999999 5226.53258
0.401911564999998 6568.684761
0.401918366999999 7049.623899
0.401938774999999 8657.854613
0.401959183999998 10286.08905
0.401979591999999 12569.0558
0.401999999999998 15525.73251
0.402020407999999 19095.13427
0.402054421999998 21835.66343
0.402061223999998 22426.03517
0.402088434999999 23048.98177
0.402102040999998 23485.14973
0.402122448999999 23672.15805
0.402163264999999 23860.65549
0.402272108999999 23672.15805
0.402306121999998 22866.8965
0.402340135999998 22523.264
0.402380951999999 21930.33268
0.402414965999999 19838.96597
0.402448979999998 17690.09171
0.402489795999998 15705.8812
0.402523808999999 14321.24054
0.402557822999999 12380.1742
0.402598638999998 11207.62797
0.402632652999999 10065.98175
0.402666666999999 9536.099761
0.402707482999999 8533.899575
0.402741496999998 7516.838737
0.402775509999999 6908.72781
0.402816325999999 6400.375449
0.40285034 5882.586206
0.402884353999998 5512.973143
0.402918366999999 4894.610082
0.402959183999999 4567.27171
0.402993196999998 4326.846576
0.403027210999998 4087.272478
0.403068026999999 3827.70121
0.403102040999999 3571.714837
0.403136053999998 3386.137294
0.403176870999998 3159.681529
0.403210883999999 2904.063851
0.403244898 2638.510348
0.403285713999998 2519.520912
0.403319727999999 2334.131584
0.403353740999999 2178.031135
0.403428570999998 1987.446985
0.403537414999998 1808.316603
0.403612244999999 1700.817582
0.403680271999998 1624.115466
0.403789115999999 1534.189468
0.403897958999999 1470.292876
0.404006802999999 1420.277565
0.404115645999998 1371.963638
0.404258502999998 1335.846306
0.404367346999998 1310.091916
0.404476189999999 1290.404497
0.404585033999999 1271.012931
0.404659863999998 1260.972022
0.404768706999998 1246.508494
0.404911564999998 1237.553155
0.405095237999998 1223.358244
0.405238094999999 1209.326151
0.405421768999999 1199.772563
0.405598638999998 1195.455009
0.405891155999998 1190.294447
0.407408162999998 1190.294447
0.407591836999999 1199.772563
0.407809523999998 1213.693804
0.408020408 1218.07723
0.408238094999999 1223.358244
0.408455781999998 1223.358244
0.408748298999998 1232.210864
0.409217686999999 1242.022753
0.409687074999998 1251.912773
0.409999999999999 1266.439008
0.500380951999998 1270.096827
0.501047618999999 1281.133795
0.501088434999999 1286.688193
0.501170067999998 1298.805474
0.501299319999999 1321.476435
0.501340135999999 1345.512926
0.501380951999999 1363.089457
0.501421768999998 1381.891615
0.501462584999998 1431.586998
0.501510203999998 1470.292876
0.501551019999998 1502.442963
0.501571428999998 1543.064576
0.501591836999999 1834.582433
0.501632652999999 1892.353057
0.501673468999999 2041.181673
0.501687074999999 2230.476433
0.501693877999999 2470.94592
0.501707482999998 2534.096048
0.501727890999999 2698.149944
0.501748298999998 2860.423004
0.501782312999999 3299.374349
0.501802720999998 3477.688429
0.501823128999999 3702.829199
0.501836734999999 4107.953862
0.501857142999998 4339.343681
0.501877550999999 4443.831707
0.501891155999998 5226.53258
0.501911564999998 6568.684761
0.501918366999999 7049.623899
0.501938774999999 8657.854613
0.501959183999998 10286.08905
0.501979591999999 12569.0558
0.501999999999998 15525.73251
0.502020407999999 19095.13427
0.502054421999998 21835.66343
0.502061223999998 22426.03517
0.502088434999998 23048.98177
0.502102040999998 23485.14973
0.502122448999999 23672.15805
0.502163264999999 23860.65549
0.502272108999999 23672.15805
0.502306121999998 22866.8965
0.502340135999998 22523.264
0.502380951999999 21930.33268
0.502414965999999 19838.96597
0.502448979999998 17690.09171
0.502489795999998 15705.8812
0.502523808999999 14321.24054
0.502557822999999 12380.1742
0.502598638999998 11207.62797
0.502632652999998 10065.98175
0.502666666999999 9536.099761
0.502707482999999 8533.899575
0.502741496999998 7516.838737
0.502775509999999 6908.72781
0.502816325999999 6400.375449
0.502850339999999 5882.586206
0.502884353999998 5512.973143
0.502918366999999 4894.610082
0.502959183999999 4567.27171
0.502993196999998 4326.846576
0.503027210999998 4087.272478
0.503068026999999 3827.70121
0.503102040999999 3571.714837
0.503136053999998 3386.137294
0.503176870999998 3159.681529
0.503210883999999 2904.063851
0.503244897999999 2638.510348
0.503285713999998 2519.520912
0.503319727999998 2334.131584
0.503353740999999 2178.031135
0.503428570999998 1987.446985
0.503537414999998 1808.316603
0.503612244999999 1700.817582
0.503680271999998 1624.115466
0.503789115999999 1534.189468
0.503897958999999 1470.292876
0.504006802999999 1420.277565
0.504115645999998 1371.963638
0.504258502999998 1335.846306
0.504367346999998 1310.091916
0.504476189999999 1290.404497
0.504585033999999 1271.012931
0.504659863999998 1260.972022
0.504768706999998 1246.508494
0.504911564999998 1237.553155
0.505095237999998 1223.358244
0.505238094999998 1209.326151
0.505421768999999 1199.772563
0.505598638999998 1195.455009
0.505891155999998 1190.294447
0.507408162999998 1190.294447
0.507591836999999 1199.772563
0.507809523999998 1213.693804
0.508020407999999 1218.07723
0.508238094999999 1223.358244
0.508455781999998 1223.358244
0.508748298999998 1232.210864
0.509217686999999 1242.022753
0.509687074999998 1251.912773
0.509999999999999 1266.439008
0.600380951999998 1270.096827
0.601047618999998 1281.133795
0.601088434999999 1286.688193
0.601170067999998 1298.805474
0.601299319999998 1321.476435
0.601340135999999 1345.512926
0.601380951999999 1363.089457
0.601421768999997 1381.891615
0.601462584999998 1431.586998
0.601510203999998 1470.292876
0.601551019999998 1502.442963
0.601571428999997 1543.064576
0.601591836999998 1834.582433
0.601632652999999 1892.353057
0.601673468999999 2041.181673
0.601687074999999 2230.476433
0.601693877999998 2470.94592
0.601707482999998 2534.096048
0.601727890999999 2698.149944
0.601748298999998 2860.423004
0.601782312999999 3299.374349
0.601802720999998 3477.688429
0.601823128999999 3702.829199
0.601836734999998 4107.953862
0.601857142999998 4339.343681
0.601877550999999 4443.831707
0.601891155999998 5226.53258
0.601911564999998 6568.684761
0.601918366999999 7049.623899
0.601938774999998 8657.854613
0.601959183999998 10286.08905
0.601979591999999 12569.0558
0.601999999999998 15525.73251
0.602020407999999 19095.13427
0.602054421999998 21835.66343
0.602061223999997 22426.03517
0.602088434999998 23048.98177
0.602102040999998 23485.14973
0.602122448999999 23672.15805
0.602163264999999 23860.65549
0.602272108999999 23672.15805
0.602306121999997 22866.8965
0.602340135999998 22523.264
0.602380951999998 21930.33268
0.602414965999999 19838.96597
0.602448979999998 17690.09171
0.602489795999998 15705.8812
0.602523808999998 14321.24054
0.602557822999999 12380.1742
0.602598638999998 11207.62797
0.602632652999998 10065.98175
0.602666666999999 9536.099761
0.602707482999999 8533.899575
0.602741496999998 7516.838737
0.602775509999998 6908.72781
0.602816325999999 6400.375449
0.602850339999999 5882.586206
0.602884353999998 5512.973143
0.602918366999998 4894.610082
0.602959183999999 4567.27171
0.602993196999998 4326.846576
0.603027210999998 4087.272478
0.603068026999998 3827.70121
0.603102040999999 3571.714837
0.603136053999998 3386.137294
0.603176870999998 3159.681529
0.603210883999999 2904.063851
0.603244897999999 2638.510348
0.603285713999998 2519.520912
0.603319727999998 2334.131584
0.603353740999999 2178.031135
0.603428570999998 1987.446985
0.603537414999997 1808.316603
0.603612244999998 1700.817582
0.603680271999998 1624.115466
0.603789115999999 1534.189468
0.603897958999999 1470.292876
0.604006802999998 1420.277565
0.604115645999998 1371.963638
0.604258502999998 1335.846306
0.604367346999998 1310.091916
0.604476189999999 1290.404497
0.604585033999999 1271.012931
0.604659863999998 1260.972022
0.604768706999997 1246.508494
0.604911564999998 1237.553155
0.605095237999998 1223.358244
0.605238094999998 1209.326151
0.605421768999999 1199.772563
0.605598638999998 1195.455009
0.605891155999998 1190.294447
0.607408162999998 1190.294447
0.607591836999999 1199.772563
0.607809523999998 1213.693804
0.608020407999999 1218.07723
0.608238094999998 1223.358244
0.608455781999998 1223.358244
0.608748298999998 1232.210864
0.609217686999999 1242.022753
0.609687074999998 1251.912773
0.609999999999999 1266.439008
0.700380951999997 1270.096827
0.701047618999998 1281.133795
0.701088434999999 1286.688193
0.701170067999997 1298.805474
0.701299319999998 1321.476435
0.701340135999998 1345.512926
0.701380951999999 1363.089457
0.701421768999997 1381.891615
0.701462584999997 1431.586998
0.701510203999998 1470.292876
0.701551019999998 1502.442963
0.701571428999997 1543.064576
0.701591836999998 1834.582433
0.701632652999998 1892.353057
0.701673468999999 2041.181673
0.701687074999998 2230.476433
0.701693877999998 2470.94592
0.701707482999998 2534.096048
0.701727890999999 2698.149944
0.701748298999998 2860.423004
0.701782312999998 3299.374349
0.701802720999998 3477.688429
0.701823128999999 3702.829199
0.701836734999998 4107.953862
0.701857142999997 4339.343681
0.701877550999998 4443.831707
0.701891155999998 5226.53258
0.701911564999997 6568.684761
0.701918366999999 7049.623899
0.701938774999998 8657.854613
0.701959183999997 10286.08905
0.701979591999998 12569.0558
0.701999999999998 15525.73251
0.702020407999999 19095.13427
0.702054421999997 21835.66343
0.702061223999997 22426.03517
0.702088434999998 23048.98177
0.702102040999998 23485.14973
0.702122448999999 23672.15805
0.702163264999999 23860.65549
0.702272108999998 23672.15805
0.702306121999997 22866.8965
0.702340135999998 22523.264
0.702380951999998 21930.33268
0.702414965999999 19838.96597
0.702448979999997 17690.09171
0.702489795999998 15705.8812
0.702523808999998 14321.24054
0.702557822999999 12380.1742
0.702598638999997 11207.62797
0.702632652999998 10065.98175
0.702666666999998 9536.099761
0.702707482999999 8533.899575
0.702741496999998 7516.838737
0.702775509999998 6908.72781
0.702816325999998 6400.375449
0.702850339999999 5882.586206
0.702884353999998 5512.973143
0.702918366999998 4894.610082
0.702959183999999 4567.27171
0.702993196999997 4326.846576
0.703027210999998 4087.272478
0.703068026999998 3827.70121
0.703102040999999 3571.714837
0.703136053999997 3386.137294
0.703176870999998 3159.681529
0.703210883999998 2904.063851
0.703244897999999 2638.510348
0.703285713999997 2519.520912
0.703319727999998 2334.131584
0.703353740999998 2178.031135
0.703428570999998 1987.446985
0.703537414999997 1808.316603
0.703612244999998 1700.817582
0.703680271999997 1624.115466
0.703789115999999 1534.189468
0.703897958999998 1470.292876
0.704006802999998 1420.277565
0.704115645999998 1371.963638
0.704258502999998 1335.846306
0.704367346999997 1310.091916
0.704476189999999 1290.404497
0.704585033999999 1271.012931
0.704659863999998 1260.972022
0.704768706999997 1246.508494
0.704911564999997 1237.553155
0.705095237999998 1223.358244
0.705238094999998 1209.326151
0.705421768999999 1199.772563
0.705598638999997 1195.455009
0.705891155999998 1190.294447
0.707408162999998 1190.294447
0.707591836999998 1199.772563
0.707809523999998 1213.693804
0.708020407999999 1218.07723
0.708238094999998 1223.358244
0.708455781999997 1223.358244
0.708748298999997 1232.210864
0.709217686999998 1242.022753
0.709687074999997 1251.912773
0.709999999999999 1266.439008
0.800380951999997 1270.096827
0.801047618999998 1281.133795
0.801088434999998 1286.688193
0.801170067999997 1298.805474
0.801299319999998 1321.476435
0.801340135999998 1345.512926
0.801380951999998 1363.089457
0.801421768999997 1381.891615
0.801462584999997 1431.586998
0.801510203999997 1470.292876
0.801551019999998 1502.442963
0.801571428999997 1543.064576
0.801591836999998 1834.582433
0.801632652999998 1892.353057
0.801673468999999 2041.181673
0.801687074999998 2230.476433
0.801693877999998 2470.94592
0.801707482999997 2534.096048
0.801727890999998 2698.149944
0.801748298999998 2860.423004
0.801782312999998 3299.374349
0.801802720999997 3477.688429
0.801823128999999 3702.829199
0.801836734999998 4107.953862
0.801857142999997 4339.343681
0.801877550999998 4443.831707
0.801891155999998 5226.53258
0.801911564999997 6568.684761
0.801918366999999 7049.623899
0.801938774999998 8657.854613
0.801959183999997 10286.08905
0.801979591999998 12569.0558
0.801999999999997 15525.73251
0.802020407999999 19095.13427
0.802054421999997 21835.66343
0.802061223999997 22426.03517
0.802088434999998 23048.98177
0.802102040999997 23485.14973
0.802122448999998 23672.15805
0.802163264999999 23860.65549
0.802272108999998 23672.15805
0.802306121999997 22866.8965
0.802340135999998 22523.264
0.802380951999998 21930.33268
0.802414965999999 19838.96597
0.802448979999997 17690.09171
0.802489795999998 15705.8812
0.802523808999998 14321.24054
0.802557822999999 12380.1742
0.802598638999997 11207.62797
0.802632652999998 10065.98175
0.802666666999998 9536.099761
0.802707482999999 8533.899575
0.802741496999997 7516.838737
0.802775509999998 6908.72781
0.802816325999998 6400.375449
0.802850339999999 5882.586206
0.802884353999998 5512.973143
0.802918366999998 4894.610082
0.802959183999998 4567.27171
0.802993196999997 4326.846576
0.803027210999998 4087.272478
0.803068026999998 3827.70121
0.803102040999999 3571.714837
0.803136053999997 3386.137294
0.803176870999998 3159.681529
0.803210883999998 2904.063851
0.803244897999999 2638.510348
0.803285713999997 2519.520912
0.803319727999998 2334.131584
0.803353740999998 2178.031135
0.803428570999997 1987.446985
0.803537414999997 1808.316603
0.803612244999998 1700.817582
0.803680271999997 1624.115466
0.803789115999999 1534.189468
0.803897958999998 1470.292876
0.804006802999998 1420.277565
0.804115645999998 1371.963638
0.804258502999998 1335.846306
0.804367346999997 1310.091916
0.804476189999999 1290.404497
0.804585033999998 1271.012931
0.804659863999997 1260.972022
0.804768706999997 1246.508494
0.804911564999997 1237.553155
0.805095237999998 1223.358244
0.805238094999998 1209.326151
0.805421768999998 1199.772563
0.805598638999997 1195.455009
0.805891155999997 1190.294447
0.807408162999998 1190.294447
0.807591836999998 1199.772563
0.807809523999998 1213.693804
0.808020407999999 1218.07723
0.808238094999998 1223.358244
0.808455781999997 1223.358244
0.808748298999997 1232.210864
0.809217686999998 1242.022753
0.809687074999997 1251.912773
0.809999999999998 1266.439008
0.900380951999997 1270.096827
0.901047618999998 1281.133795
0.901088434999998 1286.688193
0.901170067999997 1298.805474
0.901299319999998 1321.476435
0.901340135999998 1345.512926
0.901380951999998 1363.089457
0.901421768999997 1381.891615
0.901462584999997 1431.586998
0.901510203999997 1470.292876
0.901551019999997 1502.442963
0.901571428999997 1543.064576
0.901591836999998 1834.582433
0.901632652999998 1892.353057
0.901673468999998 2041.181673
0.901687074999998 2230.476433
0.901693877999998 2470.94592
0.901707482999997 2534.096048
0.901727890999998 2698.149944
0.901748298999997 2860.423004
0.901782312999998 3299.374349
0.901802720999997 3477.688429
0.901823128999998 3702.829199
0.901836734999998 4107.953862
0.901857142999997 4339.343681
0.901877550999998 4443.831707
0.901891155999998 5226.53258
0.901911564999997 6568.684761
0.901918366999998 7049.623899
0.901938774999998 8657.854613
0.901959183999997 10286.08905
0.901979591999998 12569.0558
0.901999999999997 15525.73251
0.902020407999998 19095.13427
0.902054421999997 21835.66343
0.902061223999997 22426.03517
0.902088434999998 23048.98177
0.902102040999997 23485.14973
0.902122448999998 23672.15805
0.902163264999998 23860.65549
0.902272108999998 23672.15805
0.902306121999997 22866.8965
0.902340135999997 22523.264
0.902380951999998 21930.33268
0.902414965999998 19838.96597
0.902448979999997 17690.09171
0.902489795999997 15705.8812
0.902523808999998 14321.24054
0.902557822999998 12380.1742
0.902598638999997 11207.62797
0.902632652999998 10065.98175
0.902666666999998 9536.099761
0.902707482999998 8533.899575
0.902741496999997 7516.838737
0.902775509999998 6908.72781
0.902816325999998 6400.375449
0.902850339999999 5882.586206
0.902884353999997 5512.973143
0.902918366999998 4894.610082
0.902959183999998 4567.27171
0.902993196999997 4326.846576
0.903027210999997 4087.272478
0.903068026999998 3827.70121
0.903102040999998 3571.714837
0.903136053999997 3386.137294
0.903176870999997 3159.681529
0.903210883999998 2904.063851
0.903244897999999 2638.510348
0.903285713999997 2519.520912
0.903319727999998 2334.131584
0.903353740999998 2178.031135
0.903428570999997 1987.446985
0.903537414999997 1808.316603
0.903612244999998 1700.817582
0.903680271999997 1624.115466
0.903789115999998 1534.189468
0.903897958999998 1470.292876
0.904006802999998 1420.277565
0.904115645999997 1371.963638
0.904258502999997 1335.846306
0.904367346999997 1310.091916
0.904476189999998 1290.404497
0.904585033999998 1271.012931
0.904659863999997 1260.972022
0.904768706999997 1246.508494
0.904911564999997 1237.553155
0.905095237999997 1223.358244
0.905238094999998 1209.326151
0.905421768999998 1199.772563
0.905598638999997 1195.455009
0.905891155999997 1190.294447
0.907408162999997 1190.294447
0.907591836999998 1199.772563
0.907809523999997 1213.693804
0.908020407999999 1218.07723
0.908238094999998 1223.358244
0.908455781999997 1223.358244
0.908748298999997 1232.210864
0.909217686999998 1242.022753
0.909687074999997 1251.912773
0.909999999999998 1266.439008
1.000380952 1270.096827
1.001047619 1281.133795
1.001088435 1286.688193
1.001170068 1298.805474
1.00129932 1321.476435
1.001340136 1345.512926
1.001380952 1363.089457
1.001421769 1381.891615
1.001462585 1431.586998
1.001510204 1470.292876
1.00155102 1502.442963
1.001571429 1543.064576
1.001591837 1834.582433
1.001632653 1892.353057
1.001673469 2041.181673
1.001687075 2230.476433
1.001693878 2470.94592
1.001707483 2534.096048
1.001727891 2698.149944
1.001748299 2860.423004
1.001782313 3299.374349
1.001802721 3477.688429
1.001823129 3702.829199
1.001836735 4107.953862
1.001857143 4339.343681
1.001877551 4443.831707
1.001891156 5226.53258
1.001911565 6568.684761
1.001918367 7049.623899
1.001938775 8657.854613
1.001959184 10286.08905
1.001979592 12569.0558
1.002 15525.73251
1.002020408 19095.13427
1.002054422 21835.66343
1.002061224 22426.03517
1.002088435 23048.98177
1.002102041 23485.14973
1.002122449 23672.15805
1.002163265 23860.65549
1.002272109 23672.15805
1.002306122 22866.8965
1.002340136 22523.264
1.002380952 21930.33268
1.002414966 19838.96597
1.00244898 17690.09171
1.002489796 15705.8812
1.002523809 14321.24054
1.002557823 12380.1742
1.002598639 11207.62797
1.002632653 10065.98175
1.002666667 9536.099761
1.002707483 8533.899575
1.002741497 7516.838737
1.00277551 6908.72781
1.002816326 6400.375449
1.00285034 5882.586206
1.002884354 5512.973143
1.002918367 4894.610082
1.002959184 4567.27171
1.002993197 4326.846576
1.003027211 4087.272478
1.003068027 3827.70121
1.003102041 3571.714837
1.003136054 3386.137294
1.003176871 3159.681529
1.003210884 2904.063851
1.003244898 2638.510348
1.003285714 2519.520912
1.003319728 2334.131584
1.003353741 2178.031135
1.003428571 1987.446985
1.003537415 1808.316603
1.003612245 1700.817582
1.003680272 1624.115466
1.003789116 1534.189468
1.003897959 1470.292876
1.004006803 1420.277565
1.004115646 1371.963638
1.004258503 1335.846306
1.004367347 1310.091916
1.00447619 1290.404497
1.004585034 1271.012931
1.004659864 1260.972022
1.004768707 1246.508494
1.004911565 1237.553155
1.005095238 1223.358244
1.005238095 1209.326151
1.005421769 1199.772563
1.005598639 1195.455009
1.005891156 1190.294447
1.007408163 1190.294447
1.007591837 1199.772563
1.007809524 1213.693804
1.008020408 1218.07723
1.008238095 1223.358244
1.008455782 1223.358244
1.008748299 1232.210864
1.009217687 1242.022753
1.009687075 1251.912773
1.01 1266.439008
1.100380952 1270.096827
1.101047619 1281.133795
1.101088435 1286.688193
1.101170068 1298.805474
1.10129932 1321.476435
1.101340136 1345.512926
1.101380952 1363.089457
1.101421769 1381.891615
1.101462585 1431.586998
1.101510204 1470.292876
1.10155102 1502.442963
1.101571429 1543.064576
1.101591837 1834.582433
1.101632653 1892.353057
1.101673469 2041.181673
1.101687075 2230.476433
1.101693878 2470.94592
1.101707483 2534.096048
1.101727891 2698.149944
1.101748299 2860.423004
1.101782313 3299.374349
1.101802721 3477.688429
1.101823129 3702.829199
1.101836735 4107.953862
1.101857143 4339.343681
1.101877551 4443.831707
1.101891156 5226.53258
1.101911565 6568.684761
1.101918367 7049.623899
1.101938775 8657.854613
1.101959184 10286.08905
1.101979592 12569.0558
1.102 15525.73251
1.102020408 19095.13427
1.102054422 21835.66343
1.102061224 22426.03517
1.102088435 23048.98177
1.102102041 23485.14973
1.102122449 23672.15805
1.102163265 23860.65549
1.102272109 23672.15805
1.102306122 22866.8965
1.102340136 22523.264
1.102380952 21930.33268
1.102414966 19838.96597
1.10244898 17690.09171
1.102489796 15705.8812
1.102523809 14321.24054
1.102557823 12380.1742
1.102598639 11207.62797
1.102632653 10065.98175
1.102666667 9536.099761
1.102707483 8533.899575
1.102741497 7516.838737
1.10277551 6908.72781
1.102816326 6400.375449
1.10285034 5882.586206
1.102884354 5512.973143
1.102918367 4894.610082
1.102959184 4567.27171
1.102993197 4326.846576
1.103027211 4087.272478
1.103068027 3827.70121
1.103102041 3571.714837
1.103136054 3386.137294
1.103176871 3159.681529
1.103210884 2904.063851
1.103244898 2638.510348
1.103285714 2519.520912
1.103319728 2334.131584
1.103353741 2178.031135
1.103428571 1987.446985
1.103537415 1808.316603
1.103612245 1700.817582
1.103680272 1624.115466
1.103789116 1534.189468
1.103897959 1470.292876
1.104006803 1420.277565
1.104115646 1371.963638
1.104258503 1335.846306
1.104367347 1310.091916
1.10447619 1290.404497
1.104585034 1271.012931
1.104659864 1260.972022
1.104768707 1246.508494
1.104911565 1237.553155
1.105095238 1223.358244
1.105238095 1209.326151
1.105421769 1199.772563
1.105598639 1195.455009
1.105891156 1190.294447
1.107408163 1190.294447
1.107591837 1199.772563
1.107809524 1213.693804
1.108020408 1218.07723
1.108238095 1223.358244
1.108455782 1223.358244
1.108748299 1232.210864
1.109217687 1242.022753
1.109687075 1251.912773
1.11 1266.439008
1.200380952 1270.096827
1.201047619 1281.133795
1.201088435 1286.688193
1.201170068 1298.805474
1.20129932 1321.476435
1.201340136 1345.512926
1.201380952 1363.089457
1.201421769 1381.891615
1.201462585 1431.586998
1.201510204 1470.292876
1.20155102 1502.442963
1.201571429 1543.064576
1.201591837 1834.582433
1.201632653 1892.353057
1.201673469 2041.181673
1.201687075 2230.476433
1.201693878 2470.94592
1.201707483 2534.096048
1.201727891 2698.149944
1.201748299 2860.423004
1.201782313 3299.374349
1.201802721 3477.688429
1.201823129 3702.829199
1.201836735 4107.953862
1.201857143 4339.343681
1.201877551 4443.831707
1.201891156 5226.53258
1.201911565 6568.684761
1.201918367 7049.623899
1.201938775 8657.854613
1.201959184 10286.08905
1.201979592 12569.0558
1.202 15525.73251
1.202020408 19095.13427
1.202054422 21835.66343
1.202061224 22426.03517
1.202088435 23048.98177
1.202102041 23485.14973
1.202122449 23672.15805
1.202163265 23860.65549
1.202272109 23672.15805
1.202306122 22866.8965
1.202340136 22523.264
1.202380952 21930.33268
1.202414966 19838.96597
1.20244898 17690.09171
1.202489796 15705.8812
1.202523809 14321.24054
1.202557823 12380.1742
1.202598639 11207.62797
1.202632653 10065.98175
1.202666667 9536.099761
1.202707483 8533.899575
1.202741497 7516.838737
1.20277551 6908.72781
1.202816326 6400.375449
1.20285034 5882.586206
1.202884354 5512.973143
1.202918367 4894.610082
1.202959184 4567.27171
1.202993197 4326.846576
1.203027211 4087.272478
1.203068027 3827.70121
1.203102041 3571.714837
1.203136054 3386.137294
1.203176871 3159.681529
1.203210884 2904.063851
1.203244898 2638.510348
1.203285714 2519.520912
1.203319728 2334.131584
1.203353741 2178.031135
1.203428571 1987.446985
1.203537415 1808.316603
1.203612245 1700.817582
1.203680272 1624.115466
1.203789116 1534.189468
1.203897959 1470.292876
1.204006803 1420.277565
1.204115646 1371.963638
1.204258503 1335.846306
1.204367347 1310.091916
1.20447619 1290.404497
1.204585034 1271.012931
1.204659864 1260.972022
1.204768707 1246.508494
1.204911565 1237.553155
1.205095238 1223.358244
1.205238095 1209.326151
1.205421769 1199.772563
1.205598639 1195.455009
1.205891156 1190.294447
1.207408163 1190.294447
1.207591837 1199.772563
1.207809524 1213.693804
1.208020408 1218.07723
1.208238095 1223.358244
1.208455782 1223.358244
1.208748299 1232.210864
1.209217687 1242.022753
1.209687075 1251.912773
1.21 1266.439008
1.300380952 1270.096827
1.301047619 1281.133795
1.301088435 1286.688193
1.301170068 1298.805474
1.30129932 1321.476435
1.301340136 1345.512926
1.301380952 1363.089457
1.301421769 1381.891615
1.301462585 1431.586998
1.301510204 1470.292876
1.30155102 1502.442963
1.301571429 1543.064576
1.301591837 1834.582433
1.301632653 1892.353057
1.301673469 2041.181673
1.301687075 2230.476433
1.301693878 2470.94592
1.301707483 2534.096048
1.301727891 2698.149944
1.301748299 2860.423004
1.301782313 3299.374349
1.301802721 3477.688429
1.301823129 3702.829199
1.301836735 4107.953862
1.301857143 4339.343681
1.301877551 4443.831707
1.301891156 5226.53258
1.301911565 6568.684761
1.301918367 7049.623899
1.301938775 8657.854613
1.301959184 10286.08905
1.301979592 12569.0558
1.302 15525.73251
1.302020408 19095.13427
1.302054422 21835.66343
1.302061224 22426.03517
1.302088435 23048.98177
1.302102041 23485.14973
1.302122449 23672.15805
1.302163265 23860.65549
1.302272109 23672.15805
1.302306122 22866.8965
1.302340136 22523.264
1.302380952 21930.33268
1.302414966 19838.96597
1.30244898 17690.09171
1.302489796 15705.8812
1.302523809 14321.24054
1.302557823 12380.1742
1.302598639 11207.62797
1.302632653 10065.98175
1.302666667 9536.099761
1.302707483 8533.899575
1.302741497 7516.838737
1.30277551 6908.72781
1.302816326 6400.375449
1.30285034 5882.586206
1.302884354 5512.973143
1.302918367 4894.610082
1.302959184 4567.27171
1.302993197 4326.846576
1.303027211 4087.272478
1.303068027 3827.70121
1.303102041 3571.714837
1.303136054 3386.137294
1.303176871 3159.681529
1.303210884 2904.063851
1.303244898 2638.510348
1.303285714 2519.520912
1.303319728 2334.131584
1.303353741 2178.031135
1.303428571 1987.446985
1.303537415 1808.316603
1.303612245 1700.817582
1.303680272 1624.115466
1.303789116 1534.189468
1.303897959 1470.292876
1.304006803 1420.277565
1.304115646 1371.963638
1.304258503 1335.846306
1.304367347 1310.091916
1.30447619 1290.404497
1.304585034 1271.012931
1.304659864 1260.972022
1.304768707 1246.508494
1.304911565 1237.553155
1.305095238 1223.358244
1.305238095 1209.326151
1.305421769 1199.772563
1.305598639 1195.455009
1.305891156 1190.294447
1.307408163 1190.294447
1.307591837 1199.772563
1.307809524 1213.693804
1.308020408 1218.07723
1.308238095 1223.358244
1.308455782 1223.358244
1.308748299 1232.210864
1.309217687 1242.022753
1.309687075 1251.912773
1.31 1266.439008
1.400380952 1270.096827
1.401047619 1281.133795
1.401088435 1286.688193
1.401170068 1298.805474
1.40129932 1321.476435
1.401340136 1345.512926
1.401380952 1363.089457
1.401421769 1381.891615
1.401462585 1431.586998
1.401510204 1470.292876
1.40155102 1502.442963
1.401571429 1543.064576
1.401591837 1834.582433
1.401632653 1892.353057
1.401673469 2041.181673
1.401687075 2230.476433
1.401693878 2470.94592
1.401707483 2534.096048
1.401727891 2698.149944
1.401748299 2860.423004
1.401782313 3299.374349
1.401802721 3477.688429
1.401823129 3702.829199
1.401836735 4107.953862
1.401857143 4339.343681
1.401877551 4443.831707
1.401891156 5226.53258
1.401911565 6568.684761
1.401918367 7049.623899
1.401938775 8657.854613
1.401959184 10286.08905
1.401979592 12569.0558
1.402 15525.73251
1.402020408 19095.13427
1.402054422 21835.66343
1.402061224 22426.03517
1.402088435 23048.98177
1.402102041 23485.14973
1.402122449 23672.15805
1.402163265 23860.65549
1.402272109 23672.15805
1.402306122 22866.8965
1.402340136 22523.264
1.402380952 21930.33268
1.402414966 19838.96597
1.40244898 17690.09171
1.402489796 15705.8812
1.402523809 14321.24054
1.402557823 12380.1742
1.402598639 11207.62797
1.402632653 10065.98175
1.402666667 9536.099761
1.402707483 8533.899575
1.402741497 7516.838737
1.40277551 6908.72781
1.402816326 6400.375449
1.40285034 5882.586206
1.402884354 5512.973143
1.402918367 4894.610082
1.402959184 4567.27171
1.402993197 4326.846576
1.403027211 4087.272478
1.403068027 3827.70121
1.403102041 3571.714837
1.403136054 3386.137294
1.403176871 3159.681529
1.403210884 2904.063851
1.403244898 2638.510348
1.403285714 2519.520912
1.403319728 2334.131584
1.403353741 2178.031135
1.403428571 1987.446985
1.403537415 1808.316603
1.403612245 1700.817582
1.403680272 1624.115466
1.403789116 1534.189468
1.403897959 1470.292876
1.404006803 1420.277565
1.404115646 1371.963638
1.404258503 1335.846306
1.404367347 1310.091916
1.40447619 1290.404497
1.404585034 1271.012931
1.404659864 1260.972022
1.404768707 1246.508494
1.404911565 1237.553155
1.405095238 1223.358244
1.405238095 1209.326151
1.405421769 1199.772563
1.405598639 1195.455009
1.405891156 1190.294447
1.407408163 1190.294447
1.407591837 1199.772563
1.407809524 1213.693804
1.408020408 1218.07723
1.408238095 1223.358244
1.408455782 1223.358244
1.408748299 1232.210864
1.409217687 1242.022753
1.409687075 1251.912773
1.41 1266.439008
1.500380952 1270.096827
1.501047619 1281.133795
1.501088435 1286.688193
1.501170068 1298.805474
1.50129932 1321.476435
1.501340136 1345.512926
1.501380952 1363.089457
1.501421769 1381.891615
1.501462585 1431.586998
1.501510204 1470.292876
1.50155102 1502.442963
1.501571429 1543.064576
1.501591837 1834.582433
1.501632653 1892.353057
1.501673469 2041.181673
1.501687075 2230.476433
1.501693878 2470.94592
1.501707483 2534.096048
1.501727891 2698.149944
1.501748299 2860.423004
1.501782313 3299.374349
1.501802721 3477.688429
1.501823129 3702.829199
1.501836735 4107.953862
1.501857143 4339.343681
1.501877551 4443.831707
1.501891156 5226.53258
1.501911565 6568.684761
1.501918367 7049.623899
1.501938775 8657.854613
1.501959184 10286.08905
1.501979592 12569.0558
1.502 15525.73251
1.502020408 19095.13427
1.502054422 21835.66343
1.502061224 22426.03517
1.502088435 23048.98177
1.502102041 23485.14973
1.502122449 23672.15805
1.502163265 23860.65549
1.502272109 23672.15805
1.502306122 22866.8965
1.502340136 22523.264
1.502380952 21930.33268
1.502414966 19838.96597
1.50244898 17690.09171
1.502489796 15705.8812
1.502523809 14321.24054
1.502557823 12380.1742
1.502598639 11207.62797
1.502632653 10065.98175
1.502666667 9536.099761
1.502707483 8533.899575
1.502741497 7516.838737
1.50277551 6908.72781
1.502816326 6400.375449
1.50285034 5882.586206
1.502884354 5512.973143
1.502918367 4894.610082
1.502959184 4567.27171
1.502993197 4326.846576
1.503027211 4087.272478
1.503068027 3827.70121
1.503102041 3571.714837
1.503136054 3386.137294
1.503176871 3159.681529
1.503210884 2904.063851
1.503244898 2638.510348
1.503285714 2519.520912
1.503319728 2334.131584
1.503353741 2178.031135
1.503428571 1987.446985
1.503537415 1808.316603
1.503612245 1700.817582
1.503680272 1624.115466
1.503789116 1534.189468
1.503897959 1470.292876
1.504006803 1420.277565
1.504115646 1371.963638
1.504258503 1335.846306
1.504367347 1310.091916
1.50447619 1290.404497
1.504585034 1271.012931
1.504659864 1260.972022
1.504768707 1246.508494
1.504911565 1237.553155
1.505095238 1223.358244
1.505238095 1209.326151
1.505421769 1199.772563
1.505598639 1195.455009
1.505891156 1190.294447
1.507408163 1190.294447
1.507591837 1199.772563
1.507809524 1213.693804
1.508020408 1218.07723
1.508238095 1223.358244
1.508455782 1223.358244
1.508748299 1232.210864
1.509217687 1242.022753
1.509687075 1251.912773
1.51 1266.439008
1.600380952 1270.096827
1.601047619 1281.133795
1.601088435 1286.688193
1.601170068 1298.805474
1.60129932 1321.476435
1.601340136 1345.512926
1.601380952 1363.089457
1.601421769 1381.891615
1.601462585 1431.586998
1.601510204 1470.292876
1.60155102 1502.442963
1.601571429 1543.064576
1.601591837 1834.582433
1.601632653 1892.353057
1.601673469 2041.181673
1.601687075 2230.476433
1.601693878 2470.94592
1.601707483 2534.096048
1.601727891 2698.149944
1.601748299 2860.423004
1.601782313 3299.374349
1.601802721 3477.688429
1.601823129 3702.829199
1.601836735 4107.953862
1.601857143 4339.343681
1.601877551 4443.831707
1.601891156 5226.53258
1.601911565 6568.684761
1.601918367 7049.623899
1.601938775 8657.854613
1.601959184 10286.08905
1.601979592 12569.0558
1.602 15525.73251
1.602020408 19095.13427
1.602054422 21835.66343
1.602061224 22426.03517
1.602088435 23048.98177
1.602102041 23485.14973
1.602122449 23672.15805
1.602163265 23860.65549
1.602272109 23672.15805
1.602306122 22866.8965
1.602340136 22523.264
1.602380952 21930.33268
1.602414966 19838.96597
1.60244898 17690.09171
1.602489796 15705.8812
1.602523809 14321.24054
1.602557823 12380.1742
1.602598639 11207.62797
1.602632653 10065.98175
1.602666667 9536.099761
1.602707483 8533.899575
1.602741497 7516.838737
1.60277551 6908.72781
1.602816326 6400.375449
1.60285034 5882.586206
1.602884354 5512.973143
1.602918367 4894.610082
1.602959184 4567.27171
1.602993197 4326.846576
1.603027211 4087.272478
1.603068027 3827.70121
1.603102041 3571.714837
1.603136054 3386.137294
1.603176871 3159.681529
1.603210884 2904.063851
1.603244898 2638.510348
1.603285714 2519.520912
1.603319728 2334.131584
1.603353741 2178.031135
1.603428571 1987.446985
1.603537415 1808.316603
1.603612245 1700.817582
1.603680272 1624.115466
1.603789116 1534.189468
1.603897959 1470.292876
1.604006803 1420.277565
1.604115646 1371.963638
1.604258503 1335.846306
1.604367347 1310.091916
1.60447619 1290.404497
1.604585034 1271.012931
1.604659864 1260.972022
1.604768707 1246.508494
1.604911565 1237.553155
1.605095238 1223.358244
1.605238095 1209.326151
1.605421769 1199.772563
1.605598639 1195.455009
1.605891156 1190.294447
1.607408163 1190.294447
1.607591837 1199.772563
1.607809524 1213.693804
1.608020408 1218.07723
1.608238095 1223.358244
1.608455782 1223.358244
1.608748299 1232.210864
1.609217687 1242.022753
1.609687075 1251.912773
1.61 1266.439008
1.700380952 1270.096827
1.701047619 1281.133795
1.701088435 1286.688193
1.701170068 1298.805474
1.70129932 1321.476435
1.701340136 1345.512926
1.701380952 1363.089457
1.701421769 1381.891615
1.701462585 1431.586998
1.701510204 1470.292876
1.70155102 1502.442963
1.701571429 1543.064576
1.701591837 1834.582433
1.701632653 1892.353057
1.701673469 2041.181673
1.701687075 2230.476433
1.701693878 2470.94592
1.701707483 2534.096048
1.701727891 2698.149944
1.701748299 2860.423004
1.701782313 3299.374349
1.701802721 3477.688429
1.701823129 3702.829199
1.701836735 4107.953862
1.701857143 4339.343681
1.701877551 4443.831707
1.701891156 5226.53258
1.701911565 6568.684761
1.701918367 7049.623899
1.701938775 8657.854613
1.701959184 10286.08905
1.701979592 12569.0558
1.702 15525.73251
1.702020408 19095.13427
1.702054422 21835.66343
1.702061224 22426.03517
1.702088435 23048.98177
1.702102041 23485.14973
1.702122449 23672.15805
1.702163265 23860.65549
1.702272109 23672.15805
1.702306122 22866.8965
1.702340136 22523.264
1.702380952 21930.33268
1.702414966 19838.96597
1.70244898 17690.09171
1.702489796 15705.8812
1.702523809 14321.24054
1.702557823 12380.1742
1.702598639 11207.62797
1.702632653 10065.98175
1.702666667 9536.099761
1.702707483 8533.899575
1.702741497 7516.838737
1.70277551 6908.72781
1.702816326 6400.375449
1.70285034 5882.586206
1.702884354 5512.973143
1.702918367 4894.610082
1.702959184 4567.27171
1.702993197 4326.846576
1.703027211 4087.272478
1.703068027 3827.70121
1.703102041 3571.714837
1.703136054 3386.137294
1.703176871 3159.681529
1.703210884 2904.063851
1.703244898 2638.510348
1.703285714 2519.520912
1.703319728 2334.131584
1.703353741 2178.031135
1.703428571 1987.446985
1.703537415 1808.316603
1.703612245 1700.817582
1.703680272 1624.115466
1.703789116 1534.189468
1.703897959 1470.292876
1.704006803 1420.277565
1.704115646 1371.963638
1.704258503 1335.846306
1.704367347 1310.091916
1.70447619 1290.404497
1.704585034 1271.012931
1.704659864 1260.972022
1.704768707 1246.508494
1.704911565 1237.553155
1.705095238 1223.358244
1.705238095 1209.326151
1.705421769 1199.772563
1.705598639 1195.455009
1.705891156 1190.294447
1.707408163 1190.294447
1.707591837 1199.772563
1.707809524 1213.693804
1.708020408 1218.07723
1.708238095 1223.358244
1.708455782 1223.358244
1.708748299 1232.210864
1.709217687 1242.022753
1.709687075 1251.912773
1.71 1266.439008
1.800380952 1270.096827
1.801047619 1281.133795
1.801088435 1286.688193
1.801170068 1298.805474
1.80129932 1321.476435
1.801340136 1345.512926
1.801380952 1363.089457
1.801421769 1381.891615
1.801462585 1431.586998
1.801510204 1470.292876
1.80155102 1502.442963
1.801571429 1543.064576
1.801591837 1834.582433
1.801632653 1892.353057
1.801673469 2041.181673
1.801687075 2230.476433
1.801693878 2470.94592
1.801707483 2534.096048
1.801727891 2698.149944
1.801748299 2860.423004
1.801782313 3299.374349
1.801802721 3477.688429
1.801823129 3702.829199
1.801836735 4107.953862
1.801857143 4339.343681
1.801877551 4443.831707
1.801891156 5226.53258
1.801911565 6568.684761
1.801918367 7049.623899
1.801938775 8657.854613
1.801959184 10286.08905
1.801979592 12569.0558
1.802 15525.73251
1.802020408 19095.13427
1.802054422 21835.66343
1.802061224 22426.03517
1.802088435 23048.98177
1.802102041 23485.14973
1.802122449 23672.15805
1.802163265 23860.65549
1.802272109 23672.15805
1.802306122 22866.8965
1.802340136 22523.264
1.802380952 21930.33268
1.802414966 19838.96597
1.80244898 17690.09171
1.802489796 15705.8812
1.802523809 14321.24054
1.802557823 12380.1742
1.802598639 11207.62797
1.802632653 10065.98175
1.802666667 9536.099761
1.802707483 8533.899575
1.802741497 7516.838737
1.80277551 6908.72781
1.802816326 6400.375449
1.80285034 5882.586206
1.802884354 5512.973143
1.802918367 4894.610082
1.802959184 4567.27171
1.802993197 4326.846576
1.803027211 4087.272478
1.803068027 3827.70121
1.803102041 3571.714837
1.803136054 3386.137294
1.803176871 3159.681529
1.803210884 2904.063851
1.803244898 2638.510348
1.803285714 2519.520912
1.803319728 2334.131584
1.803353741 2178.031135
1.803428571 1987.446985
1.803537415 1808.316603
1.803612245 1700.817582
1.803680272 1624.115466
1.803789116 1534.189468
1.803897959 1470.292876
1.804006803 1420.277565
1.804115646 1371.963638
1.804258503 1335.846306
1.804367347 1310.091916
1.80447619 1290.404497
1.804585034 1271.012931
1.804659864 1260.972022
1.804768707 1246.508494
1.804911565 1237.553155
1.805095238 1223.358244
1.805238095 1209.326151
1.805421769 1199.772563
1.805598639 1195.455009
1.805891156 1190.294447
1.807408163 1190.294447
1.807591837 1199.772563
1.807809524 1213.693804
1.808020408 1218.07723
1.808238095 1223.358244
1.808455782 1223.358244
1.808748299 1232.210864
1.809217687 1242.022753
1.809687075 1251.912773
1.81 1266.439008
1.900380952 1270.096827
1.901047619 1281.133795
1.901088435 1286.688193
1.90117006799999 1298.805474
1.90129932 1321.476435
1.901340136 1345.512926
1.901380952 1363.089457
1.90142176899999 1381.891615
1.901462585 1431.586998
1.901510204 1470.292876
1.90155102 1502.442963
1.90157142899999 1543.064576
1.901591837 1834.582433
1.901632653 1892.353057
1.901673469 2041.181673
1.901687075 2230.476433
1.901693878 2470.94592
1.901707483 2534.096048
1.901727891 2698.149944
1.901748299 2860.423004
1.901782313 3299.374349
1.901802721 3477.688429
1.901823129 3702.829199
1.901836735 4107.953862
1.901857143 4339.343681
1.901877551 4443.831707
1.901891156 5226.53258
1.90191156499999 6568.684761
1.901918367 7049.623899
1.901938775 8657.854613
1.90195918399999 10286.08905
1.901979592 12569.0558
1.902 15525.73251
1.902020408 19095.13427
1.902054422 21835.66343
1.90206122399999 22426.03517
1.902088435 23048.98177
1.902102041 23485.14973
1.902122449 23672.15805
1.902163265 23860.65549
1.902272109 23672.15805
1.90230612199999 22866.8965
1.902340136 22523.264
1.902380952 21930.33268
1.902414966 19838.96597
1.90244898 17690.09171
1.902489796 15705.8812
1.902523809 14321.24054
1.902557823 12380.1742
1.90259863899999 11207.62797
1.902632653 10065.98175
1.902666667 9536.099761
1.902707483 8533.899575
1.902741497 7516.838737
1.90277551 6908.72781
1.902816326 6400.375449
1.90285034 5882.586206
1.902884354 5512.973143
1.902918367 4894.610082
1.902959184 4567.27171
1.90299319699999 4326.846576
1.903027211 4087.272478
1.903068027 3827.70121
1.903102041 3571.714837
1.903136054 3386.137294
1.903176871 3159.681529
1.903210884 2904.063851
1.903244898 2638.510348
1.903285714 2519.520912
1.903319728 2334.131584
1.903353741 2178.031135
1.903428571 1987.446985
1.90353741499999 1808.316603
1.903612245 1700.817582
1.903680272 1624.115466
1.903789116 1534.189468
1.903897959 1470.292876
1.904006803 1420.277565
1.904115646 1371.963638
1.904258503 1335.846306
1.904367347 1310.091916
1.90447619 1290.404497
1.904585034 1271.012931
1.904659864 1260.972022
1.90476870699999 1246.508494
1.904911565 1237.553155
1.905095238 1223.358244
1.905238095 1209.326151
1.905421769 1199.772563
1.905598639 1195.455009
1.905891156 1190.294447
1.907408163 1190.294447
1.907591837 1199.772563
1.907809524 1213.693804
1.908020408 1218.07723
1.908238095 1223.358244
1.90845578199999 1223.358244
1.908748299 1232.210864
1.909217687 1242.022753
1.909687075 1251.912773
1.91 1266.439008
2.000380952 1270.096827
2.001047619 1281.133795
2.001088435 1286.688193
2.001170068 1298.805474
2.00129932 1321.476435
2.001340136 1345.512926
2.001380952 1363.089457
2.00142176899999 1381.891615
2.001462585 1431.586998
2.00151020399999 1470.292876
2.00155102 1502.442963
2.00157142899999 1543.064576
2.001591837 1834.582433
2.001632653 1892.353057
2.001673469 2041.181673
2.001687075 2230.476433
2.001693878 2470.94592
2.001707483 2534.096048
2.001727891 2698.149944
2.001748299 2860.423004
2.001782313 3299.374349
2.001802721 3477.688429
2.001823129 3702.829199
2.001836735 4107.953862
2.001857143 4339.343681
2.001877551 4443.831707
2.001891156 5226.53258
2.00191156499999 6568.684761
2.001918367 7049.623899
2.001938775 8657.854613
2.00195918399999 10286.08905
2.001979592 12569.0558
2.00199999999999 15525.73251
2.002020408 19095.13427
2.00205442199999 21835.66343
2.00206122399999 22426.03517
2.002088435 23048.98177
2.002102041 23485.14973
2.002122449 23672.15805
2.002163265 23860.65549
2.002272109 23672.15805
2.00230612199999 22866.8965
2.002340136 22523.264
2.002380952 21930.33268
2.002414966 19838.96597
2.00244897999999 17690.09171
2.002489796 15705.8812
2.002523809 14321.24054
2.002557823 12380.1742
2.00259863899999 11207.62797
2.002632653 10065.98175
2.002666667 9536.099761
2.002707483 8533.899575
2.002741497 7516.838737
2.00277551 6908.72781
2.002816326 6400.375449
2.00285034 5882.586206
2.002884354 5512.973143
2.002918367 4894.610082
2.002959184 4567.27171
2.002993197 4326.846576
2.003027211 4087.272478
2.003068027 3827.70121
2.003102041 3571.714837
2.00313605399999 3386.137294
2.003176871 3159.681529
2.003210884 2904.063851
2.003244898 2638.510348
2.00328571399999 2519.520912
2.003319728 2334.131584
2.003353741 2178.031135
2.003428571 1987.446985
2.00353741499999 1808.316603
2.003612245 1700.817582
2.00368027199999 1624.115466
2.003789116 1534.189468
2.003897959 1470.292876
2.004006803 1420.277565
2.004115646 1371.963638
2.004258503 1335.846306
2.00436734699999 1310.091916
2.00447619 1290.404497
2.004585034 1271.012931
2.004659864 1260.972022
2.00476870699999 1246.508494
2.00491156499999 1237.553155
2.005095238 1223.358244
2.005238095 1209.326151
2.005421769 1199.772563
2.00559863899999 1195.455009
2.005891156 1190.294447
2.007408163 1190.294447
2.007591837 1199.772563
2.00780952399999 1213.693804
2.008020408 1218.07723
2.008238095 1223.358244
2.008455782 1223.358244
2.008748299 1232.210864
2.009217687 1242.022753
2.009687075 1251.912773
2.01 1266.439008
2.10038095199999 1270.096827
2.101047619 1281.133795
2.101088435 1286.688193
2.10117006799999 1298.805474
2.10129932 1321.476435
2.101340136 1345.512926
2.101380952 1363.089457
2.10142176899999 1381.891615
2.10146258499999 1431.586998
2.10151020399999 1470.292876
2.10155102 1502.442963
2.10157142899999 1543.064576
2.101591837 1834.582433
2.101632653 1892.353057
2.101673469 2041.181673
2.101687075 2230.476433
2.101693878 2470.94592
2.10170748299999 2534.096048
2.101727891 2698.149944
2.101748299 2860.423004
2.101782313 3299.374349
2.10180272099999 3477.688429
2.101823129 3702.829199
2.101836735 4107.953862
2.10185714299999 4339.343681
2.101877551 4443.831707
2.101891156 5226.53258
2.10191156499999 6568.684761
2.101918367 7049.623899
2.101938775 8657.854613
2.10195918399999 10286.08905
2.101979592 12569.0558
2.10199999999999 15525.73251
2.102020408 19095.13427
2.10205442199999 21835.66343
2.10206122399999 22426.03517
2.102088435 23048.98177
2.10210204099999 23485.14973
2.102122449 23672.15805
2.102163265 23860.65549
2.102272109 23672.15805
2.10230612199999 22866.8965
2.102340136 22523.264
2.102380952 21930.33268
2.102414966 19838.96597
2.10244897999999 17690.09171
2.102489796 15705.8812
2.102523809 14321.24054
2.102557823 12380.1742
2.10259863899999 11207.62797
2.102632653 10065.98175
2.102666667 9536.099761
2.102707483 8533.899575
2.10274149699999 7516.838737
2.10277551 6908.72781
2.102816326 6400.375449
2.10285034 5882.586206
2.102884354 5512.973143
2.102918367 4894.610082
2.102959184 4567.27171
2.10299319699999 4326.846576
2.103027211 4087.272478
2.103068027 3827.70121
2.103102041 3571.714837
2.10313605399999 3386.137294
2.103176871 3159.681529
2.103210884 2904.063851
2.103244898 2638.510348
2.10328571399999 2519.520912
2.103319728 2334.131584
2.103353741 2178.031135
2.10342857099999 1987.446985
2.10353741499999 1808.316603
2.103612245 1700.817582
2.10368027199999 1624.115466
2.103789116 1534.189468
2.103897959 1470.292876
2.104006803 1420.277565
2.104115646 1371.963638
2.104258503 1335.846306
2.10436734699999 1310.091916
2.10447619 1290.404497
2.104585034 1271.012931
2.10465986399999 1260.972022
2.10476870699999 1246.508494
2.10491156499999 1237.553155
2.105095238 1223.358244
2.105238095 1209.326151
2.105421769 1199.772563
2.10559863899999 1195.455009
2.10589115599999 1190.294447
2.107408163 1190.294447
2.107591837 1199.772563
2.10780952399999 1213.693804
2.108020408 1218.07723
2.108238095 1223.358244
2.10845578199999 1223.358244
2.10874829899999 1232.210864
2.109217687 1242.022753
2.10968707499999 1251.912773
2.11 1266.439008
2.20038095199999 1270.096827
2.201047619 1281.133795
2.201088435 1286.688193
2.20117006799999 1298.805474
2.20129932 1321.476435
2.201340136 1345.512926
2.201380952 1363.089457
2.20142176899999 1381.891615
2.20146258499999 1431.586998
2.20151020399999 1470.292876
2.20155101999999 1502.442963
2.20157142899999 1543.064576
2.201591837 1834.582433
2.201632653 1892.353057
2.201673469 2041.181673
2.201687075 2230.476433
2.201693878 2470.94592
2.20170748299999 2534.096048
2.201727891 2698.149944
2.20174829899999 2860.423004
2.201782313 3299.374349
2.20180272099999 3477.688429
2.201823129 3702.829199
2.201836735 4107.953862
2.20185714299999 4339.343681
2.201877551 4443.831707
2.20189115599999 5226.53258
2.20191156499999 6568.684761
2.201918367 7049.623899
2.201938775 8657.854613
2.20195918399999 10286.08905
2.201979592 12569.0558
2.20199999999999 15525.73251
2.202020408 19095.13427
2.20205442199999 21835.66343
2.20206122399999 22426.03517
2.20208843499999 23048.98177
2.20210204099999 23485.14973
2.202122449 23672.15805
2.202163265 23860.65549
2.202272109 23672.15805
2.20230612199999 22866.8965
2.20234013599999 22523.264
2.202380952 21930.33268
2.202414966 19838.96597
2.20244897999999 17690.09171
2.20248979599999 15705.8812
2.202523809 14321.24054
2.202557823 12380.1742
2.20259863899999 11207.62797
2.20263265299999 10065.98175
2.202666667 9536.099761
2.202707483 8533.899575
2.20274149699999 7516.838737
2.20277551 6908.72781
2.202816326 6400.375449
2.20285034 5882.586206
2.20288435399999 5512.973143
2.202918367 4894.610082
2.202959184 4567.27171
2.20299319699999 4326.846576
2.20302721099999 4087.272478
2.203068027 3827.70121
2.203102041 3571.714837
2.20313605399999 3386.137294
2.20317687099999 3159.681529
2.203210884 2904.063851
2.203244898 2638.510348
2.20328571399999 2519.520912
2.20331972799999 2334.131584
2.203353741 2178.031135
2.20342857099999 1987.446985
2.20353741499999 1808.316603
2.203612245 1700.817582
2.20368027199999 1624.115466
2.203789116 1534.189468
2.203897959 1470.292876
2.204006803 1420.277565
2.20411564599999 1371.963638
2.20425850299999 1335.846306
2.20436734699999 1310.091916
2.20447619 1290.404497
2.204585034 1271.012931
2.20465986399999 1260.972022
2.20476870699999 1246.508494
2.20491156499999 1237.553155
2.20509523799999 1223.358244
2.205238095 1209.326151
2.205421769 1199.772563
2.20559863899999 1195.455009
2.20589115599999 1190.294447
2.20740816299999 1190.294447
2.207591837 1199.772563
2.20780952399999 1213.693804
2.208020408 1218.07723
2.208238095 1223.358244
2.20845578199999 1223.358244
2.20874829899999 1232.210864
2.209217687 1242.022753
2.20968707499999 1251.912773
2.21 1266.439008
2.30038095199999 1270.096827
2.301047619 1281.133795
2.301088435 1286.688193
2.30117006799999 1298.805474
2.30129932 1321.476435
2.301340136 1345.512926
2.301380952 1363.089457
2.30142176899999 1381.891615
2.30146258499999 1431.586998
2.30151020399999 1470.292876
2.30155101999999 1502.442963
2.30157142899999 1543.064576
2.301591837 1834.582433
2.301632653 1892.353057
2.301673469 2041.181673
2.301687075 2230.476433
2.301693878 2470.94592
2.30170748299999 2534.096048
2.301727891 2698.149944
2.30174829899999 2860.423004
2.301782313 3299.374349
2.30180272099999 3477.688429
2.301823129 3702.829199
2.301836735 4107.953862
2.30185714299999 4339.343681
2.301877551 4443.831707
2.301891156 5226.53258
2.30191156499999 6568.684761
2.301918367 7049.623899
2.301938775 8657.854613
2.30195918399999 10286.08905
2.301979592 12569.0558
2.30199999999999 15525.73251
2.302020408 19095.13427
2.30205442199999 21835.66343
2.30206122399999 22426.03517
2.302088435 23048.98177
2.30210204099999 23485.14973
2.302122449 23672.15805
2.302163265 23860.65549
2.302272109 23672.15805
2.30230612199999 22866.8965
2.30234013599999 22523.264
2.302380952 21930.33268
2.302414966 19838.96597
2.30244897999999 17690.09171
2.30248979599999 15705.8812
2.302523809 14321.24054
2.302557823 12380.1742
2.30259863899999 11207.62797
2.30263265299999 10065.98175
2.302666667 9536.099761
2.302707483 8533.899575
2.30274149699999 7516.838737
2.30277551 6908.72781
2.302816326 6400.375449
2.30285034 5882.586206
2.30288435399999 5512.973143
2.302918367 4894.610082
2.302959184 4567.27171
2.30299319699999 4326.846576
2.30302721099999 4087.272478
2.303068027 3827.70121
2.303102041 3571.714837
2.30313605399999 3386.137294
2.30317687099999 3159.681529
2.303210884 2904.063851
2.303244898 2638.510348
2.30328571399999 2519.520912
2.303319728 2334.131584
2.303353741 2178.031135
2.30342857099999 1987.446985
2.30353741499999 1808.316603
2.303612245 1700.817582
2.30368027199999 1624.115466
2.303789116 1534.189468
2.303897959 1470.292876
2.304006803 1420.277565
2.30411564599999 1371.963638
2.30425850299999 1335.846306
2.30436734699999 1310.091916
2.30447619 1290.404497
2.304585034 1271.012931
2.30465986399999 1260.972022
2.30476870699999 1246.508494
2.30491156499999 1237.553155
2.30509523799999 1223.358244
2.305238095 1209.326151
2.305421769 1199.772563
2.30559863899999 1195.455009
2.30589115599999 1190.294447
2.30740816299999 1190.294447
2.307591837 1199.772563
2.30780952399999 1213.693804
2.308020408 1218.07723
2.308238095 1223.358244
2.30845578199999 1223.358244
2.30874829899999 1232.210864
2.309217687 1242.022753
2.30968707499999 1251.912773
2.31 1266.439008
2.40038095199999 1270.096827
2.40104761899999 1281.133795
2.401088435 1286.688193
2.40117006799999 1298.805474
2.40129931999999 1321.476435
2.401340136 1345.512926
2.401380952 1363.089457
2.40142176899999 1381.891615
2.40146258499999 1431.586998
2.40151020399999 1470.292876
2.40155101999999 1502.442963
2.40157142899999 1543.064576
2.40159183699999 1834.582433
2.401632653 1892.353057
2.401673469 2041.181673
2.401687075 2230.476433
2.40169387799999 2470.94592
2.40170748299999 2534.096048
2.401727891 2698.149944
2.40174829899999 2860.423004
2.401782313 3299.374349
2.40180272099999 3477.688429
2.401823129 3702.829199
2.40183673499999 4107.953862
2.40185714299999 4339.343681
2.401877551 4443.831707
2.40189115599999 5226.53258
2.40191156499999 6568.684761
2.401918367 7049.623899
2.40193877499999 8657.854613
2.40195918399999 10286.08905
2.401979592 12569.0558
2.40199999999999 15525.73251
2.402020408 19095.13427
2.40205442199999 21835.66343
2.40206122399999 22426.03517
2.40208843499999 23048.98177
2.40210204099999 23485.14973
2.402122449 23672.15805
2.402163265 23860.65549
2.402272109 23672.15805
2.40230612199999 22866.8965
2.40234013599999 22523.264
2.40238095199999 21930.33268
2.402414966 19838.96597
2.40244897999999 17690.09171
2.40248979599999 15705.8812
2.40252380899999 14321.24054
2.402557823 12380.1742
2.40259863899999 11207.62797
2.40263265299999 10065.98175
2.402666667 9536.099761
2.402707483 8533.899575
2.40274149699999 7516.838737
2.40277550999999 6908.72781
2.402816326 6400.375449
2.40285034 5882.586206
2.40288435399999 5512.973143
2.40291836699999 4894.610082
2.402959184 4567.27171
2.40299319699999 4326.846576
2.40302721099999 4087.272478
2.40306802699999 3827.70121
2.403102041 3571.714837
2.40313605399999 3386.137294
2.40317687099999 3159.681529
2.403210884 2904.063851
2.403244898 2638.510348
2.40328571399999 2519.520912
2.40331972799999 2334.131584
2.403353741 2178.031135
2.40342857099999 1987.446985
2.40353741499999 1808.316603
2.40361224499999 1700.817582
2.40368027199999 1624.115466
2.403789116 1534.189468
2.403897959 1470.292876
2.40400680299999 1420.277565
2.40411564599999 1371.963638
2.40425850299999 1335.846306
2.40436734699999 1310.091916
2.40447619 1290.404497
2.404585034 1271.012931
2.40465986399999 1260.972022
2.40476870699999 1246.508494
2.40491156499999 1237.553155
2.40509523799999 1223.358244
2.40523809499999 1209.326151
2.405421769 1199.772563
2.40559863899999 1195.455009
2.40589115599999 1190.294447
2.40740816299999 1190.294447
2.407591837 1199.772563
2.40780952399999 1213.693804
2.408020408 1218.07723
2.40823809499999 1223.358244
2.40845578199999 1223.358244
2.40874829899999 1232.210864
2.409217687 1242.022753
2.40968707499999 1251.912773
2.41 1266.439008
2.50038095199999 1270.096827
2.50104761899999 1281.133795
2.50108843499999 1286.688193
2.50117006799999 1298.805474
2.50129931999999 1321.476435
2.50134013599999 1345.512926
2.50138095199999 1363.089457
2.50142176899999 1381.891615
2.50146258499999 1431.586998
2.50151020399999 1470.292876
2.50155101999999 1502.442963
2.50157142899999 1543.064576
2.50159183699999 1834.582433
2.50163265299999 1892.353057
2.501673469 2041.181673
2.50168707499999 2230.476433
2.50169387799999 2470.94592
2.50170748299999 2534.096048
2.50172789099999 2698.149944
2.50174829899999 2860.423004
2.50178231299999 3299.374349
2.50180272099999 3477.688429
2.501823129 3702.829199
2.50183673499999 4107.953862
2.50185714299999 4339.343681
2.50187755099999 4443.831707
2.50189115599999 5226.53258
2.50191156499999 6568.684761
2.501918367 7049.623899
2.50193877499999 8657.854613
2.50195918399999 10286.08905
2.50197959199999 12569.0558
2.50199999999999 15525.73251
2.502020408 19095.13427
2.50205442199999 21835.66343
2.50206122399999 22426.03517
2.50208843499999 23048.98177
2.50210204099999 23485.14973
2.50212244899999 23672.15805
2.502163265 23860.65549
2.50227210899999 23672.15805
2.50230612199999 22866.8965
2.50234013599999 22523.264
2.50238095199999 21930.33268
2.502414966 19838.96597
2.50244897999999 17690.09171
2.50248979599999 15705.8812
2.50252380899999 14321.24054
2.502557823 12380.1742
2.50259863899999 11207.62797
2.50263265299999 10065.98175
2.50266666699999 9536.099761
2.502707483 8533.899575
2.50274149699999 7516.838737
2.50277550999999 6908.72781
2.50281632599999 6400.375449
2.50285034 5882.586206
2.50288435399999 5512.973143
2.50291836699999 4894.610082
2.50295918399999 4567.27171
2.50299319699999 4326.846576
2.50302721099999 4087.272478
2.50306802699999 3827.70121
2.503102041 3571.714837
2.50313605399999 3386.137294
2.50317687099999 3159.681529
2.50321088399999 2904.063851
2.503244898 2638.510348
2.50328571399999 2519.520912
2.50331972799999 2334.131584
2.50335374099999 2178.031135
2.50342857099999 1987.446985
2.50353741499999 1808.316603
2.50361224499999 1700.817582
2.50368027199999 1624.115466
2.503789116 1534.189468
2.50389795899999 1470.292876
2.50400680299999 1420.277565
2.50411564599999 1371.963638
2.50425850299999 1335.846306
2.50436734699999 1310.091916
2.50447619 1290.404497
2.50458503399999 1271.012931
2.50465986399999 1260.972022
2.50476870699999 1246.508494
2.50491156499999 1237.553155
2.50509523799999 1223.358244
2.50523809499999 1209.326151
2.50542176899999 1199.772563
2.50559863899999 1195.455009
2.50589115599999 1190.294447
2.50740816299999 1190.294447
2.50759183699999 1199.772563
2.50780952399999 1213.693804
2.508020408 1218.07723
2.50823809499999 1223.358244
2.50845578199999 1223.358244
2.50874829899999 1232.210864
2.50921768699999 1242.022753
2.50968707499999 1251.912773
2.50999999999999 1266.439008
2.60038095199999 1270.096827
2.60104761899999 1281.133795
2.60108843499999 1286.688193
2.60117006799999 1298.805474
2.60129931999999 1321.476435
2.60134013599999 1345.512926
2.601380952 1363.089457
2.60142176899999 1381.891615
2.60146258499999 1431.586998
2.60151020399999 1470.292876
2.60155101999999 1502.442963
2.60157142899999 1543.064576
2.60159183699999 1834.582433
2.60163265299999 1892.353057
2.601673469 2041.181673
2.60168707499999 2230.476433
2.60169387799999 2470.94592
2.60170748299999 2534.096048
2.601727891 2698.149944
2.60174829899999 2860.423004
2.60178231299999 3299.374349
2.60180272099999 3477.688429
2.601823129 3702.829199
2.60183673499999 4107.953862
2.60185714299999 4339.343681
2.60187755099999 4443.831707
2.60189115599999 5226.53258
2.60191156499999 6568.684761
2.601918367 7049.623899
2.60193877499999 8657.854613
2.60195918399999 10286.08905
2.60197959199999 12569.0558
2.60199999999999 15525.73251
2.602020408 19095.13427
2.60205442199999 21835.66343
2.60206122399999 22426.03517
2.60208843499999 23048.98177
2.60210204099999 23485.14973
2.602122449 23672.15805
2.602163265 23860.65549
2.60227210899999 23672.15805
2.60230612199999 22866.8965
2.60234013599999 22523.264
2.60238095199999 21930.33268
2.602414966 19838.96597
2.60244897999999 17690.09171
2.60248979599999 15705.8812
2.60252380899999 14321.24054
2.602557823 12380.1742
2.60259863899999 11207.62797
2.60263265299999 10065.98175
2.60266666699999 9536.099761
2.602707483 8533.899575
2.60274149699999 7516.838737
2.60277550999999 6908.72781
2.60281632599999 6400.375449
2.60285034 5882.586206
2.60288435399999 5512.973143
2.60291836699999 4894.610082
2.602959184 4567.27171
2.60299319699999 4326.846576
2.60302721099999 4087.272478
2.60306802699999 3827.70121
2.603102041 3571.714837
2.60313605399999 3386.137294
2.60317687099999 3159.681529
2.60321088399999 2904.063851
2.603244898 2638.510348
2.60328571399999 2519.520912
2.60331972799999 2334.131584
2.60335374099999 2178.031135
2.60342857099999 1987.446985
2.60353741499999 1808.316603
2.60361224499999 1700.817582
2.60368027199999 1624.115466
2.603789116 1534.189468
2.60389795899999 1470.292876
2.60400680299999 1420.277565
2.60411564599999 1371.963638
2.60425850299999 1335.846306
2.60436734699999 1310.091916
2.60447619 1290.404497
2.60458503399999 1271.012931
2.60465986399999 1260.972022
2.60476870699999 1246.508494
2.60491156499999 1237.553155
2.60509523799999 1223.358244
2.60523809499999 1209.326151
2.605421769 1199.772563
2.60559863899999 1195.455009
2.60589115599999 1190.294447
2.60740816299999 1190.294447
2.60759183699999 1199.772563
2.60780952399999 1213.693804
2.608020408 1218.07723
2.60823809499999 1223.358244
2.60845578199999 1223.358244
2.60874829899999 1232.210864
2.60921768699999 1242.022753
2.60968707499999 1251.912773
2.60999999999999 1266.439008
2.70038095199999 1270.096827
2.70104761899999 1281.133795
2.70108843499999 1286.688193
2.70117006799999 1298.805474
2.70129931999999 1321.476435
2.70134013599999 1345.512926
2.70138095199999 1363.089457
2.70142176899999 1381.891615
2.70146258499999 1431.586998
2.70151020399999 1470.292876
2.70155101999999 1502.442963
2.70157142899999 1543.064576
2.70159183699999 1834.582433
2.70163265299999 1892.353057
2.70167346899999 2041.181673
2.70168707499999 2230.476433
2.70169387799999 2470.94592
2.70170748299999 2534.096048
2.70172789099999 2698.149944
2.70174829899999 2860.423004
2.70178231299999 3299.374349
2.70180272099999 3477.688429
2.70182312899999 3702.829199
2.70183673499999 4107.953862
2.70185714299999 4339.343681
2.70187755099999 4443.831707
2.70189115599999 5226.53258
2.70191156499999 6568.684761
2.70191836699999 7049.623899
2.70193877499999 8657.854613
2.70195918399999 10286.08905
2.70197959199999 12569.0558
2.70199999999999 15525.73251
2.70202040799999 19095.13427
2.70205442199999 21835.66343
2.70206122399999 22426.03517
2.70208843499999 23048.98177
2.70210204099999 23485.14973
2.70212244899999 23672.15805
2.70216326499999 23860.65549
2.70227210899999 23672.15805
2.70230612199999 22866.8965
2.70234013599999 22523.264
2.70238095199999 21930.33268
2.70241496599999 19838.96597
2.70244897999999 17690.09171
2.70248979599999 15705.8812
2.70252380899999 14321.24054
2.70255782299999 12380.1742
2.70259863899999 11207.62797
2.70263265299999 10065.98175
2.70266666699999 9536.099761
2.70270748299999 8533.899575
2.70274149699999 7516.838737
2.70277550999999 6908.72781
2.70281632599999 6400.375449
2.70285034 5882.586206
2.70288435399999 5512.973143
2.70291836699999 4894.610082
2.70295918399999 4567.27171
2.70299319699999 4326.846576
2.70302721099999 4087.272478
2.70306802699999 3827.70121
2.70310204099999 3571.714837
2.70313605399999 3386.137294
2.70317687099999 3159.681529
2.70321088399999 2904.063851
2.703244898 2638.510348
2.70328571399999 2519.520912
2.70331972799999 2334.131584
2.70335374099999 2178.031135
2.70342857099999 1987.446985
2.70353741499999 1808.316603
2.70361224499999 1700.817582
2.70368027199999 1624.115466
2.70378911599999 1534.189468
2.70389795899999 1470.292876
2.70400680299999 1420.277565
2.70411564599999 1371.963638
2.70425850299999 1335.846306
2.70436734699999 1310.091916
2.70447618999999 1290.404497
2.70458503399999 1271.012931
2.70465986399999 1260.972022
2.70476870699999 1246.508494
2.70491156499999 1237.553155
2.70509523799999 1223.358244
2.70523809499999 1209.326151
2.70542176899999 1199.772563
2.70559863899999 1195.455009
2.70589115599999 1190.294447
2.70740816299999 1190.294447
2.70759183699999 1199.772563
2.70780952399999 1213.693804
2.70802040799999 1218.07723
2.70823809499999 1223.358244
2.70845578199999 1223.358244
2.70874829899999 1232.210864
2.70921768699999 1242.022753
2.70968707499999 1251.912773
2.70999999999999 1266.439008
2.80038095199999 1270.096827
2.80104761899999 1281.133795
2.80108843499999 1286.688193
2.80117006799999 1298.805474
2.80129931999999 1321.476435
2.80134013599999 1345.512926
2.80138095199999 1363.089457
2.80142176899999 1381.891615
2.80146258499999 1431.586998
2.80151020399999 1470.292876
2.80155101999999 1502.442963
2.80157142899999 1543.064576
2.80159183699999 1834.582433
2.80163265299999 1892.353057
2.80167346899999 2041.181673
2.80168707499999 2230.476433
2.80169387799999 2470.94592
2.80170748299999 2534.096048
2.80172789099999 2698.149944
2.80174829899999 2860.423004
2.80178231299999 3299.374349
2.80180272099999 3477.688429
2.80182312899999 3702.829199
2.80183673499999 4107.953862
2.80185714299999 4339.343681
2.80187755099999 4443.831707
2.80189115599999 5226.53258
2.80191156499999 6568.684761
2.80191836699999 7049.623899
2.80193877499999 8657.854613
2.80195918399999 10286.08905
2.80197959199999 12569.0558
2.80199999999999 15525.73251
2.80202040799999 19095.13427
2.80205442199999 21835.66343
2.80206122399999 22426.03517
2.80208843499999 23048.98177
2.80210204099999 23485.14973
2.80212244899999 23672.15805
2.80216326499999 23860.65549
2.80227210899999 23672.15805
2.80230612199999 22866.8965
2.80234013599999 22523.264
2.80238095199999 21930.33268
2.80241496599999 19838.96597
2.80244897999999 17690.09171
2.80248979599999 15705.8812
2.80252380899999 14321.24054
2.80255782299999 12380.1742
2.80259863899999 11207.62797
2.80263265299999 10065.98175
2.80266666699999 9536.099761
2.80270748299999 8533.899575
2.80274149699999 7516.838737
2.80277550999999 6908.72781
2.80281632599999 6400.375449
2.80285033999999 5882.586206
2.80288435399999 5512.973143
2.80291836699999 4894.610082
2.80295918399999 4567.27171
2.80299319699999 4326.846576
2.80302721099999 4087.272478
2.80306802699999 3827.70121
2.80310204099999 3571.714837
2.80313605399999 3386.137294
2.80317687099999 3159.681529
2.80321088399999 2904.063851
2.80324489799999 2638.510348
2.80328571399999 2519.520912
2.80331972799999 2334.131584
2.80335374099999 2178.031135
2.80342857099999 1987.446985
2.80353741499999 1808.316603
2.80361224499999 1700.817582
2.80368027199999 1624.115466
2.80378911599999 1534.189468
2.80389795899999 1470.292876
2.80400680299999 1420.277565
2.80411564599999 1371.963638
2.80425850299999 1335.846306
2.80436734699999 1310.091916
2.80447618999999 1290.404497
2.80458503399999 1271.012931
2.80465986399999 1260.972022
2.80476870699999 1246.508494
2.80491156499999 1237.553155
2.80509523799999 1223.358244
2.80523809499999 1209.326151
2.80542176899999 1199.772563
2.80559863899999 1195.455009
2.80589115599999 1190.294447
2.80740816299999 1190.294447
2.80759183699999 1199.772563
2.80780952399999 1213.693804
2.80802040799999 1218.07723
2.80823809499999 1223.358244
2.80845578199999 1223.358244
2.80874829899999 1232.210864
2.80921768699999 1242.022753
2.80968707499999 1251.912773
2.80999999999999 1266.439008
2.90038095199999 1270.096827
2.90104761899999 1281.133795
2.90108843499999 1286.688193
2.90117006799999 1298.805474
2.90129931999999 1321.476435
2.90134013599999 1345.512926
2.90138095199999 1363.089457
2.90142176899999 1381.891615
2.90146258499999 1431.586998
2.90151020399999 1470.292876
2.90155101999999 1502.442963
2.90157142899999 1543.064576
2.90159183699999 1834.582433
2.90163265299999 1892.353057
2.90167346899999 2041.181673
2.90168707499999 2230.476433
2.90169387799999 2470.94592
2.90170748299999 2534.096048
2.90172789099999 2698.149944
2.90174829899999 2860.423004
2.90178231299999 3299.374349
2.90180272099999 3477.688429
2.90182312899999 3702.829199
2.90183673499999 4107.953862
2.90185714299999 4339.343681
2.90187755099999 4443.831707
2.90189115599999 5226.53258
2.90191156499999 6568.684761
2.90191836699999 7049.623899
2.90193877499999 8657.854613
2.90195918399999 10286.08905
2.90197959199999 12569.0558
2.90199999999999 15525.73251
2.90202040799999 19095.13427
2.90205442199999 21835.66343
2.90206122399999 22426.03517
2.90208843499999 23048.98177
2.90210204099999 23485.14973
2.90212244899999 23672.15805
2.90216326499999 23860.65549
2.90227210899999 23672.15805
2.90230612199999 22866.8965
2.90234013599999 22523.264
2.90238095199999 21930.33268
2.90241496599999 19838.96597
2.90244897999999 17690.09171
2.90248979599999 15705.8812
2.90252380899999 14321.24054
2.90255782299999 12380.1742
2.90259863899999 11207.62797
2.90263265299999 10065.98175
2.90266666699999 9536.099761
2.90270748299999 8533.899575
2.90274149699999 7516.838737
2.90277550999999 6908.72781
2.90281632599999 6400.375449
2.90285033999999 5882.586206
2.90288435399999 5512.973143
2.90291836699999 4894.610082
2.90295918399999 4567.27171
2.90299319699999 4326.846576
2.90302721099999 4087.272478
2.90306802699999 3827.70121
2.90310204099999 3571.714837
2.90313605399999 3386.137294
2.90317687099999 3159.681529
2.90321088399999 2904.063851
2.90324489799999 2638.510348
2.90328571399999 2519.520912
2.90331972799999 2334.131584
2.90335374099999 2178.031135
2.90342857099999 1987.446985
2.90353741499999 1808.316603
2.90361224499999 1700.817582
2.90368027199999 1624.115466
2.90378911599999 1534.189468
2.90389795899999 1470.292876
2.90400680299999 1420.277565
2.90411564599999 1371.963638
2.90425850299999 1335.846306
2.90436734699999 1310.091916
2.90447618999999 1290.404497
2.90458503399999 1271.012931
2.90465986399999 1260.972022
2.90476870699999 1246.508494
2.90491156499999 1237.553155
2.90509523799999 1223.358244
2.90523809499999 1209.326151
2.90542176899999 1199.772563
2.90559863899999 1195.455009
2.90589115599999 1190.294447
2.90740816299999 1190.294447
2.90759183699999 1199.772563
2.90780952399999 1213.693804
2.90802040799999 1218.07723
2.90823809499999 1223.358244
2.90845578199999 1223.358244
2.90874829899999 1232.210864
2.90921768699999 1242.022753
2.90968707499999 1251.912773
2.90999999999999 1266.439008
