0.008427 -0.0250000004 -0.0244778167 -0.0250167242 synchronous_release_0
0.025162 -0.0250000004 0.0301847865 -0.0177166211 synchronous_release_0
0.047745 -0.0250000004 0.0296316145 -0.0186270615 asynchronous_release_0
0.007241 -0.0250000004 -0.00157937831 -0.034964347 synchronous_release_0
0.040228 -0.0250000004 0.000942051596 0.000335468017 synchronous_release_0
0.023181 -0.0250000004 0.0347221524 -0.00440137871 synchronous_release_0
0.024904 -0.0250000004 0.0274158549 0.0217570885 synchronous_release_1
0.026535 -0.0250000004 0.0245387003 -0.0249570068 synchronous_release_1
0.026091 -0.0250000004 -0.000780455659 -0.000625211136 synchronous_release_0
0.02393 -0.0250000004 0.0327663712 -0.0123030452 synchronous_release_0
0.043079 -0.0250000004 0.0301254027 0.0178174103 asynchronous_release_0
0.02326 -0.0250000004 0.030408654 -0.0173295632 synchronous_release_0
0.024004 -0.0250000004 -0.0297912202 0.0183707158 synchronous_release_0
0.027557 -0.0250000004 0.0326412628 0.0126312298 synchronous_release_0
0.024334 -0.0250000004 -0.0289254528 0.0197057905 synchronous_release_0
0.025744 -0.0250000004 0.033763417 -0.00922126212 synchronous_release_0
0.024 -0.0250000004 0.0346112068 -0.00520234221 synchronous_release_0
0.024111 -0.0250000004 -0.0190034804 0.0293916269 synchronous_release_0
0.024071 -0.0250000004 0.0119254159 0.0329056903 synchronous_release_1
0.032043 -0.0250000004 -0.0178471678 0.0301077831 synchronous_release_0
0.032517 -0.0250000004 0.0349405813 0.00203857186 synchronous_release_1
0.03002 -0.0250000004 -0.0188493147 -0.029490733 asynchronous_release_0
0.023779 -0.0250000004 -0.0211671953 -0.0278738201 synchronous_release_0
0.022297 -0.0250000004 0.0175199826 0.0302993434 asynchronous_release_0
0.025388 -0.0250000004 0.0333627803 0.0105794562 synchronous_release_0
0.025032 -0.0250000004 -0.000529086561 -0.0349960007 asynchronous_release_0
0.035846 -0.0250000004 0.0300327115 -0.017973209 synchronous_release_0
0.024929 -0.0250000004 0.0336895593 -0.00948754932 synchronous_release_0
0.009105 -0.0250000004 0.0335386207 0.0100080427 synchronous_release_0
0.028678 -0.0250000004 0.0303072374 -0.0175063235 synchronous_release_1
0.017272 -0.0250000004 -0.0343122911 0.00690410618 synchronous_release_1
0.007347 -0.0250000004 0.0345218724 -0.00576544247 synchronous_release_0
0.034731 -0.0250000004 -0.00793097923 0.0340895815 synchronous_release_0
0.005811 -0.0250000004 0.0253693596 -0.0241121462 synchronous_release_0
0.025519 -0.0250000004 0.00258597383 -0.034904337 synchronous_release_0
0.025214 -0.0250000004 -0.0338023555 0.00907748641 synchronous_release_0
0.037324 -0.0250000004 -0.00905687909 0.0338078828 synchronous_release_0
0.025498 -0.0250000004 0.0121243288 0.0328329203 synchronous_release_0
0.029414 -0.0250000004 0.0223719786 -0.0269164368 synchronous_release_0
0.027112 -0.0250000004 0.00527378146 0.0346003935 asynchronous_release_0
0.013681 -0.0250000004 -0.00338403073 0.0348360207 asynchronous_release_0
0.024511 -0.0250000004 0.0266349934 -0.0227063235 synchronous_release_0
0.032155 -0.0250000004 0.0308629761 0.0165068685 synchronous_release_1
0.025013 -0.0250000004 0.0174574932 -0.0303353907 synchronous_release_0
0.003607 -0.0250000004 0.034913207 -0.00246332662 synchronous_release_0
0.028362 -0.0250000004 0.0292092422 -0.0192826391 synchronous_release_0
0.024391 -0.0250000004 0.0348906182 -0.00276491559 synchronous_release_0
0.016499 -0.0250000004 0.016596814 0.0308147005 synchronous_release_0
0.003774 -0.0250000004 0.00110478177 0.0349825593 synchronous_release_0
0.026014 -0.0250000004 -0.0327214851 -0.0124219328 synchronous_release_0
0.035633 -0.0250000004 0.034196208 0.00745783851 synchronous_release_0
0.02798 -0.0250000004 -0.000995479564 9.49759818e-05 synchronous_release_1
0.034473 -0.0250000004 0.028511791 -0.0202996988 synchronous_release_1
0.039936 -0.0250000004 -0.0276923284 -0.0214040871 synchronous_release_1
0.009659 -0.0250000004 0.0269213197 -0.0223661027 asynchronous_release_0
0.027259 -0.0250000004 0.0317620394 -0.0147028179 synchronous_release_1
0.024331 -0.0250000004 0.0349996551 -0.000155368644 synchronous_release_0
0.045051 -0.0250000004 -0.0287864103 -0.0199083546 asynchronous_release_0
0.02298 -0.0250000004 0.0349677076 0.00150313743 synchronous_release_0
0.036529 -0.0250000004 0.00099681997 -7.96865533e-05 asynchronous_release_0
0.029365 -0.0250000004 0.0289966556 0.0196008665 synchronous_release_0
0.024985 -0.0250000004 0.0344957429 0.00591977408 synchronous_release_0
0.034389 -0.0250000004 0.0294968939 0.0188396722 synchronous_release_0
0.010125 -0.0250000004 0.0349888092 0.000885004896 synchronous_release_0
0.034367 -0.0250000004 0.0254293222 -0.0240488996 synchronous_release_0
0.04133 -0.0250000004 -0.00811229683 -0.0340468888 synchronous_release_0
0.00445 -0.0250000004 0.0313963297 0.0154683704 synchronous_release_0
0.031366 -0.0250000004 0.0267920035 -0.0543800381 synchronous_release_0
0.03 -0.0250000004 0.028118126 0.0208415688 synchronous_release_0
0.023911 -0.0250000004 0.026022735 0.0234054964 synchronous_release_0
0.028077 -0.0250000004 0.00213563218 0.0349347832 asynchronous_release_0
0.03319 -0.0250000004 0.0328571102 0.0120586197 asynchronous_release_0
0.035523 -0.0250000004 0.00428823105 0.0347363077 synchronous_release_0
0.041523 -0.0250000004 0.0314321052 -0.0153955436 asynchronous_release_0
0.02589 -0.0250000004 0.0349965631 0.00049048387 synchronous_release_0
0.025788 -0.0250000004 0.0340126377 0.00825472464 synchronous_release_0
0.028892 -0.0250000004 0.0307060644 0.0167969523 synchronous_release_0
0.044802 -0.0250000004 -0.0333756303 0.0105388473 asynchronous_release_0
0.022558 -0.0250000004 0.0257729397 0.0236802783 asynchronous_release_0
0.007556 -0.0250000004 0.00089457571 0.000446916434 synchronous_release_0
0.023815 -0.0250000004 0.0156420752 -0.0313101499 synchronous_release_0
0.024566 -0.0250000004 0.0309871825 0.0162725081 synchronous_release_0
0.027809 -0.0250000004 -0.0349864606 0.000973433078 synchronous_release_0
0.02786 -0.0250000004 0.000230574973 -0.000973054563 synchronous_release_0
0.047161 -0.0250000004 0.0293028532 0.0191400835 asynchronous_release_0
0.03744 -0.0250000004 -0.0343113264 -0.0069088988 synchronous_release_0
0.025303 -0.0250000004 0.00295933046 -0.0348746665 synchronous_release_0
0.014305 -0.0250000004 -0.0349403979 -0.00204171293 spontaneous_release
0.024061 -0.0250000004 -0.0114461167 -0.0330754654 synchronous_release_0
0.044402 -0.0250000004 0.0138042407 0.032162757 asynchronous_release_0
0.02428 -0.0250000004 0.034755885 0.00412655543 synchronous_release_0
0.028766 -0.0250000004 0.0209516443 -0.0280362016 synchronous_release_0
0.024631 -0.0250000004 -0.0083063155 -0.0340000753 synchronous_release_0
0.03646 -0.0250000004 0.0304121963 0.0173233461 asynchronous_release_0
0.025928 -0.0250000004 0.0302085559 -0.0176760615 synchronous_release_0
0.02841 -0.0250000004 0.0191915771 0.0292691539 asynchronous_release_4
0.037332 -0.0250000004 -0.0197334189 -0.0289066113 synchronous_release_0
0.02553 -0.0250000004 -0.0151671503 0.0315429477 synchronous_release_1
0.028478 -0.0250000004 -0.000852542458 0.0349896152 synchronous_release_0
0.023611 -0.0250000004 0.0301790191 -0.0177264438 synchronous_release_1
0.038722 -0.0250000004 0.0242323328 -0.0252545847 asynchronous_release_0
0.025872 -0.0250000004 0.027816065 0.0212430347 synchronous_release_0
0.009161 -0.0250000004 0.0297511879 0.0184354772 synchronous_release_0
0.008989 -0.0250000004 -4.59226225e-05 0.000998945 synchronous_release_0
0.025907 -0.0250000004 -0.017945963 -0.0300490002 synchronous_release_0
0.04431 -0.0250000004 0.000398031989 -0.000917371536 asynchronous_release_0
0.023063 -0.0250000004 0.00073427453 -0.000678852646 synchronous_release_0
0.004139 -0.0250000004 0.0227656639 -0.0265842914 synchronous_release_0
0.027401 -0.0250000004 -0.0460453433 -0.0394312865 synchronous_release_0
0.026929 -0.0250000004 -0.0288981596 0.0197457938 synchronous_release_0
0.035989 -0.0250000004 -0.000410445339 -0.000911885203 asynchronous_release_0
0.032926 -0.0250000004 0.0292628775 -0.0192011458 synchronous_release_1
0.026501 -0.0250000004 0.00506660834 0.0346313367 synchronous_release_1
0.023867 -0.0250000004 0.0255581552 -0.0239119364 synchronous_release_0
0.043444 -0.0250000004 0.0179342235 0.0300560082 synchronous_release_0
0.027734 -0.0250000004 0.0223936594 0.0268984018 synchronous_release_0
0.024612 -0.0250000004 -0.000246718704 0.000969087138 synchronous_release_0
0.045702 -0.0250000004 0.014492537 0.0318585369 synchronous_release_1
0.024272 -0.0250000004 0.0338163506 0.00902521087 synchronous_release_0
0.027367 -0.0250000004 -0.00909211342 -0.0337984241 synchronous_release_0
0.037937 -0.0250000004 0.0149907806 0.0316271481 synchronous_release_0
0.034738 -0.0250000004 0.0154955812 0.0313829088 synchronous_release_0
0.049386 -0.0250000004 -0.0194306057 0.0291110213 synchronous_release_0
0.030908 -0.0250000004 0.00377120611 -0.0347962355 asynchronous_release_0
0.038145 -0.0250000004 0.0300319422 0.0179744943 synchronous_release_0
0.024689 -0.0250000004 -0.000691870016 -0.000722022078 synchronous_release_0
0.030315 -0.0250000004 0.0301832933 0.0177191649 asynchronous_release_0
0.04135 -0.0250000004 -0.0305273242 -0.0171196518 asynchronous_release_0
0.028551 -0.0250000004 0.0337375344 -0.00931551241 asynchronous_release_0
0.02452 -0.0250000004 0.0313521823 0.0155576561 synchronous_release_0
0.0274 -0.0250000004 0.0284339895 0.0204085336 synchronous_release_0
0.02649 -0.0250000004 0.0318913033 -0.0144202904 synchronous_release_1
0.006007 -0.0250000004 0.029494416 0.0188435513 synchronous_release_0
0.034733 -0.0250000004 0.0283944514 -0.0204635073 asynchronous_release_0
0.039498 -0.0250000004 0.00352469149 0.0348220699 synchronous_release_0
0.040882 -0.0250000004 0.0349547414 0.00177934072 synchronous_release_0
0.034036 -0.0250000004 0.0222424903 -0.0270235384 synchronous_release_0
0.02455 -0.0250000004 -0.018108009 0.0299516278 synchronous_release_1
0.023434 -0.0250000004 0.017279699 0.0304370169 synchronous_release_1
0.02581 -0.0250000004 -0.0137743093 -0.0321755871 synchronous_release_0
0.025228 -0.0250000004 0.0349978448 -0.000388407723 asynchronous_release_1
0.034786 -0.0250000004 0.0190711129 0.0293477879 synchronous_release_0
0.031617 -0.0250000004 0.0226575517 0.0266764943 synchronous_release_0
0.032946 -0.0250000004 0.0283177461 -0.0205695225 synchronous_release_0
0.025997 -0.0250000004 0.0319726021 0.0142391263 synchronous_release_1
0.0238 -0.0250000004 0.0082278448 0.03401915 synchronous_release_0
0.025415 -0.0250000004 -0.0235109055 -0.0259275398 synchronous_release_0
0.023745 -0.0250000004 0.0345884149 0.00535178056 synchronous_release_0
0.038943 -0.0250000004 3.20072771e-06 0.000999994878 synchronous_release_0
0.035109 -0.0250000004 0.0309334437 0.0163744332 synchronous_release_0
0.036079 -0.0250000004 0.0296473969 -0.0186019315 synchronous_release_0
0.047811 -0.0250000004 -0.0296473969 0.0186019315 synchronous_release_1
0.025388 -0.0250000004 0.0346390375 -0.00501368909 synchronous_release_0
0.011273 -0.0250000004 -0.0174022805 -0.0303670979 synchronous_release_0
0.024755 -0.0250000004 -0.0349998184 -0.000112731965 synchronous_release_0
0.008771 -0.0250000004 -0.0115305391 -0.0330461294 asynchronous_release_0
0.032753 -0.0250000004 0.000186780713 -0.000982401631 synchronous_release_0
0.011581 -0.0250000004 0.0256914769 -0.0237686351 synchronous_release_0
0.023517 -0.0250000004 0.0256026158 -0.0238643262 synchronous_release_0
0.003697 -0.0250000004 0.0339915795 -0.00834101453 synchronous_release_0
0.023561 -0.0250000004 0.00763841293 -0.0341563266 synchronous_release_1
0.024117 -0.0250000004 0.00566396033 0.0345386675 synchronous_release_0
0.034227 -0.0250000004 0.0262123761 -0.0231929158 synchronous_release_0
0.005287 -0.0250000004 0.0335680857 0.00990876482 synchronous_release_0
0.028887 -0.0250000004 0.00137564863 0.0349729551 asynchronous_release_0
0.048431 -0.0250000004 0.0295996433 -0.0186778242 asynchronous_release_0
0.029076 -0.0250000004 0.0273235343 -0.0218729164 synchronous_release_0
0.024536 -0.0250000004 0.03082127 0.0165846108 synchronous_release_0
0.033188 -0.0250000004 0.0297733292 -0.0183996974 synchronous_release_0
0.022888 -0.0250000004 -0.0210547051 -0.0279588875 asynchronous_release_0
0.026114 -0.0250000004 0.0347404594 -0.00425446577 synchronous_release_0
0.035563 -0.0250000004 0.0136857543 -0.0322133533 synchronous_release_1
0.031399 -0.0250000004 0.033516647 0.0100813874 synchronous_release_0
0.012197 -0.0250000004 0.0348187342 0.00355749228 synchronous_release_0
0.031837 -0.0250000004 0.02440155 0.0250911211 synchronous_release_0
0.031778 -0.0250000004 0.0348888748 -0.00278682837 synchronous_release_1
0.029204 -0.0250000004 0.0279931979 0.0210090664 synchronous_release_2
0.034464 -0.0250000004 0.034138677 -0.00771691221 synchronous_release_0
0.003447 -0.0250000004 0.00130786076 -0.0349755558 synchronous_release_0
0.035282 -0.0250000004 -0.0171760702 -0.0304956163 asynchronous_release_0
0.029524 -0.0250000004 0.0335498934 0.00997018822 asynchronous_release_2
0.037084 -0.0250000004 -0.0158317345 -0.031214679 asynchronous_release_0
0.024251 -0.0250000004 0.0324589295 -0.0130926658 synchronous_release_0
0.010937 -0.0250000004 0.0348724612 -0.00298520476 synchronous_release_0
0.010532 -0.0250000004 0.0337055622 -0.00943053949 synchronous_release_0
0.025719 -0.0250000004 0.00868569434 -0.0339051429 synchronous_release_0
0.024134 -0.0250000004 0.0344344289 -0.0062665865 synchronous_release_0
0.023677 -0.0250000004 0.0349039629 0.00259101728 synchronous_release_0
0.03249 -0.0250000004 0.0152080947 0.0315232272 synchronous_release_0
0.023679 -0.0250000004 0.0130056057 0.0324939105 synchronous_release_0
0.03179 -0.0250000004 0.0129310449 -0.0325236541 asynchronous_release_0
0.004237 -0.0250000004 0.0302894548 -0.017537073 synchronous_release_0
0.033478 -0.0250000004 0.000339643395 -0.000940554285 synchronous_release_0
0.038699 -0.0250000004 0.0282377308 0.0206792301 asynchronous_release_1
0.047798 -0.0250000004 -0.0193540998 -0.0291619413 asynchronous_release_0
0.03479 -0.0250000004 0.0327631259 0.0123116848 synchronous_release_1
0.04866 -0.0250000004 -0.0183655867 -0.0297943825 synchronous_release_1
0.009884 -0.0250000004 0.0279679314 -0.0210426903 synchronous_release_0
0.04092 -0.0250000004 0.0330003045 0.0116610421 synchronous_release_0
0.032929 -0.0250000004 0.000754948413 -0.000655784183 synchronous_release_1
0.022874 -0.0250000004 0.0335855872 -0.00984928067 asynchronous_release_0
0.02356 -0.0250000004 0.0331971579 0.0110882238 synchronous_release_0
0.028178 -0.0250000004 0.0296840812 -0.0185433364 synchronous_release_1
0.023649 -0.0250000004 0.0339072499 -0.00867746541 synchronous_release_0
0.024455 -0.0250000004 -0.00189951112 -0.0349484171 synchronous_release_0
0.025461 -0.0250000004 0.0267180096 -0.0226085816 synchronous_release_0
0.026812 -0.0250000004 -0.0262106243 -0.0231948954 asynchronous_release_0
0.010028 -0.0250000004 0.0340409489 0.00813718601 synchronous_release_0
0.023653 -0.0250000004 0.000183555599 -0.00098300933 synchronous_release_0
0.00345 -0.0250000004 0.0348035855 0.00370276067 synchronous_release_0
0.0298 -0.0250000004 0.0255720814 0.0238970427 synchronous_release_0
0.032813 -0.0250000004 0.00444368732 0.0347167631 synchronous_release_0
0.023334 -0.0250000004 0.034966858 -0.00152277421 synchronous_release_0
0.00654 -0.0250000004 0.0176227405 0.0302396928 synchronous_release_0
0.023199 -0.0250000004 -0.000481539008 -0.0349966873 synchronous_release_0
0.030884 -0.0250000004 0.0240300061 0.0254471768 synchronous_release_0
0.027201 -0.0250000004 0.023946326 -0.0255259372 synchronous_release_0
0.023786 -0.0250000004 0.00141989229 -0.0349711868 synchronous_release_1
0.044746 -0.0250000004 0.0278909062 0.0211446766 synchronous_release_1
0.045685 -0.0250000004 0.00399702982 -0.0347710189 synchronous_release_0
0.040448 -0.0250000004 -0.0114071332 -0.0330889303 asynchronous_release_0
0.025154 -0.0250000004 0.0121192344 -0.032834801 synchronous_release_0
0.026498 -0.0250000004 0.0349513344 0.00184505366 synchronous_release_0
0.00387 -0.0250000004 0.0348032201 0.00370619346 synchronous_release_0
0.031128 -0.0250000004 -0.0280772279 0.0208966331 synchronous_release_0
0.003725 -0.0250000004 0.0223800627 0.0269097156 synchronous_release_0
0.030962 -0.0250000004 0.0344945287 -0.00592684504 synchronous_release_1
0.024144 -0.0250000004 -0.0341462599 -0.0076832894 synchronous_release_0
0.026858 -0.0250000004 0.0131966551 0.0324167903 synchronous_release_0
0.024226 -0.0250000004 0.0211514008 -0.0278858072 synchronous_release_0
0.04043 -0.0250000004 -0.0134216192 0.0323242964 asynchronous_release_0
0.026038 -0.0250000004 0.0228195444 0.0265380556 synchronous_release_0
0.004993 -0.0250000004 0.0339864139 0.00836203726 synchronous_release_0
0.023314 -0.0250000004 0.00975147028 0.0336141165 synchronous_release_0
0.024516 -0.0250000004 0.0340919878 -0.00792062931 synchronous_release_0
0.003889 -0.0250000004 0.0147755643 -0.0317282634 synchronous_release_0
0.017775 -0.0250000004 -0.0348652643 0.00306811763 synchronous_release_0
0.038296 -0.0250000004 -0.0147755643 0.0317282634 synchronous_release_0
0.024222 -0.0250000004 0.000552276379 -0.000833661083 synchronous_release_0
0.033004 -0.0250000004 0.000403248617 0.000915090462 asynchronous_release_0
0.026828 -0.0250000004 0.0320281662 -0.0141137016 synchronous_release_0
0.023313 -0.0250000004 0.0251265473 -0.0243650697 synchronous_release_0
0.035722 -0.0250000004 0.023504283 -0.0259335436 synchronous_release_1
0.027529 -0.0250000004 0.018848587 0.0294911981 synchronous_release_0
0.030135 -0.0250000004 -0.0349644203 0.00157775612 synchronous_release_0
0.03259 -0.0250000004 -0.0185780571 -0.0296623633 asynchronous_release_0
0.028887 -0.0250000004 -0.0163993316 0.030920251 synchronous_release_1
0.030542 -0.0250000004 0.00837568511 0.0339830531 synchronous_release_0
0.008664 -0.0250000004 0.0309596079 -0.0163249097 synchronous_release_0
0.025397 -0.0250000004 0.0296175905 0.0186493521 synchronous_release_0
0.025166 -0.0250000004 0.000166383942 -0.000986061045 synchronous_release_0
0.007788 -0.0250000004 0.0314844956 0.0152881175 synchronous_release_0
0.026887 -0.0250000004 0.0245167668 -0.0249785537 synchronous_release_0
0.025164 -0.0250000004 -0.017739798 0.0301711711 asynchronous_release_0
0.005093 -0.0250000004 0.0336097124 0.00976663874 synchronous_release_0
0.004634 -0.0250000004 0.0326717598 -0.0125521357 synchronous_release_0
0.030531 -0.0250000004 0.0272063483 0.0220185061 synchronous_release_0
0.037369 -0.0250000004 0.000629100174 -0.000777324238 synchronous_release_0
0.024052 -0.0250000004 -0.00526432918 -0.0346018329 synchronous_release_0
0.028865 -0.0250000004 -0.000969397891 -0.0349865727 synchronous_release_0
0.03302 -0.0250000004 0.0172400281 -0.0304595048 synchronous_release_0
0.044741 -0.0250000004 -0.00301934806 0.0348695216 synchronous_release_0
0.046217 -0.0250000004 0.0323561537 0.0133446363 asynchronous_release_0
0.024467 -0.0250000004 0.0170256125 0.0305798711 synchronous_release_0
0.025134 -0.0250000004 0.060492523 0.00395659774 synchronous_release_0
0.005717 -0.0250000004 0.0149814113 -0.0316315873 synchronous_release_0
0.038544 -0.0250000004 -0.0158832235 -0.0311885109 asynchronous_release_0
0.025006 -0.0250000004 0.0339604875 0.00846671672 synchronous_release_0
0.038797 -0.0250000004 0.034920602 0.00235617373 asynchronous_release_1
0.02357 -0.0250000004 0.0195008073 -0.0290640416 synchronous_release_0
0.046448 -0.0250000004 0.0154197947 0.0314202153 synchronous_release_0
0.044089 -0.0250000004 -0.0208949383 -0.0280784892 asynchronous_release_0
0.03359 -0.0250000004 -0.000792884071 -0.000609372505 asynchronous_release_0
0.024031 -0.0250000004 0.0349897005 0.000849032395 synchronous_release_0
0.027035 -0.0250000004 0.0338136543 -0.00903530759 asynchronous_release_0
0.031571 -0.0250000004 -0.0344009712 -0.00644772686 synchronous_release_0
0.025464 -0.0250000004 0.0311972361 0.0158660788 synchronous_release_0
0.032628 -0.0250000004 0.000783107749 -0.000621886046 synchronous_release_0
0.040314 -0.0250000004 0.0217660116 0.0274087712 synchronous_release_0
0.026615 -0.0250000004 0.0144759545 -0.0318660751 synchronous_release_0
0.028829 -0.0250000004 -0.000249911686 0.000968268635 synchronous_release_0
0.023407 -0.0250000004 0.0341092599 0.00784591543 synchronous_release_0
0.025962 -0.0250000004 0.023849392 -0.0256165279 synchronous_release_0
0.031387 -0.0250000004 -0.0335621732 -0.00992877269 asynchronous_release_0
0.037625 -0.0250000004 0.0234366678 -0.0259946649 synchronous_release_0
0.031634 -0.0250000004 0.0280777174 0.0208959754 synchronous_release_1
0.02446 -0.0250000004 0.0344644861 0.00609911477 synchronous_release_0
0.02382 -0.0250000004 0.0282382603 0.020678507 synchronous_release_0
0.035314 -0.0250000004 0.0320272426 -0.0141157973 synchronous_release_1
0.023071 -0.0250000004 -0.0314868359 -0.0152832968 synchronous_release_0
0.041097 -0.0250000004 0.000920962621 0.000389650935 asynchronous_release_0
0.026317 -0.0250000004 0.0200908938 -0.0286593089 synchronous_release_0
0.007014 -0.0250000004 0.030085304 -0.0178850352 synchronous_release_0
0.029396 -0.0250000004 0.0166154575 0.0308046518 synchronous_release_0
0.025795 -0.0250000004 0.0165896184 -0.030818575 synchronous_release_0
0.003535 -0.0250000004 0.013150187 -0.0324356684 synchronous_release_0
0.023319 -0.0250000004 0.0346652063 -0.0048294382 synchronous_release_0
0.047546 -0.0250000004 0.0267720923 0.0225445132 asynchronous_release_0
0.033232 -0.0250000004 0.0348933151 -0.00273067111 synchronous_release_0
0.027533 -0.0250000004 0.0332844042 0.0108235133 asynchronous_release_0
0.04015 -0.0250000004 0.0260156395 -0.0234133829 synchronous_release_1
0.025362 -0.0250000004 -0.0143548869 -0.0319207961 synchronous_release_1
0.04608 -0.0250000004 -0.0341914848 -0.00747946302 asynchronous_release_0
0.044065 -0.0250000004 -0.0200768611 0.0286691411 synchronous_release_0
0.031359 -0.0250000004 -0.0101926199 0.0334829882 synchronous_release_1
0.023744 -0.0250000004 0.000971048918 0.000238880721 synchronous_release_0
0.030902 -0.0250000004 0.0252529435 0.0242340431 synchronous_release_0
0.028991 -0.0250000004 0.0327146721 -0.0124398646 asynchronous_release_0
0.02978 -0.0250000004 0.0168275998 -0.0306892797 synchronous_release_0
0.03577 -0.0250000004 -0.0168275998 0.0306892797 synchronous_release_0
0.023821 -0.0250000004 -0.0221916381 -0.0270653136 synchronous_release_1
0.042297 -0.0250000004 0.0259722969 -0.0234614534 asynchronous_release_0
0.026392 -0.0250000004 0.0333043631 0.0107619422 synchronous_release_0
0.03131 -0.0250000004 -0.00733206621 -0.0342233956 synchronous_release_0
0.02399 -0.0250000004 -0.029411786 -0.0189722651 synchronous_release_0
0.007043 -0.0250000004 -0.0226612418 -0.0266733598 synchronous_release_0
0.030258 -0.0250000004 -0.000952187351 0.000305514726 synchronous_release_0
0.026033 -0.0250000004 0.0278720765 -0.0211694911 synchronous_release_0
0.026035 -0.0250000004 0.0278309113 -0.0212235806 synchronous_release_0
0.032541 -0.0250000004 0.0292484969 -0.0192230443 synchronous_release_0
0.012601 -0.0250000004 0.0284251513 -0.0204208417 synchronous_release_0
0.030528 -0.0250000004 0.031889031 -0.0144253147 synchronous_release_2
0.040096 -0.0250000004 0.0275303691 0.0216120055 synchronous_release_1
0.028208 -0.0250000004 0.0258277293 -0.0236205081 synchronous_release_2
0.007825 -0.0250000004 0.0117989998 -0.0329512307 asynchronous_release_0
0.007363 -0.0250000004 0.0348243085 -0.00350250435 synchronous_release_0
0.005158 -0.0250000004 0.0324662731 -0.0130744449 synchronous_release_0
0.031657 -0.0250000004 0.0382945728 -0.0469949539 synchronous_release_0
0.047344 -0.0250000004 0.0234860426 0.0259500636 asynchronous_release_0
0.042854 -0.0250000004 0.0048263262 -0.0346656397 synchronous_release_0
0.031597 -0.0250000004 0.0342508107 -0.00720291356 asynchronous_release_0
0.023842 -0.0250000004 0.0303038822 -0.0175121308 synchronous_release_1
0.026075 -0.0250000004 -0.000790856843 0.000612001188 synchronous_release_0
0.023421 -0.0250000004 -0.000999591547 2.85786633e-05 synchronous_release_0
0.029595 -0.0250000004 0.0349978409 -0.000388760398 asynchronous_release_1
0.025285 -0.0250000004 -0.0142313562 -0.0319760614 synchronous_release_0
0.023715 -0.0250000004 0.0281268279 -0.0208298237 synchronous_release_0
0.0367 -0.0250000004 -0.00245321414 0.034913919 asynchronous_release_0
0.02782 -0.0250000004 0.0217899936 -0.0273897093 asynchronous_release_3
0.033951 -0.0250000004 0.0346151809 0.00517583337 synchronous_release_0
0.040694 -0.0250000004 0.0182907074 0.0298404092 asynchronous_release_0
0.047548 -0.0250000004 -0.000852583121 0.000522591639 synchronous_release_0
0.02861 -0.0250000004 0.0315089647 0.0152376226 synchronous_release_0
0.047331 -0.0250000004 0.0299683476 -0.0180803247 asynchronous_release_0
0.023752 -0.0250000004 0.0302851714 -0.0175444691 synchronous_release_0
0.023627 -0.0250000004 0.00574873762 0.0345246581 synchronous_release_0
0.003702 -0.0250000004 0.0270342212 0.0222295049 synchronous_release_0
0.036466 -0.0250000004 0.014486098 -0.0318614652 asynchronous_release_0
0.023249 -0.0250000004 0.033550693 0.00996749701 synchronous_release_0
0.02537 -0.0250000004 3.50571926e-05 0.0349999824 synchronous_release_0
0.030755 -0.0250000004 0.0298081338 0.0183432593 synchronous_release_0
0.02447 -0.0250000004 -0.0152740565 -0.0314913194 synchronous_release_1
0.024998 -0.0250000004 0.00874917545 -0.0338888172 synchronous_release_0
0.035136 -0.0250000004 0.0181753099 0.029910836 asynchronous_release_0
0.025225 -0.0250000004 -0.000631661922 -0.000775243972 synchronous_release_0
0.024263 -0.0250000004 0.0141101656 0.0320297241 synchronous_release_1
0.029362 -0.0250000004 0.0329191826 -0.0118881208 synchronous_release_0
0.032697 -0.0250000004 0.0212329249 -0.027823783 synchronous_release_0
0.025958 -0.0250000004 0.00024645746 -0.00096915361 synchronous_release_0
0.023717 -0.0250000004 -0.00406567413 0.0347630593 synchronous_release_0
0.029663 -0.0250000004 0.0348503026 -0.00323363668 synchronous_release_0
0.006634 -0.0250000004 0.0285859988 -0.0201950656 synchronous_release_0
0.028075 -0.0250000004 0.0317824392 0.0146586683 synchronous_release_1
0.040857 -0.0250000004 -0.0331288446 0.0112906889 asynchronous_release_0
0.024004 -0.0250000004 0.0315292781 -0.0151955462 synchronous_release_1
0.02382 -0.0250000004 0.027266381 0.0219441215 synchronous_release_0
0.048678 -0.0250000004 -0.000597848846 0.000801608855 asynchronous_release_0
0.025675 -0.0250000004 -0.00614976806 -0.0344554836 synchronous_release_0
0.025384 -0.0250000004 -0.0254781023 -0.0239972144 synchronous_release_0
0.023362 -0.0250000004 0.0348420338 -0.00332154819 synchronous_release_0
0.025327 -0.0250000004 0.0345154131 -0.00580398638 synchronous_release_0
0.02719 -0.0250000004 -0.000957958463 0.000286906926 synchronous_release_0
0.010908 -0.0250000004 0.0312719407 0.0157183245 synchronous_release_0
0.02389 -0.0250000004 0.00202350206 0.0349414573 synchronous_release_0
0.027532 -0.0250000004 -0.0273888704 -0.0217910481 synchronous_release_1
0.028451 -0.0250000004 0.024905646 0.0245908275 synchronous_release_0
0.045803 -0.0250000004 -0.019121641 0.0293148912 synchronous_release_0
0.024179 -0.0250000004 0.0331894901 -0.0111111542 synchronous_release_1
0.032093 -0.0250000004 0.0340927284 -0.00791744077 asynchronous_release_0
0.029353 -0.0250000004 0.019462249 -0.0290898756 synchronous_release_0
0.030411 -0.0250000004 0.0154614468 0.0313997399 synchronous_release_1
0.024764 -0.0250000004 -0.0186318329 0.0296286146 synchronous_release_0
0.032725 -0.0250000004 -0.0310128922 -0.0162234557 synchronous_release_0
0.01168 -0.0250000004 0.00766289436 -0.0341508426 asynchronous_release_0
0.026752 -0.0250000004 0.0288709967 0.0197854884 synchronous_release_0
0.027433 -0.0250000004 -0.0009996994 -2.45175173e-05 synchronous_release_0
0.032489 -0.0250000004 -0.00058888337 0.0349950456 asynchronous_release_0
0.027065 -0.0250000004 -0.0085370079 -0.0339428858 synchronous_release_0
0.029171 -0.0250000004 0.0332302287 -0.0109887169 synchronous_release_0
0.004337 -0.0250000004 0.029842561 -0.0182871964 synchronous_release_0
0.027024 -0.0250000004 0.0238545056 -0.0256117661 synchronous_release_0
0.03522 -0.0250000004 -0.0102531873 -0.0334644909 synchronous_release_0
0.0274 -0.0250000004 0.00859803993 0.0339274772 synchronous_release_0
0.023735 -0.0250000004 0.0250830372 -0.0244098596 synchronous_release_1
0.031924 -0.0250000004 -0.000628993114 -0.0349943477 synchronous_release_1
0.030375 -0.0250000004 0.00142496416 0.0349709805 synchronous_release_0
0.038733 -0.0250000004 0.030978529 0.016288976 synchronous_release_0
0.028584 -0.0250000004 -0.0304570463 -0.017244371 synchronous_release_0
0.023821 -0.0250000004 0.0152850093 -0.0314860047 synchronous_release_0
0.030407 -0.0250000004 0.00189975988 -0.0349484036 synchronous_release_0
0.029389 -0.0250000004 -0.0160651699 -0.0310951815 asynchronous_release_4
0.026452 -0.0250000004 0.0291488384 0.0193738282 synchronous_release_0
0.023419 -0.0250000004 0.0331554527 -0.0112123126 synchronous_release_0
0.027014 -0.0250000004 -0.00288488914 0.0348809033 synchronous_release_0
0.024642 -0.0250000004 0.0349391368 -0.00206318149 synchronous_release_1
0.037816 -0.0250000004 0.0100326028 -0.0335312821 asynchronous_release_0
0.038716 -0.0250000004 0.0149827441 0.031630956 asynchronous_release_0
0.023954 -0.0250000004 0.0215407275 0.0275861751 synchronous_release_0
0.029177 -0.0250000004 0.0346606922 -0.00486172966 synchronous_release_0
0.019281 -0.0250000004 0.0119956917 -0.0328801366 synchronous_release_0
0.030753 -0.0250000004 -0.0349234145 -0.00231411245 synchronous_release_0
0.047647 -0.0250000004 0.00324669466 0.0348490886 asynchronous_release_0
0.027299 -0.0250000004 -0.0349741873 -0.00134395814 synchronous_release_0
0.012583 -0.0250000004 0.0058364561 -0.0345099374 synchronous_release_0
0.02874 -0.0250000004 0.0202188721 -0.0285691654 asynchronous_release_0
0.046791 -0.0250000004 -0.0166734309 0.0307733115 asynchronous_release_0
0.042587 -0.0250000004 0.0252494103 0.0242377243 synchronous_release_0
0.02911 -0.0250000004 -0.021766253 -0.0274085795 synchronous_release_0
0.023392 -0.0250000004 0.0341968281 0.00745499473 synchronous_release_0
0.023916 -0.0250000004 0.0240483066 -0.025429883 synchronous_release_0
0.024007 -0.0250000004 0.0261199005 -0.0232970127 synchronous_release_1
0.034612 -0.0250000004 0.0347973292 -0.00376110084 synchronous_release_1
0.027951 -0.0250000004 0.000328014092 -0.00094467283 synchronous_release_0
0.040836 -0.0250000004 -0.0160939919 -0.0310802739 synchronous_release_0
0.029483 -0.0250000004 -0.00298033445 0.0348728778 asynchronous_release_0
0.031579 -0.0250000004 -0.0149369257 -0.0316526184 synchronous_release_0
0.034888 -0.0250000004 0.0149369257 0.0316526184 synchronous_release_0
0.032418 -0.0250000004 0.0256477819 -0.023815778 synchronous_release_0
0.029012 -0.0250000004 0.00172617725 0.0349574071 synchronous_release_0
0.031513 -0.0250000004 -0.0311370912 -0.0159837902 synchronous_release_0
0.026643 -0.0250000004 0.0292758303 0.0191813909 synchronous_release_0
0.006796 -0.0250000004 0.030397798 -0.0173485988 synchronous_release_0
0.028359 -0.0250000004 0.0348152724 -0.00359121238 synchronous_release_0
0.036238 -0.0250000004 0.00320337362 0.0348530974 asynchronous_release_0
0.039991 -0.0250000004 -0.00320337362 -0.0348530974 synchronous_release_0
0.024993 -0.0250000004 0.0326730877 0.0125486788 synchronous_release_0
0.02683 -0.0250000004 0.0289949252 -0.0196034261 asynchronous_release_4
0.02532 -0.0250000004 0.033870113 0.00882130619 synchronous_release_1
0.023262 -0.0250000004 0.00167394404 -0.0349599472 synchronous_release_0
0.023331 -0.0250000004 0.0315257332 -0.0152028992 synchronous_release_0
0.027589 -0.0250000004 -0.0289289635 -0.0197006363 synchronous_release_0
0.025097 -0.0250000004 0.0328835146 0.0119864284 synchronous_release_0
0.027157 -0.0250000004 0.0268223088 -0.0224847448 synchronous_release_0
0.030783 -0.0250000004 0.0342973182 0.00697810592 synchronous_release_0
0.027459 -0.0250000004 -0.0231059604 -0.0262890584 synchronous_release_0
0.009826 -0.0250000004 0.0251273274 0.0243642652 synchronous_release_0
0.03725 -0.0250000004 0.03228797 -0.0135087746 synchronous_release_1
0.024182 -0.0250000004 0.0218801438 0.0273177471 synchronous_release_0
0.042796 -0.0250000004 0.0338429762 -0.00892485068 asynchronous_release_0
0.025483 -0.0250000004 0.000121460468 -0.00099259627 synchronous_release_0
0.034959 -0.0250000004 0.028072688 0.0209027316 synchronous_release_0
0.013874 -0.0250000004 0.0510583646 0.0326809334 synchronous_release_0
0.048464 -0.0250000004 0.0188683457 -0.0294785605 synchronous_release_0
0.034866 -0.0250000004 0.0347894846 0.00383298317 synchronous_release_0
0.024035 -0.0250000004 0.0306118081 0.0169681233 synchronous_release_0
0.02284 -0.0250000004 -0.00078792813 -0.000615767214 synchronous_release_0
0.012 -0.0250000004 0.0344997979 0.00589609601 synchronous_release_0
0.033423 -0.0250000004 -0.00051231106 -0.000858799964 synchronous_release_0
0.030844 -0.0250000004 0.0347970993 -0.00376322773 synchronous_release_0
0.034729 -0.0250000004 -0.000271250458 -0.000962508799 asynchronous_release_0
0.006924 -0.0250000004 0.00899039747 -0.0338256227 synchronous_release_0
0.035293 -0.0250000004 -0.000919581975 -0.000392898194 synchronous_release_0
0.025315 -0.0250000004 -0.025975947 -0.023457412 synchronous_release_0
0.031155 -0.0250000004 0.00732674121 -0.034224536 synchronous_release_0
0.023473 -0.0250000004 0.0660541713 0.0231699473 synchronous_release_0
0.023749 -0.0250000004 0.0316037558 -0.0150400338 synchronous_release_0
0.030779 -0.0250000004 -0.00375198512 0.0347983133 synchronous_release_0
0.02403 -0.0250000004 0.034986134 0.000985103681 synchronous_release_1
0.031216 -0.0250000004 -0.00091318727 0.000407540195 asynchronous_release_0
0.045657 -0.0250000004 0.0347038924 0.00454311043 synchronous_release_0
0.044453 -0.0250000004 -0.00819204088 0.0340277896 asynchronous_release_0
0.027119 -0.0250000004 0.0268881164 0.022406008 synchronous_release_0
0.026962 -0.0250000004 0.0048497333 0.0346623728 synchronous_release_0
0.032182 -0.0250000004 0.0275936287 -0.0215311786 synchronous_release_0
0.031486 -0.0250000004 0.0349348631 0.00213432394 asynchronous_release_0
0.044988 -0.0250000004 0.0156190528 0.0313216409 asynchronous_release_0
0.026144 -0.0250000004 -0.0232535491 0.0261586019 synchronous_release_0
0.037048 -0.0250000004 0.034289376 0.00701702868 synchronous_release_1
0.036592 -0.0250000004 0.0203993403 0.0284405857 synchronous_release_0
0.031847 -0.0250000004 0.0165433442 -0.0308434396 synchronous_release_0
0.033215 -0.0250000004 0.0333342719 -0.0106689416 synchronous_release_0
0.028903 -0.0250000004 0.00511608729 0.0346240617 synchronous_release_0
0.025306 -0.0250000004 0.0158133114 -0.0312240161 synchronous_release_0
0.023887 -0.0250000004 -0.0321052154 -0.0139375444 synchronous_release_0
0.026971 -0.0250000004 -0.0347120744 0.00448016642 synchronous_release_0
0.02539 -0.0250000004 0.0299674999 0.0180817298 synchronous_release_0
0.009287 -0.0250000004 0.0328864922 -0.0119782567 synchronous_release_0
0.024988 -0.0250000004 0.000957615714 0.000288048859 asynchronous_release_0
0.035883 -0.0250000004 0.0580523674 0.0174620341 synchronous_release_1
0.04336 -0.0250000004 0.0335067464 0.0101142446 asynchronous_release_2
0.029801 -0.0250000004 0.033622182 0.00972362471 synchronous_release_0
0.028806 -0.0250000004 0.0227935277 -0.0265604047 synchronous_release_0
0.023257 -0.0250000004 -0.0112083447 -0.0331567943 asynchronous_release_1
0.031512 -0.0250000004 -0.0343187985 -0.00687168591 synchronous_release_0
0.039686 -0.0250000004 0.0247575042 -0.0247399673 asynchronous_release_0
0.02669 -0.0250000004 0.0346884265 0.00465972821 asynchronous_release_0
0.023424 -0.0250000004 0.0343668118 -0.00662738626 synchronous_release_0
0.031528 -0.0250000004 -0.0343219254 0.00685605115 asynchronous_release_0
0.036659 -0.0250000004 0.0339736444 -0.00841376747 asynchronous_release_0
0.032909 -0.0250000004 0.0169872945 -0.0306011736 synchronous_release_0
0.034816 -0.0250000004 0.0343012426 0.00695878987 synchronous_release_0
0.023578 -0.0250000004 0.0111241325 0.0331851424 synchronous_release_1
0.029799 -0.0250000004 0.00988352021 -0.0335755272 asynchronous_release_0
0.005042 -0.0250000004 0.032277576 -0.013533591 synchronous_release_0
0.0273 -0.0250000004 0.000357793235 -0.000933800836 synchronous_release_0
0.027189 -0.0250000004 0.030871036 -0.01649179 synchronous_release_0
0.006255 -0.0250000004 0.0265426038 0.0228142539 asynchronous_release_1
0.043287 -0.0250000004 0.031838698 0.0145360692 synchronous_release_1
0.024176 -0.0250000004 0.0314770863 0.0153033668 synchronous_release_1
0.011268 -0.0250000004 0.0228669128 0.0264972508 synchronous_release_0
0.025665 -0.0250000004 -0.0345446727 -0.00562721838 synchronous_release_0
0.023479 -0.0250000004 -0.034851235 -0.00322357274 synchronous_release_0
0.034182 -0.0250000004 0.0216551301 -0.0274964605 synchronous_release_1
0.024191 -0.0250000004 0.0309697379 -0.0163056842 synchronous_release_0
0.025535 -0.0250000004 0.0310646617 -0.016124106 synchronous_release_0
0.044597 -0.0250000004 0.0251196614 -0.0243721688 synchronous_release_0
0.024265 -0.0250000004 0.0349769814 0.00126916195 synchronous_release_1
0.03096 -0.0250000004 -0.0346203035 -0.00514145773 synchronous_release_1
0.011916 -0.0250000004 0.00182287958 0.0349524979 synchronous_release_0
0.042432 -0.0250000004 -0.00182287958 -0.0349524979 synchronous_release_0
0.023725 -0.0250000004 0.0311811909 0.0158975889 synchronous_release_1
0.007084 -0.0250000004 0.0239558521 0.0255169973 synchronous_release_0
0.031384 -0.0250000004 0.0342055499 -0.00741487413 asynchronous_release_0
0.023725 -0.0250000004 0.0294866084 -0.0188557663 synchronous_release_0
0.005257 -0.0250000004 0.034417568 -0.00635853882 synchronous_release_0
0.034614 -0.0250000004 -0.00710944583 0.0342703338 synchronous_release_1
0.026023 -0.0250000004 0.00265729248 -0.0348989799 synchronous_release_0
0.031396 -0.0250000004 -0.0347618061 0.00407637565 synchronous_release_0
0.040696 -0.0250000004 -0.000941506692 0.000336994287 asynchronous_release_0
0.029442 -0.0250000004 -0.000571256918 -0.000820771304 synchronous_release_1
0.023887 -0.0250000004 0.0349053188 -0.00257268769 synchronous_release_1
0.025444 -0.0250000004 0.0319817296 -0.0142186136 synchronous_release_0
0.035514 -0.0250000004 0.0349909701 0.000794989721 asynchronous_release_0
0.037045 -0.0250000004 0.0144044664 -0.0318984537 synchronous_release_0
0.025928 -0.0250000004 -0.00829620877 -0.0340025428 synchronous_release_0
0.02418 -0.0250000004 0.034199172 0.00744423503 synchronous_release_0
0.027422 -0.0250000004 0.00908492431 0.0338003573 synchronous_release_0
0.029035 -0.0250000004 -0.0247295059 0.0247679539 synchronous_release_0
0.032049 -0.0250000004 -0.000901499733 0.034988388 synchronous_release_0
0.0363 -0.0250000004 0.000547548798 0.000836773753 synchronous_release_1
0.032722 -0.0250000004 0.000291840342 -0.000956467048 synchronous_release_0
0.048535 -0.0250000004 0.0078922331 0.0340985726 synchronous_release_0
0.026904 -0.0250000004 0.0293686427 -0.0190389818 synchronous_release_0
0.049693 -0.0250000004 -0.0308327179 -0.0165633181 asynchronous_release_2
0.003507 -0.0250000004 0.0316017816 -0.0150441817 synchronous_release_0
0.025913 -0.0250000004 -0.0207609665 -0.028177691 asynchronous_release_0
0.024216 -0.0250000004 0.029469695 -0.0188821895 synchronous_release_0
0.03063 -0.0250000004 -0.0110221054 -0.0332191691 asynchronous_release_0
0.025639 -0.0250000004 0.000382981206 0.000923756134 synchronous_release_0
0.027485 -0.0250000004 0.0189568754 -0.0294217076 synchronous_release_0
0.009733 -0.0250000004 0.0335220735 0.0100633288 synchronous_release_0
0.023605 -0.0250000004 0.0254761352 -0.0239993028 synchronous_release_0
0.024076 -0.0250000004 0.0190715061 -0.0293475323 synchronous_release_0
0.0235 -0.0250000004 0.0154706693 -0.031395197 synchronous_release_0
0.02483 -0.0250000004 0.0338740782 0.0088060674 synchronous_release_1
0.006302 -0.0250000004 0.00898292763 0.0338276072 synchronous_release_0
0.027153 -0.0250000004 0.000483634257 -0.00087527019 asynchronous_release_0
0.049003 -0.0250000004 9.40810628e-05 -0.00099556454 asynchronous_release_0
0.027007 -0.0250000004 0.0213875187 -0.0277051266 synchronous_release_0
0.029341 -0.0250000004 -0.00313404767 -0.0348593997 synchronous_release_1
0.026668 -0.0250000004 0.0337501897 -0.00926955729 synchronous_release_1
0.023749 -0.0250000004 0.0243157809 0.0251742487 synchronous_release_0
0.026673 -0.0250000004 0.0106256005 0.0333481126 synchronous_release_0
0.047425 -0.0250000004 0.0347748267 0.00396376437 asynchronous_release_0
0.026635 -0.0250000004 0.0349966957 -0.000480928497 synchronous_release_0
0.033619 -0.0250000004 -0.0279988406 0.0210015458 synchronous_release_0
0.049641 -0.0250000004 0.0338048391 -0.00906823312 synchronous_release_0
0.023435 -0.0250000004 0.0302682359 0.0175736705 synchronous_release_0
0.037266 -0.0250000004 0.0317972634 -0.0146264842 synchronous_release_0
0.023417 -0.0250000004 0.00714707366 -0.0342625063 synchronous_release_0
0.04948 -0.0250000004 0.027705743 0.0213867203 asynchronous_release_0
0.027129 -0.0250000004 0.00466857163 -0.0346872374 synchronous_release_0
0.024535 -0.0250000004 0.0349206284 0.00235578319 synchronous_release_0
0.038462 -0.0250000004 0.0251734208 -0.0243166381 synchronous_release_0
0.023685 -0.0250000004 0.0349773177 -0.00125985971 synchronous_release_0
0.027335 -0.0250000004 0.0295566337 -0.0187458103 synchronous_release_0
0.023726 -0.0250000004 0.0302990068 0.0175205646 synchronous_release_0
0.024253 -0.0250000004 0.0161428084 -0.0310549471 synchronous_release_0
0.027779 -0.0250000004 0.0188229689 0.0295075557 synchronous_release_0
0.023923 -0.0250000004 0.0604391183 0.00470244366 synchronous_release_0
0.029225 -0.0250000004 -0.000999713509 -2.39353093e-05 synchronous_release_0
0.024569 -0.0250000004 0.0318570767 0.0144957464 synchronous_release_1
0.024294 -0.0250000004 0.0326708927 0.0125543924 synchronous_release_0
0.005493 -0.0250000004 0.0254591368 0.0240173344 synchronous_release_1
0.023891 -0.0250000004 0.0274787858 -0.0216775536 asynchronous_release_4
0.039447 -0.0250000004 0.0286930749 -0.0200426409 asynchronous_release_0
0.019228 -0.0250000004 0.0156360786 -0.0313131449 synchronous_release_0
0.027629 -0.0250000004 0.012151503 -0.0328228727 synchronous_release_0
