0.000050 0.082
0.000100 0.086
0.000150 0.108
0.000200 0.078
0.000250 0.103
0.000300 0.100
0.000350 0.083
0.000400 0.095
0.000450 0.089
0.000500 0.084
0.000550 0.091
0.000600 0.102
0.000650 0.118
0.000700 0.081
0.000750 0.068
0.000800 0.094
0.000850 0.091
0.000900 0.110
0.000950 0.095
0.001000 0.103
0.001050 0.121
0.001100 0.101
0.001150 0.081
0.001200 0.100
0.001250 0.098
0.001300 0.092
0.001350 0.099
0.001400 0.101
0.001450 0.106
0.001500 0.127
0.001550 0.110
0.001600 0.083
0.001650 0.110
0.001700 0.110
0.001750 0.095
0.001800 0.104
0.001850 0.109
0.001900 0.108
0.001950 0.098
0.002000 0.107
0.002050 0.115
0.002100 0.121
0.002150 0.168
0.002200 0.186
0.002250 0.193
0.002300 0.267
0.002350 0.288
0.002400 0.367
0.002450 0.393
0.002500 0.468
0.002550 0.537
0.002600 0.768
0.002650 0.978
0.002700 1.311
0.002750 1.533
0.002800 1.962
0.002850 2.542
0.002900 3.078
0.002950 3.745
0.003000 4.525
0.003050 4.987
0.003100 5.670
0.003150 5.906
0.003200 6.353
0.003250 6.377
0.003300 6.679
0.003350 6.442
0.003400 6.173
0.003450 5.508
0.003500 4.901
0.003550 4.410
0.003600 3.857
0.003650 3.392
0.003700 2.856
0.003750 2.521
0.003800 2.207
0.003850 2.097
0.003900 1.799
0.003950 1.787
0.004000 1.446
0.004050 1.457
0.004100 1.255
0.004150 1.223
0.004200 1.223
0.004250 1.121
0.004300 1.078
0.004350 1.101
0.004400 0.999
0.004450 0.944
0.004500 0.877
0.004550 0.969
0.004600 0.924
0.004650 0.828
0.004700 0.901
0.004750 0.860
0.004800 0.798
0.004850 0.794
0.004900 0.808
0.004950 0.750
0.005000 0.782
0.005050 0.725
0.005100 0.747
0.005150 0.745
0.005200 0.762
0.005250 0.715
0.005300 0.743
0.005350 0.656
0.005400 0.713
0.005450 0.703
0.005500 0.722
0.005550 0.686
0.005600 0.666
0.005650 0.651
0.005700 0.676
0.005750 0.679
0.005800 0.624
0.005850 0.705
0.005900 0.664
0.005950 0.593
0.006000 0.653
0.006050 0.635
0.006100 0.611
0.006150 0.620
0.006200 0.639
0.006250 0.587
0.006300 0.632
0.006350 0.547
0.006400 0.600
0.006450 0.576
0.006500 0.591
0.006550 0.590
0.006600 0.609
0.006650 0.505
0.006700 0.605
0.006750 0.645
0.006800 0.550
0.006850 0.589
0.006900 0.627
0.006950 0.557
0.007000 0.587
0.007050 0.562
0.007100 0.549
0.007150 0.642
0.007200 0.552
0.007250 0.572
0.007300 0.586
0.007350 0.565
0.007400 0.550
0.007450 0.587
0.007500 0.544
0.007550 0.579
0.007600 0.543
0.007650 0.550
0.007700 0.570
0.007750 0.536
0.007800 0.576
0.007850 0.497
0.007900 0.549
0.007950 0.535
0.008000 0.534
0.008050 0.546
0.008100 0.506
0.008150 0.542
0.008200 0.571
0.008250 0.534
0.008300 0.527
0.008350 0.555
0.008400 0.543
0.008450 0.573
0.008500 0.557
0.008550 0.575
0.008600 0.517
0.008650 0.536
0.008700 0.553
0.008750 0.586
0.008800 0.543
0.008850 0.538
0.008900 0.513
0.008950 0.544
0.009000 0.510
0.009050 0.504
0.009100 0.473
0.009150 0.477
0.009200 0.502
0.009250 0.506
0.009300 0.557
0.009350 0.553
0.009400 0.505
0.009450 0.482
0.009500 0.496
0.009550 0.533
0.009600 0.473
0.009650 0.522
0.009700 0.568
0.009750 0.524
0.009800 0.508
0.009850 0.431
0.009900 0.556
0.009950 0.519
0.010000 0.458
0.010050 0.511
0.010100 0.456
0.010150 0.497
0.010200 0.481
0.010250 0.440
0.010300 0.490
0.010350 0.476
0.010400 0.528
0.010450 0.441
0.010500 0.454
0.010550 0.467
0.010600 0.505
0.010650 0.446
0.010700 0.472
0.010750 0.437
0.010800 0.512
0.010850 0.444
0.010900 0.502
0.010950 0.452
0.011000 0.497
0.011050 0.464
0.011100 0.449
0.011150 0.454
0.011200 0.441
0.011250 0.488
0.011300 0.476
0.011350 0.523
0.011400 0.476
0.011450 0.476
0.011500 0.460
0.011550 0.498
0.011600 0.462
0.011650 0.488
0.011700 0.443
0.011750 0.492
0.011800 0.435
0.011850 0.485
0.011900 0.430
0.011950 0.509
0.012000 0.453
0.012050 0.468
0.012100 0.454
0.012150 0.469
0.012200 0.405
0.012250 0.475
0.012300 0.408
0.012350 0.443
0.012400 0.441
0.012450 0.420
0.012500 0.435
0.012550 0.418
0.012600 0.446
0.012650 0.450
0.012700 0.455
0.012750 0.429
0.012800 0.456
0.012850 0.450
0.012900 0.453
0.012950 0.466
0.013000 0.420
0.013050 0.420
0.013100 0.422
0.013150 0.449
0.013200 0.443
0.013250 0.406
0.013300 0.419
0.013350 0.426
0.013400 0.444
0.013450 0.394
0.013500 0.443
0.013550 0.460
0.013600 0.378
0.013650 0.466
0.013700 0.471
0.013750 0.412
0.013800 0.472
0.013850 0.392
0.013900 0.419
0.013950 0.416
0.014000 0.427
0.014050 0.476
0.014100 0.427
0.014150 0.429
0.014200 0.409
0.014250 0.396
0.014300 0.453
0.014350 0.393
0.014400 0.439
0.014450 0.425
0.014500 0.466
0.014550 0.382
0.014600 0.384
0.014650 0.460
0.014700 0.464
0.014750 0.400
0.014800 0.422
0.014850 0.400
0.014900 0.397
0.014950 0.425
0.015000 0.415
0.015050 0.414
0.015100 0.461
0.015150 0.403
0.015200 0.428
0.015250 0.399
0.015300 0.395
0.015350 0.431
0.015400 0.413
0.015450 0.440
0.015500 0.432
0.015550 0.398
0.015600 0.389
0.015650 0.397
0.015700 0.394
0.015750 0.394
0.015800 0.460
0.015850 0.434
0.015900 0.421
0.015950 0.427
0.016000 0.400
0.016050 0.425
0.016100 0.395
0.016150 0.373
0.016200 0.451
0.016250 0.444
0.016300 0.409
0.016350 0.390
0.016400 0.429
0.016450 0.390
0.016500 0.377
0.016550 0.388
0.016600 0.381
0.016650 0.403
0.016700 0.345
0.016750 0.369
0.016800 0.377
0.016850 0.404
0.016900 0.402
0.016950 0.391
0.017000 0.335
0.017050 0.411
0.017100 0.366
0.017150 0.407
0.017200 0.399
0.017250 0.438
0.017300 0.399
0.017350 0.363
0.017400 0.379
0.017450 0.368
0.017500 0.409
0.017550 0.370
0.017600 0.373
0.017650 0.403
0.017700 0.386
0.017750 0.390
0.017800 0.375
0.017850 0.438
0.017900 0.364
0.017950 0.436
0.018000 0.412
0.018050 0.426
0.018100 0.411
0.018150 0.371
0.018200 0.362
0.018250 0.341
0.018300 0.388
0.018350 0.336
0.018400 0.356
0.018450 0.338
0.018500 0.422
0.018550 0.383
0.018600 0.412
0.018650 0.371
0.018700 0.388
0.018750 0.367
0.018800 0.334
0.018850 0.377
0.018900 0.337
0.018950 0.390
0.019000 0.402
0.019050 0.392
0.019100 0.333
0.019150 0.372
0.019200 0.388
0.019250 0.366
0.019300 0.391
0.019350 0.400
0.019400 0.370
0.019450 0.351
0.019500 0.357
0.019550 0.406
0.019600 0.420
0.019650 0.361
0.019700 0.343
0.019750 0.358
0.019800 0.364
0.019850 0.430
0.019900 0.376
0.019950 0.384
0.020000 0.392
0.020050 0.363
0.020100 0.360
0.020150 0.385
0.020200 0.357
0.020250 0.341
0.020300 0.365
0.020350 0.386
0.020400 0.330
0.020450 0.385
0.020500 0.360
0.020550 0.353
0.020600 0.367
0.020650 0.365
0.020700 0.347
0.020750 0.377
0.020800 0.379
0.020850 0.339
0.020900 0.384
0.020950 0.389
0.021000 0.345
0.021050 0.374
0.021100 0.380
0.021150 0.347
0.021200 0.364
0.021250 0.391
0.021300 0.343
0.021350 0.320
0.021400 0.342
0.021450 0.310
0.021500 0.365
0.021550 0.341
0.021600 0.367
0.021650 0.378
0.021700 0.344
0.021750 0.368
0.021800 0.365
0.021850 0.336
0.021900 0.329
0.021950 0.385
0.022000 0.344
0.022050 0.444
0.022100 0.442
0.022150 0.441
0.022200 0.515
0.022250 0.524
0.022300 0.615
0.022350 0.560
0.022400 0.656
0.022450 0.800
0.022500 0.902
0.022550 1.214
0.022600 1.474
0.022650 1.734
0.022700 2.068
0.022750 2.564
0.022800 3.075
0.022850 3.764
0.022900 4.660
0.022950 5.343
0.023000 6.186
0.023050 7.141
0.023100 7.646
0.023150 8.461
0.023200 8.785
0.023250 9.000
0.023300 9.147
0.023350 9.096
0.023400 8.598
0.023450 7.843
0.023500 7.454
0.023550 6.564
0.023600 5.895
0.023650 5.248
0.023700 4.683
0.023750 4.067
0.023800 3.726
0.023850 3.320
0.023900 3.113
0.023950 2.892
0.024000 2.774
0.024050 2.353
0.024100 2.375
0.024150 2.248
0.024200 2.097
0.024250 1.960
0.024300 1.912
0.024350 1.884
0.024400 1.734
0.024450 1.745
0.024500 1.678
0.024550 1.626
0.024600 1.525
0.024650 1.490
0.024700 1.419
0.024750 1.491
0.024800 1.413
0.024850 1.465
0.024900 1.336
0.024950 1.276
0.025000 1.277
0.025050 1.334
0.025100 1.237
0.025150 1.291
0.025200 1.225
0.025250 1.272
0.025300 1.249
0.025350 1.252
0.025400 1.134
0.025450 1.189
0.025500 1.124
0.025550 1.130
0.025600 1.242
0.025650 1.151
0.025700 1.181
0.025750 1.082
0.025800 1.103
0.025850 1.144
0.025900 1.128
0.025950 1.055
0.026000 1.165
0.026050 1.083
0.026100 1.154
0.026150 1.110
0.026200 1.032
0.026250 1.123
0.026300 1.133
0.026350 0.980
0.026400 1.024
0.026450 1.076
0.026500 1.050
0.026550 1.001
0.026600 1.022
0.026650 1.008
0.026700 1.020
0.026750 1.087
0.026800 1.031
0.026850 1.097
0.026900 1.048
0.026950 0.938
0.027000 1.004
0.027050 1.006
0.027100 0.928
0.027150 1.004
0.027200 0.982
0.027250 1.011
0.027300 0.952
0.027350 0.922
0.027400 0.940
0.027450 0.972
0.027500 0.970
0.027550 0.929
0.027600 0.943
0.027650 0.991
0.027700 0.949
0.027750 0.907
0.027800 0.952
0.027850 0.998
0.027900 0.874
0.027950 0.884
0.028000 0.907
0.028050 0.908
0.028100 0.890
0.028150 0.901
0.028200 0.930
0.028250 0.915
0.028300 0.899
0.028350 0.869
0.028400 0.909
0.028450 0.919
0.028500 0.924
0.028550 0.855
0.028600 0.904
0.028650 0.830
0.028700 0.898
0.028750 0.903
0.028800 0.864
0.028850 0.835
0.028900 0.849
0.028950 0.852
0.029000 0.919
0.029050 0.837
0.029100 0.868
0.029150 0.838
0.029200 0.854
0.029250 0.942
0.029300 0.892
0.029350 0.853
0.029400 0.858
0.029450 0.830
0.029500 0.809
0.029550 0.872
0.029600 0.907
0.029650 0.790
0.029700 0.847
0.029750 0.863
0.029800 0.847
0.029850 0.787
0.029900 0.834
0.029950 0.935
0.030000 0.846
0.030050 0.804
0.030100 0.739
0.030150 0.817
0.030200 0.853
0.030250 0.839
0.030300 0.756
0.030350 0.794
0.030400 0.793
0.030450 0.846
0.030500 0.721
0.030550 0.761
0.030600 0.750
0.030650 0.798
0.030700 0.842
0.030750 0.758
0.030800 0.771
0.030850 0.764
0.030900 0.748
0.030950 0.772
0.031000 0.748
0.031050 0.783
0.031100 0.839
0.031150 0.749
0.031200 0.718
0.031250 0.742
0.031300 0.746
0.031350 0.761
0.031400 0.740
0.031450 0.819
0.031500 0.731
0.031550 0.790
0.031600 0.782
0.031650 0.782
0.031700 0.753
0.031750 0.761
0.031800 0.739
0.031850 0.749
0.031900 0.757
0.031950 0.737
0.032000 0.746
0.032050 0.739
0.032100 0.715
0.032150 0.746
0.032200 0.734
0.032250 0.760
0.032300 0.731
0.032350 0.708
0.032400 0.725
0.032450 0.756
0.032500 0.730
0.032550 0.713
0.032600 0.747
0.032650 0.727
0.032700 0.753
0.032750 0.732
0.032800 0.763
0.032850 0.721
0.032900 0.711
0.032950 0.777
0.033000 0.762
0.033050 0.657
0.033100 0.715
0.033150 0.642
0.033200 0.768
0.033250 0.693
0.033300 0.731
0.033350 0.680
0.033400 0.669
0.033450 0.725
0.033500 0.671
0.033550 0.697
0.033600 0.750
0.033650 0.683
0.033700 0.679
0.033750 0.687
0.033800 0.709
0.033850 0.752
0.033900 0.686
0.033950 0.706
0.034000 0.683
0.034050 0.688
0.034100 0.734
0.034150 0.704
0.034200 0.702
0.034250 0.662
0.034300 0.697
0.034350 0.691
0.034400 0.631
0.034450 0.759
0.034500 0.683
0.034550 0.649
0.034600 0.696
0.034650 0.744
0.034700 0.651
0.034750 0.721
0.034800 0.662
0.034850 0.662
0.034900 0.697
0.034950 0.661
0.035000 0.658
0.035050 0.625
0.035100 0.677
0.035150 0.624
0.035200 0.618
0.035250 0.694
0.035300 0.717
0.035350 0.642
0.035400 0.702
0.035450 0.703
0.035500 0.656
0.035550 0.611
0.035600 0.651
0.035650 0.641
0.035700 0.642
0.035750 0.695
0.035800 0.670
0.035850 0.644
0.035900 0.596
0.035950 0.643
0.036000 0.625
0.036050 0.658
0.036100 0.664
0.036150 0.618
0.036200 0.628
0.036250 0.648
0.036300 0.722
0.036350 0.641
0.036400 0.580
0.036450 0.646
0.036500 0.667
0.036550 0.611
0.036600 0.635
0.036650 0.607
0.036700 0.587
0.036750 0.615
0.036800 0.668
0.036850 0.640
0.036900 0.603
0.036950 0.608
0.037000 0.611
0.037050 0.599
0.037100 0.595
0.037150 0.631
0.037200 0.623
0.037250 0.633
0.037300 0.566
0.037350 0.584
0.037400 0.586
0.037450 0.582
0.037500 0.562
0.037550 0.524
0.037600 0.595
0.037650 0.606
0.037700 0.615
0.037750 0.656
0.037800 0.638
0.037850 0.647
0.037900 0.593
0.037950 0.606
0.038000 0.652
0.038050 0.673
0.038100 0.596
0.038150 0.566
0.038200 0.606
0.038250 0.594
0.038300 0.594
0.038350 0.622
0.038400 0.544
0.038450 0.610
0.038500 0.574
0.038550 0.588
0.038600 0.590
0.038650 0.584
0.038700 0.581
0.038750 0.570
0.038800 0.548
0.038850 0.583
0.038900 0.599
0.038950 0.613
0.039000 0.613
0.039050 0.582
0.039100 0.533
0.039150 0.582
0.039200 0.613
0.039250 0.582
0.039300 0.556
0.039350 0.550
0.039400 0.576
0.039450 0.542
0.039500 0.573
0.039550 0.629
0.039600 0.579
0.039650 0.569
0.039700 0.577
0.039750 0.555
0.039800 0.604
0.039850 0.570
0.039900 0.567
0.039950 0.545
0.040000 0.547
0.040050 0.529
0.040100 0.569
0.040150 0.563
0.040200 0.535
0.040250 0.569
0.040300 0.509
0.040350 0.597
0.040400 0.644
0.040450 0.558
0.040500 0.521
0.040550 0.522
0.040600 0.564
0.040650 0.579
0.040700 0.560
0.040750 0.526
0.040800 0.537
0.040850 0.574
0.040900 0.540
0.040950 0.577
0.041000 0.580
0.041050 0.625
0.041100 0.573
0.041150 0.583
0.041200 0.532
0.041250 0.530
0.041300 0.569
0.041350 0.550
0.041400 0.535
0.041450 0.518
0.041500 0.565
0.041550 0.548
0.041600 0.561
0.041650 0.574
0.041700 0.509
0.041750 0.576
0.041800 0.563
0.041850 0.525
0.041900 0.518
0.041950 0.565
0.042000 0.523
0.042050 0.553
0.042100 0.532
0.042150 0.535
0.042200 0.509
0.042250 0.481
0.042300 0.575
0.042350 0.519
0.042400 0.536
0.042450 0.577
0.042500 0.526
0.042550 0.487
0.042600 0.545
0.042650 0.515
0.042700 0.571
0.042750 0.502
0.042800 0.563
0.042850 0.582
0.042900 0.561
0.042950 0.457
0.043000 0.515
0.043050 0.510
0.043100 0.598
0.043150 0.545
0.043200 0.488
0.043250 0.565
0.043300 0.503
0.043350 0.566
0.043400 0.492
0.043450 0.456
0.043500 0.497
0.043550 0.490
0.043600 0.503
0.043650 0.525
0.043700 0.522
0.043750 0.540
0.043800 0.519
0.043850 0.526
0.043900 0.491
0.043950 0.527
0.044000 0.505
0.044050 0.565
0.044100 0.520
0.044150 0.487
0.044200 0.532
0.044250 0.480
0.044300 0.550
0.044350 0.542
0.044400 0.493
0.044450 0.515
0.044500 0.499
0.044550 0.528
0.044600 0.546
0.044650 0.521
0.044700 0.535
0.044750 0.529
0.044800 0.496
0.044850 0.526
0.044900 0.526
0.044950 0.530
0.045000 0.522
0.045050 0.476
0.045100 0.460
0.045150 0.531
0.045200 0.515
0.045250 0.517
0.045300 0.559
0.045350 0.512
0.045400 0.548
0.045450 0.539
0.045500 0.504
0.045550 0.476
0.045600 0.514
0.045650 0.534
0.045700 0.481
0.045750 0.509
0.045800 0.519
0.045850 0.504
0.045900 0.456
0.045950 0.532
0.046000 0.477
0.046050 0.502
0.046100 0.564
0.046150 0.502
0.046200 0.474
0.046250 0.513
0.046300 0.486
0.046350 0.460
0.046400 0.486
0.046450 0.478
0.046500 0.545
0.046550 0.463
0.046600 0.515
0.046650 0.521
0.046700 0.501
0.046750 0.496
0.046800 0.455
0.046850 0.493
0.046900 0.518
0.046950 0.462
0.047000 0.504
0.047050 0.519
0.047100 0.516
0.047150 0.553
0.047200 0.495
0.047250 0.515
0.047300 0.489
0.047350 0.492
0.047400 0.490
0.047450 0.467
0.047500 0.507
0.047550 0.475
0.047600 0.492
0.047650 0.526
0.047700 0.462
0.047750 0.478
0.047800 0.515
0.047850 0.518
0.047900 0.508
0.047950 0.476
0.048000 0.444
0.048050 0.499
0.048100 0.478
0.048150 0.455
0.048200 0.469
0.048250 0.500
0.048300 0.498
0.048350 0.493
0.048400 0.507
0.048450 0.472
0.048500 0.434
0.048550 0.469
0.048600 0.513
0.048650 0.557
0.048700 0.461
0.048750 0.482
0.048800 0.450
0.048850 0.429
0.048900 0.471
0.048950 0.421
0.049000 0.449
0.049050 0.545
0.049100 0.481
0.049150 0.502
0.049200 0.427
0.049250 0.463
0.049300 0.475
0.049350 0.443
0.049400 0.506
0.049450 0.463
0.049500 0.480
0.049550 0.506
0.049600 0.482
0.049650 0.491
0.049700 0.448
0.049750 0.498
0.049800 0.512
0.049850 0.435
0.049900 0.470
0.049950 0.495
0.050000 0.469
