0.000050 0.000
0.000100 0.000
0.000150 0.346
0.000200 -0.000
0.000250 0.000
0.000300 -0.000
0.000350 0.000
0.000400 -0.000
0.000450 0.000
0.000500 0.288
0.000550 0.923
0.000600 -0.000
0.000650 0.000
0.000700 0.000
0.000750 0.000
0.000800 -0.000
0.000850 0.115
0.000900 0.000
0.000950 -0.000
0.001000 0.173
0.001050 0.000
0.001100 -0.000
0.001150 0.000
0.001200 -0.000
0.001250 0.000
0.001300 -0.000
0.001350 0.115
0.001400 0.115
0.001450 0.000
0.001500 0.231
0.001550 -0.000
0.001600 0.000
0.001650 0.173
0.001700 -0.000
0.001750 0.000
0.001800 0.173
0.001850 -0.000
0.001900 0.808
0.001950 0.058
0.002000 -0.000
0.002050 0.173
0.002100 0.346
0.002150 1.846
0.002200 0.058
0.002250 0.404
0.002300 0.692
0.002350 0.923
0.002400 1.385
0.002450 2.250
0.002500 0.635
0.002550 3.115
0.002600 4.615
0.002650 1.558
0.002700 5.654
0.002750 2.192
0.002800 3.692
0.002850 5.481
0.002900 10.558
0.002950 7.096
0.003000 12.057
0.003050 12.634
0.003100 12.288
0.003150 17.827
0.003200 13.327
0.003250 11.192
0.003300 14.365
0.003350 14.654
0.003400 8.769
0.003450 9.981
0.003500 10.442
0.003550 6.750
0.003600 7.673
0.003650 5.135
0.003700 6.000
0.003750 4.500
0.003800 4.961
0.003850 2.019
0.003900 3.923
0.003950 3.923
0.004000 2.827
0.004050 1.442
0.004100 2.538
0.004150 3.000
0.004200 0.981
0.004250 1.731
0.004300 1.558
0.004350 3.000
0.004400 0.577
0.004450 2.538
0.004500 1.269
0.004550 2.654
0.004600 0.115
0.004650 0.346
0.004700 0.173
0.004750 0.404
0.004800 1.615
0.004850 -0.000
0.004900 3.461
0.004950 3.461
0.005000 0.462
0.005050 1.038
0.005100 1.442
0.005150 0.808
0.005200 0.231
0.005250 0.173
0.005300 1.615
0.005350 0.000
0.005400 0.923
0.005450 0.404
0.005500 -0.000
0.005550 0.000
0.005600 0.635
0.005650 0.000
0.005700 0.058
0.005750 0.173
0.005800 0.404
0.005850 0.058
0.005900 0.923
0.005950 0.231
0.006000 1.904
0.006050 0.346
0.006100 1.269
0.006150 -0.000
0.006200 0.173
0.006250 0.173
0.006300 1.327
0.006350 1.212
0.006400 1.788
0.006450 0.808
0.006500 0.577
0.006550 0.865
0.006600 0.635
0.006650 0.231
0.006700 0.058
0.006750 1.096
0.006800 0.115
0.006850 1.038
0.006900 0.692
0.006950 0.288
0.007000 -0.000
0.007050 0.000
0.007100 0.462
0.007150 0.462
0.007200 0.404
0.007250 0.000
0.007300 0.000
0.007350 0.635
0.007400 0.000
0.007450 -0.000
0.007500 0.923
0.007550 0.173
0.007600 0.000
0.007650 1.038
0.007700 0.692
0.007750 0.115
0.007800 0.692
0.007850 1.788
0.007900 0.058
0.007950 0.577
0.008000 0.462
0.008050 0.635
0.008100 1.904
0.008150 0.231
0.008200 0.923
0.008250 0.404
0.008300 0.981
0.008350 0.981
0.008400 0.750
0.008450 0.923
0.008500 0.808
0.008550 -0.000
0.008600 0.000
0.008650 0.404
0.008700 0.058
0.008750 -0.000
0.008800 0.231
0.008850 1.038
0.008900 0.692
0.008950 0.115
0.009000 0.288
0.009050 0.288
0.009100 0.462
0.009150 0.000
0.009200 -0.000
0.009250 0.577
0.009300 0.462
0.009350 0.000
0.009400 0.173
0.009450 0.000
0.009500 0.462
0.009550 0.635
0.009600 0.231
0.009650 0.058
0.009700 0.865
0.009750 1.269
0.009800 0.058
0.009850 -0.000
0.009900 1.615
0.009950 1.442
0.010000 0.173
0.010050 0.058
0.010100 0.000
0.010150 1.442
0.010200 0.058
0.010250 1.212
0.010300 0.346
0.010350 0.635
0.010400 0.000
0.010450 0.000
0.010500 0.000
0.010550 0.000
0.010600 0.173
0.010650 0.173
0.010700 -0.000
0.010750 0.000
0.010800 0.058
0.010850 0.404
0.010900 0.058
0.010950 -0.000
0.011000 0.692
0.011050 -0.000
0.011100 0.115
0.011150 0.462
0.011200 -0.000
0.011250 1.904
0.011300 0.288
0.011350 0.231
0.011400 0.000
0.011450 0.058
0.011500 0.000
0.011550 0.288
0.011600 0.058
0.011650 1.442
0.011700 0.692
0.011750 0.115
0.011800 0.288
0.011850 0.231
0.011900 0.000
0.011950 0.000
0.012000 0.058
0.012050 -0.000
0.012100 1.269
0.012150 -0.000
0.012200 0.058
0.012250 0.000
0.012300 0.519
0.012350 0.519
0.012400 -0.000
0.012450 0.115
0.012500 0.000
0.012550 0.000
0.012600 -0.000
0.012650 0.000
0.012700 1.096
0.012750 0.058
0.012800 -0.000
0.012850 0.058
0.012900 0.404
0.012950 0.288
0.013000 0.000
0.013050 0.173
0.013100 1.558
0.013150 0.058
0.013200 0.692
0.013250 0.058
0.013300 0.692
0.013350 0.115
0.013400 0.058
0.013450 0.115
0.013500 0.000
0.013550 0.462
0.013600 0.635
0.013650 0.173
0.013700 0.865
0.013750 0.058
0.013800 1.154
0.013850 0.404
0.013900 0.404
0.013950 1.269
0.014000 1.154
0.014050 -0.000
0.014100 0.750
0.014150 0.000
0.014200 -0.000
0.014250 0.115
0.014300 0.058
0.014350 0.635
0.014400 0.231
0.014450 0.115
0.014500 0.346
0.014550 0.692
0.014600 1.038
0.014650 0.346
0.014700 -0.000
0.014750 0.231
0.014800 0.635
0.014850 -0.000
0.014900 0.000
0.014950 0.404
0.015000 0.000
0.015050 0.981
0.015100 0.173
0.015150 0.404
0.015200 1.212
0.015250 0.346
0.015300 0.173
0.015350 0.692
0.015400 -0.000
0.015450 0.000
0.015500 0.231
0.015550 0.000
0.015600 -0.000
0.015650 0.173
0.015700 -0.000
0.015750 0.173
0.015800 0.058
0.015850 -0.000
0.015900 0.000
0.015950 0.000
0.016000 0.635
0.016050 -0.000
0.016100 0.115
0.016150 0.519
0.016200 -0.000
0.016250 0.577
0.016300 -0.000
0.016350 0.346
0.016400 0.000
0.016450 0.462
0.016500 1.096
0.016550 0.231
0.016600 0.000
0.016650 0.981
0.016700 -0.000
0.016750 0.000
0.016800 0.635
0.016850 0.692
0.016900 0.058
0.016950 0.058
0.017000 0.808
0.017050 -0.000
0.017100 0.000
0.017150 0.000
0.017200 -0.000
0.017250 1.154
0.017300 1.038
0.017350 -0.000
0.017400 0.000
0.017450 0.519
0.017500 0.981
0.017550 0.115
0.017600 0.058
0.017650 0.231
0.017700 -0.000
0.017750 0.115
0.017800 0.058
0.017850 1.673
0.017900 0.058
0.017950 1.269
0.018000 0.000
0.018050 0.231
0.018100 0.519
0.018150 0.000
0.018200 0.000
0.018250 -0.000
0.018300 0.000
0.018350 -0.000
0.018400 0.000
0.018450 -0.000
0.018500 0.000
0.018550 0.692
0.018600 0.000
0.018650 0.058
0.018700 0.115
0.018750 0.000
0.018800 0.635
0.018850 -0.000
0.018900 1.327
0.018950 1.442
0.019000 0.750
0.019050 0.000
0.019100 0.058
0.019150 0.058
0.019200 0.692
0.019250 0.577
0.019300 0.000
0.019350 0.923
0.019400 0.404
0.019450 -0.000
0.019500 0.000
0.019550 0.058
0.019600 0.173
0.019650 0.115
0.019700 0.577
0.019750 0.058
0.019800 -0.000
0.019850 0.000
0.019900 -0.000
0.019950 0.288
0.020000 0.577
0.020050 0.346
0.020100 0.000
0.020150 -0.000
0.020200 0.000
0.020250 -0.000
0.020300 0.231
0.020350 0.000
0.020400 0.231
0.020450 0.000
0.020500 0.000
0.020550 -0.000
0.020600 0.288
0.020650 0.346
0.020700 0.058
0.020750 -0.000
0.020800 0.000
0.020850 0.750
0.020900 -0.000
0.020950 -0.000
0.021000 1.154
0.021050 0.000
0.021100 1.096
0.021150 -0.000
0.021200 0.115
0.021250 0.288
0.021300 0.000
0.021350 -0.000
0.021400 0.000
0.021450 0.058
0.021500 0.346
0.021550 0.058
0.021600 0.058
0.021650 1.212
0.021700 1.385
0.021750 0.231
0.021800 -0.000
0.021850 0.808
0.021900 1.038
0.021950 1.096
0.022000 0.058
0.022050 0.173
0.022100 0.000
0.022150 0.635
0.022200 0.519
0.022250 0.000
0.022300 1.385
0.022350 1.269
0.022400 0.519
0.022450 0.981
0.022500 1.731
0.022550 4.385
0.022600 2.192
0.022650 4.038
0.022700 4.846
0.022750 4.442
0.022800 4.615
0.022850 7.904
0.022900 6.692
0.022950 10.038
0.023000 10.961
0.023050 15.288
0.023100 11.192
0.023150 15.923
0.023200 16.788
0.023250 26.480
0.023300 18.519
0.023350 18.750
0.023400 18.173
0.023450 14.596
0.023500 14.250
0.023550 13.846
0.023600 11.711
0.023650 8.538
0.023700 7.442
0.023750 9.577
0.023800 4.385
0.023850 5.885
0.023900 2.538
0.023950 6.346
0.024000 2.596
0.024050 1.385
0.024100 2.711
0.024150 2.019
0.024200 2.250
0.024250 1.500
0.024300 0.577
0.024350 2.365
0.024400 1.731
0.024450 0.635
0.024500 3.115
0.024550 2.711
0.024600 1.385
0.024650 1.212
0.024700 0.058
0.024750 0.462
0.024800 1.269
0.024850 1.038
0.024900 0.231
0.024950 1.442
0.025000 0.577
0.025050 0.981
0.025100 0.519
0.025150 1.788
0.025200 0.692
0.025250 0.288
0.025300 0.346
0.025350 0.404
0.025400 0.692
0.025450 0.404
0.025500 0.000
0.025550 1.212
0.025600 0.346
0.025650 0.346
0.025700 1.154
0.025750 1.904
0.025800 0.981
0.025850 2.250
0.025900 0.231
0.025950 0.288
0.026000 1.558
0.026050 0.115
0.026100 0.288
0.026150 0.519
0.026200 1.385
0.026250 2.827
0.026300 0.865
0.026350 0.865
0.026400 1.327
0.026450 0.577
0.026500 0.577
0.026550 0.692
0.026600 1.096
0.026650 0.519
0.026700 0.115
0.026750 1.442
0.026800 0.058
0.026850 0.404
0.026900 -0.000
0.026950 0.404
0.027000 0.231
0.027050 -0.000
0.027100 0.519
0.027150 0.173
0.027200 -0.000
0.027250 0.577
0.027300 1.731
0.027350 0.115
0.027400 1.327
0.027450 0.000
0.027500 0.462
0.027550 0.635
0.027600 0.635
0.027650 1.096
0.027700 0.115
0.027750 0.519
0.027800 0.462
0.027850 0.173
0.027900 0.000
0.027950 1.038
0.028000 -0.000
0.028050 0.519
0.028100 0.231
0.028150 0.115
0.028200 0.115
0.028250 1.500
0.028300 0.115
0.028350 -0.000
0.028400 0.173
0.028450 0.058
0.028500 0.058
0.028550 1.442
0.028600 0.404
0.028650 0.346
0.028700 1.442
0.028750 0.750
0.028800 0.058
0.028850 0.115
0.028900 -0.000
0.028950 0.000
0.029000 0.808
0.029050 0.692
0.029100 0.462
0.029150 0.115
0.029200 0.923
0.029250 1.096
0.029300 0.577
0.029350 -0.000
0.029400 0.692
0.029450 -0.000
0.029500 1.038
0.029550 1.269
0.029600 0.635
0.029650 0.173
0.029700 0.519
0.029750 0.173
0.029800 -0.000
0.029850 0.173
0.029900 0.288
0.029950 0.808
0.030000 0.288
0.030050 1.269
0.030100 0.231
0.030150 0.923
0.030200 0.231
0.030250 0.288
0.030300 0.923
0.030350 0.000
0.030400 1.038
0.030450 0.058
0.030500 0.462
0.030550 0.404
0.030600 0.173
0.030650 0.750
0.030700 0.231
0.030750 0.115
0.030800 0.288
0.030850 -0.000
0.030900 2.769
0.030950 0.462
0.031000 0.346
0.031050 0.404
0.031100 0.346
0.031150 0.288
0.031200 0.404
0.031250 -0.000
0.031300 0.000
0.031350 -0.000
0.031400 0.115
0.031450 -0.000
0.031500 0.346
0.031550 0.577
0.031600 0.519
0.031650 2.365
0.031700 0.404
0.031750 0.808
0.031800 0.462
0.031850 0.577
0.031900 0.692
0.031950 0.346
0.032000 1.096
0.032050 -0.000
0.032100 0.288
0.032150 0.115
0.032200 0.288
0.032250 0.115
0.032300 0.288
0.032350 0.808
0.032400 2.308
0.032450 0.865
0.032500 -0.000
0.032550 0.000
0.032600 0.173
0.032650 0.231
0.032700 0.577
0.032750 0.231
0.032800 0.346
0.032850 0.058
0.032900 1.096
0.032950 0.058
0.033000 -0.000
0.033050 0.288
0.033100 0.000
0.033150 -0.000
0.033200 0.346
0.033250 0.173
0.033300 0.058
0.033350 0.000
0.033400 0.404
0.033450 0.462
0.033500 0.173
0.033550 0.058
0.033600 -0.000
0.033650 0.173
0.033700 0.635
0.033750 0.000
0.033800 0.115
0.033850 0.173
0.033900 1.269
0.033950 0.231
0.034000 -0.000
0.034050 0.808
0.034100 1.096
0.034150 0.692
0.034200 0.750
0.034250 0.865
0.034300 0.923
0.034350 -0.000
0.034400 0.000
0.034450 0.346
0.034500 1.269
0.034550 0.519
0.034600 -0.000
0.034650 1.038
0.034700 -0.000
0.034750 0.231
0.034800 1.558
0.034850 0.173
0.034900 0.288
0.034950 -0.000
0.035000 0.808
0.035050 0.577
0.035100 0.173
0.035150 0.577
0.035200 0.577
0.035250 0.115
0.035300 0.173
0.035350 0.058
0.035400 0.000
0.035450 -0.000
0.035500 0.462
0.035550 0.058
0.035600 1.038
0.035650 0.865
0.035700 0.115
0.035750 0.404
0.035800 -0.000
0.035850 -0.000
0.035900 0.519
0.035950 -0.000
0.036000 -0.000
0.036050 0.923
0.036100 0.288
0.036150 0.750
0.036200 0.115
0.036250 0.346
0.036300 0.346
0.036350 0.000
0.036400 0.115
0.036450 0.231
0.036500 0.288
0.036550 1.846
0.036600 0.000
0.036650 -0.000
0.036700 0.635
0.036750 -0.000
0.036800 0.692
0.036850 1.269
0.036900 0.288
0.036950 0.231
0.037000 -0.000
0.037050 -0.000
0.037100 0.115
0.037150 -0.000
0.037200 1.558
0.037250 0.000
0.037300 -0.000
0.037350 -0.000
0.037400 0.000
0.037450 0.404
0.037500 2.019
0.037550 0.865
0.037600 0.058
0.037650 0.865
0.037700 0.000
0.037750 -0.000
0.037800 0.923
0.037850 0.115
0.037900 0.981
0.037950 0.173
0.038000 -0.000
0.038050 0.462
0.038100 0.577
0.038150 0.404
0.038200 0.981
0.038250 -0.000
0.038300 0.346
0.038350 0.000
0.038400 0.231
0.038450 0.404
0.038500 0.865
0.038550 0.058
0.038600 -0.000
0.038650 1.154
0.038700 0.462
0.038750 0.519
0.038800 0.058
0.038850 0.231
0.038900 0.231
0.038950 0.346
0.039000 0.058
0.039050 -0.000
0.039100 0.519
0.039150 0.923
0.039200 1.788
0.039250 -0.000
0.039300 0.173
0.039350 -0.000
0.039400 0.173
0.039450 0.404
0.039500 0.635
0.039550 0.231
0.039600 0.519
0.039650 0.346
0.039700 1.269
0.039750 0.635
0.039800 0.981
0.039850 -0.000
0.039900 0.404
0.039950 0.000
0.040000 0.115
0.040050 0.288
0.040100 0.058
0.040150 0.000
0.040200 -0.000
0.040250 0.231
0.040300 0.000
0.040350 -0.000
0.040400 0.519
0.040450 0.519
0.040500 0.000
0.040550 0.231
0.040600 0.058
0.040650 0.173
0.040700 0.000
0.040750 0.462
0.040800 -0.000
0.040850 0.288
0.040900 0.231
0.040950 0.000
0.041000 0.981
0.041050 0.231
0.041100 0.231
0.041150 0.231
0.041200 0.058
0.041250 0.923
0.041300 0.115
0.041350 0.923
0.041400 -0.000
0.041450 0.058
0.041500 0.173
0.041550 -0.000
0.041600 0.115
0.041650 0.000
0.041700 0.115
0.041750 0.000
0.041800 0.000
0.041850 0.000
0.041900 -0.000
0.041950 0.000
0.042000 -0.000
0.042050 2.135
0.042100 -0.000
0.042150 0.288
0.042200 0.346
0.042250 0.346
0.042300 0.346
0.042350 0.519
0.042400 0.404
0.042450 -0.000
0.042500 0.288
0.042550 -0.000
0.042600 0.173
0.042650 1.096
0.042700 0.000
0.042750 -0.000
0.042800 0.173
0.042850 2.135
0.042900 1.846
0.042950 0.058
0.043000 0.750
0.043050 0.115
0.043100 0.404
0.043150 0.000
0.043200 0.692
0.043250 0.346
0.043300 0.635
0.043350 -0.000
0.043400 0.000
0.043450 0.346
0.043500 1.154
0.043550 0.058
0.043600 0.000
0.043650 -0.000
0.043700 -0.000
0.043750 0.000
0.043800 0.231
0.043850 0.173
0.043900 0.577
0.043950 0.000
0.044000 0.000
0.044050 0.346
0.044100 0.173
0.044150 0.346
0.044200 -0.000
0.044250 0.000
0.044300 0.981
0.044350 0.058
0.044400 0.346
0.044450 0.058
0.044500 -0.000
0.044550 0.115
0.044600 0.000
0.044650 0.865
0.044700 0.000
0.044750 0.115
0.044800 0.635
0.044850 0.058
0.044900 -0.000
0.044950 0.115
0.045000 0.000
0.045050 0.750
0.045100 -0.000
0.045150 0.058
0.045200 1.212
0.045250 0.000
0.045300 1.500
0.045350 0.115
0.045400 0.750
0.045450 0.519
0.045500 0.346
0.045550 0.058
0.045600 -0.000
0.045650 0.115
0.045700 0.000
0.045750 0.000
0.045800 0.750
0.045850 0.288
0.045900 0.000
0.045950 0.231
0.046000 0.577
0.046050 0.231
0.046100 0.115
0.046150 -0.000
0.046200 0.000
0.046250 0.058
0.046300 1.269
0.046350 0.058
0.046400 0.346
0.046450 1.038
0.046500 0.288
0.046550 0.231
0.046600 0.173
0.046650 0.000
0.046700 0.865
0.046750 0.346
0.046800 -0.000
0.046850 0.058
0.046900 0.346
0.046950 -0.000
0.047000 0.000
0.047050 0.462
0.047100 0.000
0.047150 0.000
0.047200 -0.000
0.047250 0.519
0.047300 0.000
0.047350 -0.000
0.047400 0.346
0.047450 -0.000
0.047500 0.000
0.047550 0.404
0.047600 -0.000
0.047650 0.462
0.047700 0.404
0.047750 -0.000
0.047800 1.212
0.047850 0.115
0.047900 1.154
0.047950 1.673
0.048000 -0.000
0.048050 0.115
0.048100 0.923
0.048150 0.404
0.048200 0.231
0.048250 0.462
0.048300 0.577
0.048350 -0.000
0.048400 1.154
0.048450 0.000
0.048500 0.404
0.048550 0.808
0.048600 -0.000
0.048650 0.000
0.048700 0.058
0.048750 0.058
0.048800 -0.000
0.048850 0.000
0.048900 0.346
0.048950 0.058
0.049000 0.981
0.049050 0.000
0.049100 1.154
0.049150 -0.000
0.049200 0.231
0.049250 0.000
0.049300 0.115
0.049350 0.288
0.049400 0.462
0.049450 -0.000
0.049500 0.635
0.049550 0.000
0.049600 0.058
0.049650 -0.000
0.049700 1.154
0.049750 1.038
0.049800 1.962
0.049850 0.462
0.049900 0.173
0.049950 0.115
0.050000 1.385
