0.000050 0.073
0.000100 0.079
0.000150 0.127
0.000200 0.086
0.000250 0.106
0.000300 0.064
0.000350 0.071
0.000400 0.103
0.000450 0.110
0.000500 0.077
0.000550 0.071
0.000600 0.087
0.000650 0.054
0.000700 0.093
0.000750 0.085
0.000800 0.080
0.000850 0.105
0.000900 0.112
0.000950 0.106
0.001000 0.090
0.001050 0.085
0.001100 0.075
0.001150 0.138
0.001200 0.114
0.001250 0.069
0.001300 0.100
0.001350 0.117
0.001400 0.108
0.001450 0.098
0.001500 0.089
0.001550 0.101
0.001600 0.087
0.001650 0.095
0.001700 0.086
0.001750 0.104
0.001800 0.114
0.001850 0.114
0.001900 0.106
0.001950 0.114
0.002000 0.081
0.002050 0.100
0.002100 0.122
0.002150 0.152
0.002200 0.202
0.002250 0.266
0.002300 0.364
0.002350 0.436
0.002400 0.435
0.002450 0.578
0.002500 0.629
0.002550 0.807
0.002600 1.274
0.002650 1.621
0.002700 2.293
0.002750 2.965
0.002800 3.614
0.002850 4.240
0.002900 5.853
0.002950 6.782
0.003000 8.033
0.003050 9.175
0.003100 10.485
0.003150 11.380
0.003200 12.113
0.003250 12.242
0.003300 12.905
0.003350 12.555
0.003400 12.218
0.003450 11.102
0.003500 10.086
0.003550 8.718
0.003600 7.816
0.003650 6.727
0.003700 5.703
0.003750 4.927
0.003800 4.611
0.003850 4.199
0.003900 3.707
0.003950 3.249
0.004000 3.325
0.004050 2.905
0.004100 2.566
0.004150 2.471
0.004200 2.338
0.004250 2.189
0.004300 1.953
0.004350 1.895
0.004400 1.990
0.004450 1.730
0.004500 1.653
0.004550 1.741
0.004600 1.519
0.004650 1.630
0.004700 1.460
0.004750 1.478
0.004800 1.389
0.004850 1.371
0.004900 1.354
0.004950 1.355
0.005000 1.302
0.005050 1.303
0.005100 1.284
0.005150 1.268
0.005200 1.164
0.005250 1.247
0.005300 1.170
0.005350 1.337
0.005400 1.106
0.005450 1.236
0.005500 1.182
0.005550 1.156
0.005600 1.163
0.005650 1.198
0.005700 1.127
0.005750 0.966
0.005800 1.102
0.005850 1.070
0.005900 1.171
0.005950 1.189
0.006000 1.032
0.006050 1.132
0.006100 1.031
0.006150 1.155
0.006200 1.160
0.006250 1.110
0.006300 0.968
0.006350 0.982
0.006400 0.989
0.006450 1.013
0.006500 0.979
0.006550 1.009
0.006600 1.054
0.006650 0.813
0.006700 0.955
0.006750 0.958
0.006800 1.155
0.006850 1.099
0.006900 1.109
0.006950 0.906
0.007000 0.951
0.007050 0.897
0.007100 0.881
0.007150 0.894
0.007200 0.806
0.007250 0.981
0.007300 1.037
0.007350 0.971
0.007400 0.907
0.007450 0.864
0.007500 0.900
0.007550 0.909
0.007600 0.971
0.007650 0.932
0.007700 0.947
0.007750 0.868
0.007800 0.803
0.007850 0.855
0.007900 0.849
0.007950 0.913
0.008000 0.725
0.008050 0.893
0.008100 0.900
0.008150 0.919
0.008200 0.912
0.008250 0.829
0.008300 0.908
0.008350 0.713
0.008400 0.825
0.008450 0.938
0.008500 0.785
0.008550 0.848
0.008600 0.799
0.008650 0.829
0.008700 0.845
0.008750 0.749
0.008800 0.829
0.008850 0.758
0.008900 0.880
0.008950 0.868
0.009000 0.805
0.009050 0.816
0.009100 0.753
0.009150 0.799
0.009200 0.790
0.009250 0.804
0.009300 0.881
0.009350 0.765
0.009400 0.737
0.009450 0.762
0.009500 0.853
0.009550 0.825
0.009600 0.765
0.009650 0.796
0.009700 0.751
0.009750 0.711
0.009800 0.821
0.009850 0.806
0.009900 0.778
0.009950 0.838
0.010000 0.820
0.010050 0.782
0.010100 0.702
0.010150 0.803
0.010200 0.771
0.010250 0.676
0.010300 0.754
0.010350 0.709
0.010400 0.750
0.010450 0.748
0.010500 0.675
0.010550 0.692
0.010600 0.726
0.010650 0.680
0.010700 0.665
0.010750 0.688
0.010800 0.728
0.010850 0.656
0.010900 0.699
0.010950 0.688
0.011000 0.696
0.011050 0.692
0.011100 0.745
0.011150 0.713
0.011200 0.829
0.011250 0.680
0.011300 0.717
0.011350 0.746
0.011400 0.646
0.011450 0.823
0.011500 0.685
0.011550 0.696
0.011600 0.816
0.011650 0.689
0.011700 0.687
0.011750 0.620
0.011800 0.580
0.011850 0.690
0.011900 0.765
0.011950 0.749
0.012000 0.649
0.012050 0.682
0.012100 0.634
0.012150 0.668
0.012200 0.711
0.012250 0.610
0.012300 0.640
0.012350 0.582
0.012400 0.691
0.012450 0.655
0.012500 0.698
0.012550 0.675
0.012600 0.691
0.012650 0.704
0.012700 0.635
0.012750 0.726
0.012800 0.646
0.012850 0.755
0.012900 0.708
0.012950 0.585
0.013000 0.644
0.013050 0.643
0.013100 0.649
0.013150 0.679
0.013200 0.621
0.013250 0.659
0.013300 0.711
0.013350 0.742
0.013400 0.777
0.013450 0.677
0.013500 0.585
0.013550 0.653
0.013600 0.679
0.013650 0.691
0.013700 0.546
0.013750 0.673
0.013800 0.653
0.013850 0.640
0.013900 0.535
0.013950 0.661
0.014000 0.646
0.014050 0.722
0.014100 0.582
0.014150 0.624
0.014200 0.631
0.014250 0.672
0.014300 0.573
0.014350 0.549
0.014400 0.608
0.014450 0.624
0.014500 0.642
0.014550 0.658
0.014600 0.500
0.014650 0.636
0.014700 0.672
0.014750 0.618
0.014800 0.682
0.014850 0.586
0.014900 0.498
0.014950 0.519
0.015000 0.484
0.015050 0.560
0.015100 0.537
0.015150 0.622
0.015200 0.569
0.015250 0.648
0.015300 0.585
0.015350 0.591
0.015400 0.646
0.015450 0.615
0.015500 0.672
0.015550 0.581
0.015600 0.560
0.015650 0.590
0.015700 0.634
0.015750 0.546
0.015800 0.633
0.015850 0.573
0.015900 0.581
0.015950 0.557
0.016000 0.660
0.016050 0.614
0.016100 0.736
0.016150 0.569
0.016200 0.456
0.016250 0.661
0.016300 0.535
0.016350 0.530
0.016400 0.600
0.016450 0.663
0.016500 0.558
0.016550 0.631
0.016600 0.581
0.016650 0.500
0.016700 0.663
0.016750 0.529
0.016800 0.588
0.016850 0.561
0.016900 0.508
0.016950 0.511
0.017000 0.591
0.017050 0.592
0.017100 0.519
0.017150 0.651
0.017200 0.615
0.017250 0.601
0.017300 0.571
0.017350 0.569
0.017400 0.524
0.017450 0.592
0.017500 0.558
0.017550 0.586
0.017600 0.594
0.017650 0.498
0.017700 0.533
0.017750 0.540
0.017800 0.523
0.017850 0.517
0.017900 0.568
0.017950 0.529
0.018000 0.572
0.018050 0.563
0.018100 0.486
0.018150 0.562
0.018200 0.628
0.018250 0.589
0.018300 0.562
0.018350 0.514
0.018400 0.437
0.018450 0.598
0.018500 0.534
0.018550 0.456
0.018600 0.622
0.018650 0.451
0.018700 0.542
0.018750 0.505
0.018800 0.538
0.018850 0.536
0.018900 0.566
0.018950 0.506
0.019000 0.546
0.019050 0.550
0.019100 0.561
0.019150 0.475
0.019200 0.540
0.019250 0.550
0.019300 0.564
0.019350 0.467
0.019400 0.562
0.019450 0.525
0.019500 0.509
0.019550 0.489
0.019600 0.534
0.019650 0.600
0.019700 0.653
0.019750 0.493
0.019800 0.536
0.019850 0.626
0.019900 0.627
0.019950 0.547
0.020000 0.543
0.020050 0.479
0.020100 0.531
0.020150 0.585
0.020200 0.509
0.020250 0.503
0.020300 0.529
0.020350 0.543
0.020400 0.466
0.020450 0.535
0.020500 0.548
0.020550 0.451
0.020600 0.500
0.020650 0.535
0.020700 0.545
0.020750 0.467
0.020800 0.460
0.020850 0.562
0.020900 0.529
0.020950 0.509
0.021000 0.504
0.021050 0.431
0.021100 0.452
0.021150 0.514
0.021200 0.524
0.021250 0.501
0.021300 0.524
0.021350 0.401
0.021400 0.444
0.021450 0.530
0.021500 0.536
0.021550 0.599
0.021600 0.531
0.021650 0.447
0.021700 0.538
0.021750 0.547
0.021800 0.533
0.021850 0.506
0.021900 0.466
0.021950 0.529
0.022000 0.477
0.022050 0.589
0.022100 0.543
0.022150 0.678
0.022200 0.708
0.022250 0.823
0.022300 0.965
0.022350 1.013
0.022400 1.125
0.022450 1.371
0.022500 1.557
0.022550 1.862
0.022600 2.549
0.022650 3.020
0.022700 3.743
0.022750 5.075
0.022800 6.056
0.022850 7.433
0.022900 8.903
0.022950 10.717
0.023000 12.371
0.023050 13.528
0.023100 15.429
0.023150 16.012
0.023200 16.584
0.023250 17.981
0.023300 17.997
0.023350 17.945
0.023400 17.769
0.023450 16.467
0.023500 15.047
0.023550 13.600
0.023600 12.485
0.023650 11.214
0.023700 9.753
0.023750 9.183
0.023800 8.150
0.023850 6.869
0.023900 7.008
0.023950 6.332
0.024000 5.929
0.024050 5.278
0.024100 5.158
0.024150 4.468
0.024200 4.347
0.024250 4.075
0.024300 3.938
0.024350 3.771
0.024400 3.810
0.024450 3.407
0.024500 3.523
0.024550 3.325
0.024600 3.024
0.024650 3.079
0.024700 2.859
0.024750 2.707
0.024800 2.713
0.024850 2.590
0.024900 2.821
0.024950 2.595
0.025000 2.548
0.025050 2.264
0.025100 2.365
0.025150 2.291
0.025200 2.382
0.025250 2.212
0.025300 2.258
0.025350 2.111
0.025400 2.047
0.025450 1.891
0.025500 2.034
0.025550 2.055
0.025600 1.986
0.025650 1.997
0.025700 1.974
0.025750 1.964
0.025800 2.051
0.025850 1.859
0.025900 2.056
0.025950 1.653
0.026000 2.092
0.026050 1.808
0.026100 1.937
0.026150 1.808
0.026200 1.822
0.026250 1.861
0.026300 1.795
0.026350 1.791
0.026400 1.758
0.026450 1.655
0.026500 1.842
0.026550 1.613
0.026600 1.744
0.026650 1.832
0.026700 1.508
0.026750 1.674
0.026800 1.618
0.026850 1.734
0.026900 1.610
0.026950 1.599
0.027000 1.480
0.027050 1.580
0.027100 1.538
0.027150 1.598
0.027200 1.585
0.027250 1.546
0.027300 1.564
0.027350 1.491
0.027400 1.571
0.027450 1.560
0.027500 1.474
0.027550 1.505
0.027600 1.536
0.027650 1.479
0.027700 1.462
0.027750 1.519
0.027800 1.527
0.027850 1.284
0.027900 1.456
0.027950 1.618
0.028000 1.451
0.028050 1.475
0.028100 1.459
0.028150 1.407
0.028200 1.494
0.028250 1.275
0.028300 1.448
0.028350 1.426
0.028400 1.369
0.028450 1.397
0.028500 1.449
0.028550 1.343
0.028600 1.484
0.028650 1.412
0.028700 1.298
0.028750 1.450
0.028800 1.489
0.028850 1.436
0.028900 1.501
0.028950 1.370
0.029000 1.396
0.029050 1.326
0.029100 1.433
0.029150 1.296
0.029200 1.441
0.029250 1.351
0.029300 1.380
0.029350 1.422
0.029400 1.240
0.029450 1.433
0.029500 1.449
0.029550 1.327
0.029600 1.419
0.029650 1.415
0.029700 1.354
0.029750 1.341
0.029800 1.305
0.029850 1.329
0.029900 1.265
0.029950 1.233
0.030000 1.164
0.030050 1.350
0.030100 1.266
0.030150 1.286
0.030200 1.352
0.030250 1.308
0.030300 1.360
0.030350 1.121
0.030400 1.177
0.030450 1.282
0.030500 1.336
0.030550 1.246
0.030600 1.197
0.030650 1.253
0.030700 1.153
0.030750 1.122
0.030800 1.401
0.030850 1.282
0.030900 1.291
0.030950 1.154
0.031000 1.201
0.031050 1.204
0.031100 1.218
0.031150 1.178
0.031200 1.170
0.031250 1.277
0.031300 1.196
0.031350 1.183
0.031400 1.200
0.031450 1.120
0.031500 1.333
0.031550 1.171
0.031600 1.356
0.031650 1.152
0.031700 1.235
0.031750 1.156
0.031800 1.172
0.031850 1.146
0.031900 1.196
0.031950 1.209
0.032000 1.154
0.032050 1.195
0.032100 1.225
0.032150 1.206
0.032200 1.081
0.032250 1.127
0.032300 1.130
0.032350 1.099
0.032400 1.122
0.032450 1.053
0.032500 1.010
0.032550 1.135
0.032600 1.172
0.032650 1.272
0.032700 1.146
0.032750 1.131
0.032800 1.057
0.032850 1.045
0.032900 1.159
0.032950 0.995
0.033000 1.249
0.033050 1.068
0.033100 1.020
0.033150 1.071
0.033200 1.219
0.033250 1.180
0.033300 1.186
0.033350 1.130
0.033400 1.088
0.033450 1.039
0.033500 1.099
0.033550 1.161
0.033600 1.100
0.033650 1.208
0.033700 1.038
0.033750 1.172
0.033800 1.117
0.033850 1.065
0.033900 1.076
0.033950 1.077
0.034000 1.061
0.034050 1.107
0.034100 1.128
0.034150 1.148
0.034200 1.142
0.034250 0.996
0.034300 0.992
0.034350 1.159
0.034400 1.184
0.034450 1.173
0.034500 1.072
0.034550 1.083
0.034600 1.052
0.034650 1.071
0.034700 1.033
0.034750 0.950
0.034800 1.025
0.034850 1.084
0.034900 1.018
0.034950 0.913
0.035000 1.090
0.035050 1.070
0.035100 1.067
0.035150 0.979
0.035200 0.940
0.035250 0.946
0.035300 1.043
0.035350 1.095
0.035400 1.010
0.035450 0.872
0.035500 0.985
0.035550 0.996
0.035600 0.918
0.035650 1.116
0.035700 1.110
0.035750 0.979
0.035800 1.016
0.035850 1.062
0.035900 1.076
0.035950 0.942
0.036000 0.742
0.036050 1.003
0.036100 0.937
0.036150 0.940
0.036200 0.871
0.036250 0.984
0.036300 0.874
0.036350 0.810
0.036400 0.980
0.036450 0.813
0.036500 0.974
0.036550 1.085
0.036600 0.979
0.036650 0.877
0.036700 0.953
0.036750 1.115
0.036800 0.873
0.036850 0.930
0.036900 0.916
0.036950 0.921
0.037000 0.925
0.037050 1.025
0.037100 0.808
0.037150 0.986
0.037200 0.972
0.037250 1.076
0.037300 0.977
0.037350 0.952
0.037400 0.894
0.037450 0.904
0.037500 0.776
0.037550 0.893
0.037600 0.820
0.037650 0.871
0.037700 1.045
0.037750 0.890
0.037800 0.945
0.037850 0.793
0.037900 1.031
0.037950 0.865
0.038000 0.921
0.038050 0.877
0.038100 0.947
0.038150 0.915
0.038200 0.925
0.038250 0.812
0.038300 0.846
0.038350 0.962
0.038400 0.879
0.038450 0.884
0.038500 0.877
0.038550 0.829
0.038600 0.924
0.038650 0.861
0.038700 0.967
0.038750 0.859
0.038800 0.929
0.038850 1.016
0.038900 0.820
0.038950 0.793
0.039000 0.789
0.039050 0.871
0.039100 0.889
0.039150 0.837
0.039200 0.839
0.039250 0.929
0.039300 0.825
0.039350 0.718
0.039400 0.887
0.039450 0.850
0.039500 0.865
0.039550 0.950
0.039600 0.847
0.039650 1.015
0.039700 0.961
0.039750 0.945
0.039800 0.877
0.039850 0.770
0.039900 0.818
0.039950 0.861
0.040000 0.791
0.040050 0.901
0.040100 0.813
0.040150 0.951
0.040200 0.929
0.040250 1.021
0.040300 0.916
0.040350 0.829
0.040400 0.898
0.040450 0.850
0.040500 0.778
0.040550 0.811
0.040600 0.741
0.040650 0.884
0.040700 0.814
0.040750 0.840
0.040800 0.791
0.040850 0.897
0.040900 0.908
0.040950 0.778
0.041000 0.752
0.041050 0.810
0.041100 0.736
0.041150 0.821
0.041200 0.832
0.041250 0.771
0.041300 0.939
0.041350 0.815
0.041400 0.732
0.041450 0.746
0.041500 0.860
0.041550 0.948
0.041600 0.779
0.041650 0.861
0.041700 0.876
0.041750 0.768
0.041800 0.784
0.041850 0.861
0.041900 0.880
0.041950 0.944
0.042000 0.853
0.042050 0.967
0.042100 0.838
0.042150 0.786
0.042200 0.736
0.042250 0.809
0.042300 0.870
0.042350 0.752
0.042400 0.815
0.042450 0.706
0.042500 0.819
0.042550 0.963
0.042600 0.761
0.042650 0.789
0.042700 0.852
0.042750 0.805
0.042800 0.869
0.042850 0.852
0.042900 0.783
0.042950 0.780
0.043000 0.810
0.043050 0.874
0.043100 0.717
0.043150 0.807
0.043200 0.820
0.043250 0.795
0.043300 0.743
0.043350 0.883
0.043400 0.861
0.043450 0.736
0.043500 0.742
0.043550 0.712
0.043600 0.750
0.043650 0.733
0.043700 0.813
0.043750 0.652
0.043800 0.748
0.043850 0.800
0.043900 0.783
0.043950 0.850
0.044000 0.805
0.044050 0.780
0.044100 0.806
0.044150 0.782
0.044200 0.853
0.044250 0.788
0.044300 0.840
0.044350 0.766
0.044400 0.709
0.044450 0.743
0.044500 0.643
0.044550 0.809
0.044600 0.704
0.044650 0.835
0.044700 0.780
0.044750 0.742
0.044800 0.813
0.044850 0.868
0.044900 0.770
0.044950 0.704
0.045000 0.768
0.045050 0.759
0.045100 0.789
0.045150 0.784
0.045200 0.801
0.045250 0.712
0.045300 0.844
0.045350 0.786
0.045400 0.713
0.045450 0.749
0.045500 0.765
0.045550 0.789
0.045600 0.674
0.045650 0.797
0.045700 0.665
0.045750 0.740
0.045800 0.690
0.045850 0.710
0.045900 0.867
0.045950 0.752
0.046000 0.705
0.046050 0.828
0.046100 0.735
0.046150 0.674
0.046200 0.722
0.046250 0.758
0.046300 0.853
0.046350 0.754
0.046400 0.783
0.046450 0.691
0.046500 0.734
0.046550 0.681
0.046600 0.659
0.046650 0.791
0.046700 0.759
0.046750 0.795
0.046800 0.773
0.046850 0.763
0.046900 0.680
0.046950 0.713
0.047000 0.623
0.047050 0.757
0.047100 0.780
0.047150 0.730
0.047200 0.699
0.047250 0.806
0.047300 0.665
0.047350 0.856
0.047400 0.713
0.047450 0.649
0.047500 0.640
0.047550 0.585
0.047600 0.611
0.047650 0.779
0.047700 0.635
0.047750 0.615
0.047800 0.659
0.047850 0.703
0.047900 0.726
0.047950 0.682
0.048000 0.731
0.048050 0.732
0.048100 0.626
0.048150 0.640
0.048200 0.704
0.048250 0.635
0.048300 0.641
0.048350 0.649
0.048400 0.661
0.048450 0.755
0.048500 0.656
0.048550 0.683
0.048600 0.613
0.048650 0.672
0.048700 0.703
0.048750 0.615
0.048800 0.607
0.048850 0.733
0.048900 0.650
0.048950 0.771
0.049000 0.707
0.049050 0.742
0.049100 0.610
0.049150 0.687
0.049200 0.672
0.049250 0.832
0.049300 0.705
0.049350 0.838
0.049400 0.712
0.049450 0.622
0.049500 0.731
0.049550 0.722
0.049600 0.717
0.049650 0.666
0.049700 0.704
0.049750 0.592
0.049800 0.602
0.049850 0.685
0.049900 0.646
0.049950 0.615
0.050000 0.658
