0.000050 0.123
0.000100 0.064
0.000150 0.062
0.000200 0.101
0.000250 0.105
0.000300 0.103
0.000350 0.107
0.000400 0.087
0.000450 0.081
0.000500 0.100
0.000550 0.102
0.000600 0.118
0.000650 0.111
0.000700 0.090
0.000750 0.131
0.000800 0.131
0.000850 0.106
0.000900 0.084
0.000950 0.097
0.001000 0.117
0.001050 0.176
0.001100 0.161
0.001150 0.194
0.001200 0.212
0.001250 0.225
0.001300 0.358
0.001350 0.390
0.001400 0.517
0.001450 0.532
0.001500 0.818
0.001550 0.914
0.001600 1.303
0.001650 1.533
0.001700 2.164
0.001750 2.564
0.001800 3.387
0.001850 4.159
0.001900 4.930
0.001950 5.721
0.002000 6.454
0.002050 7.152
0.002100 7.900
0.002150 8.065
0.002200 8.605
0.002250 8.692
0.002300 8.762
0.002350 8.057
0.002400 7.353
0.002450 6.658
0.002500 5.717
0.002550 4.888
0.002600 4.167
0.002650 3.781
0.002700 3.429
0.002750 3.017
0.002800 2.438
0.002850 2.397
0.002900 2.035
0.002950 1.964
0.003000 1.734
0.003050 1.593
0.003100 1.454
0.003150 1.445
0.003200 1.539
0.003250 1.273
0.003300 1.266
0.003350 1.164
0.003400 1.064
0.003450 1.077
0.003500 1.168
0.003550 1.055
0.003600 1.106
0.003650 1.057
0.003700 0.990
0.003750 1.002
0.003800 0.988
0.003850 1.007
0.003900 0.904
0.003950 0.739
0.004000 1.010
0.004050 0.932
0.004100 0.927
0.004150 0.835
0.004200 0.884
0.004250 0.922
0.004300 0.820
0.004350 0.799
0.004400 0.896
0.004450 0.790
0.004500 0.822
0.004550 0.839
0.004600 0.941
0.004650 0.884
0.004700 0.822
0.004750 0.832
0.004800 0.793
0.004850 0.809
0.004900 0.744
0.004950 0.889
0.005000 0.751
0.005050 0.732
0.005100 0.675
0.005150 0.781
0.005200 0.749
0.005250 0.719
0.005300 0.746
0.005350 0.828
0.005400 0.777
0.005450 0.845
0.005500 0.817
0.005550 0.657
0.005600 0.635
0.005650 0.778
0.005700 0.712
0.005750 0.767
0.005800 0.686
0.005850 0.654
0.005900 0.713
0.005950 0.669
0.006000 0.627
0.006050 0.726
0.006100 0.581
0.006150 0.718
0.006200 0.697
0.006250 0.695
0.006300 0.728
0.006350 0.762
0.006400 0.681
0.006450 0.604
0.006500 0.654
0.006550 0.647
0.006600 0.750
0.006650 0.651
0.006700 0.746
0.006750 0.655
0.006800 0.713
0.006850 0.582
0.006900 0.763
0.006950 0.660
0.007000 0.662
0.007050 0.590
0.007100 0.621
0.007150 0.554
0.007200 0.615
0.007250 0.579
0.007300 0.534
0.007350 0.618
0.007400 0.575
0.007450 0.585
0.007500 0.623
0.007550 0.560
0.007600 0.654
0.007650 0.577
0.007700 0.651
0.007750 0.625
0.007800 0.593
0.007850 0.673
0.007900 0.547
0.007950 0.668
0.008000 0.587
0.008050 0.601
0.008100 0.623
0.008150 0.564
0.008200 0.545
0.008250 0.513
0.008300 0.697
0.008350 0.583
0.008400 0.568
0.008450 0.522
0.008500 0.545
0.008550 0.511
0.008600 0.588
0.008650 0.651
0.008700 0.547
0.008750 0.598
0.008800 0.581
0.008850 0.540
0.008900 0.569
0.008950 0.490
0.009000 0.531
0.009050 0.552
0.009100 0.614
0.009150 0.482
0.009200 0.577
0.009250 0.587
0.009300 0.532
0.009350 0.529
0.009400 0.583
0.009450 0.619
0.009500 0.524
0.009550 0.482
0.009600 0.587
0.009650 0.585
0.009700 0.562
0.009750 0.550
0.009800 0.538
0.009850 0.571
0.009900 0.476
0.009950 0.557
0.010000 0.608
0.010050 0.433
0.010100 0.574
0.010150 0.568
0.010200 0.553
0.010250 0.536
0.010300 0.624
0.010350 0.546
0.010400 0.576
0.010450 0.527
0.010500 0.589
0.010550 0.514
0.010600 0.575
0.010650 0.525
0.010700 0.481
0.010750 0.491
0.010800 0.462
0.010850 0.554
0.010900 0.562
0.010950 0.548
0.011000 0.558
0.011050 0.545
0.011100 0.466
0.011150 0.602
0.011200 0.564
0.011250 0.475
0.011300 0.553
0.011350 0.541
0.011400 0.512
0.011450 0.544
0.011500 0.516
0.011550 0.595
0.011600 0.425
0.011650 0.482
0.011700 0.522
0.011750 0.542
0.011800 0.487
0.011850 0.489
0.011900 0.498
0.011950 0.511
0.012000 0.509
0.012050 0.436
0.012100 0.457
0.012150 0.472
0.012200 0.450
0.012250 0.471
0.012300 0.490
0.012350 0.433
0.012400 0.464
0.012450 0.518
0.012500 0.444
0.012550 0.577
0.012600 0.473
0.012650 0.459
0.012700 0.522
0.012750 0.514
0.012800 0.532
0.012850 0.467
0.012900 0.413
0.012950 0.548
0.013000 0.492
0.013050 0.540
0.013100 0.528
0.013150 0.480
0.013200 0.445
0.013250 0.478
0.013300 0.398
0.013350 0.405
0.013400 0.396
0.013450 0.511
0.013500 0.477
0.013550 0.548
0.013600 0.516
0.013650 0.450
0.013700 0.472
0.013750 0.481
0.013800 0.401
0.013850 0.514
0.013900 0.524
0.013950 0.402
0.014000 0.528
0.014050 0.469
0.014100 0.475
0.014150 0.424
0.014200 0.454
0.014250 0.516
0.014300 0.412
0.014350 0.440
0.014400 0.405
0.014450 0.480
0.014500 0.538
0.014550 0.468
0.014600 0.438
0.014650 0.555
0.014700 0.469
0.014750 0.447
0.014800 0.452
0.014850 0.419
0.014900 0.402
0.014950 0.561
0.015000 0.491
0.015050 0.437
0.015100 0.402
0.015150 0.492
0.015200 0.474
0.015250 0.421
0.015300 0.480
0.015350 0.444
0.015400 0.440
0.015450 0.498
0.015500 0.442
0.015550 0.451
0.015600 0.435
0.015650 0.426
0.015700 0.369
0.015750 0.502
0.015800 0.423
0.015850 0.360
0.015900 0.407
0.015950 0.418
0.016000 0.517
0.016050 0.417
0.016100 0.389
0.016150 0.476
0.016200 0.477
0.016250 0.461
0.016300 0.420
0.016350 0.445
0.016400 0.404
0.016450 0.452
0.016500 0.420
0.016550 0.464
0.016600 0.461
0.016650 0.463
0.016700 0.453
0.016750 0.473
0.016800 0.416
0.016850 0.366
0.016900 0.415
0.016950 0.447
0.017000 0.492
0.017050 0.433
0.017100 0.458
0.017150 0.394
0.017200 0.390
0.017250 0.399
0.017300 0.479
0.017350 0.492
0.017400 0.363
0.017450 0.419
0.017500 0.441
0.017550 0.511
0.017600 0.423
0.017650 0.463
0.017700 0.401
0.017750 0.431
0.017800 0.485
0.017850 0.367
0.017900 0.394
0.017950 0.389
0.018000 0.446
0.018050 0.408
0.018100 0.358
0.018150 0.401
0.018200 0.363
0.018250 0.422
0.018300 0.380
0.018350 0.410
0.018400 0.445
0.018450 0.574
0.018500 0.468
0.018550 0.402
0.018600 0.405
0.018650 0.415
0.018700 0.388
0.018750 0.424
0.018800 0.419
0.018850 0.326
0.018900 0.428
0.018950 0.406
0.019000 0.338
0.019050 0.318
0.019100 0.280
0.019150 0.380
0.019200 0.368
0.019250 0.374
0.019300 0.416
0.019350 0.457
0.019400 0.426
0.019450 0.510
0.019500 0.373
0.019550 0.358
0.019600 0.370
0.019650 0.459
0.019700 0.380
0.019750 0.416
0.019800 0.390
0.019850 0.376
0.019900 0.432
0.019950 0.398
0.020000 0.390
0.020050 0.379
0.020100 0.368
0.020150 0.288
0.020200 0.405
0.020250 0.407
0.020300 0.432
0.020350 0.384
0.020400 0.319
0.020450 0.411
0.020500 0.341
0.020550 0.410
0.020600 0.310
0.020650 0.469
0.020700 0.354
0.020750 0.430
0.020800 0.382
0.020850 0.481
0.020900 0.410
0.020950 0.402
0.021000 0.363
0.021050 0.371
0.021100 0.397
0.021150 0.331
0.021200 0.401
0.021250 0.346
0.021300 0.440
0.021350 0.353
0.021400 0.353
0.021450 0.361
0.021500 0.344
0.021550 0.385
0.021600 0.389
0.021650 0.350
0.021700 0.324
0.021750 0.416
0.021800 0.391
0.021850 0.346
0.021900 0.456
0.021950 0.396
0.022000 0.436
0.022050 0.370
0.022100 0.384
0.022150 0.377
0.022200 0.390
0.022250 0.424
0.022300 0.352
0.022350 0.442
0.022400 0.407
0.022450 0.353
0.022500 0.431
0.022550 0.386
0.022600 0.372
0.022650 0.431
0.022700 0.399
0.022750 0.339
0.022800 0.393
0.022850 0.386
0.022900 0.393
0.022950 0.325
0.023000 0.342
0.023050 0.469
0.023100 0.345
0.023150 0.377
0.023200 0.381
0.023250 0.359
0.023300 0.354
0.023350 0.399
0.023400 0.312
0.023450 0.345
0.023500 0.401
0.023550 0.364
0.023600 0.374
0.023650 0.355
0.023700 0.380
0.023750 0.408
0.023800 0.386
0.023850 0.404
0.023900 0.359
0.023950 0.312
0.024000 0.324
0.024050 0.422
0.024100 0.356
0.024150 0.380
0.024200 0.371
0.024250 0.349
0.024300 0.336
0.024350 0.379
0.024400 0.330
0.024450 0.335
0.024500 0.378
0.024550 0.348
0.024600 0.322
0.024650 0.396
0.024700 0.323
0.024750 0.409
0.024800 0.337
0.024850 0.360
0.024900 0.406
0.024950 0.341
0.025000 0.372
0.025050 0.325
0.025100 0.396
0.025150 0.408
0.025200 0.303
0.025250 0.355
0.025300 0.387
0.025350 0.382
0.025400 0.357
0.025450 0.477
0.025500 0.401
0.025550 0.338
0.025600 0.325
0.025650 0.314
0.025700 0.386
0.025750 0.343
0.025800 0.421
0.025850 0.328
0.025900 0.354
0.025950 0.383
0.026000 0.331
0.026050 0.316
0.026100 0.388
0.026150 0.381
0.026200 0.366
0.026250 0.394
0.026300 0.377
0.026350 0.363
0.026400 0.382
0.026450 0.354
0.026500 0.424
0.026550 0.434
0.026600 0.299
0.026650 0.326
0.026700 0.341
0.026750 0.350
0.026800 0.315
0.026850 0.347
0.026900 0.273
0.026950 0.337
0.027000 0.333
0.027050 0.335
0.027100 0.331
0.027150 0.327
0.027200 0.382
0.027250 0.364
0.027300 0.309
0.027350 0.322
0.027400 0.315
0.027450 0.317
0.027500 0.266
0.027550 0.298
0.027600 0.346
0.027650 0.254
0.027700 0.388
0.027750 0.324
0.027800 0.334
0.027850 0.397
0.027900 0.269
0.027950 0.311
0.028000 0.333
0.028050 0.352
0.028100 0.404
0.028150 0.316
0.028200 0.305
0.028250 0.325
0.028300 0.310
0.028350 0.243
0.028400 0.274
0.028450 0.287
0.028500 0.332
0.028550 0.407
0.028600 0.256
0.028650 0.324
0.028700 0.309
0.028750 0.334
0.028800 0.321
0.028850 0.409
0.028900 0.376
0.028950 0.298
0.029000 0.343
0.029050 0.340
0.029100 0.369
0.029150 0.336
0.029200 0.343
0.029250 0.418
0.029300 0.331
0.029350 0.322
0.029400 0.267
0.029450 0.319
0.029500 0.332
0.029550 0.372
0.029600 0.295
0.029650 0.321
0.029700 0.355
0.029750 0.358
0.029800 0.331
0.029850 0.357
0.029900 0.340
0.029950 0.339
0.030000 0.350
0.030050 0.323
0.030100 0.233
0.030150 0.308
0.030200 0.294
0.030250 0.311
0.030300 0.379
0.030350 0.299
0.030400 0.358
0.030450 0.372
0.030500 0.303
0.030550 0.338
0.030600 0.314
0.030650 0.300
0.030700 0.296
0.030750 0.314
0.030800 0.282
0.030850 0.289
0.030900 0.286
0.030950 0.293
0.031000 0.274
0.031050 0.388
0.031100 0.353
0.031150 0.288
0.031200 0.303
0.031250 0.319
0.031300 0.238
0.031350 0.347
0.031400 0.365
0.031450 0.290
0.031500 0.310
0.031550 0.310
0.031600 0.282
0.031650 0.260
0.031700 0.299
0.031750 0.325
0.031800 0.353
0.031850 0.318
0.031900 0.286
0.031950 0.366
0.032000 0.332
0.032050 0.278
0.032100 0.344
0.032150 0.314
0.032200 0.330
0.032250 0.298
0.032300 0.342
0.032350 0.279
0.032400 0.302
0.032450 0.293
0.032500 0.363
0.032550 0.298
0.032600 0.300
0.032650 0.335
0.032700 0.246
0.032750 0.319
0.032800 0.321
0.032850 0.331
0.032900 0.248
0.032950 0.261
0.033000 0.239
0.033050 0.321
0.033100 0.355
0.033150 0.329
0.033200 0.266
0.033250 0.347
0.033300 0.295
0.033350 0.294
0.033400 0.386
0.033450 0.341
0.033500 0.333
0.033550 0.283
0.033600 0.315
0.033650 0.408
0.033700 0.312
0.033750 0.260
0.033800 0.293
0.033850 0.291
0.033900 0.314
0.033950 0.272
0.034000 0.289
0.034050 0.300
0.034100 0.276
0.034150 0.269
0.034200 0.358
0.034250 0.258
0.034300 0.287
0.034350 0.324
0.034400 0.258
0.034450 0.269
0.034500 0.261
0.034550 0.266
0.034600 0.269
0.034650 0.363
0.034700 0.305
0.034750 0.278
0.034800 0.292
0.034850 0.331
0.034900 0.277
0.034950 0.259
0.035000 0.278
0.035050 0.376
0.035100 0.334
0.035150 0.280
0.035200 0.334
0.035250 0.305
0.035300 0.286
0.035350 0.192
0.035400 0.303
0.035450 0.282
0.035500 0.328
0.035550 0.259
0.035600 0.290
0.035650 0.280
0.035700 0.251
0.035750 0.297
0.035800 0.228
0.035850 0.344
0.035900 0.328
0.035950 0.258
0.036000 0.254
0.036050 0.277
0.036100 0.333
0.036150 0.345
0.036200 0.268
0.036250 0.245
0.036300 0.227
0.036350 0.269
0.036400 0.345
0.036450 0.348
0.036500 0.271
0.036550 0.294
0.036600 0.384
0.036650 0.354
0.036700 0.309
0.036750 0.339
0.036800 0.304
0.036850 0.292
0.036900 0.260
0.036950 0.379
0.037000 0.324
0.037050 0.243
0.037100 0.256
0.037150 0.268
0.037200 0.356
0.037250 0.269
0.037300 0.270
0.037350 0.318
0.037400 0.239
0.037450 0.259
0.037500 0.315
0.037550 0.326
0.037600 0.289
0.037650 0.248
0.037700 0.312
0.037750 0.226
0.037800 0.302
0.037850 0.230
0.037900 0.330
0.037950 0.272
0.038000 0.333
0.038050 0.245
0.038100 0.295
0.038150 0.277
0.038200 0.254
0.038250 0.272
0.038300 0.350
0.038350 0.283
0.038400 0.325
0.038450 0.241
0.038500 0.290
0.038550 0.322
0.038600 0.309
0.038650 0.362
0.038700 0.309
0.038750 0.261
0.038800 0.266
0.038850 0.314
0.038900 0.370
0.038950 0.315
0.039000 0.286
0.039050 0.300
0.039100 0.354
0.039150 0.264
0.039200 0.283
0.039250 0.279
0.039300 0.387
0.039350 0.311
0.039400 0.310
0.039450 0.312
0.039500 0.276
0.039550 0.301
0.039600 0.266
0.039650 0.282
0.039700 0.261
0.039750 0.362
0.039800 0.250
0.039850 0.325
0.039900 0.299
0.039950 0.335
0.040000 0.314
0.040050 0.239
0.040100 0.278
0.040150 0.298
0.040200 0.289
0.040250 0.297
0.040300 0.290
0.040350 0.318
0.040400 0.292
0.040450 0.264
0.040500 0.271
0.040550 0.245
0.040600 0.299
0.040650 0.273
0.040700 0.242
0.040750 0.316
0.040800 0.258
0.040850 0.259
0.040900 0.221
0.040950 0.252
0.041000 0.304
0.041050 0.382
0.041100 0.343
0.041150 0.435
0.041200 0.436
0.041250 0.515
0.041300 0.591
0.041350 0.792
0.041400 0.748
0.041450 0.983
0.041500 1.188
0.041550 1.451
0.041600 1.666
0.041650 2.333
0.041700 2.848
0.041750 3.445
0.041800 4.287
0.041850 5.119
0.041900 6.136
0.041950 7.403
0.042000 8.176
0.042050 9.101
0.042100 9.377
0.042150 10.235
0.042200 10.775
0.042250 10.311
0.042300 10.249
0.042350 9.676
0.042400 9.609
0.042450 8.536
0.042500 7.580
0.042550 6.699
0.042600 5.977
0.042650 5.227
0.042700 4.615
0.042750 4.389
0.042800 3.794
0.042850 3.490
0.042900 3.024
0.042950 2.787
0.043000 2.735
0.043050 2.542
0.043100 2.285
0.043150 2.095
0.043200 2.115
0.043250 1.995
0.043300 1.830
0.043350 1.794
0.043400 1.841
0.043450 1.737
0.043500 1.797
0.043550 1.643
0.043600 1.503
0.043650 1.549
0.043700 1.403
0.043750 1.370
0.043800 1.542
0.043850 1.398
0.043900 1.407
0.043950 1.295
0.044000 1.302
0.044050 1.341
0.044100 1.278
0.044150 1.443
0.044200 1.359
0.044250 1.366
0.044300 1.281
0.044350 1.294
0.044400 1.113
0.044450 1.221
0.044500 1.096
0.044550 1.204
0.044600 1.214
0.044650 1.294
0.044700 1.195
0.044750 1.152
0.044800 1.166
0.044850 1.144
0.044900 1.153
0.044950 1.112
0.045000 1.110
0.045050 1.049
0.045100 1.128
0.045150 1.002
0.045200 1.057
0.045250 1.208
0.045300 1.154
0.045350 1.057
0.045400 1.005
0.045450 1.102
0.045500 1.100
0.045550 1.069
0.045600 1.143
0.045650 0.980
0.045700 0.962
0.045750 1.111
0.045800 1.142
0.045850 1.160
0.045900 0.986
0.045950 0.987
0.046000 1.038
0.046050 0.934
0.046100 0.978
0.046150 1.122
0.046200 1.042
0.046250 1.038
0.046300 0.929
0.046350 0.964
0.046400 1.032
0.046450 0.851
0.046500 0.788
0.046550 0.913
0.046600 1.018
0.046650 1.047
0.046700 0.924
0.046750 0.924
0.046800 1.027
0.046850 0.988
0.046900 0.885
0.046950 1.106
0.047000 0.870
0.047050 0.929
0.047100 0.922
0.047150 0.919
0.047200 0.923
0.047250 0.988
0.047300 0.972
0.047350 0.933
0.047400 0.885
0.047450 0.882
0.047500 0.868
0.047550 0.949
0.047600 0.895
0.047650 1.020
0.047700 0.994
0.047750 0.874
0.047800 0.937
0.047850 0.955
0.047900 0.947
0.047950 0.952
0.048000 0.909
0.048050 0.786
0.048100 0.868
0.048150 0.876
0.048200 0.848
0.048250 0.791
0.048300 0.863
0.048350 0.794
0.048400 0.921
0.048450 0.751
0.048500 0.773
0.048550 0.886
0.048600 0.924
0.048650 0.853
0.048700 0.846
0.048750 0.877
0.048800 0.852
0.048850 0.842
0.048900 0.882
0.048950 0.910
0.049000 0.854
0.049050 1.006
0.049100 0.800
0.049150 0.759
0.049200 0.875
0.049250 0.816
0.049300 0.793
0.049350 0.837
0.049400 0.900
0.049450 0.794
0.049500 0.896
0.049550 0.766
0.049600 0.868
0.049650 0.640
0.049700 0.831
0.049750 0.874
0.049800 0.966
0.049850 0.816
0.049900 0.797
0.049950 0.852
0.050000 0.878
0.050050 0.884
0.050100 0.843
0.050150 0.763
0.050200 0.844
0.050250 0.740
0.050300 0.869
0.050350 0.732
0.050400 0.872
0.050450 0.803
0.050500 0.780
0.050550 0.775
0.050600 0.740
0.050650 0.720
0.050700 0.764
0.050750 0.854
0.050800 0.845
0.050850 0.779
0.050900 0.719
0.050950 0.735
0.051000 0.792
0.051050 0.907
0.051100 0.810
0.051150 0.855
0.051200 0.746
0.051250 0.730
0.051300 0.903
0.051350 0.910
0.051400 0.754
0.051450 0.665
0.051500 0.791
0.051550 0.717
0.051600 0.687
0.051650 0.691
0.051700 0.774
0.051750 0.806
0.051800 0.850
0.051850 0.788
0.051900 0.796
0.051950 0.745
0.052000 0.732
0.052050 0.684
0.052100 0.668
0.052150 0.713
0.052200 0.640
0.052250 0.786
0.052300 0.749
0.052350 0.909
0.052400 0.707
0.052450 0.649
0.052500 0.748
0.052550 0.802
0.052600 0.677
0.052650 0.731
0.052700 0.751
0.052750 0.627
0.052800 0.692
0.052850 0.691
0.052900 0.704
0.052950 0.643
0.053000 0.665
0.053050 0.667
0.053100 0.648
0.053150 0.666
0.053200 0.712
0.053250 0.776
0.053300 0.753
0.053350 0.637
0.053400 0.721
0.053450 0.711
0.053500 0.777
0.053550 0.605
0.053600 0.722
0.053650 0.738
0.053700 0.681
0.053750 0.755
0.053800 0.726
0.053850 0.803
0.053900 0.725
0.053950 0.693
0.054000 0.713
0.054050 0.719
0.054100 0.719
0.054150 0.670
0.054200 0.721
0.054250 0.708
0.054300 0.646
0.054350 0.650
0.054400 0.748
0.054450 0.681
0.054500 0.688
0.054550 0.668
0.054600 0.696
0.054650 0.674
0.054700 0.666
0.054750 0.558
0.054800 0.657
0.054850 0.716
0.054900 0.697
0.054950 0.610
0.055000 0.701
0.055050 0.643
0.055100 0.552
0.055150 0.672
0.055200 0.646
0.055250 0.633
0.055300 0.717
0.055350 0.636
0.055400 0.721
0.055450 0.788
0.055500 0.606
0.055550 0.694
0.055600 0.707
0.055650 0.643
0.055700 0.659
0.055750 0.717
0.055800 0.694
0.055850 0.720
0.055900 0.603
0.055950 0.800
0.056000 0.712
0.056050 0.733
0.056100 0.609
0.056150 0.765
0.056200 0.712
0.056250 0.697
0.056300 0.655
0.056350 0.638
0.056400 0.623
0.056450 0.624
0.056500 0.578
0.056550 0.600
0.056600 0.598
0.056650 0.620
0.056700 0.550
0.056750 0.657
0.056800 0.710
0.056850 0.573
0.056900 0.577
0.056950 0.610
0.057000 0.677
0.057050 0.604
0.057100 0.575
0.057150 0.567
0.057200 0.646
0.057250 0.565
0.057300 0.681
0.057350 0.649
0.057400 0.637
0.057450 0.668
0.057500 0.558
0.057550 0.568
0.057600 0.527
0.057650 0.637
0.057700 0.565
0.057750 0.646
0.057800 0.611
0.057850 0.701
0.057900 0.540
0.057950 0.644
0.058000 0.623
0.058050 0.598
0.058100 0.640
0.058150 0.636
0.058200 0.649
0.058250 0.646
0.058300 0.617
0.058350 0.543
0.058400 0.640
0.058450 0.583
0.058500 0.585
0.058550 0.603
0.058600 0.530
0.058650 0.659
0.058700 0.536
0.058750 0.535
0.058800 0.591
0.058850 0.569
0.058900 0.632
0.058950 0.514
0.059000 0.513
0.059050 0.616
0.059100 0.607
0.059150 0.555
0.059200 0.648
0.059250 0.595
0.059300 0.717
0.059350 0.502
0.059400 0.611
0.059450 0.609
0.059500 0.638
0.059550 0.707
0.059600 0.688
0.059650 0.642
0.059700 0.622
0.059750 0.556
0.059800 0.572
0.059850 0.662
0.059900 0.587
0.059950 0.623
0.060000 0.616
0.060050 0.534
0.060100 0.659
0.060150 0.579
0.060200 0.596
0.060250 0.566
0.060300 0.550
0.060350 0.601
0.060400 0.634
0.060450 0.674
0.060500 0.555
0.060550 0.569
0.060600 0.634
0.060650 0.661
0.060700 0.576
0.060750 0.602
0.060800 0.505
0.060850 0.640
0.060900 0.573
0.060950 0.507
0.061000 0.588
0.061050 0.597
0.061100 0.390
0.061150 0.540
0.061200 0.623
0.061250 0.500
0.061300 0.565
0.061350 0.614
0.061400 0.559
0.061450 0.632
0.061500 0.586
0.061550 0.550
0.061600 0.569
0.061650 0.601
0.061700 0.537
0.061750 0.603
0.061800 0.575
0.061850 0.591
0.061900 0.479
0.061950 0.516
0.062000 0.592
0.062050 0.594
0.062100 0.537
0.062150 0.488
0.062200 0.538
0.062250 0.503
0.062300 0.480
0.062350 0.534
0.062400 0.534
0.062450 0.507
0.062500 0.506
0.062550 0.614
0.062600 0.575
0.062650 0.581
0.062700 0.620
0.062750 0.479
0.062800 0.541
0.062850 0.574
0.062900 0.482
0.062950 0.558
0.063000 0.544
0.063050 0.598
0.063100 0.573
0.063150 0.468
0.063200 0.520
0.063250 0.552
0.063300 0.564
0.063350 0.510
0.063400 0.614
0.063450 0.539
0.063500 0.487
0.063550 0.589
0.063600 0.514
0.063650 0.529
0.063700 0.500
0.063750 0.554
0.063800 0.448
0.063850 0.476
0.063900 0.559
0.063950 0.586
0.064000 0.555
0.064050 0.574
0.064100 0.572
0.064150 0.490
0.064200 0.508
0.064250 0.613
0.064300 0.531
0.064350 0.527
0.064400 0.489
0.064450 0.625
0.064500 0.550
0.064550 0.488
0.064600 0.490
0.064650 0.437
0.064700 0.561
0.064750 0.513
0.064800 0.542
0.064850 0.561
0.064900 0.559
0.064950 0.535
0.065000 0.493
0.065050 0.437
0.065100 0.529
0.065150 0.469
0.065200 0.503
0.065250 0.525
0.065300 0.521
0.065350 0.514
0.065400 0.550
0.065450 0.486
0.065500 0.447
0.065550 0.469
0.065600 0.524
0.065650 0.587
0.065700 0.569
0.065750 0.527
0.065800 0.513
0.065850 0.586
0.065900 0.530
0.065950 0.582
0.066000 0.505
0.066050 0.464
0.066100 0.465
0.066150 0.552
0.066200 0.482
0.066250 0.505
0.066300 0.392
0.066350 0.537
0.066400 0.472
0.066450 0.422
0.066500 0.564
0.066550 0.491
0.066600 0.485
0.066650 0.538
0.066700 0.463
0.066750 0.514
0.066800 0.494
0.066850 0.519
0.066900 0.501
0.066950 0.435
0.067000 0.552
0.067050 0.525
0.067100 0.456
0.067150 0.448
0.067200 0.522
0.067250 0.507
0.067300 0.553
0.067350 0.474
0.067400 0.528
0.067450 0.560
0.067500 0.473
0.067550 0.508
0.067600 0.464
0.067650 0.437
0.067700 0.473
0.067750 0.437
0.067800 0.514
0.067850 0.464
0.067900 0.475
0.067950 0.524
0.068000 0.450
0.068050 0.408
0.068100 0.458
0.068150 0.464
0.068200 0.478
0.068250 0.524
0.068300 0.437
0.068350 0.486
0.068400 0.512
0.068450 0.500
0.068500 0.486
0.068550 0.421
0.068600 0.470
0.068650 0.498
0.068700 0.474
0.068750 0.491
0.068800 0.436
0.068850 0.488
0.068900 0.472
0.068950 0.429
0.069000 0.428
0.069050 0.462
0.069100 0.441
0.069150 0.385
0.069200 0.453
0.069250 0.449
0.069300 0.557
0.069350 0.546
0.069400 0.411
0.069450 0.447
0.069500 0.459
0.069550 0.464
0.069600 0.468
0.069650 0.400
0.069700 0.478
0.069750 0.478
0.069800 0.418
0.069850 0.440
0.069900 0.439
0.069950 0.478
0.070000 0.524
0.070050 0.399
0.070100 0.470
0.070150 0.553
0.070200 0.598
0.070250 0.414
0.070300 0.454
0.070350 0.466
0.070400 0.437
0.070450 0.477
0.070500 0.472
0.070550 0.489
0.070600 0.482
0.070650 0.389
0.070700 0.428
0.070750 0.542
0.070800 0.523
0.070850 0.514
0.070900 0.365
0.070950 0.469
0.071000 0.522
0.071050 0.465
0.071100 0.469
0.071150 0.384
0.071200 0.430
0.071250 0.524
0.071300 0.449
0.071350 0.516
0.071400 0.442
0.071450 0.502
0.071500 0.562
0.071550 0.523
0.071600 0.464
0.071650 0.569
0.071700 0.425
0.071750 0.431
0.071800 0.449
0.071850 0.559
0.071900 0.461
0.071950 0.468
0.072000 0.409
0.072050 0.442
0.072100 0.460
0.072150 0.453
0.072200 0.466
0.072250 0.481
0.072300 0.410
0.072350 0.512
0.072400 0.427
0.072450 0.515
0.072500 0.443
0.072550 0.481
0.072600 0.458
0.072650 0.503
0.072700 0.431
0.072750 0.463
0.072800 0.534
0.072850 0.433
0.072900 0.524
0.072950 0.475
0.073000 0.449
0.073050 0.444
0.073100 0.418
0.073150 0.398
0.073200 0.421
0.073250 0.391
0.073300 0.427
0.073350 0.438
0.073400 0.466
0.073450 0.406
0.073500 0.497
0.073550 0.440
0.073600 0.460
0.073650 0.574
0.073700 0.458
0.073750 0.464
0.073800 0.488
0.073850 0.427
0.073900 0.427
0.073950 0.437
0.074000 0.377
0.074050 0.456
0.074100 0.497
0.074150 0.367
0.074200 0.394
0.074250 0.521
0.074300 0.483
0.074350 0.422
0.074400 0.400
0.074450 0.416
0.074500 0.545
0.074550 0.487
0.074600 0.420
0.074650 0.468
0.074700 0.427
0.074750 0.517
0.074800 0.470
0.074850 0.450
0.074900 0.408
0.074950 0.479
0.075000 0.417
0.075050 0.447
0.075100 0.447
0.075150 0.430
0.075200 0.357
0.075250 0.394
0.075300 0.446
0.075350 0.465
0.075400 0.401
0.075450 0.479
0.075500 0.364
0.075550 0.376
0.075600 0.386
0.075650 0.473
0.075700 0.471
0.075750 0.448
0.075800 0.455
0.075850 0.392
0.075900 0.404
0.075950 0.456
0.076000 0.479
0.076050 0.433
0.076100 0.383
0.076150 0.425
0.076200 0.489
0.076250 0.447
0.076300 0.402
0.076350 0.382
0.076400 0.446
0.076450 0.460
0.076500 0.519
0.076550 0.438
0.076600 0.469
0.076650 0.346
0.076700 0.413
0.076750 0.363
0.076800 0.434
0.076850 0.468
0.076900 0.427
0.076950 0.472
0.077000 0.456
0.077050 0.341
0.077100 0.427
0.077150 0.416
0.077200 0.380
0.077250 0.440
0.077300 0.453
0.077350 0.384
0.077400 0.456
0.077450 0.445
0.077500 0.373
0.077550 0.419
0.077600 0.395
0.077650 0.361
0.077700 0.500
0.077750 0.415
0.077800 0.395
0.077850 0.469
0.077900 0.455
0.077950 0.361
0.078000 0.379
0.078050 0.426
0.078100 0.451
0.078150 0.440
0.078200 0.473
0.078250 0.498
0.078300 0.380
0.078350 0.423
0.078400 0.481
0.078450 0.399
0.078500 0.505
0.078550 0.410
0.078600 0.439
0.078650 0.340
0.078700 0.380
0.078750 0.357
0.078800 0.398
0.078850 0.399
0.078900 0.446
0.078950 0.435
0.079000 0.405
0.079050 0.410
0.079100 0.408
0.079150 0.354
0.079200 0.405
0.079250 0.448
0.079300 0.387
0.079350 0.441
0.079400 0.491
0.079450 0.489
0.079500 0.441
0.079550 0.418
0.079600 0.371
0.079650 0.438
0.079700 0.395
0.079750 0.461
0.079800 0.431
0.079850 0.380
0.079900 0.421
0.079950 0.465
0.080000 0.486
