0 0.094498
5e-05 0.088096
0.0001 0.099343
0.00015 0.103671
0.0002 0.111112
0.00025 0.070964
0.0003 0.109384
0.00035 0.081516
0.0004 0.088955
0.00045 0.102461
0.0005 0.082559
0.00055 0.124961
0.0006 0.089648
0.00065 0.100556
0.0007 0.097796
0.00075 0.09536
0.0008 0.089471
0.00085 0.093977
0.0009 0.105923
0.00095 0.109569
0.001 0.102619
0.00105 0.094861
0.0011 0.100209
0.00115 0.106955
0.0012 0.087911
0.00125 0.105589
0.0013 0.099504
0.00135 0.108016
0.0014 0.096052
0.00145 0.093634
0.0015 0.118361
0.00155 0.104901
0.0016 0.09154
0.00165 0.10661
0.0017 0.105758
0.00175 0.08186
0.0018 0.099005
0.00185 0.118909
0.0019 0.080829
0.00195 0.101417
0.002 0.113697
0.00205 0.126529
0.0021 0.168906
0.00215 0.172392
0.0022 0.227421
0.00225 0.244733
0.0023 0.296277
0.00235 0.330229
0.0024 0.415392
0.00245 0.444264
0.0025 0.534624
0.00255 0.731256
0.0026 0.950347
0.00265 1.28228
0.0027 1.67382
0.00275 2.02393
0.0028 2.52754
0.00285 3.11637
0.0029 3.62473
0.00295 4.20947
0.003 5.03661
0.00305 5.694
0.0031 5.95547
0.00315 6.11175
0.0032 6.45546
0.00325 6.57219
0.0033 6.45527
0.00335 5.95913
0.0034 5.67405
0.00345 5.03525
0.0035 4.40388
0.00355 3.86868
0.0036 3.43361
0.00365 2.82806
0.0037 2.44723
0.00375 2.26813
0.0038 1.96547
0.00385 1.82795
0.0039 1.62207
0.00395 1.53747
0.004 1.42453
0.00405 1.23554
0.0041 1.24355
0.00415 1.16379
0.0042 1.08515
0.00425 1.17103
0.0043 1.08746
0.00435 0.981658
0.0044 0.855308
0.00445 0.93894
0.0045 0.894988
0.00455 0.860304
0.0046 0.859334
0.00465 0.83594
0.0047 0.822784
0.00475 0.860058
0.0048 0.804366
0.00485 0.788228
0.0049 0.767182
0.00495 0.748436
0.005 0.781887
0.00505 0.746497
0.0051 0.737776
0.00515 0.64946
0.0052 0.741195
0.00525 0.687509
0.0053 0.738104
0.00535 0.70328
0.0054 0.723907
0.00545 0.631765
0.0055 0.702664
0.00555 0.730208
0.0056 0.690169
0.00565 0.657183
0.0057 0.608066
0.00575 0.740174
0.0058 0.658364
0.00585 0.643352
0.0059 0.664979
0.00595 0.687281
0.006 0.673349
0.00605 0.708823
0.0061 0.646497
0.00615 0.609511
0.0062 0.5636
0.00625 0.566208
0.0063 0.64316
0.00635 0.5477
0.0064 0.610421
0.00645 0.601251
0.0065 0.605958
0.00655 0.550518
0.0066 0.562774
0.00665 0.63662
0.0067 0.603105
0.00675 0.576497
0.0068 0.593047
0.00685 0.548181
0.0069 0.605096
0.00695 0.619884
0.007 0.584815
0.00705 0.614049
0.0071 0.600019
0.00715 0.579653
0.0072 0.601644
0.00725 0.633442
0.0073 0.587246
0.00735 0.599884
0.0074 0.592061
0.00745 0.535317
0.0075 0.56153
0.00755 0.580812
0.0076 0.520288
0.00765 0.589762
0.0077 0.528208
0.00775 0.55669
0.0078 0.53122
0.00785 0.535884
0.0079 0.569546
0.00795 0.52925
0.008 0.548851
0.00805 0.542049
0.0081 0.548115
0.00815 0.562773
0.0082 0.489537
0.00825 0.519657
0.0083 0.539755
0.00835 0.516647
0.0084 0.538187
0.00845 0.552739
0.0085 0.570387
0.00855 0.489199
0.0086 0.517062
0.00865 0.504278
0.0087 0.516399
0.00875 0.562445
0.0088 0.529723
0.00885 0.523589
0.0089 0.494531
0.00895 0.487397
0.009 0.529109
0.00905 0.497897
0.0091 0.520241
0.00915 0.516545
0.0092 0.486973
0.00925 0.476163
0.0093 0.525667
0.00935 0.533189
0.0094 0.536184
0.00945 0.473182
0.0095 0.56798
0.00955 0.508062
0.0096 0.53065
0.00965 0.451814
0.0097 0.477714
0.00975 0.504094
0.0098 0.482492
0.00985 0.45291
0.0099 0.49718
0.00995 0.486194
0.01 0.504056
0.01005 0.494782
0.0101 0.504721
0.01015 0.486925
0.0102 0.462371
0.01025 0.469865
0.0103 0.488507
0.01035 0.450909
0.0104 0.504582
0.01045 0.422802
0.0105 0.441192
0.01055 0.475176
0.0106 0.432387
0.01065 0.468021
0.0107 0.476054
0.01075 0.472378
0.0108 0.48086
0.01085 0.50652
0.0109 0.513097
0.01095 0.437975
0.011 0.495583
0.01105 0.449247
0.0111 0.482392
0.01115 0.41815
0.0112 0.446248
0.01125 0.449466
0.0113 0.469351
0.01135 0.463559
0.0114 0.453618
0.01145 0.496496
0.0115 0.4723
0.01155 0.444122
0.0116 0.414927
0.01165 0.480175
0.0117 0.453016
0.01175 0.525382
0.0118 0.405322
0.01185 0.462994
0.0119 0.449982
0.01195 0.42557
0.012 0.520674
0.01205 0.44301
0.0121 0.391878
0.01215 0.432146
0.0122 0.450417
0.01225 0.490603
0.0123 0.450551
0.01235 0.481969
0.0124 0.537213
0.01245 0.442409
0.0125 0.462962
0.01255 0.452804
0.0126 0.462043
0.01265 0.458729
0.0127 0.401097
0.01275 0.393767
0.0128 0.463492
0.01285 0.451512
0.0129 0.452118
0.01295 0.446526
0.013 0.485274
0.01305 0.43909
0.0131 0.407399
0.01315 0.427125
0.0132 0.405772
0.01325 0.437146
0.0133 0.43687
0.01335 0.428316
0.0134 0.41674
0.01345 0.485798
0.0135 0.42368
0.01355 0.44767
0.0136 0.412443
0.01365 0.471389
0.0137 0.408088
0.01375 0.46032
0.0138 0.403183
0.01385 0.471667
0.0139 0.414256
0.01395 0.459574
0.014 0.425604
0.01405 0.363098
0.0141 0.393912
0.01415 0.443262
0.0142 0.438159
0.01425 0.455337
0.0143 0.401833
0.01435 0.420947
0.0144 0.407632
0.01445 0.340846
0.0145 0.420352
0.01455 0.422746
0.0146 0.377725
0.01465 0.441637
0.0147 0.455195
0.01475 0.394619
0.0148 0.386615
0.01485 0.366935
0.0149 0.367117
0.01495 0.376029
0.015 0.402817
0.01505 0.420537
0.0151 0.393008
0.01515 0.41843
0.0152 0.360253
0.01525 0.479313
0.0153 0.364098
0.01535 0.407936
0.0154 0.386101
0.01545 0.408097
0.0155 0.370929
0.01555 0.430769
0.0156 0.395431
0.01565 0.382069
0.0157 0.424357
0.01575 0.435787
0.0158 0.400747
0.01585 0.372073
0.0159 0.359738
0.01595 0.39851
0.016 0.394013
0.01605 0.434575
0.0161 0.397047
0.01615 0.407141
0.0162 0.456674
0.01625 0.400082
0.0163 0.351815
0.01635 0.360853
0.0164 0.400593
0.01645 0.400457
0.0165 0.401332
0.01655 0.38829
0.0166 0.417107
0.01665 0.389089
0.0167 0.394337
0.01675 0.338499
0.0168 0.428439
0.01685 0.370819
0.0169 0.407963
0.01695 0.417915
0.017 0.391144
0.01705 0.451022
0.0171 0.38419
0.01715 0.386964
0.0172 0.375635
0.01725 0.376335
0.0173 0.383999
0.01735 0.380959
0.0174 0.40234
0.01745 0.387872
0.0175 0.381018
0.01755 0.416714
0.0176 0.391662
0.01765 0.396856
0.0177 0.41134
0.01775 0.391786
0.0178 0.375295
0.01785 0.370137
0.0179 0.410186
0.01795 0.425386
0.018 0.400295
0.01805 0.387679
0.0181 0.332502
0.01815 0.393728
0.0182 0.380286
0.01825 0.359062
0.0183 0.347588
0.01835 0.421044
0.0184 0.345301
0.01845 0.416585
0.0185 0.362323
0.01855 0.357855
0.0186 0.380595
0.01865 0.362393
0.0187 0.373309
0.01875 0.347479
0.0188 0.34747
0.01885 0.376582
0.0189 0.351743
0.01895 0.359401
0.019 0.341226
0.01905 0.363032
0.0191 0.352086
0.01915 0.419404
0.0192 0.365217
0.01925 0.321041
0.0193 0.409663
0.01935 0.353099
0.0194 0.365351
0.01945 0.337541
0.0195 0.365052
0.01955 0.331244
0.0196 0.361642
0.01965 0.350128
0.0197 0.369349
0.01975 0.377641
0.0198 0.341941
0.01985 0.344589
0.0199 0.328916
0.01995 0.395938
0.02 0.345582
0.02005 0.33506
0.0201 0.345428
0.02015 0.334878
0.0202 0.352612
0.02025 0.34613
0.0203 0.357927
0.02035 0.346567
0.0204 0.346996
0.02045 0.35277
0.0205 0.36353
0.02055 0.35584
0.0206 0.322912
0.02065 0.322048
0.0207 0.35024
0.02075 0.365752
0.0208 0.378885
0.02085 0.344889
0.0209 0.349626
0.02095 0.332568
0.021 0.356236
0.02105 0.33915
0.0211 0.384557
0.02115 0.312849
0.0212 0.335843
0.02125 0.350917
0.0213 0.322127
0.02135 0.347073
0.0214 0.356761
0.02145 0.350617
0.0215 0.363404
0.02155 0.375858
0.0216 0.311767
0.02165 0.338815
0.0217 0.349966
0.02175 0.352048
0.0218 0.328371
0.02185 0.353597
0.0219 0.355739
0.02195 0.324025
0.022 0.403677
0.02205 0.407415
0.0221 0.382834
0.02215 0.438902
0.0222 0.483342
0.02225 0.584284
0.0223 0.680546
0.02235 0.755504
0.0224 0.837249
0.02245 0.950587
0.0225 1.11203
0.02255 1.31703
0.0226 1.73039
0.02265 2.08609
0.0227 2.64613
0.02275 3.2121
0.0228 3.8873
0.02285 4.61266
0.0229 5.37757
0.02295 6.23154
0.023 6.95542
0.02305 7.64827
0.0231 8.1834
0.02315 8.63178
0.0232 8.95265
0.02325 9.21667
0.0233 8.97032
0.02335 8.6805
0.0234 7.82017
0.02345 7.28172
0.0235 6.40476
0.02355 5.75284
0.0236 5.08812
0.02365 4.50864
0.0237 4.02513
0.02375 3.70269
0.0238 3.33329
0.02385 3.10777
0.0239 2.85777
0.02395 2.6676
0.024 2.44539
0.02405 2.41697
0.0241 2.29753
0.02415 2.14972
0.0242 1.88698
0.02425 1.9244
0.0243 1.79741
0.02435 1.72672
0.0244 1.73527
0.02445 1.66252
0.0245 1.68799
0.02455 1.57437
0.0246 1.56209
0.02465 1.53835
0.0247 1.53228
0.02475 1.40016
0.0248 1.38056
0.02485 1.36879
0.0249 1.37989
0.02495 1.35056
0.025 1.27694
0.02505 1.29475
0.0251 1.30309
0.02515 1.32459
0.0252 1.21187
0.02525 1.25786
0.0253 1.17332
0.02535 1.29756
0.0254 1.27645
0.02545 1.18432
0.0255 1.25056
0.02555 1.16922
0.0256 1.14433
0.02565 1.14448
0.0257 1.14566
0.02575 1.11589
0.0258 1.12626
0.02585 1.06106
0.0259 1.11433
0.02595 1.12994
0.026 1.1123
0.02605 1.13684
0.0261 1.03599
0.02615 1.06766
0.0262 1.10318
0.02625 1.04002
0.0263 1.10297
0.02635 1.01474
0.0264 0.959342
0.02645 1.03983
0.0265 1.10591
0.02655 1.10267
0.0266 1.04185
0.02665 1.04422
0.0267 1.02414
0.02675 1.00448
0.0268 0.947659
0.02685 1.02233
0.0269 0.968052
0.02695 1.00689
0.027 1.04108
0.02705 1.07329
0.0271 1.01446
0.02715 0.965084
0.0272 0.941599
0.02725 0.987327
0.0273 1.00486
0.02735 0.912347
0.0274 0.831402
0.02745 0.968916
0.0275 0.909374
0.02755 0.957148
0.0276 0.912832
0.02765 0.947498
0.0277 0.962928
0.02775 1.01792
0.0278 0.922815
0.02785 0.925965
0.0279 0.966586
0.02795 0.921746
0.028 0.931083
0.02805 0.920239
0.0281 0.871617
0.02815 0.904517
0.0282 1.00144
0.02825 0.929643
0.0283 0.865971
0.02835 0.890003
0.0284 0.852143
0.02845 0.906425
0.0285 0.936442
0.02855 0.915138
0.0286 0.887993
0.02865 0.860133
0.0287 0.894229
0.02875 0.857081
0.0288 0.865324
0.02885 0.91176
0.0289 0.887801
0.02895 0.941439
0.029 0.917502
0.02905 0.865506
0.0291 0.908855
0.02915 0.804093
0.0292 0.798244
0.02925 0.856242
0.0293 0.80888
0.02935 0.87535
0.0294 0.924492
0.02945 0.910756
0.0295 0.899315
0.02955 0.836905
0.0296 0.810946
0.02965 0.82525
0.0297 0.828919
0.02975 0.796253
0.0298 0.816558
0.02985 0.828596
0.0299 0.834108
0.02995 0.86605
0.03 0.859089
0.03005 0.853901
0.0301 0.83482
0.03015 0.836786
0.0302 0.844814
0.03025 0.840764
0.0303 0.772354
0.03035 0.814264
0.0304 0.788785
0.03045 0.777213
0.0305 0.852349
0.03055 0.767513
0.0306 0.831835
0.03065 0.784727
0.0307 0.790896
0.03075 0.781082
0.0308 0.773074
0.03085 0.81756
0.0309 0.812126
0.03095 0.753968
0.031 0.796133
0.03105 0.765731
0.0311 0.703412
0.03115 0.715676
0.0312 0.828628
0.03125 0.754326
0.0313 0.77999
0.03135 0.779404
0.0314 0.727869
0.03145 0.766811
0.0315 0.793322
0.03155 0.788994
0.0316 0.805537
0.03165 0.736571
0.0317 0.791106
0.03175 0.780394
0.0318 0.729503
0.03185 0.747917
0.0319 0.704438
0.03195 0.733718
0.032 0.701603
0.03205 0.745739
0.0321 0.766294
0.03215 0.72448
0.0322 0.752134
0.03225 0.824494
0.0323 0.804025
0.03235 0.811975
0.0324 0.756362
0.03245 0.739494
0.0325 0.712135
0.03255 0.780497
0.0326 0.741432
0.03265 0.725734
0.0327 0.806907
0.03275 0.704119
0.0328 0.731606
0.03285 0.715794
0.0329 0.707162
0.03295 0.789574
0.033 0.699843
0.03305 0.683189
0.0331 0.730111
0.03315 0.678977
0.0332 0.74665
0.03325 0.741372
0.0333 0.75008
0.03335 0.713406
0.0334 0.660514
0.03345 0.725978
0.0335 0.744098
0.03355 0.723998
0.0336 0.658047
0.03365 0.692905
0.0337 0.655697
0.03375 0.729867
0.0338 0.740732
0.03385 0.77131
0.0339 0.672337
0.03395 0.712329
0.034 0.733433
0.03405 0.730081
0.0341 0.70008
0.03415 0.672002
0.0342 0.708194
0.03425 0.747978
0.0343 0.673897
0.03435 0.714391
0.0344 0.714414
0.03445 0.66545
0.0345 0.643225
0.03455 0.718479
0.0346 0.684569
0.03465 0.708117
0.0347 0.6859
0.03475 0.639926
0.0348 0.678094
0.03485 0.620106
0.0349 0.690488
0.03495 0.649176
0.035 0.648348
0.03505 0.686832
0.0351 0.653075
0.03515 0.630441
0.0352 0.621814
0.03525 0.629392
0.0353 0.653974
0.03535 0.660256
0.0354 0.675076
0.03545 0.681442
0.0355 0.668641
0.03555 0.600965
0.0356 0.570083
0.03565 0.632609
0.0357 0.651787
0.03575 0.605893
0.0358 0.632227
0.03585 0.649341
0.0359 0.698885
0.03595 0.619759
0.036 0.642688
0.03605 0.637558
0.0361 0.646147
0.03615 0.656223
0.0362 0.585869
0.03625 0.685837
0.0363 0.589932
0.03635 0.685826
0.0364 0.644338
0.03645 0.610712
0.0365 0.623735
0.03655 0.631691
0.0366 0.621358
0.03665 0.636676
0.0367 0.620455
0.03675 0.641707
0.0368 0.583453
0.03685 0.649687
0.0369 0.626775
0.03695 0.620053
0.037 0.616271
0.03705 0.642899
0.0371 0.645862
0.03715 0.61536
0.0372 0.600383
0.03725 0.676361
0.0373 0.579344
0.03735 0.628548
0.0374 0.617284
0.03745 0.608228
0.0375 0.59989
0.03755 0.592274
0.0376 0.625293
0.03765 0.585309
0.0377 0.581409
0.03775 0.596397
0.0378 0.613719
0.03785 0.637177
0.0379 0.591662
0.03795 0.63641
0.038 0.577842
0.03805 0.569338
0.0381 0.566908
0.03815 0.617952
0.0382 0.628655
0.03825 0.643999
0.0383 0.621823
0.03835 0.601867
0.0384 0.596447
0.03845 0.560979
0.0385 0.558529
0.03855 0.618605
0.0386 0.539778
0.03865 0.587584
0.0387 0.564279
0.03875 0.652631
0.0388 0.630217
0.03885 0.570375
0.0389 0.630271
0.03895 0.584321
0.039 0.553817
0.03905 0.585759
0.0391 0.589639
0.03915 0.594321
0.0392 0.618649
0.03925 0.589625
0.0393 0.595908
0.03935 0.616402
0.0394 0.585692
0.03945 0.621228
0.0395 0.617352
0.03955 0.607128
0.0396 0.676961
0.03965 0.547767
0.0397 0.567547
0.03975 0.592181
0.0398 0.540399
0.03985 0.557053
0.0399 0.555396
0.03995 0.614536
0.04 0.625841
0.04005 0.617943
0.0401 0.58111
0.04015 0.607658
0.0402 0.590033
0.04025 0.626347
0.0403 0.628905
0.04035 0.617739
0.0404 0.612197
0.04045 0.536977
0.0405 0.576643
0.04055 0.571799
0.0406 0.605964
0.04065 0.578394
0.0407 0.575175
0.04075 0.609483
0.0408 0.583462
0.04085 0.569618
0.0409 0.546717
0.04095 0.578675
0.041 0.521264
0.04105 0.579548
0.0411 0.519536
0.04115 0.60186
0.0412 0.593737
0.04125 0.559981
0.0413 0.535202
0.04135 0.581544
0.0414 0.53438
0.04145 0.610718
0.0415 0.55022
0.04155 0.50781
0.0416 0.546884
0.04165 0.623632
0.0417 0.586264
0.04175 0.521176
0.0418 0.573037
0.04185 0.544639
0.0419 0.568999
0.04195 0.562369
0.042 0.570015
0.04205 0.560851
0.0421 0.608981
0.04215 0.572041
0.0422 0.545112
0.04225 0.502862
0.0423 0.54093
0.04235 0.511296
0.0424 0.527406
0.04245 0.516376
0.0425 0.558923
0.04255 0.524091
0.0426 0.599176
0.04265 0.543012
0.0427 0.549923
0.04275 0.550013
0.0428 0.513255
0.04285 0.546727
0.0429 0.554549
0.04295 0.534881
0.043 0.522035
0.04305 0.538455
0.0431 0.584277
0.04315 0.521397
0.0432 0.484251
0.04325 0.464299
0.0433 0.568262
0.04335 0.526764
0.0434 0.574632
0.04345 0.513918
0.0435 0.548807
0.04355 0.558531
0.0436 0.542974
0.04365 0.569318
0.0437 0.527505
0.04375 0.516211
0.0438 0.551362
0.04385 0.526932
0.0439 0.512969
0.04395 0.501601
0.044 0.516627
0.04405 0.512303
0.0441 0.521212
0.04415 0.470926
0.0442 0.513397
0.04425 0.538295
0.0443 0.593438
0.04435 0.488042
0.0444 0.502307
0.04445 0.537983
0.0445 0.549725
0.04455 0.499069
0.0446 0.537545
0.04465 0.447417
0.0447 0.501979
0.04475 0.481463
0.0448 0.541611
0.04485 0.497795
0.0449 0.542836
0.04495 0.59433
0.045 0.518056
0.04505 0.52271
0.0451 0.495777
0.04515 0.560061
0.0452 0.477951
0.04525 0.469863
0.0453 0.516171
0.04535 0.515419
0.0454 0.516485
0.04545 0.533027
0.0455 0.501343
0.04555 0.464997
0.0456 0.491531
0.04565 0.525467
0.0457 0.502787
0.04575 0.556979
0.0458 0.517817
0.04585 0.506987
0.0459 0.433632
0.04595 0.47504
0.046 0.443827
0.04605 0.463225
0.0461 0.482689
0.04615 0.479119
0.0462 0.480165
0.04625 0.495107
0.0463 0.506392
0.04635 0.507508
0.0464 0.475186
0.04645 0.477172
0.0465 0.432617
0.04655 0.427997
0.0466 0.500804
0.04665 0.460834
0.0467 0.462813
0.04675 0.482585
0.0468 0.534281
0.04685 0.456701
0.0469 0.447422
0.04695 0.503916
0.047 0.512602
0.04705 0.504362
0.0471 0.501756
0.04715 0.459496
0.0472 0.479474
0.04725 0.54871
0.0473 0.501687
0.04735 0.417545
0.0474 0.440376
0.04745 0.444282
0.0475 0.563274
0.04755 0.481772
0.0476 0.503892
0.04765 0.456442
0.0477 0.481425
0.04775 0.563849
0.0478 0.403456
0.04785 0.547206
0.0479 0.486183
0.04795 0.459531
0.048 0.454901
0.04805 0.474309
0.0481 0.435037
0.04815 0.469873
0.0482 0.519295
0.04825 0.530233
0.0483 0.468682
0.04835 0.522134
0.0484 0.454629
0.04845 0.459667
0.0485 0.469578
0.04855 0.475634
0.0486 0.438899
0.04865 0.435169
0.0487 0.490905
0.04875 0.435551
0.0488 0.437672
0.04885 0.525866
0.0489 0.489021
0.04895 0.475585
0.049 0.493502
0.04905 0.422114
0.0491 0.499926
0.04915 0.499258
0.0492 0.468055
0.04925 0.454507
0.0493 0.442894
0.04935 0.46978
0.0494 0.461146
0.04945 0.493078
0.0495 0.44682
0.04955 0.484744
0.0496 0.523778
0.04965 0.476454
0.0497 0.558339
0.04975 0.496053
0.0498 0.525305
0.04985 0.499757
0.0499 0.455153
