0.012865 -0.0250000004 -0.0121099023 -0.0328382439 asynchronous_release_0
0.067944 -0.0250000004 0.000485247874 -0.000874376635 asynchronous_release_1
0.069717 -0.0250000004 0.0233334758 0.0260873323 asynchronous_release_0
0.042881 -0.0250000004 0.0244729434 -0.0250214916 asynchronous_release_2
0.028739 -0.0250000004 -0.0228888145 0.026478334 asynchronous_release_0
0.066171 -0.0250000004 0.0277193781 0.0213690449 asynchronous_release_0
0.05269 -0.0250000004 0.00237486805 0.0349193356 asynchronous_release_0
0.050333 -0.0250000004 0.034792619 -0.00380442637 asynchronous_release_0
0.06361 -0.0250000004 -0.0279642291 0.0210476102 asynchronous_release_0
0.078031 -0.0250000004 0.0343019398 -0.00695535251 asynchronous_release_0
0.070678 -0.0250000004 1.89259548e-05 -0.000999820888 asynchronous_release_0
0.037251 -0.0250000004 -0.0252728208 -0.024213313 asynchronous_release_0
0.075626 -0.0250000004 0.0207856448 -0.0281594917 asynchronous_release_0
0.079737 -0.0250000004 -0.000967382648 -0.000253319585 asynchronous_release_0
0.043944 -0.0250000004 -0.0349501099 0.00186810507 asynchronous_release_0
0.050641 -0.0250000004 0.0128736397 0.0325464192 asynchronous_release_0
0.027465 -0.0250000004 -0.0349835247 -0.0010737769 asynchronous_release_0
0.077224 -0.0250000004 0.000997174525 -7.51196823e-05 asynchronous_release_1
0.024346 -0.0250000004 -0.000394994353 -0.000918683548 asynchronous_release_0
0.049789 -0.0250000004 0.0217864563 -0.0273925231 asynchronous_release_0
0.072558 -0.0250000004 0.0273471431 -0.0218433918 asynchronous_release_0
0.074902 -0.0250000004 -0.0349598115 0.00167677746 asynchronous_release_0
0.068174 -0.0250000004 -0.0320124153 0.0141493911 asynchronous_release_0
0.063771 -0.0250000004 0.0349009474 -0.00263132478 asynchronous_release_0
0.021039 -0.0250000004 0.000458007669 0.000888948241 asynchronous_release_0
0.022066 -0.0250000004 0.0248995694 -0.0245969803 asynchronous_release_0
0.074518 -0.0250000004 -0.0337513945 -0.00926516952 asynchronous_release_0
0.046842 -0.0250000004 0.0145660506 0.0318249928 asynchronous_release_0
0.05214 -0.0250000004 -0.0145660506 -0.0318249928 asynchronous_release_0
0.079224 -0.0250000004 -0.0334677243 -0.0102426282 asynchronous_release_0
0.041502 -0.0250000004 0.0217553027 -0.027417272 asynchronous_release_0
0.060867 -0.0250000004 0.000782916648 0.000622126613 asynchronous_release_0
0.018667 -0.0250000004 0.0247783535 0.0247190857 asynchronous_release_0
0.045401 -0.0250000004 0.0151337654 -0.0315589789 asynchronous_release_3
0.045119 -0.0250000004 -0.00787715589 0.0341020588 asynchronous_release_0
0.056705 -0.0250000004 0.0269145864 -0.0223742048 asynchronous_release_4
0.0718 -0.0250000004 0.0285654728 -0.0202240888 asynchronous_release_1
0.017895 -0.0250000004 -0.0220077529 0.0272150475 asynchronous_release_0
0.05694 -0.0250000004 0.0220077529 -0.0272150475 asynchronous_release_0
0.057072 -0.0250000004 -0.0159178446 0.0311708553 asynchronous_release_0
0.038304 -0.0250000004 -0.000143751919 0.0349997048 asynchronous_release_0
0.074673 -0.0250000004 -0.0266649804 -0.022671101 asynchronous_release_0
0.058422 -0.0250000004 0.000945749254 0.000324897444 asynchronous_release_0
0.050618 -0.0250000004 0.0102610277 -0.0334620876 asynchronous_release_0
0.074391 -0.0250000004 -0.0349992653 0.000226780428 asynchronous_release_0
0.053437 -0.0250000004 0.0179970027 -0.0300184592 asynchronous_release_0
0.016759 -0.0250000004 -0.0349628954 0.00161119467 asynchronous_release_0
0.078316 -0.0250000004 0.0265752941 -0.0227761661 asynchronous_release_0
0.05951 -0.0250000004 0.0337552273 -0.00925119602 asynchronous_release_0
0.007618 -0.0250000004 0.0306343934 -0.0169273134 asynchronous_release_0
0.040427 -0.0250000004 0.0145196406 0.0318461934 asynchronous_release_0
0.020723 -0.0250000004 0.0306646588 0.0168724242 asynchronous_release_0
0.023047 -0.0250000004 0.02943346 0.0189386227 asynchronous_release_3
0.064571 -0.0250000004 -0.0220030417 0.0272188566 asynchronous_release_0
0.064592 -0.0250000004 -0.000999801488 1.99244889e-05 asynchronous_release_0
0.066398 -0.0250000004 -0.0014071659 -0.0349717012 asynchronous_release_0
0.014117 -0.0250000004 -0.000434166688 -0.000900832552 asynchronous_release_0
0.056251 -0.0250000004 0.0280389205 0.0209480055 asynchronous_release_1
0.045108 -0.0250000004 0.0308211071 0.0165849136 asynchronous_release_2
0.06016 -0.0250000004 -0.000828563793 -0.00055989467 asynchronous_release_0
0.06285 -0.0250000004 0.0201637065 -0.0286081272 asynchronous_release_0
0.044514 -0.0250000004 0.0308767625 -0.016481066 asynchronous_release_2
0.074755 -0.0250000004 -0.000996488499 8.37297484e-05 asynchronous_release_0
0.027854 -0.0250000004 -0.0145639673 -0.0318259463 asynchronous_release_0
0.049211 -0.0250000004 0.0211887955 0.0278574038 asynchronous_release_0
0.039979 -0.0250000004 -0.0210475967 0.0279642392 asynchronous_release_0
0.072677 -0.0250000004 0.0165363337 0.0308471987 asynchronous_release_0
0.066437 -0.0250000004 -0.0146549902 0.0317841354 asynchronous_release_0
0.070183 -0.0250000004 -0.0343182635 0.00687435725 asynchronous_release_0
0.076356 -0.0250000004 -0.00724494326 0.034241945 asynchronous_release_0
0.048349 -0.0250000004 0.0328599824 -0.0120507908 asynchronous_release_0
0.013111 -0.0250000004 -0.018646566 -0.0296193446 asynchronous_release_0
0.071618 -0.0250000004 0.0341413448 0.00770510069 asynchronous_release_0
0.059023 -0.0250000004 -0.0212597148 0.0278033187 asynchronous_release_0
0.051631 -0.0250000004 0.0304904723 -0.0171852 asynchronous_release_0
0.058779 -0.0250000004 -0.0334441561 -0.0103193229 asynchronous_release_0
0.056805 -0.0250000004 0.0258704597 0.0235736996 asynchronous_release_2
0.004515 -0.0250000004 0.000511533289 -0.000859263461 asynchronous_release_0
0.052525 -0.0250000004 -0.0300742211 -0.0179036651 asynchronous_release_0
0.074236 -0.0250000004 -0.034547532 -0.0056096374 asynchronous_release_1
0.070391 -0.0250000004 0.0343897506 0.00650730747 asynchronous_release_0
0.074944 -0.0250000004 -0.0113121785 0.0331215129 asynchronous_release_0
0.052252 -0.0250000004 -0.0133849591 -0.032339494 asynchronous_release_0
0.053038 -0.0250000004 -0.000649878353 -0.00076003824 asynchronous_release_4
0.056354 -0.0250000004 -0.0327465416 -0.0123557279 asynchronous_release_0
0.056419 -0.0250000004 -0.011125954 -0.0331845317 asynchronous_release_0
0.045475 -0.0250000004 -0.0252513568 0.0242356964 asynchronous_release_3
0.053128 -0.0250000004 0.0346127012 -0.00519238987 asynchronous_release_0
0.069135 -0.0250000004 -0.00631861518 -0.0344249198 asynchronous_release_0
0.038489 -0.0250000004 -0.0152081749 0.0315231886 asynchronous_release_0
0.006771 -0.0250000004 -0.0267928042 0.0225198943 asynchronous_release_1
0.068546 -0.0250000004 0.000916122439 -0.000400898586 asynchronous_release_0
0.050989 -0.0250000004 0.0135019592 0.0322908206 asynchronous_release_1
0.060775 -0.0250000004 -0.0157246148 0.0312687782 asynchronous_release_0
0.058265 -0.0250000004 0.000770865756 0.000636997635 asynchronous_release_0
0.053442 -0.0250000004 -0.000359701356 -0.000933067487 asynchronous_release_1
0.045306 -0.0250000004 0.0178988767 -0.0300770712 asynchronous_release_4
0.050735 -0.0250000004 -0.0342490386 -0.00721133496 asynchronous_release_0
0.070401 -0.0250000004 0.000828493828 0.000559998194 asynchronous_release_0
0.062896 -0.0250000004 0.000554377452 0.000832265366 asynchronous_release_0
0.072559 -0.0250000004 0.0034981522 0.0699125377 asynchronous_release_0
0.065509 -0.0250000004 0.0324924861 -0.013009164 asynchronous_release_0
0.048403 -0.0250000004 0.00643259569 0.0344038038 asynchronous_release_0
