0.598551 -0.0250000004 0.000995624211 9.34474752e-05 asynchronous_release_1
0.437935 -0.0250000004 -0.000561038956 0.000827789399 asynchronous_release_0
0.328565 -0.0250000004 -0.0603222091 -0.00601922646 asynchronous_release_0
0.347188 -0.0250000004 -0.0284235035 -0.0204231351 asynchronous_release_0
0.252806 -0.0250000004 0.0101475717 0.0334966683 asynchronous_release_1
0.444923 -0.0250000004 -0.0194378402 0.0291061912 asynchronous_release_0
0.437481 -0.0250000004 -0.00395005937 0.0604929503 asynchronous_release_1
0.250647 -0.0250000004 -0.0322528463 0.0135924208 asynchronous_release_0
0.384915 -0.0250000004 -0.0231014743 0.0262930007 asynchronous_release_0
0.365216 -0.0250000004 -0.00536360679 -0.034586583 asynchronous_release_1
0.277145 -0.0250000004 0.0241551845 0.0253283845 asynchronous_release_0
0.443187 -0.0250000004 -0.0098574322 0.0335831957 asynchronous_release_0
0.598963 -0.0250000004 -0.0184244587 0.0297580127 asynchronous_release_0
0.211197 -0.0250000004 0.0622343232 0.032045109 asynchronous_release_0
0.233054 -0.0250000004 0.0311171616 0.0160225545 asynchronous_release_0
0.136838 -0.0250000004 0.0318545271 0.0145013484 asynchronous_release_0
0.364501 -0.0250000004 -0.0318545271 -0.0145013484 asynchronous_release_0
0.137099 -0.0250000004 0.0276172224 0.0215009076 asynchronous_release_0
0.407259 -0.0250000004 -0.0328556522 -0.0120625917 asynchronous_release_1
0.415602 -0.0250000004 0.00521588149 0.034609169 asynchronous_release_0
0.444706 -0.0250000004 -0.000365357104 0.000930867438 asynchronous_release_0
0.186642 -0.0250000004 -0.0113794606 -0.0330984573 asynchronous_release_0
0.356031 -0.0250000004 0.0193806649 0.0574403154 asynchronous_release_0
0.339947 -0.0250000004 0.0240384035 -0.0254392445 asynchronous_release_0
0.32336 -0.0250000004 -0.00452634652 -0.0347060829 asynchronous_release_0
0.451646 -0.0250000004 0.0323195227 0.0134331104 asynchronous_release_0
0.546112 -0.0250000004 -0.000607799214 -0.000794090747 asynchronous_release_0
0.591925 -0.0250000004 -0.0232668296 0.0559790554 asynchronous_release_0
0.449428 -0.0250000004 0.0349826403 -0.00110221382 asynchronous_release_1
0.423234 -0.0250000004 -0.0169357633 -0.0306297228 asynchronous_release_0
0.165838 -0.0250000004 -0.00716215433 -0.034259357 asynchronous_release_1
0.215856 -0.0250000004 0.0349478615 -0.0019097052 asynchronous_release_0
0.373114 -0.0250000004 -0.0158200775 0.0312205885 asynchronous_release_0
0.544552 -0.0250000004 -0.019127784 -0.0293108833 asynchronous_release_0
0.328609 -0.0250000004 -0.0279889595 0.0210147127 asynchronous_release_0
0.267937 -0.0250000004 0.0111284066 0.0331837094 asynchronous_release_0
0.388664 -0.0250000004 0.0343021386 0.0069543719 asynchronous_release_0
0.429364 -0.0250000004 -0.0111284066 -0.0331837094 asynchronous_release_0
0.438636 -0.0250000004 0.0308633902 0.0165060943 asynchronous_release_0
0.507899 -0.0250000004 -0.00113699813 -0.0349815271 asynchronous_release_0
0.186361 -0.0250000004 0.0228106461 0.0265457045 asynchronous_release_0
0.591018 -0.0250000004 0.0458404543 -0.0396692923 asynchronous_release_0
0.451454 -0.0250000004 0.018860125 -0.0294838207 asynchronous_release_0
0.184078 -0.0250000004 0.0302241702 0.0176493495 asynchronous_release_0
0.311925 -0.0250000004 0.0332902644 -0.0108054754 asynchronous_release_0
0.518879 -0.0250000004 0.000963220183 -0.000268713379 asynchronous_release_0
0.56983 -0.0250000004 0.0583921203 -0.0162898829 asynchronous_release_0
0.405061 -0.0250000004 0.0690221005 0.0116597444 asynchronous_release_0
0.501061 -0.0250000004 0.0223043426 -0.0269725101 asynchronous_release_0
0.537176 -0.0250000004 -0.0345110503 -0.00582987221 asynchronous_release_0
0.588804 -0.0250000004 0.000266920872 0.000963718449 asynchronous_release_0
0.523968 -0.0250000004 -0.0330562494 0.0115014944 asynchronous_release_0
0.449746 -0.0250000004 0.00792732314 -0.0340904319 asynchronous_release_0
0.11584 -0.0250000004 0.0285140588 0.0202965133 asynchronous_release_0
0.21207 -0.0250000004 -0.00332026674 0.0348421559 asynchronous_release_0
0.226243 -0.0250000004 -0.0318343255 0.0145456426 asynchronous_release_0
0.27902 -0.0250000004 0.0285176332 -0.0202914907 asynchronous_release_0
0.544673 -0.0250000004 -0.031831763 -0.0145512495 asynchronous_release_0
0.410191 -0.0250000004 0.00302578167 0.0348689639 asynchronous_release_0
0.536335 -0.0250000004 0.0286845177 -0.0200548858 asynchronous_release_0
0.362957 -0.0250000004 0.0273889162 0.0217909906 asynchronous_release_0
0.342374 -0.0250000004 0.0349999982 -1.13723376e-05 asynchronous_release_0
0.38151 -0.0250000004 0.0175098478 0.0303052014 asynchronous_release_0
0.463574 -0.0250000004 -0.0175098478 -0.0303052014 asynchronous_release_0
0.23992 -0.0250000004 0.0162651239 0.0309910591 asynchronous_release_1
0.069415 -0.0250000004 0.00225336842 -0.0349273865 asynchronous_release_0
0.38714 -0.0250000004 -0.0291213198 -0.0194151676 asynchronous_release_0
0.463649 -0.0250000004 -0.0313746882 0.015512219 asynchronous_release_0
0.510584 -0.0250000004 0.00450673684 -0.0698547731 asynchronous_release_0
0.377922 -0.0250000004 0.0219995062 -0.0272217143 asynchronous_release_0
0.526419 -0.0250000004 -0.0345744492 -0.00544127406 asynchronous_release_0
0.373633 -0.0250000004 0.00633357801 0.03442217 asynchronous_release_0
0.526532 -0.0250000004 -0.0266436847 0.0226961245 asynchronous_release_0
0.59789 -0.0250000004 -0.00633357801 -0.03442217 asynchronous_release_0
0.361704 -0.0250000004 0.00093657909 0.000350456287 asynchronous_release_0
0.464324 -0.0250000004 0.03452153 -0.00576749242 asynchronous_release_0
0.527058 -0.0250000004 0.0099895899 0.0597930439 asynchronous_release_0
0.345991 -0.0250000004 -0.00359333117 0.0348150538 asynchronous_release_0
0.414197 -0.0250000004 0.0319473866 -0.0142956108 asynchronous_release_0
0.080653 -0.0250000004 0.0281449393 -0.0208053452 asynchronous_release_0
0.424414 -0.0250000004 -0.0281449393 0.0208053452 asynchronous_release_0
0.216254 -0.0250000004 0.0439793973 -0.0417230465 asynchronous_release_1
0.428058 -0.0250000004 0.00994529261 -0.0335572817 asynchronous_release_1
0.335195 -0.0250000004 0.0094795932 -0.0336917989 asynchronous_release_0
0.413794 -0.0250000004 0.0339177503 -0.00863633091 asynchronous_release_3
0.196612 -0.0250000004 0.0344699054 0.00606841196 asynchronous_release_0
0.499541 -0.0250000004 0.0224903516 -0.0268176077 asynchronous_release_0
0.424605 -0.0250000004 0.0349895972 0.000853278595 asynchronous_release_0
0.243169 -0.0250000004 -0.000405520798 -0.0349976507 asynchronous_release_0
0.568476 -0.0250000004 -0.0610232299 -0.0342952681 asynchronous_release_0
0.475597 -0.0250000004 0.0332872305 0.0108148178 asynchronous_release_0
0.381613 -0.0250000004 -0.0244988647 -0.0249961122 asynchronous_release_0
0.539021 -0.0250000004 0.0151010289 0.0587108076 asynchronous_release_1
0.207181 -0.0250000004 0.0447765361 -0.0408663898 asynchronous_release_0
0.218262 -0.0250000004 -0.0341853786 0.00750732231 asynchronous_release_0
0.321175 -0.0250000004 -0.0235942211 -0.0258517452 asynchronous_release_0
0.224011 -0.0250000004 -0.0346772769 0.00474198995 asynchronous_release_0
0.292363 -0.0250000004 0.0131007947 -0.0324556494 asynchronous_release_0
0.445267 -0.0250000004 0.0215570195 0.0275734457 asynchronous_release_0
0.591728 -0.0250000004 0.0562148338 0.022691242 asynchronous_release_0
0.366167 -0.0250000004 0.0236099109 -0.0258374168 asynchronous_release_0
0.583302 -0.0250000004 0.0341808148 0.00752807427 asynchronous_release_0
0.571077 -0.0250000004 0.0344475858 -0.00619385446 asynchronous_release_0
0.531637 -0.0250000004 -0.0117806971 -0.0329577787 asynchronous_release_0
0.426483 -0.0250000004 -0.0289295053 -0.0196998406 asynchronous_release_0
0.217738 -0.0250000004 0.0244680849 0.0250262427 asynchronous_release_0
0.240972 -0.0250000004 -0.00943931949 0.0337031044 asynchronous_release_0
0.249925 -0.0250000004 -0.000715035505 0.000699088139 asynchronous_release_0
0.420111 -0.0250000004 -0.0335867399 0.00984534928 asynchronous_release_0
0.415025 -0.0250000004 0.0185041496 -0.0297085249 asynchronous_release_0
0.582417 -0.0250000004 -0.00202788709 0.0605878509 asynchronous_release_0
0.419975 -0.0250000004 -0.034980412 -0.00117080116 asynchronous_release_1
0.150563 -0.0250000004 -0.0316915367 -0.0148541745 asynchronous_release_0
0.207304 -0.0250000004 0.0348013712 0.00372351507 asynchronous_release_0
0.554926 -0.0250000004 0.0141760269 0.0320006291 asynchronous_release_0
0.557897 -0.0250000004 0.0248530791 -0.0246439538 asynchronous_release_0
0.221319 -0.0250000004 0.0157459599 -0.0312580349 asynchronous_release_0
0.282061 -0.0250000004 0.000349780842 0.000936831555 asynchronous_release_0
0.491111 -0.0250000004 0.0269967205 0.0222750327 asynchronous_release_0
0.555478 -0.0250000004 -0.059785825 -0.0100327032 asynchronous_release_0
0.331433 -0.0250000004 -0.000935420971 0.000353535863 asynchronous_release_0
0.510433 -0.0250000004 0.00175225987 -0.0349561094 asynchronous_release_0
0.548831 -0.0250000004 0.0155444039 0.0585949785 asynchronous_release_0
0.440647 -0.0250000004 0.00331681927 0.0348424843 asynchronous_release_0
0.549623 -0.0250000004 -0.0285160669 0.0202936919 asynchronous_release_0
0.133488 -0.0250000004 0.011413806 -0.0330866292 asynchronous_release_0
0.197211 -0.0250000004 -0.0343607644 0.00665866864 asynchronous_release_0
0.447727 -0.0250000004 -0.0229469584 -0.0264279606 asynchronous_release_0
0.574048 -0.0250000004 -0.0326066638 0.0127202781 asynchronous_release_0
0.325848 -0.0250000004 -0.0347493336 -0.00418136554 asynchronous_release_0
0.430487 -0.0250000004 0.0547378585 -0.0260531543 asynchronous_release_0
0.150377 -0.0250000004 0.0240329309 -0.0254444146 asynchronous_release_0
0.380027 -0.0250000004 -0.0309388349 -0.0163642445 asynchronous_release_1
0.221957 -0.0250000004 -0.0258564821 -0.02358903 asynchronous_release_0
0.26126 -0.0250000004 -0.00040777792 0.00091308114 asynchronous_release_0
0.531819 -0.0250000004 -0.0340441826 0.00812364634 asynchronous_release_0
0.135951 -0.0250000004 -0.0212981971 0.027773851 asynchronous_release_0
0.302164 -0.0250000004 0.0268744122 -0.0224224434 asynchronous_release_0
0.204683 -0.0250000004 -0.0274365759 0.0217309527 asynchronous_release_0
0.139908 -0.0250000004 -0.0139450606 0.0321019514 asynchronous_release_0
0.126551 -0.0250000004 -0.00099713209 -7.56808808e-05 asynchronous_release_0
0.394584 -0.0250000004 -0.0318501916 -0.0145108682 asynchronous_release_0
0.402051 -0.0250000004 0.00335831525 0.0348385091 asynchronous_release_0
0.570321 -0.0250000004 -0.0505045109 0.0335304993 asynchronous_release_0
0.339065 -0.0250000004 0.000550083318 -0.000835109779 asynchronous_release_0
0.523983 -0.0250000004 0.0292288423 0.0192529161 asynchronous_release_0
0.54703 -0.0250000004 -0.0344092391 0.0499099615 asynchronous_release_0
0.346413 -0.0250000004 0.000719835555 -0.000694144635 asynchronous_release_0
0.457245 -0.0250000004 -0.0242950622 -0.0251942444 asynchronous_release_0
0.318209 -0.0250000004 0.0228943834 -0.026473519 asynchronous_release_0
0.331766 -0.0250000004 -0.000756386258 -0.00065412524 asynchronous_release_0
0.203156 -0.0250000004 -0.0169341049 0.0306306397 asynchronous_release_0
0.52166 -0.0250000004 0.0241131363 -0.0253684185 asynchronous_release_0
0.310102 -0.0250000004 0.0260953036 0.0233245607 asynchronous_release_0
0.508976 -0.0250000004 0.0496344655 0.0493601037 asynchronous_release_0
0.28055 -0.0250000004 0.00379298837 0.0347938678 asynchronous_release_0
0.526537 -0.0250000004 0.0227335082 -0.0266117945 asynchronous_release_0
0.357337 -0.0250000004 -0.0266496406 -0.0226891308 asynchronous_release_0
0.37213 -0.0250000004 -0.000335277153 -0.000942119542 asynchronous_release_0
0.309187 -0.0250000004 0.03494471 0.00196653105 asynchronous_release_1
0.271505 -0.0250000004 0.0241840122 0.0253008607 asynchronous_release_0
0.353102 -0.0250000004 0.00095983998 0.000280548058 asynchronous_release_0
0.544897 -0.0250000004 -0.00981918202 0.0335943993 asynchronous_release_0
0.357013 -0.0250000004 0.00291797993 -0.0348781507 asynchronous_release_0
0.104659 -0.0250000004 -0.0107830158 -0.033297546 asynchronous_release_0
0.291419 -0.0250000004 0.0107830158 0.033297546 asynchronous_release_0
0.41834 -0.0250000004 0.0349052135 0.00257411569 asynchronous_release_0
0.587791 -0.0250000004 0.0238041965 -0.0256585313 asynchronous_release_0
0.353076 -0.0250000004 0.0320948156 0.0139614759 asynchronous_release_0
0.556944 -0.0250000004 0.000398899312 -0.000916994732 asynchronous_release_1
0.234755 -0.0250000004 0.000403911649 0.000914797999 asynchronous_release_0
0.579753 -0.0250000004 -0.00376604377 0.0347967946 asynchronous_release_1
0.409138 -0.0250000004 0.000912964674 0.000408038605 asynchronous_release_0
0.327249 -0.0250000004 -0.0142813512 0.0319537636 asynchronous_release_1
0.324151 -0.0250000004 -0.0190973362 0.0293307305 asynchronous_release_0
0.161399 -0.0250000004 0.016300277 0.0309725842 asynchronous_release_0
0.19829 -0.0250000004 3.9138233e-05 -0.000999233806 asynchronous_release_0
0.207591 -0.0250000004 -0.0512734602 -0.0323424223 asynchronous_release_0
0.420129 -0.0250000004 0.0512734602 0.0323424223 asynchronous_release_0
0.119164 -0.0250000004 -0.000162833574 -0.00098665355 asynchronous_release_0
0.337628 -0.0250000004 0.0345328742 -0.0056991751 asynchronous_release_0
0.561511 -0.0250000004 -0.0222020675 -0.0270567588 asynchronous_release_0
0.334092 -0.0250000004 0.0192883073 0.0292054995 asynchronous_release_0
0.316755 -0.0250000004 0.0344529836 0.00616375873 asynchronous_release_0
0.405194 -0.0250000004 -0.0344529836 -0.00616375873 asynchronous_release_0
0.526144 -0.0250000004 0.0225644634 -0.0267552797 asynchronous_release_4
0.443204 -0.0250000004 -0.0210067659 -0.0279949243 asynchronous_release_0
0.497641 -0.0250000004 0.0299966909 -0.0180332618 asynchronous_release_0
0.261507 -0.0250000004 -0.00118826212 -0.0349798232 asynchronous_release_0
0.511994 -0.0250000004 -0.0305029816 -0.0171629868 asynchronous_release_0
0.219061 -0.0250000004 0.0205914705 0.0283017905 asynchronous_release_0
0.580376 -0.0250000004 0.00637713615 0.0602854222 asynchronous_release_0
0.328797 -0.0250000004 0.0347504919 -0.00417172748 asynchronous_release_0
0.444675 -0.0250000004 0.013762424 -0.0321806725 asynchronous_release_0
0.445984 -0.0250000004 0.0297422407 -0.0184499083 asynchronous_release_0
0.535681 -0.0250000004 0.0605914504 -0.00191732649 asynchronous_release_0
0.500012 -0.0250000004 -0.0349561496 0.00175145885 asynchronous_release_0
0.30829 -0.0250000004 0.000931792068 0.000362992483 asynchronous_release_0
0.37731 -0.0250000004 0.0224013345 0.0663187772 asynchronous_release_0
0.279223 -0.0250000004 -0.0115535705 -0.0330380842 asynchronous_release_0
0.188605 -0.0250000004 0.0234429633 0.0259889875 asynchronous_release_0
0.376624 -0.0250000004 0.013397589 -0.0323342637 asynchronous_release_0
0.195647 -0.0250000004 0.0190252232 -0.0293775575 asynchronous_release_0
0.526625 -0.0250000004 0.0159290995 0.0311651053 asynchronous_release_0
0.349385 -0.0250000004 0.0340150303 -0.00824485967 asynchronous_release_0
0.25318 -0.0250000004 -0.0214633368 0.0276464315 asynchronous_release_0
0.370209 -0.0250000004 -0.0346741804 -0.00476457914 asynchronous_release_0
0.52015 -0.0250000004 -0.00825249315 0.0600574421 asynchronous_release_0
0.507064 -0.0250000004 0.000453542286 -0.000891234759 asynchronous_release_0
0.465949 -0.0250000004 -0.0349544416 0.00178521971 asynchronous_release_0
0.258922 -0.0250000004 0.00086974383 0.000493503464 asynchronous_release_0
0.478478 -0.0250000004 -0.0172726213 0.0304410341 asynchronous_release_0
0.209015 -0.0250000004 -0.018669541 0.0296048685 asynchronous_release_3
0.214284 -0.0250000004 -0.010898827 -0.0332598191 asynchronous_release_0
0.523892 -0.0250000004 0.0233544348 -0.0260685707 asynchronous_release_0
0.453866 -0.0250000004 0.0048141523 -0.0346673324 asynchronous_release_0
0.312448 -0.0250000004 -0.0272809416 0.0219260171 asynchronous_release_0
0.570556 -0.0250000004 -0.0145320038 0.0318405538 asynchronous_release_0
0.534882 -0.0250000004 0.0347881508 -0.00384506966 asynchronous_release_0
0.426139 -0.0250000004 -0.000981433006 -0.000191805252 asynchronous_release_0
0.576558 -0.0250000004 0.00671318382 -0.0343501552 asynchronous_release_0
0.452552 -0.0250000004 0.0493261846 0.0496681741 asynchronous_release_0
0.27772 -0.0250000004 0.0337119974 0.00940750926 asynchronous_release_0
0.487268 -0.0250000004 -0.0240715091 0.025407921 asynchronous_release_0
0.544111 -0.0250000004 0.0247574476 -0.024740024 asynchronous_release_0
0.352373 -0.0250000004 -0.0190138201 0.0293849391 asynchronous_release_0
0.404139 -0.0250000004 -0.0391116983 -0.0580540701 asynchronous_release_0
0.226028 -0.0250000004 0.0330582764 0.011495667 asynchronous_release_0
0.439663 -0.0250000004 0.00657359858 0.0343771407 asynchronous_release_0
0.215822 -0.0250000004 0.010580727 -0.0333623773 asynchronous_release_0
0.552591 -0.0250000004 0.031996267 0.0141858696 asynchronous_release_0
0.506455 -0.0250000004 0.0342518763 -0.00719784458 asynchronous_release_0
0.409388 -0.0250000004 -0.0315282216 0.0151977381 asynchronous_release_0
0.209788 -0.0250000004 0.0123387476 -0.0327529435 asynchronous_release_0
0.544162 -0.0250000004 0.000773204017 -0.000634157352 asynchronous_release_0
0.535704 -0.0250000004 -0.00586593854 -0.0345049383 asynchronous_release_0
0.102588 -0.0250000004 0.000489303184 0.0349965796 asynchronous_release_0
0.415397 -0.0250000004 -0.000978606368 -0.0699931592 asynchronous_release_0
0.252761 -0.0250000004 0.0243552673 0.0251360489 asynchronous_release_0
0.227311 -0.0250000004 -0.00165814514 0.0349607001 asynchronous_release_0
0.428352 -0.0250000004 -0.0226489195 0.0266838236 asynchronous_release_0
0.460236 -0.0250000004 0.0452978391 -0.0533676473 asynchronous_release_0
0.380941 -0.0250000004 0.0349853866 -0.00101129674 asynchronous_release_0
0.468451 -0.0250000004 0.018368502 0.0297925852 asynchronous_release_0
0.237682 -0.0250000004 -0.0349355071 -0.0021237572 asynchronous_release_0
0.499314 -0.0250000004 -0.0542424883 0.0270694008 asynchronous_release_0
0.477328 -0.0250000004 -0.0193069812 0.029193158 asynchronous_release_3
0.362481 -0.0250000004 0.000794632577 -0.000607090658 asynchronous_release_0
0.405572 -0.0250000004 0.0134619334 -0.0323075277 asynchronous_release_0
0.461651 -0.0250000004 -0.00496779489 0.0346456493 asynchronous_release_0
0.190311 -0.0250000004 -0.0349901604 0.000829862957 asynchronous_release_0
0.237048 -0.0250000004 -0.0330338022 0.011565808 asynchronous_release_0
0.415428 -0.0250000004 -0.0265331846 -0.0228252079 asynchronous_release_0
0.311533 -0.0250000004 0.000679532859 -0.000733645073 asynchronous_release_4
0.515465 -0.0250000004 0.0349996295 0.000161045702 asynchronous_release_0
0.32756 -0.0250000004 0.00110053619 -0.0349826932 asynchronous_release_0
0.208144 -0.0250000004 -0.00049667675 -0.0606197436 asynchronous_release_0
0.464651 -0.0250000004 -0.00246569483 0.0349130398 asynchronous_release_0
0.207595 -0.0250000004 0.0604711588 0.00427070871 asynchronous_release_4
0.054675 -0.0250000004 -0.00043971699 0.000898136387 asynchronous_release_0
0.505494 -0.0250000004 0.0286502833 0.0201037625 asynchronous_release_0
0.546909 -0.0250000004 -0.0126573681 0.0688461403 asynchronous_release_0
0.543966 -0.0250000004 -0.0240641887 -0.0254148544 asynchronous_release_1
0.142891 -0.0250000004 -0.0304051867 0.0173356459 asynchronous_release_0
0.227382 -0.0250000004 -0.0267055531 0.022623294 asynchronous_release_0
0.334422 -0.0250000004 -0.0329451239 -0.0118160405 asynchronous_release_1
0.412037 -0.0250000004 0.000549452753 -0.000835524788 asynchronous_release_0
0.315876 -0.0250000004 0.0304554971 0.0172471068 asynchronous_release_0
0.447577 -0.0250000004 0.0337550949 0.00925167913 asynchronous_release_0
0.1753 -0.0250000004 0.030983617 -0.0162792959 asynchronous_release_0
0.287335 -0.0250000004 -0.00139352468 0.0349722474 asynchronous_release_0
0.486797 -0.0250000004 0.0134258916 0.0323225221 asynchronous_release_0
0.23544 -0.0250000004 0.0210543316 0.0279591688 asynchronous_release_0
0.596747 -0.0250000004 -0.012501697 0.0326910932 asynchronous_release_0
0.246477 -0.0250000004 0.000923628561 -0.0349878109 asynchronous_release_0
0.559785 -0.0250000004 -0.0606006661 -0.0015997716 asynchronous_release_0
0.56217 -0.0250000004 -0.0199814012 0.0287357548 asynchronous_release_0
0.327846 -0.0250000004 0.000597268166 0.000802041606 asynchronous_release_0
0.142466 -0.0250000004 0.0335895968 -0.00983559778 asynchronous_release_0
0.255909 -0.0250000004 -0.00827692088 0.0340072431 asynchronous_release_0
0.301975 -0.0250000004 -0.000857070445 -0.000515199235 asynchronous_release_0
0.344616 -0.0250000004 -0.0180319732 0.0299974656 asynchronous_release_0
0.420754 -0.0250000004 -0.000435821197 0.000900033268 asynchronous_release_0
0.504367 -0.0250000004 -0.00015084214 -0.000988557863 asynchronous_release_0
0.540357 -0.0250000004 -0.0345995252 0.00527947492 asynchronous_release_0
0.231581 -0.0250000004 0.000675496268 0.000737363406 asynchronous_release_0
0.539387 -0.0250000004 -0.0333787521 -0.0105289558 asynchronous_release_0
0.257657 -0.0250000004 0.000201815736 -0.000979423508 asynchronous_release_0
0.513668 -0.0250000004 0.000999983176 -5.80070691e-06 asynchronous_release_0
0.206807 -0.0250000004 -0.0302088668 0.0176755302 asynchronous_release_4
0.553337 -0.0250000004 0.0180306932 -0.029998235 asynchronous_release_0
0.171244 -0.0250000004 -0.0261543763 0.0232583017 asynchronous_release_0
0.520751 -0.0250000004 -0.000664522906 -0.000747267895 asynchronous_release_0
0.533341 -0.0250000004 -0.00706509195 -0.0342795052 asynchronous_release_0
0.432546 -0.0250000004 -0.0300634257 -0.0179217865 asynchronous_release_0
0.455502 -0.0250000004 -0.000489009546 0.0349965837 asynchronous_release_0
0.50385 -0.0250000004 -0.000288910779 -0.000957356027 asynchronous_release_0
0.307676 -0.0250000004 0.00799658787 -0.034074251 asynchronous_release_1
0.175926 -0.0250000004 -0.034859624 0.00313155147 asynchronous_release_0
0.360493 -0.0250000004 0.034859624 -0.00313155147 asynchronous_release_0
0.335249 -0.0250000004 0.0395983057 -0.0459017885 asynchronous_release_0
0.402751 -0.0250000004 -0.0265014099 -0.0228620924 asynchronous_release_0
0.543 -0.0250000004 0.0265014099 0.0228620924 asynchronous_release_0
0.348728 -0.0250000004 -0.0108578645 -0.0332732141 asynchronous_release_0
0.419763 -0.0250000004 0.0292549242 -0.0192132613 asynchronous_release_0
0.46616 -0.0250000004 0.0312666345 0.0157288769 asynchronous_release_0
0.410523 -0.0250000004 0.00402342065 0.0698842764 asynchronous_release_4
0.125812 -0.0250000004 -0.0249834906 -0.0245117359 asynchronous_release_0
0.499669 -0.0250000004 0.000417128003 0.000908847748 asynchronous_release_0
0.410361 -0.0250000004 0.0636193424 -0.0291989602 asynchronous_release_2
0.559808 -0.0250000004 -0.0292616328 0.0192030426 asynchronous_release_0
0.244756 -0.0250000004 0.0338629749 -0.00884866831 asynchronous_release_0
0.515591 -0.0250000004 0.0092683159 -0.0337505307 asynchronous_release_0
0.380057 -0.0250000004 -0.0233996437 0.0260279979 asynchronous_release_0
0.304737 -0.0250000004 0.0233996437 -0.0260279979 asynchronous_release_1
0.207562 -0.0250000004 0.0349541059 -0.00179178081 asynchronous_release_0
0.423338 -0.0250000004 0.0342984205 -0.00697268609 asynchronous_release_0
0.114489 -0.0250000004 0.00237183545 0.0349195418 asynchronous_release_0
0.463288 -0.0250000004 -0.0309123818 -0.01641416 asynchronous_release_0
0.595067 -0.0250000004 0.000381715945 0.000924279686 asynchronous_release_0
0.312585 -0.0250000004 -0.0329304613 0.0118568428 asynchronous_release_0
0.442974 -0.0250000004 -0.00755058104 -0.03417585 asynchronous_release_0
0.303045 -0.0250000004 0.00868978741 -0.0339040941 asynchronous_release_0
0.457252 -0.0250000004 -0.0210099689 0.0279925205 asynchronous_release_0
0.20191 -0.0250000004 0.0175399159 -0.0302878086 asynchronous_release_0
0.319471 -0.0250000004 0.0349999696 4.61084944e-05 asynchronous_release_0
0.419404 -0.0250000004 -0.0525398856 0.0302417001 asynchronous_release_0
0.506538 -0.0250000004 0.0343829261 -0.00654327103 asynchronous_release_0
0.565855 -0.0250000004 -0.0115248241 0.0330481229 asynchronous_release_0
0.553455 -0.0250000004 0.028083584 0.0208880901 asynchronous_release_0
0.261194 -0.0250000004 -0.0318393931 0.0145345466 asynchronous_release_0
0.435249 -0.0250000004 0.000415272761 0.000909696946 asynchronous_release_0
0.278233 -0.0250000004 0.0285069832 0.02030645 asynchronous_release_1
0.30614 -0.0250000004 -0.0521667219 0.0308809508 asynchronous_release_0
0.335474 -0.0250000004 0.0569464065 0.0207871784 asynchronous_release_0
0.312867 -0.0250000004 -0.0339633435 -0.00845525252 asynchronous_release_0
0.362101 -0.0250000004 0.0243041352 -0.025185492 asynchronous_release_0
0.533032 -0.0250000004 0.0244119036 -0.0250810478 asynchronous_release_0
0.537517 -0.0250000004 -0.05833868 0.0164802431 asynchronous_release_0
0.352972 -0.0250000004 -0.0254283407 -0.0240499374 asynchronous_release_0
0.582992 -0.0250000004 0.0335420271 -0.00999662026 asynchronous_release_1
0.448843 -0.0250000004 0.024104029 0.0253770721 asynchronous_release_0
0.362255 -0.0250000004 -0.0264380872 0.0229352904 asynchronous_release_0
0.444873 -0.0250000004 -0.0397250883 -0.0457921102 asynchronous_release_0
0.152219 -0.0250000004 -0.0274430898 -0.021722726 asynchronous_release_0
0.389127 -0.0250000004 -0.0260590283 -0.0233650817 asynchronous_release_0
0.599465 -0.0250000004 -0.0188537881 -0.0576154031 asynchronous_release_0
0.484026 -0.0250000004 -0.0349701999 -0.00144399294 asynchronous_release_0
0.437859 -0.0250000004 -0.017931367 0.0300577124 asynchronous_release_0
0.48645 -0.0250000004 -0.0424802991 0.043248401 asynchronous_release_0
0.427938 -0.0250000004 0.024969476 0.0245260121 asynchronous_release_1
0.267424 -0.0250000004 -0.033561371 0.009931484 asynchronous_release_0
0.185501 -0.0250000004 -0.0214327593 0.0276701433 asynchronous_release_0
0.216755 -0.0250000004 -0.000925611019 0.00037847621 asynchronous_release_0
0.523894 -0.0250000004 0.0346794267 0.00472624238 asynchronous_release_0
0.431562 -0.0250000004 -0.0132408806 -0.0323987512 asynchronous_release_0
0.131223 -0.0250000004 0.0216012354 0.0275388204 asynchronous_release_0
0.229288 -0.0250000004 -0.0130487003 0.0324766288 asynchronous_release_0
0.581261 -0.0250000004 0.0594094627 0.0120629906 asynchronous_release_0
0.336537 -0.0250000004 0.034896088 -0.00269500336 asynchronous_release_0
0.322978 -0.0250000004 -0.000747531254 -0.000664226636 asynchronous_release_0
0.356228 -0.0250000004 -0.0317097784 -0.0148151934 asynchronous_release_0
0.598108 -0.0250000004 0.0604209322 0.0049306142 asynchronous_release_0
0.49786 -0.0250000004 -0.0346395766 0.00500996342 asynchronous_release_0
0.512427 -0.0250000004 0.0129810327 -0.032503735 asynchronous_release_0
0.42366 -0.0250000004 -0.00196526961 0.0349447809 asynchronous_release_0
0.204952 -0.0250000004 -0.0346833684 0.0046972283 asynchronous_release_0
0.286463 -0.0250000004 -0.0038829091 -0.0347839477 asynchronous_release_0
0.27672 -0.0250000004 -0.0131812919 -0.0324230403 asynchronous_release_0
0.579648 -0.0250000004 0.014902496 0.0587615147 asynchronous_release_1
0.323083 -0.0250000004 0.000751499125 0.000659734087 asynchronous_release_0
0.355799 -0.0250000004 -0.0112332601 -0.0331483614 asynchronous_release_0
0.535759 -0.0250000004 0.0158078208 0.0585244633 asynchronous_release_0
0.336049 -0.0250000004 0.00899064691 -0.0338255564 asynchronous_release_1
0.568417 -0.0250000004 0.000752120784 -0.0349919178 asynchronous_release_0
0.587098 -0.0250000004 -0.0283315511 -0.0205505039 asynchronous_release_0
0.568161 -0.0250000004 -0.000592168403 0.000805814236 asynchronous_release_0
0.452402 -0.0250000004 0.00433503242 0.034730498 asynchronous_release_0
0.522612 -0.0250000004 -0.0304798044 -0.0172041135 asynchronous_release_0
0.126689 -0.0250000004 0.0339497468 -0.00850968245 asynchronous_release_0
0.133995 -0.0250000004 0.0104917774 -0.0333904568 asynchronous_release_0
0.26843 -0.0250000004 -0.0153845742 0.0586371459 asynchronous_release_0
0.154487 -0.0250000004 -0.000967194359 -0.000254037539 asynchronous_release_0
0.351068 -0.0250000004 0.0337621779 -0.00922579763 asynchronous_release_1
0.323956 -0.0250000004 -0.00905239693 -0.0338090832 asynchronous_release_0
0.272737 -0.0250000004 -0.0267853565 0.0225287523 asynchronous_release_0
0.1864 -0.0250000004 -0.000306004779 -0.000952029976 asynchronous_release_0
0.415156 -0.0250000004 -0.0333210492 0.0107101673 asynchronous_release_0
0.579605 -0.0250000004 0.0259358015 0.0235017914 asynchronous_release_0
0.33261 -0.0250000004 0.00377672441 0.034795637 asynchronous_release_0
0.198469 -0.0250000004 -0.0252464165 -0.0242408427 asynchronous_release_0
0.311328 -0.0250000004 -0.0336163938 0.0097436167 asynchronous_release_0
0.525326 -0.0250000004 0.0290758509 -0.0194831952 asynchronous_release_0
0.47144 -0.0250000004 0.0289547544 -0.0196627108 asynchronous_release_0
0.202171 -0.0250000004 0.00396559481 0.034774618 asynchronous_release_0
0.364497 -0.0250000004 -0.000398657233 0.0009171 asynchronous_release_0
0.380261 -0.0250000004 0.0104214138 -0.0334124847 asynchronous_release_0
0.343632 -0.0250000004 -0.0215224496 0.0276004377 asynchronous_release_0
0.444411 -0.0250000004 0.000883166362 -0.000469059887 asynchronous_release_0
0.204344 -0.0250000004 -0.0328341921 -0.0618216453 asynchronous_release_4
0.435489 -0.0250000004 -0.034175635 0.00755155438 asynchronous_release_0
0.267822 -0.0250000004 0.0231395597 -0.0262594893 asynchronous_release_0
0.556894 -0.0250000004 0.00408030483 -0.0347613451 asynchronous_release_0
0.437811 -0.0250000004 -0.0384844741 0.0468395693 asynchronous_release_0
0.221968 -0.0250000004 -0.0444620068 -0.0412083724 asynchronous_release_0
0.380512 -0.0250000004 0.0237916649 -0.0256701516 asynchronous_release_0
0.502966 -0.0250000004 -0.0209482382 0.0280387467 asynchronous_release_0
0.392984 -0.0250000004 -0.0071345018 0.0342651264 asynchronous_release_0
0.585086 -0.0250000004 0.0326169313 0.0126939273 asynchronous_release_0
0.502507 -0.0250000004 -0.0325014264 0.012986812 asynchronous_release_0
0.250807 -0.0250000004 0.00173754517 -0.0349568439 asynchronous_release_0
0.122413 -0.0250000004 0.000968579525 0.00024870405 asynchronous_release_0
0.246992 -0.0250000004 -0.0337108275 0.0094117008 asynchronous_release_0
0.500726 -0.0250000004 -0.0211753647 -0.0278676143 asynchronous_release_0
0.323956 -0.0250000004 0.0193596163 0.0291582794 asynchronous_release_0
0.424061 -0.0250000004 0.0255768282 0.0238919622 asynchronous_release_0
0.392978 -0.0250000004 -0.0184336371 0.029752328 asynchronous_release_0
0.14565 -0.0250000004 0.0278636165 -0.021180625 asynchronous_release_0
0.4385 -0.0250000004 -0.0322747676 -0.0135402872 asynchronous_release_0
0.433981 -0.0250000004 0.0542832754 -0.0269875159 asynchronous_release_0
0.512595 -0.0250000004 0.000109911327 -0.000993941397 asynchronous_release_0
0.376748 -0.0250000004 0.0349346753 0.00213739525 asynchronous_release_0
0.513799 -0.0250000004 -0.000894943256 0.000446179974 asynchronous_release_0
0.556087 -0.0250000004 0.0293713457 0.0190348116 asynchronous_release_0
0.439541 -0.0250000004 0.00599180613 0.0344833041 asynchronous_release_0
0.473391 -0.0250000004 -0.0187943643 -0.0295257832 asynchronous_release_0
0.334376 -0.0250000004 -0.000394890646 -0.000918728131 asynchronous_release_0
0.461468 -0.0250000004 -0.0280472289 -0.0209368802 asynchronous_release_0
0.322937 -0.0250000004 0.00310737572 -0.0348617873 asynchronous_release_0
0.218159 -0.0250000004 0.0152899672 -0.0314835973 asynchronous_release_0
0.39864 -0.0250000004 -0.0152899672 0.0314835973 asynchronous_release_0
0.475768 -0.0250000004 -0.0349105787 0.00250029862 asynchronous_release_0
0.539011 -0.0250000004 -0.0196206115 -0.0289832987 asynchronous_release_0
0.537838 -0.0250000004 0.00765136021 0.0341534286 asynchronous_release_0
0.562703 -0.0250000004 0.0152261499 0.0315145103 asynchronous_release_0
0.1544 -0.0250000004 -0.00488024593 0.03465809 asynchronous_release_0
0.584718 -0.0250000004 0.000374360801 0.000927283123 asynchronous_release_0
0.28104 -0.0250000004 0.00557472196 -0.0345531833 asynchronous_release_0
0.316576 -0.0250000004 -0.0214281313 0.0276737274 asynchronous_release_0
0.314118 -0.0250000004 0.0344428384 0.00622019956 asynchronous_release_0
0.514313 -0.0250000004 0.0287945761 0.0198965421 asynchronous_release_0
0.238164 -0.0250000004 0.0166890998 -0.0307648167 asynchronous_release_0
0.274308 -0.0250000004 -0.0166890998 0.0307648167 asynchronous_release_0
0.458585 -0.0250000004 -0.015436007 -0.0314122538 asynchronous_release_0
0.568871 -0.0250000004 -0.000897492966 0.000441028771 asynchronous_release_0
0.2698 -0.0250000004 0.000971255555 -0.000238039172 asynchronous_release_0
0.266924 -0.0250000004 0.00387577043 -0.0347847438 asynchronous_release_0
0.535932 -0.0250000004 -0.000993849824 -0.000110736298 asynchronous_release_0
0.309016 -0.0250000004 0.0336008834 -0.00979697069 asynchronous_release_0
0.325871 -0.0250000004 -0.0166320324 0.0679954079 asynchronous_release_0
0.190821 -0.0250000004 -0.022616707 -0.0267111318 asynchronous_release_0
0.228255 -0.0250000004 -0.0344408722 0.0062310769 asynchronous_release_0
0.458226 -0.0250000004 -0.000941205964 -0.000337833292 asynchronous_release_0
0.379799 -0.0250000004 0.0299908743 0.0180429338 asynchronous_release_0
0.422886 -0.0250000004 -0.0299908743 -0.0180429338 asynchronous_release_0
0.232238 -0.0250000004 0.0294126023 0.0189709997 asynchronous_release_0
0.536112 -0.0250000004 0.0309786164 -0.0162888098 asynchronous_release_0
0.486682 -0.0250000004 -0.0274713355 0.0216869944 asynchronous_release_0
0.30724 -0.0250000004 0.00258600561 -0.0349043346 asynchronous_release_0
0.246153 -0.0250000004 -0.059927099 -0.00915110958 asynchronous_release_0
0.494947 -0.0250000004 -0.0651505639 0.0256008598 asynchronous_release_0
0.535544 -0.0250000004 -0.0273731385 -0.0218108067 asynchronous_release_0
0.588963 -0.0250000004 -0.0156169712 -0.0313226788 asynchronous_release_0
0.358133 -0.0250000004 -0.0221772615 0.027077095 asynchronous_release_0
0.363196 -0.0250000004 -0.0338379776 0.00894378403 asynchronous_release_0
0.325384 -0.0250000004 0.000255536687 0.00096679936 asynchronous_release_1
0.230005 -0.0250000004 -0.00547305086 0.0345694332 asynchronous_release_0
0.149724 -0.0250000004 -0.000192499833 -0.000981297006 asynchronous_release_0
0.410068 -0.0250000004 -0.000737315491 -0.000675548567 asynchronous_release_0
0.4796 -0.0250000004 0.0105265882 0.0333794988 asynchronous_release_0
0.538913 -0.0250000004 0.034170788 0.00757345661 asynchronous_release_0
0.560895 -0.0250000004 0.0236441998 -0.0258060422 asynchronous_release_0
0.307169 -0.0250000004 0.000993699563 0.000112076665 asynchronous_release_0
0.529498 -0.0250000004 0.0281585756 0.0207868857 asynchronous_release_0
0.440226 -0.0250000004 -0.0116243167 -0.0330132589 asynchronous_release_1
0.389358 -0.0250000004 -0.0338650791 -0.0088406118 asynchronous_release_0
0.240075 -0.0250000004 0.0260160189 -0.0234129614 asynchronous_release_0
0.154362 -0.0250000004 0.0141513521 0.0320115484 asynchronous_release_0
0.242585 -0.0250000004 0.0347984902 0.00375034375 asynchronous_release_0
0.54626 -0.0250000004 0.000107152679 -0.000994242578 asynchronous_release_0
0.303417 -0.0250000004 -0.000999918798 1.2743528e-05 asynchronous_release_0
0.418533 -0.0250000004 0.0186311366 0.0296290524 asynchronous_release_0
0.333948 -0.0250000004 0.0349954463 -0.000564569198 asynchronous_release_0
0.555389 -0.0250000004 1.61305485e-05 0.000999869894 asynchronous_release_0
0.2593 -0.0250000004 0.0292193953 0.0192672504 asynchronous_release_0
0.379059 -0.0250000004 -0.00207623068 0.0349383638 asynchronous_release_0
0.309171 -0.0250000004 -0.00965269507 -0.033642614 asynchronous_release_0
0.422926 -0.0250000004 -0.0338168394 0.0090233791 asynchronous_release_0
0.557594 -0.0250000004 0.0338168394 -0.0090233791 asynchronous_release_0
0.497421 -0.0250000004 0.000336819195 0.000941569344 asynchronous_release_0
0.522438 -0.0250000004 0.029246016 -0.0192268185 asynchronous_release_0
0.580119 -0.0250000004 0.000716274677 0.03499267 asynchronous_release_0
0.543231 -0.0250000004 -0.000119626982 -0.0349997956 asynchronous_release_0
0.21209 -0.0250000004 0.0333268899 0.0106919787 asynchronous_release_0
0.525366 -0.0250000004 -0.000671884112 -0.00074065629 asynchronous_release_0
0.541443 -0.0250000004 -0.0301362224 0.0177991039 asynchronous_release_1
0.408118 -0.0250000004 -0.0177669939 -0.0301551642 asynchronous_release_0
0.509661 -0.0250000004 0.0177669939 0.0301551642 asynchronous_release_0
0.51874 -0.0250000004 0.0189733834 0.0294110646 asynchronous_release_0
0.314358 -0.0250000004 0.0029022766 0.0348794609 asynchronous_release_0
0.212471 -0.0250000004 0.0346010191 0.00526967522 asynchronous_release_0
0.211383 -0.0250000004 -0.0222686658 0.0270019726 asynchronous_release_0
0.327564 -0.0250000004 0.000771484931 0.000636247594 asynchronous_release_0
0.562485 -0.0250000004 -0.0235799892 0.0258647271 asynchronous_release_0
0.441678 -0.0250000004 -0.00049946273 0.000866335375 asynchronous_release_0
0.54153 -0.0250000004 2.17096203e-05 0.0349999933 asynchronous_release_1
0.587594 -0.0250000004 0.0313894781 0.0154822695 asynchronous_release_0
0.547911 -0.0250000004 0.000873625473 -0.000486598944 asynchronous_release_0
0.570031 -0.0250000004 -0.0349958464 -0.000539199147 asynchronous_release_0
0.517477 -0.0250000004 0.017030963 0.0305768916 asynchronous_release_1
0.406829 -0.0250000004 -0.0179648834 0.0300376924 asynchronous_release_4
0.286015 -0.0250000004 -0.0186560436 0.029613376 asynchronous_release_0
0.20829 -0.0250000004 0.0117082642 -0.03298358 asynchronous_release_0
0.470132 -0.0250000004 0.000942388 0.000334521835 asynchronous_release_0
0.564315 -0.0250000004 0.0227104861 0.0266314442 asynchronous_release_0
0.419103 -0.0250000004 -0.00234746572 0.0349211885 asynchronous_release_0
0.51586 -0.0250000004 0.00234746572 -0.0349211885 asynchronous_release_0
0.289447 -0.0250000004 0.0303243462 0.0174766709 asynchronous_release_0
0.315204 -0.0250000004 0.0337857443 0.00913911812 asynchronous_release_0
0.306601 -0.0250000004 0.0316150462 0.0150162864 asynchronous_release_0
0.419381 -0.0250000004 0.00887476705 -0.0338561443 asynchronous_release_0
0.327465 -0.0250000004 0.0347867202 -0.00385799169 asynchronous_release_0
0.374561 -0.0250000004 0.0140522413 -0.0320551792 asynchronous_release_0
0.382199 -0.0250000004 0.000218486005 -0.000975840082 asynchronous_release_0
0.401687 -0.0250000004 0.0446090992 0.0410490958 asynchronous_release_0
0.529736 -0.0250000004 0.0341544029 0.00764701017 asynchronous_release_0
0.534957 -0.0250000004 -0.0341544029 -0.00764701017 asynchronous_release_0
0.20839 -0.0250000004 0.0243428475 0.0251480769 asynchronous_release_0
0.520101 -0.0250000004 0.0192148994 -0.0673111257 asynchronous_release_0
0.570429 -0.0250000004 -0.00096158751 -0.000274498563 asynchronous_release_0
0.333465 -0.0250000004 0.0216295258 -0.0275166062 asynchronous_release_0
0.461642 -0.0250000004 -0.00097266413 -0.000232216475 asynchronous_release_0
0.477584 -0.0250000004 0.0335461029 -0.00998293445 asynchronous_release_0
0.331022 -0.0250000004 -0.0130177984 0.0324890278 asynchronous_release_0
0.350306 -0.0250000004 -0.0346452226 0.00497076974 asynchronous_release_0
0.437792 -0.0250000004 0.0271509106 -0.0220868299 asynchronous_release_0
0.174915 -0.0250000004 -0.000962262634 0.000272122443 asynchronous_release_0
0.339358 -0.0250000004 0.0339291788 0.00859132289 asynchronous_release_0
0.208646 -0.0250000004 0.0349792031 -0.00120638026 asynchronous_release_0
0.426625 -0.0250000004 0.0327195988 0.0124269004 asynchronous_release_0
0.354069 -0.0250000004 -0.0179904144 -0.0300224081 asynchronous_release_0
0.177743 -0.0250000004 0.0333304212 0.0106809654 asynchronous_release_0
0.492011 -0.0250000004 0.00721332237 -0.0601910955 asynchronous_release_0
0.338788 -0.0250000004 0.0347499172 0.00417651217 asynchronous_release_0
0.403317 -0.0250000004 0.013757993 0.0321825672 asynchronous_release_0
0.429143 -0.0250000004 -0.000119328919 0.000992854777 asynchronous_release_0
0.5242 -0.0250000004 0.00783382388 0.034112039 asynchronous_release_0
0.290069 -0.0250000004 -0.0314835563 0.0152900517 asynchronous_release_0
0.410735 -0.0250000004 0.0348737878 0.00296966755 asynchronous_release_3
0.482017 -0.0250000004 0.0248018256 -0.0553160867 asynchronous_release_0
0.480368 -0.0250000004 -0.0179577473 -0.0300419592 asynchronous_release_0
0.20818 -0.0250000004 0.0332529417 -0.0109197924 asynchronous_release_0
0.447589 -0.0250000004 -9.52000395e-05 0.0349998705 asynchronous_release_0
0.328602 -0.0250000004 0.0223298143 -0.0269514266 asynchronous_release_0
0.386743 -0.0250000004 -0.0466812402 -0.0386763728 asynchronous_release_0
0.287452 -0.0250000004 0.0118050866 -0.0329490505 asynchronous_release_0
0.580788 -0.0250000004 -0.0226321715 -0.0266980301 asynchronous_release_0
0.147789 -0.0250000004 -0.00702865426 0.0342869949 asynchronous_release_0
0.299915 -0.0250000004 -0.0311436721 -0.0159709639 asynchronous_release_0
0.435873 -0.0250000004 0.0119981881 0.0328792257 asynchronous_release_0
0.551037 -0.0250000004 -0.000172825062 0.000984952536 asynchronous_release_0
0.405411 -0.0250000004 0.0337706614 0.00919469583 asynchronous_release_0
0.471383 -0.0250000004 0.00261294881 -0.034902328 asynchronous_release_0
0.558173 -0.0250000004 -0.00043395097 -0.000900936488 asynchronous_release_0
0.586337 -0.0250000004 -0.0341345473 -0.00773515882 asynchronous_release_0
0.409964 -0.0250000004 0.0107699726 0.0333017671 asynchronous_release_0
0.553722 -0.0250000004 -0.0147330598 0.0317480227 asynchronous_release_0
0.105902 -0.0250000004 0.0348611241 -0.00311480727 asynchronous_release_4
0.547759 -0.0250000004 0.0305507797 0.0170777591 asynchronous_release_0
0.134215 -0.0250000004 0.0157101055 0.0312760705 asynchronous_release_0
0.305114 -0.0250000004 0.0065186277 -0.0343876067 asynchronous_release_1
0.213717 -0.0250000004 0.00390975316 0.0347809406 asynchronous_release_0
0.304263 -0.0250000004 0.0281663016 -0.0207764159 asynchronous_release_3
0.385772 -0.0250000004 -0.000999788291 -2.0576031e-05 asynchronous_release_0
0.561275 -0.0250000004 0.0299443915 0.0181199729 asynchronous_release_0
0.413658 -0.0250000004 -0.017435199 0.0303482097 asynchronous_release_0
0.435195 -0.0250000004 0.035808139 0.0489160217 asynchronous_release_0
0.376548 -0.0250000004 0.0101797304 0.0334869092 asynchronous_release_0
0.311639 -0.0250000004 -0.0273433656 0.0218481203 asynchronous_release_1
0.52631 -0.0250000004 -0.0230106104 0.0263725579 asynchronous_release_0
0.165445 -0.0250000004 -0.00062843744 -0.000777860131 asynchronous_release_0
0.285497 -0.0250000004 0.0586043635 -0.0155089839 asynchronous_release_0
0.504302 -0.0250000004 -0.000966721287 0.000255831886 asynchronous_release_0
0.598183 -0.0250000004 0.0138517292 0.0321423334 asynchronous_release_0
0.263137 -0.0250000004 0.0248451024 -0.0246519956 asynchronous_release_0
0.523912 -0.0250000004 0.0234792214 0.0259562355 asynchronous_release_0
0.39904 -0.0250000004 0.00905751115 0.0338077135 asynchronous_release_0
0.537543 -0.0250000004 0.0266809858 -0.0226522625 asynchronous_release_0
0.246321 -0.0250000004 -0.0136750512 0.0322178984 asynchronous_release_0
0.340028 -0.0250000004 0.000839894906 -0.000542749065 asynchronous_release_0
0.513395 -0.0250000004 0.0159598527 -0.0311493676 asynchronous_release_0
0.523874 -0.0250000004 0.0606129769 0.00103296938 asynchronous_release_0
0.587542 -0.0250000004 -0.0312010662 0.0519758931 asynchronous_release_0
0.090132 -0.0250000004 -0.0349569331 0.00173575075 asynchronous_release_0
0.221157 -0.0250000004 0.0336031147 -0.00978931469 asynchronous_release_0
0.597936 -0.0250000004 -0.000971308809 -0.000237821776 asynchronous_release_0
0.124692 -0.0250000004 -0.0192828758 0.0292090859 asynchronous_release_0
0.182944 -0.0250000004 -0.0349372483 -0.00209491738 asynchronous_release_0
0.342788 -0.0250000004 0.000894400094 -0.000447267786 asynchronous_release_0
0.210691 -0.0250000004 0.000211456903 0.0349993612 asynchronous_release_0
0.506845 -0.0250000004 0.0299931506 -0.0526821689 asynchronous_release_0
0.519714 -0.0250000004 0.0076142516 0.0341617209 asynchronous_release_0
0.347288 -0.0250000004 0.0232186984 0.0261895407 asynchronous_release_0
0.397526 -0.0250000004 -0.0110714584 0.033202753 asynchronous_release_0
0.425531 -0.0250000004 0.0342901568 -0.00701321229 asynchronous_release_0
0.429355 -0.0250000004 -0.00859511353 0.0339282187 asynchronous_release_0
0.273999 -0.0250000004 0.0132983403 -0.0323752088 asynchronous_release_0
0.423994 -0.0250000004 -0.0346869234 0.00467090385 asynchronous_release_0
0.527837 -0.0250000004 -0.0132983403 0.0323752088 asynchronous_release_0
0.159095 -0.0250000004 0.0346137082 -0.00518567295 asynchronous_release_0
0.257625 -0.0250000004 -0.0346137082 0.00518567295 asynchronous_release_0
0.424729 -0.0250000004 0.0128159296 -0.0325691871 asynchronous_release_0
0.399778 -0.0250000004 -0.0301678583 -0.0177454311 asynchronous_release_0
0.519534 -0.0250000004 0.000284065014 -0.0349988472 asynchronous_release_1
0.298008 -0.0250000004 -0.00948834617 -0.0336893349 asynchronous_release_0
0.351636 -0.0250000004 -0.0282228485 0.0206995367 asynchronous_release_0
0.52911 -0.0250000004 0.0282228485 -0.0206995367 asynchronous_release_1
0.353056 -0.0250000004 0.0380042752 0.0587849901 asynchronous_release_0
0.473141 -0.0250000004 -0.0283130544 0.02057598 asynchronous_release_0
0.462459 -0.0250000004 -0.0298769739 0.0182309197 asynchronous_release_0
0.186411 -0.0250000004 -0.0339915316 0.00834120966 asynchronous_release_0
0.259905 -0.0250000004 0.0349999999 -3.21776664e-06 asynchronous_release_0
0.307223 -0.0250000004 -0.0175027866 -0.0303092801 asynchronous_release_0
0.209844 -0.0250000004 -0.0258634652 0.0235813734 asynchronous_release_0
0.571591 -0.0250000004 0.0154037106 0.0314281037 asynchronous_release_0
0.308609 -0.0250000004 0.00018737244 0.000982288944 asynchronous_release_0
0.412317 -0.0250000004 -0.0348494777 0.00324251496 asynchronous_release_0
0.385322 -0.0250000004 0.0316814513 -0.0148756728 asynchronous_release_0
0.489189 -0.0250000004 0.0257654211 0.0548738834 asynchronous_release_0
0.339447 -0.0250000004 0.0139716405 -0.0320903921 asynchronous_release_0
0.253144 -0.0250000004 -0.0237190281 -0.0257372824 asynchronous_release_0
0.320199 -0.0250000004 0.0113608184 0.0331048608 asynchronous_release_0
0.371995 -0.0250000004 -0.0229892412 0.0263911877 asynchronous_release_0
0.454293 -0.0250000004 -0.0123874232 -0.032734565 asynchronous_release_0
0.468622 -0.0250000004 -0.0221552533 0.0270951057 asynchronous_release_0
0.332127 -0.0250000004 0.0339054205 0.00868461045 asynchronous_release_0
0.378247 -0.0250000004 0.0311833422 -0.0158933686 asynchronous_release_1
0.135314 -0.0250000004 -0.00741061222 0.0342064735 asynchronous_release_0
0.479477 -0.0250000004 0.0333289811 -0.0106854583 asynchronous_release_0
0.540563 -0.0250000004 0.0259183689 0.0235210152 asynchronous_release_0
0.516227 -0.0250000004 -0.000999149981 -4.12227496e-05 asynchronous_release_0
0.218552 -0.0250000004 -0.0204318721 -0.0284172237 asynchronous_release_0
0.328425 -0.0250000004 -0.023513533 0.025925157 asynchronous_release_0
0.488236 -0.0250000004 0.0360967443 -0.0487034398 asynchronous_release_0
0.351616 -0.0250000004 0.00509220094 -0.0346275828 asynchronous_release_0
0.39363 -0.0250000004 0.022350065 0.0563513496 asynchronous_release_0
0.308031 -0.0250000004 0.0312354861 0.015790643 asynchronous_release_0
0.496421 -0.0250000004 0.000993392762 0.000114764199 asynchronous_release_0
0.328305 -0.0250000004 0.0348342171 0.00340254617 asynchronous_release_0
0.505413 -0.0250000004 0.0283322529 -0.0205495364 asynchronous_release_0
0.58575 -0.0250000004 -0.0602947999 0.00628785387 asynchronous_release_0
0.412719 -0.0250000004 -0.0342830417 -0.00704791114 asynchronous_release_1
0.556469 -0.0250000004 0.0342830417 0.00704791114 asynchronous_release_1
0.118468 -0.0250000004 0.0120020848 -0.0328778035 asynchronous_release_0
0.391808 -0.0250000004 -0.000390032661 0.000920801023 asynchronous_release_0
0.210843 -0.0250000004 0.0336453961 -0.00964299326 asynchronous_release_0
0.318354 -0.0250000004 0.0343084112 -0.00692336066 asynchronous_release_0
0.229898 -0.0250000004 -0.0111583994 0.033173636 asynchronous_release_1
0.161457 -0.0250000004 0.0342409304 0.00724973712 asynchronous_release_0
0.569924 -0.0250000004 0.0128141074 -0.0325699041 asynchronous_release_0
0.211674 -0.0250000004 -0.017006428 -0.0305905444 asynchronous_release_0
0.308752 -0.0250000004 0.000874015555 -0.000485897942 asynchronous_release_0
0.310422 -0.0250000004 -0.0163842685 0.0309282354 asynchronous_release_0
0.575862 -0.0250000004 -0.000883663869 -0.000468121956 asynchronous_release_0
0.332952 -0.0250000004 -0.00765191012 0.0341533054 asynchronous_release_0
0.431168 -0.0250000004 0.0334035852 -0.0104499042 asynchronous_release_0
0.529351 -0.0250000004 -0.0334035852 0.0104499042 asynchronous_release_0
0.257378 -0.0250000004 -0.0334340552 -0.0103520025 asynchronous_release_0
0.387912 -0.0250000004 0.00775193041 0.0341307424 asynchronous_release_0
0.414249 -0.0250000004 -0.0179301943 0.0579094822 asynchronous_release_0
0.265305 -0.0250000004 0.0455943987 -0.0399518561 asynchronous_release_0
0.378011 -0.0250000004 -0.000967551188 -0.000252675085 asynchronous_release_0
0.48793 -0.0250000004 0.0337491508 -0.00927333929 asynchronous_release_0
0.343638 -0.0250000004 -0.00784498952 0.0341094729 asynchronous_release_1
0.418463 -0.0250000004 -0.0271773086 0.0220543397 asynchronous_release_0
0.43013 -0.0250000004 -0.0332829994 0.0108278323 asynchronous_release_0
0.455754 -0.0250000004 0.0332829994 -0.0108278323 asynchronous_release_0
0.32548 -0.0250000004 -0.00027405881 -0.000961712935 asynchronous_release_0
0.477327 -0.0250000004 0.0673199054 -0.0191841167 asynchronous_release_0
0.552242 -0.0250000004 -0.000824037942 -0.000566534616 asynchronous_release_1
0.467027 -0.0250000004 0.0330128799 -0.011625393 asynchronous_release_0
0.48628 -0.0250000004 0.0345921724 0.00532743932 asynchronous_release_0
0.171902 -0.0250000004 -0.0337938354 -0.00910915419 asynchronous_release_0
0.228616 -0.0250000004 0.0247856766 -0.0247117428 asynchronous_release_0
0.285852 -0.0250000004 -0.00900815876 -0.033820897 asynchronous_release_0
0.320192 -0.0250000004 0.0349612308 0.00164691938 asynchronous_release_0
0.399256 -0.0250000004 0.0189068894 -0.0294538543 asynchronous_release_0
0.213544 -0.0250000004 0.0349999974 1.34154677e-05 asynchronous_release_0
0.22315 -0.0250000004 -0.0349999974 -1.34154677e-05 asynchronous_release_0
0.560683 -0.0250000004 -0.052488378 -0.0303310101 asynchronous_release_0
0.531126 -0.0250000004 0.00321965584 0.034851597 asynchronous_release_0
0.543321 -0.0250000004 0.0285725405 -0.0202141023 asynchronous_release_0
0.21221 -0.0250000004 0.0337284393 -0.00934838937 asynchronous_release_0
0.280977 -0.0250000004 0.00876827696 -0.0338838799 asynchronous_release_0
0.230207 -0.0250000004 0.00418849617 0.0347484748 asynchronous_release_0
0.510236 -0.0250000004 0.0279988138 -0.0210015815 asynchronous_release_0
0.417455 -0.0250000004 -0.0032267036 -0.0348509452 asynchronous_release_0
0.329219 -0.0250000004 0.00614368406 -0.034456569 asynchronous_release_0
0.410083 -0.0250000004 -0.026768422 -0.022548871 asynchronous_release_0
0.500289 -0.0250000004 0.029656984 -0.018586643 asynchronous_release_0
0.397134 -0.0250000004 -0.0100344196 0.0335307385 asynchronous_release_0
0.270664 -0.0250000004 0.0329296701 0.0118590399 asynchronous_release_0
0.541658 -0.0250000004 -0.00619460526 -0.0344474508 asynchronous_release_1
0.424521 -0.0250000004 0.0274335848 -0.0540592122 asynchronous_release_0
0.211824 -0.0250000004 0.0327562647 0.0123299281 asynchronous_release_0
0.506976 -0.0250000004 0.0270561633 -0.0222027933 asynchronous_release_2
0.504578 -0.0250000004 0.0239969122 0.0254783871 asynchronous_release_0
0.314402 -0.0250000004 -0.0206621226 0.0282502512 asynchronous_release_0
0.425504 -0.0250000004 0.0141343739 0.0320190486 asynchronous_release_0
0.533294 -0.0250000004 0.0347964965 0.00376879746 asynchronous_release_0
0.473242 -0.0250000004 0.0288581531 -0.0198042167 asynchronous_release_0
0.577194 -0.0250000004 0.0604381844 -0.00471443137 asynchronous_release_0
0.29631 -0.0250000004 0.0208976503 0.0280764708 asynchronous_release_0
0.522023 -0.0250000004 -0.0138661118 0.0321361314 asynchronous_release_3
0.2958 -0.0250000004 0.0215453168 0.027582591 asynchronous_release_0
0.588575 -0.0250000004 0.0205082135 0.0283621786 asynchronous_release_0
0.238555 -0.0250000004 0.0204775497 -0.0283843259 asynchronous_release_0
0.308904 -0.0250000004 0.0348203222 0.0035419153 asynchronous_release_0
0.490915 -0.0250000004 0.00010119758 -0.000994866348 asynchronous_release_0
0.445883 -0.0250000004 0.0377966828 0.047396316 asynchronous_release_0
0.506281 -0.0250000004 0.0599447551 -0.00903472945 asynchronous_release_3
0.526511 -0.0250000004 -0.0459303255 -0.0528242861 asynchronous_release_0
0.186007 -0.0250000004 0.0181496664 0.0299264032 asynchronous_release_0
0.439366 -0.0250000004 0.0168421922 -0.0306812738 asynchronous_release_0
0.311381 -0.0250000004 0.0347679928 0.00402326679 asynchronous_release_0
0.247669 -0.0250000004 0.00019691809 0.000980419944 asynchronous_release_0
0.549316 -0.0250000004 0.0211679024 0.0278732831 asynchronous_release_0
0.246712 -0.0250000004 -0.0113616284 -0.0331045828 asynchronous_release_0
0.477903 -0.0250000004 0.0343502239 0.00671283258 asynchronous_release_0
0.335494 -0.0250000004 -0.0349890315 -0.000876168908 asynchronous_release_0
0.52955 -0.0250000004 2.50333974e-05 -0.000999686615 asynchronous_release_0
0.558398 -0.0250000004 0.0182533003 -0.0298633057 asynchronous_release_0
0.503969 -0.0250000004 -0.0182533003 0.0298633057 asynchronous_release_1
0.143282 -0.0250000004 0.0276085958 -0.0215119836 asynchronous_release_0
0.32671 -0.0250000004 -0.00482562643 -0.0346657371 asynchronous_release_0
0.52863 -0.0250000004 -0.0198234954 -0.0288449134 asynchronous_release_0
0.53538 -0.0250000004 -0.0150686801 0.0315901073 asynchronous_release_0
0.215672 -0.0250000004 -0.026682604 0.0226503563 asynchronous_release_0
0.505489 -0.0250000004 0.032957086 0.0117826348 asynchronous_release_3
0.205776 -0.0250000004 -0.0211318474 0.0279006277 asynchronous_release_0
0.463725 -0.0250000004 0.0211318474 -0.0279006277 asynchronous_release_0
0.214589 -0.0250000004 0.0135967287 0.0322510305 asynchronous_release_1
0.195366 -0.0250000004 0.0103019601 0.0334495085 asynchronous_release_0
0.353034 -0.0250000004 -0.0238500889 0.025615879 asynchronous_release_0
0.455375 -0.0250000004 -0.0322963022 0.0134888422 asynchronous_release_0
0.429206 -0.0250000004 0.0136097022 -0.0322455579 asynchronous_release_0
0.367898 -0.0250000004 0.00505082712 0.0604110019 asynchronous_release_1
0.551686 -0.0250000004 0.0346708884 -0.00478847557 asynchronous_release_0
0.531404 -0.0250000004 -0.00130574585 -0.0349756348 asynchronous_release_0
0.38619 -0.0250000004 0.000981125943 0.000193369814 asynchronous_release_0
0.422856 -0.0250000004 0.000308692787 0.000951161796 asynchronous_release_0
0.265464 -0.0250000004 0.0218241502 0.0273625012 asynchronous_release_0
0.297709 -0.0250000004 -0.0473932422 0.0378005369 asynchronous_release_0
0.584777 -0.0250000004 -0.0218241502 -0.0273625012 asynchronous_release_0
0.300844 -0.0250000004 -0.000787090816 0.000616837132 asynchronous_release_0
0.364845 -0.0250000004 -0.0130627726 0.0324709712 asynchronous_release_0
0.377395 -0.0250000004 0.0215892996 0.0275481786 asynchronous_release_0
0.408213 -0.0250000004 0.0346520723 -0.00492279265 asynchronous_release_0
0.159012 -0.0250000004 -0.000284401008 0.000958705412 asynchronous_release_0
0.175503 -0.0250000004 0.00815689727 0.0340362311 asynchronous_release_0
0.317393 -0.0250000004 0.000975524399 0.000219891214 asynchronous_release_0
0.318852 -0.0250000004 -0.000952884562 -0.000303333169 asynchronous_release_0
0.471134 -0.0250000004 -0.000707117245 -0.000707096318 asynchronous_release_0
0.593942 -0.0250000004 -0.01098692 0.0332308229 asynchronous_release_0
0.454706 -0.0250000004 0.0131203368 -0.0324477543 asynchronous_release_0
0.557327 -0.0250000004 0.0215404111 0.0275864222 asynchronous_release_0
0.282771 -0.0250000004 0.0119092611 -0.0329115405 asynchronous_release_0
0.103489 -0.0250000004 -0.00403696704 -0.0347664047 asynchronous_release_0
0.446426 -0.0250000004 0.0603328856 0.00591125364 asynchronous_release_0
0.302142 -0.0250000004 0.00688966453 0.0343151938 asynchronous_release_0
0.433675 -0.0250000004 -0.000980434107 0.000196847558 asynchronous_release_1
0.260878 -0.0250000004 0.0338422254 0.00892769728 asynchronous_release_0
0.151433 -0.0250000004 0.0308889928 -0.0164581325 asynchronous_release_0
0.455841 -0.0250000004 -0.00119133557 0.0349797187 asynchronous_release_0
0.115528 -0.0250000004 0.0224524024 -0.0268493878 asynchronous_release_0
0.415588 -0.0250000004 -0.000907380379 0.000420310418 asynchronous_release_0
0.579248 -0.0250000004 -0.000631136485 0.000775671797 asynchronous_release_0
0.22323 -0.0250000004 -0.0348263286 -0.00348236074 asynchronous_release_0
0.577504 -0.0250000004 0.0204289772 -0.0284193049 asynchronous_release_1
0.37344 -0.0250000004 0.0133091533 -0.0323707652 asynchronous_release_0
0.442505 -0.0250000004 -0.0248781977 -0.0246185962 asynchronous_release_0
0.533694 -0.0250000004 -0.0298691711 0.0182437008 asynchronous_release_0
0.226831 -0.0250000004 -0.0125429387 -0.0326752917 asynchronous_release_0
0.532963 -0.0250000004 0.03182551 -0.0145649206 asynchronous_release_0
0.575737 -0.0250000004 0.00329916381 -0.0348441605 asynchronous_release_0
0.555029 -0.0250000004 0.010846482 -0.0332769264 asynchronous_release_0
0.130412 -0.0250000004 0.00389666774 0.0347824091 asynchronous_release_0
0.513483 -0.0250000004 0.0270650927 -0.0221919075 asynchronous_release_0
0.114076 -0.0250000004 0.0221975132 0.0270604953 asynchronous_release_0
0.134325 -0.0250000004 0.032860727 -0.0120487603 asynchronous_release_0
0.331272 -0.0250000004 -0.00098521727 -0.000171309457 asynchronous_release_0
0.130077 -0.0250000004 0.0326297036 0.01266106 asynchronous_release_0
0.455892 -0.0250000004 -0.0239636595 -0.0255096653 asynchronous_release_0
0.226062 -0.0250000004 0.000186610765 -0.0349995025 asynchronous_release_0
0.34572 -0.0250000004 -0.000186610765 0.0349995025 asynchronous_release_0
0.344095 -0.0250000004 -0.000133532798 -0.000991044395 asynchronous_release_0
0.162877 -0.0250000004 0.0348761493 0.00294180396 asynchronous_release_0
0.312471 -0.0250000004 -8.40515417e-05 0.000996461408 asynchronous_release_0
0.205766 -0.0250000004 0.034992223 -0.000737787645 asynchronous_release_0
0.458062 -0.0250000004 -0.069984446 0.00147557529 asynchronous_release_0
0.551378 -0.0250000004 2.1079647e-05 0.0009997778 asynchronous_release_0
0.436304 -0.0250000004 -0.0168571686 0.0306730479 asynchronous_release_2
0.121609 -0.0250000004 0.0250588104 -0.0244347298 asynchronous_release_2
0.422259 -0.0250000004 -0.00205191106 -0.0349398005 asynchronous_release_0
0.404023 -0.0250000004 -0.0344689292 0.00607395428 asynchronous_release_0
0.351613 -0.0250000004 -0.0332555429 0.0109118681 asynchronous_release_0
0.462445 -0.0250000004 -0.0219977828 0.027223107 asynchronous_release_0
0.135627 -0.0250000004 -0.0145928323 0.0318127214 asynchronous_release_0
0.245538 -0.0250000004 0.0348098772 -0.00364313763 asynchronous_release_0
0.264066 -0.0250000004 0.0142498888 -0.0319678067 asynchronous_release_0
0.331991 -0.0250000004 -0.0142498888 0.0319678067 asynchronous_release_0
0.305628 -0.0250000004 0.0100124094 0.0335373174 asynchronous_release_0
0.517623 -0.0250000004 0.000749584533 0.000661908625 asynchronous_release_4
0.262199 -0.0250000004 0.015199238 0.0315274985 asynchronous_release_0
0.529739 -0.0250000004 -0.0321707421 -0.0137856212 asynchronous_release_0
0.118653 -0.0250000004 -0.0154128628 -0.0314236163 asynchronous_release_0
0.308453 -0.0250000004 -0.0195072186 0.0290597389 asynchronous_release_0
0.530091 -0.0250000004 -0.0331052869 0.0113595767 asynchronous_release_0
0.469657 -0.0250000004 0.0261150001 0.0233025057 asynchronous_release_0
0.562538 -0.0250000004 -0.0332380619 0.0109650007 asynchronous_release_0
0.49478 -0.0250000004 -0.00026244959 0.000964945704 asynchronous_release_0
0.322049 -0.0250000004 -0.064098569 0.0281313607 asynchronous_release_0
0.529473 -0.0250000004 0.00384340571 -0.0347883347 asynchronous_release_0
0.499201 -0.0250000004 -0.0323549753 -0.0133474931 asynchronous_release_0
0.453212 -0.0250000004 -0.0319652564 0.0142556088 asynchronous_release_0
0.440183 -0.0250000004 -0.0349773845 0.00125800408 asynchronous_release_0
0.304576 -0.0250000004 -0.0575719447 -0.0189860788 asynchronous_release_0
0.256418 -0.0250000004 0.0281348552 -0.0208189798 asynchronous_release_0
0.369571 -0.0250000004 0.020389342 -0.0284477544 asynchronous_release_0
0.349997 -0.0250000004 -0.0167278343 -0.0582681693 asynchronous_release_0
0.395228 -0.0250000004 -4.32625856e-05 -0.000999063736 asynchronous_release_0
0.42985 -0.0250000004 0.0335319397 -0.0100304048 asynchronous_release_0
0.515517 -0.0250000004 0.0349424045 -0.00200707915 asynchronous_release_0
0.237737 -0.0250000004 -0.0340489994 -0.00810343375 asynchronous_release_0
0.421452 -0.0250000004 0.000940342718 -0.000340228707 asynchronous_release_0
0.587734 -0.0250000004 -0.00272751192 0.0605603887 asynchronous_release_0
0.4614 -0.0250000004 0.0269723044 -0.0223045913 asynchronous_release_0
0.241434 -0.0250000004 0.0312516476 0.0157586333 asynchronous_release_0
0.306184 -0.0250000004 -0.0292732005 0.0191854041 asynchronous_release_0
0.32059 -0.0250000004 -0.0123497279 0.0327488049 asynchronous_release_0
0.462898 -0.0250000004 0.022186433 0.0270695805 asynchronous_release_0
0.148837 -0.0250000004 -0.00527284126 0.0346005368 asynchronous_release_0
0.243396 -0.0250000004 0.0652027289 -0.0254677078 asynchronous_release_0
0.263174 -0.0250000004 -0.000363824397 -0.000931467556 asynchronous_release_0
0.453494 -0.0250000004 -0.0599298877 -0.00913282897 asynchronous_release_0
0.261092 -0.0250000004 0.0332648228 -0.0108835455 asynchronous_release_0
0.418566 -0.0250000004 0.0260578383 0.0233664089 asynchronous_release_0
0.522996 -0.0250000004 0.0312883092 -0.0156857167 asynchronous_release_0
0.42554 -0.0250000004 0.0253640864 -0.0241176931 asynchronous_release_1
0.352548 -0.0250000004 0.019224244 -0.0292477084 asynchronous_release_0
0.389582 -0.0250000004 -0.0169358559 -0.0306296717 asynchronous_release_0
0.517995 -0.0250000004 0.000152257724 -0.000988340825 asynchronous_release_0
0.544269 -0.0250000004 0.0349979132 -0.000382189362 asynchronous_release_0
0.201813 -0.0250000004 0.0299450608 0.0181188667 asynchronous_release_0
0.2207 -0.0250000004 -0.0292182823 -0.0192689382 asynchronous_release_0
0.385264 -0.0250000004 0.0292182823 0.0192689382 asynchronous_release_0
0.569753 -0.0250000004 0.0625930622 -0.0313386113 asynchronous_release_0
0.271591 -0.0250000004 -0.0303099245 0.0175016707 asynchronous_release_0
0.545055 -0.0250000004 -0.0165423059 -0.0308439964 asynchronous_release_0
0.30398 -0.0250000004 -0.0184405315 0.0297480554 asynchronous_release_1
0.306438 -0.0250000004 0.000183984162 0.000982929208 asynchronous_release_0
0.561501 -0.0250000004 -0.0344025223 0.00643944567 asynchronous_release_0
0.219521 -0.0250000004 -0.00779934388 0.034119939 asynchronous_release_0
0.489222 -0.0250000004 0.025649062 0.0238143994 asynchronous_release_0
0.502335 -0.0250000004 -0.00779934388 0.034119939 asynchronous_release_0
0.584394 -0.0250000004 0.000680411412 -0.000732830342 asynchronous_release_0
0.13629 -0.0250000004 0.00481328618 -0.0346674527 asynchronous_release_0
0.26403 -0.0250000004 0.0108016362 0.0332915103 asynchronous_release_0
0.546702 -0.0250000004 0.0450337479 0.040582774 asynchronous_release_0
0.504681 -0.0250000004 -5.08353366e-06 -0.000999987079 asynchronous_release_0
0.531776 -0.0250000004 0.000922967423 0.000384878079 asynchronous_release_0
0.125597 -0.0250000004 0.0106795882 0.0333308625 asynchronous_release_0
0.093684 -0.0250000004 0.0235410837 0.0259001425 asynchronous_release_0
0.308256 -0.0250000004 0.0106596395 -0.0333372477 asynchronous_release_0
0.35399 -0.0250000004 0.000952492792 0.000304561129 asynchronous_release_0
0.564057 -0.0250000004 -0.0235410837 -0.0259001425 asynchronous_release_0
0.37217 -0.0250000004 0.000170990248 0.000985272721 asynchronous_release_0
0.423239 -0.0250000004 -0.0331556056 -0.0112118606 asynchronous_release_0
0.44953 -0.0250000004 0.0317592754 0.0147087874 asynchronous_release_0
0.471401 -0.0250000004 0.000575712731 0.000817652035 asynchronous_release_0
0.210249 -0.0250000004 -0.000291857893 -0.000956461693 asynchronous_release_0
0.489819 -0.0250000004 0.0590607111 0.013668665 asynchronous_release_1
0.50748 -0.0250000004 0.034752005 -0.00415910423 asynchronous_release_0
0.42404 -0.0250000004 -0.0349991302 0.000246745321 asynchronous_release_0
0.551071 -0.0250000004 0.0172858774 -0.0304335085 asynchronous_release_0
0.255215 -0.0250000004 -0.0299406155 -0.0181262115 asynchronous_release_0
0.350316 -0.0250000004 -0.000727451904 0.0349924394 asynchronous_release_0
0.407572 -0.0250000004 -0.0606086829 -0.00125998366 asynchronous_release_0
0.469125 -0.0250000004 0.0306680674 -0.0168662279 asynchronous_release_0
0.414302 -0.0250000004 -0.0284164169 0.0204329942 asynchronous_release_1
0.169275 -0.0250000004 0.0245891468 -0.0249073054 asynchronous_release_0
0.306866 -0.0250000004 -0.00927578581 -0.0337484784 asynchronous_release_3
0.515062 -0.0250000004 0.0325191206 -0.0129424416 asynchronous_release_0
0.550363 -0.0250000004 0.0599871641 0.00874872215 asynchronous_release_0
0.104685 -0.0250000004 -0.000895686963 0.000444685129 asynchronous_release_0
0.555291 -0.0250000004 0.0193670785 -0.0291533235 asynchronous_release_0
0.405598 -0.0250000004 0.0109245711 -0.0332513721 asynchronous_release_0
0.50121 -0.0250000004 0.0233342474 0.0260866421 asynchronous_release_0
0.538403 -0.0250000004 -0.0218491421 0.0665027442 asynchronous_release_0
0.516284 -0.0250000004 -0.0178728782 -0.0300925277 asynchronous_release_0
0.27218 -0.0250000004 -0.000998341372 -5.75717316e-05 asynchronous_release_0
0.326558 -0.0250000004 -0.0605212293 -0.00349010075 asynchronous_release_0
0.408946 -0.0250000004 -0.03126812 0.0157259236 asynchronous_release_0
0.113906 -0.0250000004 0.0303593192 0.0174158472 asynchronous_release_0
0.350009 -0.0250000004 0.0306854851 0.0168345182 asynchronous_release_0
0.487523 -0.0250000004 -0.0197534328 -0.0288929385 asynchronous_release_0
0.231503 -0.0250000004 0.000148798474 -0.000988867541 asynchronous_release_0
0.493138 -0.0250000004 0.0127949679 0.0325774277 asynchronous_release_0
