0.043343 -0.0250000004 0.000856569044 0.000516032435 synchronous_release_0
0.044966 -0.0250000004 0.0530550721 -0.0293284729 synchronous_release_0
0.047458 -0.0250000004 0.0169328017 0.0306313602 synchronous_release_2
0.008552 -0.0250000004 0.0301989368 0.0176924903 synchronous_release_0
0.043818 -0.0250000004 -0.000222677646 0.0349992916 synchronous_release_0
0.002523 -0.0250000004 0.0143782234 -0.0319102913 synchronous_release_0
0.042691 -0.0250000004 0.0152027771 -0.0315257921 synchronous_release_0
0.003313 -0.0250000004 0.0335543392 0.00995521585 synchronous_release_0
0.046264 -0.0250000004 -0.0253986394 0.0240813022 synchronous_release_0
0.048189 -0.0250000004 0.0164419642 -0.030897602 synchronous_release_0
0.043756 -0.0250000004 -0.000958762672 0.000284207915 synchronous_release_0
0.046669 -0.0250000004 0.0340345876 0.00816375214 synchronous_release_0
0.049167 -0.0250000004 0.0347486869 0.00418673605 synchronous_release_0
0.047362 -0.0250000004 0.0348619421 -0.00310563936 synchronous_release_0
0.056946 -0.0250000004 0.0147414084 -0.0317441471 synchronous_release_1
0.043374 -0.0250000004 0.0349999953 1.81768218e-05 synchronous_release_1
0.008312 -0.0250000004 0.0244916069 0.0250032237 synchronous_release_0
0.042647 -0.0250000004 0.0338992303 -0.0087087419 synchronous_release_0
0.044276 -0.0250000004 -0.0304556556 0.0172468271 synchronous_release_1
0.011576 -0.0250000004 0.000815314773 -0.00057901798 synchronous_release_1
0.042903 -0.0250000004 0.0202656293 0.0285360171 synchronous_release_1
0.003909 -0.0250000004 0.030144195 0.0177855983 synchronous_release_0
0.044744 -0.0250000004 0.0199146359 0.0287820652 synchronous_release_0
0.046887 -0.0250000004 0.0697666352 -0.00571109604 synchronous_release_0
0.00341 -0.0250000004 0.00866895033 0.0339094279 synchronous_release_0
0.04242 -0.0250000004 0.034836869 0.00337528682 synchronous_release_0
0.062855 -0.0250000004 -0.0203415186 0.0284819701 synchronous_release_1
0.054662 -0.0250000004 0.0343119868 0.00690561838 synchronous_release_1
0.00561 -0.0250000004 0.0347886126 -0.00384088953 synchronous_release_0
0.042961 -0.0250000004 -0.0290507673 0.0195205768 synchronous_release_0
0.047346 -0.0250000004 0.0314306991 0.0153984141 synchronous_release_1
0.044123 -0.0250000004 -0.0315486841 0.0151552147 synchronous_release_0
0.013985 -0.0250000004 0.0343813023 0.00655179744 synchronous_release_0
0.043902 -0.0250000004 0.0115166281 0.03305098 synchronous_release_0
0.003977 -0.0250000004 0.0327269214 0.012407603 synchronous_release_0
0.046299 -0.0250000004 0.0282687532 -0.0206368019 synchronous_release_0
0.047847 -0.0250000004 -0.0320063713 -0.0141630574 synchronous_release_0
0.044389 -0.0250000004 0.000987957109 0.000154727992 synchronous_release_0
0.002483 -0.0250000004 0.0319816923 0.0142186974 synchronous_release_0
0.051844 -0.0250000004 0.0316564574 -0.0149287878 synchronous_release_0
0.003527 -0.0250000004 0.0258071365 -0.0236430054 synchronous_release_0
0.047481 -0.0250000004 -0.00098663143 -0.000162967544 synchronous_release_0
0.054014 -0.0250000004 -0.0327576079 0.0123263589 synchronous_release_0
0.002798 -0.0250000004 0.0332469093 -0.0109381452 synchronous_release_0
0.043325 -0.0250000004 -0.00715074309 0.0342617407 synchronous_release_1
0.055947 -0.0250000004 0.00142070333 0.0349711539 synchronous_release_0
0.047518 -0.0250000004 0.0309962593 0.0162552118 synchronous_release_1
0.049338 -0.0250000004 0.01651528 -0.0308584757 synchronous_release_0
0.044538 -0.0250000004 -0.00339852945 -0.0348346092 synchronous_release_1
0.044372 -0.0250000004 -0.0344402973 -0.00623425394 synchronous_release_0
0.003707 -0.0250000004 0.0278574301 0.0211887609 synchronous_release_0
0.011993 -0.0250000004 0.0322787203 -0.0135308617 synchronous_release_0
0.004063 -0.0250000004 0.00849211821 -0.0339541445 synchronous_release_0
0.009699 -0.0250000004 0.0336512108 -0.00962268214 synchronous_release_0
0.046126 -0.0250000004 0.000274933776 0.000961463166 synchronous_release_0
0.045007 -0.0250000004 0.000891010999 -0.000453981717 synchronous_release_1
0.042634 -0.0250000004 0.019443821 -0.0291021962 synchronous_release_1
0.013571 -0.0250000004 -0.000599431257 0.000800426242 synchronous_release_0
0.042729 -0.0250000004 0.0280149185 0.020980094 synchronous_release_0
0.065911 -0.0250000004 0.000998305817 5.81850118e-05 synchronous_release_1
0.010169 -0.0250000004 0.0349037836 -0.00259343154 synchronous_release_0
0.04599 -0.0250000004 0.0196978694 0.0289308476 synchronous_release_0
0.042677 -0.0250000004 -0.0152059142 0.0315242791 synchronous_release_1
0.062023 -0.0250000004 0.0152059142 -0.0315242791 synchronous_release_1
0.006811 -0.0250000004 0.0348511633 0.00322434757 synchronous_release_0
0.054995 -0.0250000004 0.0306062114 -0.0169782162 synchronous_release_0
0.003311 -0.0250000004 -0.000599539149 0.0349948647 synchronous_release_1
0.042451 -0.0250000004 0.0334441863 -0.0103192248 synchronous_release_0
0.056665 -0.0250000004 -0.00778538238 0.0341231274 synchronous_release_1
0.042562 -0.0250000004 0.0272835341 0.021922791 synchronous_release_0
0.044379 -0.0250000004 0.032627461 -0.0126668382 synchronous_release_0
0.042949 -0.0250000004 -0.000434990381 -0.0349972968 synchronous_release_0
0.004023 -0.0250000004 0.0333755001 0.0105392596 synchronous_release_0
0.048657 -0.0250000004 0.0197144896 -0.0289195246 synchronous_release_0
0.011089 -0.0250000004 -0.000962319035 0.000271922919 synchronous_release_0
0.050141 -0.0250000004 0.0244100945 -0.0250828086 synchronous_release_1
0.043247 -0.0250000004 0.0339135993 0.00865261715 synchronous_release_0
0.048131 -0.0250000004 0.00946341338 0.0336963471 synchronous_release_0
0.004577 -0.0250000004 0.0244666047 -0.0250276897 synchronous_release_0
0.048147 -0.0250000004 -0.0339079175 -0.00867485638 synchronous_release_0
0.042682 -0.0250000004 0.0349733284 0.00136612686 synchronous_release_1
0.057977 -0.0250000004 -0.0163035636 -0.0309708543 synchronous_release_1
0.042596 -0.0250000004 0.00546559792 0.0345706124 synchronous_release_0
0.054507 -0.0250000004 -0.00546559792 -0.0345706124 synchronous_release_1
0.002496 -0.0250000004 0.0211344745 0.0278986378 synchronous_release_0
0.043934 -0.0250000004 0.0135936918 -0.0322523107 synchronous_release_0
0.064151 -0.0250000004 0.0347281663 -0.00435367292 synchronous_release_2
0.011565 -0.0250000004 0.0325360899 0.012899723 synchronous_release_0
0.003985 -0.0250000004 0.0174768517 -0.030324242 synchronous_release_0
0.045131 -0.0250000004 -0.0322498283 0.0135995799 synchronous_release_0
0.002363 -0.0250000004 0.027861797 0.0211830184 synchronous_release_0
0.044352 -0.0250000004 0.0322759305 -0.0135375148 synchronous_release_0
0.048592 -0.0250000004 -0.000992015234 -0.000126118101 synchronous_release_0
0.042482 -0.0250000004 -1.18948669e-05 0.034999998 synchronous_release_0
0.050818 -0.0250000004 -0.000999999942 -3.3985334e-07 synchronous_release_0
0.010367 -0.0250000004 0.018098505 -0.0299573716 synchronous_release_0
0.042912 -0.0250000004 0.0349930974 0.000695079318 synchronous_release_1
0.048384 -0.0250000004 -0.000967382648 -0.000253319585 synchronous_release_0
0.010341 -0.0250000004 0.0248891355 0.0246075382 synchronous_release_1
0.002811 -0.0250000004 0.0341902601 0.00748505945 synchronous_release_0
0.045104 -0.0250000004 -0.0106128784 -0.0333521635 synchronous_release_0
0.051855 -0.0250000004 0.0252500758 -0.024237031 synchronous_release_0
0.010589 -0.0250000004 -0.0320503649 0.0140632183 synchronous_release_0
0.042664 -0.0250000004 0.0282042867 0.0207248211 synchronous_release_0
0.042909 -0.0250000004 0.00760098429 -0.0341646753 synchronous_release_0
0.046868 -0.0250000004 -0.00760098429 0.0341646753 synchronous_release_0
0.048797 -0.0250000004 0.0257869846 0.0236649831 synchronous_release_0
0.012051 -0.0250000004 0.0325991114 -0.0127396208 synchronous_release_0
0.047609 -0.0250000004 -0.000363989166 -0.000931403182 synchronous_release_0
0.042833 -0.0250000004 -0.00390052362 0.0347819769 synchronous_release_0
0.013665 -0.0250000004 0.00803074977 -0.0340662158 synchronous_release_0
0.007987 -0.0250000004 0.0225879755 -0.0267354327 synchronous_release_0
0.042836 -0.0250000004 0.0117565825 -0.0329663885 synchronous_release_0
0.005072 -0.0250000004 -0.00595943005 -0.0344889141 synchronous_release_0
0.050142 -0.0250000004 0.000640156424 0.000768244592 synchronous_release_0
0.003204 -0.0250000004 0.0270710765 -0.0221846076 synchronous_release_0
0.005603 -0.0250000004 0.0332125516 0.0110420296 synchronous_release_0
0.055719 -0.0250000004 -0.0261689539 0.0232418986 synchronous_release_0
0.054959 -0.0250000004 0.0317811687 -0.0146614228 synchronous_release_0
0.042572 -0.0250000004 0.00133677979 0.0349744624 synchronous_release_0
0.04463 -0.0250000004 -0.00133677979 -0.0349744624 synchronous_release_0
0.055818 -0.0250000004 0.0309571628 0.0163295459 synchronous_release_0
0.051242 -0.0250000004 -0.029620383 0.0186449165 synchronous_release_1
0.048592 -0.0250000004 0.0028923287 0.0348802872 synchronous_release_0
0.042768 -0.0250000004 0.0287792655 -0.0199186817 synchronous_release_1
0.044726 -0.0250000004 0.0349136961 -0.00245638403 synchronous_release_0
0.00329 -0.0250000004 0.0349966199 0.000486411751 synchronous_release_0
0.057103 -0.0250000004 0.0256106433 0.023855711 synchronous_release_0
0.049072 -0.0250000004 0.0349971165 -0.000449262639 synchronous_release_0
0.005636 -0.0250000004 0.00649758245 -0.0343915894 synchronous_release_0
0.043711 -0.0250000004 0.0349895309 -0.000855994899 synchronous_release_0
0.050663 -0.0250000004 -0.0167534521 0.0307298201 synchronous_release_0
0.044919 -0.0250000004 0.000837156109 -0.000546964029 synchronous_release_0
0.002731 -0.0250000004 0.011584813 0.033027142 synchronous_release_0
0.017277 -0.0250000004 0.0343947505 0.00648082867 synchronous_release_0
0.051235 -0.0250000004 0.0228099375 -0.0265463133 synchronous_release_0
0.007088 -0.0250000004 -0.000149507598 0.000988760577 synchronous_release_0
0.04354 -0.0250000004 0.0336140946 0.0097515459 synchronous_release_0
0.068871 -0.0250000004 0.0252521338 -0.0242348869 synchronous_release_0
0.059059 -0.0250000004 -0.0336140946 -0.0097515459 synchronous_release_1
0.042327 -0.0250000004 0.0182779755 -0.0298482095 synchronous_release_0
0.045203 -0.0250000004 0.000878665596 -0.000477437713 synchronous_release_0
0.003741 -0.0250000004 0.0348741062 -0.00296592563 synchronous_release_0
0.042615 -0.0250000004 0.00505433446 -0.0346331301 synchronous_release_0
0.012491 -0.0250000004 -0.0348189731 0.0035551534 synchronous_release_0
0.042514 -0.0250000004 -0.011017845 -0.0332205823 synchronous_release_0
0.003093 -0.0250000004 -0.000999725928 2.34108775e-05 synchronous_release_0
0.051006 -0.0250000004 0.0307122721 0.0167855992 synchronous_release_1
0.015566 -0.0250000004 0.00022869013 -0.000973499268 synchronous_release_1
0.043277 -0.0250000004 0.0335160138 0.0100834923 synchronous_release_0
0.065422 -0.0250000004 0.00802544647 0.0340674655 synchronous_release_0
0.043975 -0.0250000004 0.0337793121 -0.00916286393 synchronous_release_0
0.045858 -0.0250000004 0.0349168297 -0.00241143247 synchronous_release_0
0.042693 -0.0250000004 -0.015370053 0.0314445777 synchronous_release_1
0.051358 -0.0250000004 0.015370053 -0.0314445777 synchronous_release_1
0.045995 -0.0250000004 -0.0257563571 -0.0236983137 synchronous_release_0
0.002604 -0.0250000004 0.034667192 -0.00481516326 synchronous_release_0
0.003189 -0.0250000004 0.0282448672 0.0206694818 synchronous_release_0
0.059724 -0.0250000004 0.0122951927 0.0327693185 synchronous_release_0
0.003889 -0.0250000004 0.00712244981 0.0342676335 synchronous_release_0
0.042725 -0.0250000004 0.00066577255 0.000746154751 synchronous_release_0
0.042224 -0.0250000004 0.0349995942 -0.000168546293 synchronous_release_1
0.043303 -0.0250000004 0.0311366602 0.0159846298 synchronous_release_0
0.046569 -0.0250000004 -0.00504703135 -0.0346341952 synchronous_release_0
0.052725 -0.0250000004 0.000369892578 -0.000929074529 synchronous_release_0
0.044609 -0.0250000004 0.034928203 -0.00224067762 synchronous_release_0
0.055787 -0.0250000004 0.0348185835 -0.00355896677 synchronous_release_0
0.042644 -0.0250000004 0.0143271361 -0.0319332612 synchronous_release_1
0.045075 -0.0250000004 -0.000644244021 0.000764820006 synchronous_release_1
0.047094 -0.0250000004 -0.00935594604 0.0337263439 synchronous_release_1
0.056411 -0.0250000004 0.0245298976 0.0249656589 synchronous_release_1
0.015877 -0.0250000004 0.0308999523 0.0164375469 synchronous_release_0
0.042384 -0.0250000004 -0.001214643 -0.0349789171 synchronous_release_1
0.009361 -0.0250000004 0.0321212054 0.0139006534 synchronous_release_0
0.005569 -0.0250000004 -0.0309111397 0.0164164991 synchronous_release_0
0.046405 -0.0250000004 0.0309111397 -0.0164164991 synchronous_release_1
0.006811 -0.0250000004 0.0312298606 -0.0158017659 synchronous_release_0
0.042708 -0.0250000004 0.029299661 0.0191449697 synchronous_release_0
0.042902 -0.0250000004 0.034993462 0.00067647636 synchronous_release_0
0.048461 -0.0250000004 -0.0180825767 0.0299669888 synchronous_release_0
0.003993 -0.0250000004 0.00486228364 -0.0346606145 synchronous_release_0
0.047471 -0.0250000004 0.0324481145 -0.0131194461 synchronous_release_1
0.002919 -0.0250000004 0.0261235597 0.0232929094 synchronous_release_0
0.048733 -0.0250000004 0.0332340311 -0.0109772117 synchronous_release_0
0.045631 -0.0250000004 0.0349287726 0.00223178014 synchronous_release_0
0.057115 -0.0250000004 -0.00192555008 -0.0349469921 synchronous_release_0
0.009538 -0.0250000004 0.0323168983 -0.0134394227 synchronous_release_0
0.002536 -0.0250000004 0.024318989 0.0251711496 synchronous_release_0
0.002628 -0.0250000004 0.0257180087 -0.0237399248 synchronous_release_0
0.043771 -0.0250000004 -0.00770037361 -0.0341424113 synchronous_release_0
0.004408 -0.0250000004 -0.0324494979 0.0131160239 synchronous_release_0
0.007716 -0.0250000004 0.0275835589 0.0215440776 synchronous_release_0
0.056282 -0.0250000004 -0.000374743541 -0.000927128512 synchronous_release_0
0.006873 -0.0250000004 -0.0301267432 -0.0178151437 synchronous_release_0
0.016933 -0.0250000004 0.0304917386 -0.0171829531 synchronous_release_0
0.043538 -0.0250000004 0.0216899073 0.0274690357 synchronous_release_0
0.048657 -0.0250000004 0.012943929 -0.0325185286 synchronous_release_0
0.005059 -0.0250000004 -0.00342130407 -0.0348323797 synchronous_release_0
0.021415 -0.0250000004 -0.0284550737 0.0203791261 synchronous_release_0
0.046915 -0.0250000004 0.0674930307 0.0185658504 synchronous_release_1
0.042589 -0.0250000004 -0.0219724217 -0.0272435806 synchronous_release_1
0.002568 -0.0250000004 0.0325556273 0.0128503359 synchronous_release_0
0.042411 -0.0250000004 0.027406531 -0.0217688323 synchronous_release_0
0.044608 -0.0250000004 -0.000781121801 -0.000624378677 synchronous_release_1
0.002877 -0.0250000004 -0.000751103369 0.000660184618 synchronous_release_0
0.058629 -0.0250000004 0.0231064616 0.0262886179 synchronous_release_0
0.079957 -0.0250000004 -0.0112133801 0.0331550917 synchronous_release_0
0.042825 -0.0250000004 -0.0250445286 -0.0244493678 synchronous_release_0
0.051995 -0.0250000004 0.0250445286 0.0244493678 synchronous_release_0
0.002782 -0.0250000004 0.0349073639 0.00254478735 synchronous_release_0
0.042652 -0.0250000004 0.00519987702 0.0346115772 synchronous_release_0
0.043508 -0.0250000004 0.0348670991 -0.00304719564 synchronous_release_0
0.042422 -0.0250000004 0.0326850161 0.0125175766 synchronous_release_0
0.042344 -0.0250000004 0.0297984072 -0.0183590558 synchronous_release_0
0.043913 -0.0250000004 0.0307986123 0.0166266497 synchronous_release_2
0.005824 -0.0250000004 0.00941919817 -0.0337087334 synchronous_release_0
0.044183 -0.0250000004 -0.015000328 -0.031622621 synchronous_release_0
0.044569 -0.0250000004 0.00080635525 -0.000591431493 synchronous_release_0
0.062461 -0.0250000004 0.0347913957 -0.00381559752 synchronous_release_0
0.043484 -0.0250000004 0.0331239284 0.0113051035 synchronous_release_0
0.063976 -0.0250000004 -0.00677145737 -0.0343387153 synchronous_release_0
0.044973 -0.0250000004 0.0328241837 -0.0121479612 synchronous_release_0
0.009194 -0.0250000004 0.0257058991 0.0237530367 synchronous_release_0
0.047016 -0.0250000004 -0.0121049493 0.0328400701 synchronous_release_0
0.059038 -0.0250000004 -0.0344928096 0.00593684139 synchronous_release_0
0.042897 -0.0250000004 -0.000550490322 0.000834841545 synchronous_release_0
0.013946 -0.0250000004 0.0330423023 -0.0115415017 synchronous_release_0
0.05028 -0.0250000004 -0.000788425768 0.000615129912 synchronous_release_0
0.065533 -0.0250000004 0.0346626595 -0.00484768362 synchronous_release_0
0.043413 -0.0250000004 -0.000284521714 0.000958669596 synchronous_release_0
0.055262 -0.0250000004 0.0335534359 0.00995826 synchronous_release_0
0.046078 -0.0250000004 0.0338710969 -0.0088175276 synchronous_release_0
0.04519 -0.0250000004 0.0332619811 0.0108922272 synchronous_release_0
0.045838 -0.0250000004 0.026063936 -0.023359607 synchronous_release_0
0.043138 -0.0250000004 0.0152754738 -0.031490632 synchronous_release_0
0.043145 -0.0250000004 0.0175606086 0.0302758159 synchronous_release_0
0.063505 -0.0250000004 2.00071916e-06 0.000999997999 synchronous_release_1
0.003492 -0.0250000004 0.000911193679 -0.000411978251 synchronous_release_1
0.044085 -0.0250000004 0.03482871 0.0034584623 synchronous_release_1
0.008519 -0.0250000004 0.0265706334 -0.0227816032 synchronous_release_0
0.044326 -0.0250000004 -0.0064441304 -0.0344016451 synchronous_release_1
0.002921 -0.0250000004 0.0349918196 0.000756676015 synchronous_release_1
0.049377 -0.0250000004 -0.000898106458 0.000439778114 synchronous_release_0
0.026216 -0.0250000004 0.0349185223 0.00238679736 synchronous_release_1
0.063673 -0.0250000004 -0.015392234 -0.031433726 synchronous_release_2
0.014739 -0.0250000004 0.0348712919 -0.0029988333 synchronous_release_0
0.044052 -0.0250000004 -0.0148385801 0.0316988413 synchronous_release_1
0.042262 -0.0250000004 0.0637968642 0.0288090283 synchronous_release_0
0.045481 -0.0250000004 -0.00347454087 -0.0348271096 synchronous_release_1
0.045437 -0.0250000004 0.00519249453 0.0346126855 synchronous_release_0
0.045346 -0.0250000004 0.0348480242 0.00325809855 synchronous_release_0
0.045145 -0.0250000004 -0.0230175612 0.0263664916 synchronous_release_0
0.003891 -0.0250000004 0.0322944706 0.0134932268 synchronous_release_0
0.042822 -0.0250000004 0.000385520766 -0.00092269916 synchronous_release_0
0.050354 -0.0250000004 0.0231206685 -0.0262761239 synchronous_release_0
0.010799 -0.0250000004 -0.0294392139 -0.0189296774 synchronous_release_1
0.044931 -0.0250000004 0.0252925324 0.0241927221 synchronous_release_0
0.008749 -0.0250000004 0.0337715164 0.00919155492 synchronous_release_0
0.003373 -0.0250000004 0.000986505931 -0.000163725525 synchronous_release_0
0.012115 -0.0250000004 0.0249735286 0.0245218856 synchronous_release_0
0.050031 -0.0250000004 0.00874981156 -0.0338886529 synchronous_release_1
0.042713 -0.0250000004 0.0276653987 -0.0214388833 synchronous_release_0
0.071401 -0.0250000004 0.0323993169 0.0132394964 synchronous_release_1
0.045391 -0.0250000004 -0.000378271325 0.000925694769 synchronous_release_2
0.053246 -0.0250000004 0.023458619 -0.025974857 synchronous_release_0
0.042576 -0.0250000004 0.0342241955 0.00732833153 synchronous_release_1
0.050761 -0.0250000004 0.0576828145 -0.0186465254 synchronous_release_2
0.056695 -0.0250000004 0.0142175941 0.0319821828 synchronous_release_0
0.043501 -0.0250000004 0.0348061798 0.00367829372 synchronous_release_1
0.004749 -0.0250000004 0.0100741734 0.0335188161 synchronous_release_0
0.056824 -0.0250000004 -0.0239910595 0.0254838981 synchronous_release_2
0.010819 -0.0250000004 0.0033872347 0.0348357093 synchronous_release_0
0.049176 -0.0250000004 0.0284749918 -0.0203512859 synchronous_release_0
0.042971 -0.0250000004 0.0345032736 -0.00587572198 synchronous_release_1
0.004469 -0.0250000004 0.0224029556 0.0268906597 synchronous_release_0
0.043491 -0.0250000004 0.0104926511 -0.0333901823 synchronous_release_0
0.048147 -0.0250000004 0.0236704205 0.0257819936 synchronous_release_1
0.008578 -0.0250000004 0.000826199987 -0.000563376945 synchronous_release_0
0.045885 -0.0250000004 0.0151837597 -0.0315349559 synchronous_release_0
0.077103 -0.0250000004 -0.0197181931 -0.0289169995 synchronous_release_0
0.042419 -0.0250000004 0.0165595547 -0.0308347393 synchronous_release_0
0.050617 -0.0250000004 0.0349834449 -0.00107637461 synchronous_release_0
0.042787 -0.0250000004 0.0088518251 0.0338621499 synchronous_release_0
0.046371 -0.0250000004 0.0337513945 0.00926516952 synchronous_release_1
0.043335 -0.0250000004 0.026501466 0.0228620274 synchronous_release_1
0.003796 -0.0250000004 0.0349280945 -0.00224236793 synchronous_release_0
0.04233 -0.0250000004 -0.0155220997 0.0313698011 synchronous_release_0
0.05664 -0.0250000004 -0.0194059948 -0.0291274332 synchronous_release_1
0.007463 -0.0250000004 0.0190660004 0.0293511095 synchronous_release_0
0.048806 -0.0250000004 0.0349836967 0.00106815858 synchronous_release_0
0.016048 -0.0250000004 0.0349172268 0.002405675 synchronous_release_0
0.042984 -0.0250000004 0.0153752377 0.0314420429 synchronous_release_0
0.043183 -0.0250000004 0.0223082474 -0.0269692806 synchronous_release_0
0.057345 -0.0250000004 0.0345102058 0.00583486868 synchronous_release_0
0.042568 -0.0250000004 0.026873156 -0.022423949 synchronous_release_0
0.05192 -0.0250000004 -0.000985280293 0.000170946615 synchronous_release_0
0.004369 -0.0250000004 0.0138205313 -0.0321557602 synchronous_release_0
0.049524 -0.0250000004 -0.0138205313 0.0321557602 synchronous_release_0
0.071538 -0.0250000004 0.0209374396 0.0280468113 synchronous_release_0
0.042812 -0.0250000004 0.0346871296 0.00466937265 synchronous_release_0
0.051909 -0.0250000004 0.0213873601 -0.0277052491 synchronous_release_1
0.044816 -0.0250000004 0.0312517313 0.0157584673 synchronous_release_0
0.002727 -0.0250000004 0.0349828069 -0.00109691582 synchronous_release_0
0.002848 -0.0250000004 0.0269477154 0.0223342928 synchronous_release_0
0.062071 -0.0250000004 -0.0328159226 0.0121702597 synchronous_release_0
0.043206 -0.0250000004 -0.0058682072 0.0345045525 synchronous_release_1
0.043745 -0.0250000004 0.0349836231 -0.00107056776 synchronous_release_0
0.002855 -0.0250000004 0.0241460016 -0.0253371389 synchronous_release_0
0.043663 -0.0250000004 0.0340156067 0.00824248135 synchronous_release_0
0.053596 -0.0250000004 0.00986960512 0.0335796202 synchronous_release_0
0.044353 -0.0250000004 0.000970653124 0.000240483916 synchronous_release_0
0.049163 -0.0250000004 0.0252128907 0.024275711 synchronous_release_0
0.050324 -0.0250000004 -0.0343807711 0.00655458467 synchronous_release_0
0.061787 -0.0250000004 0.0228668224 0.0264973288 synchronous_release_0
0.046848 -0.0250000004 0.0148394545 -0.031698432 synchronous_release_0
0.002664 -0.0250000004 0.0348973416 0.00267872094 synchronous_release_0
0.006963 -0.0250000004 -0.0151288304 -0.0315613449 synchronous_release_0
0.007241 -0.0250000004 0.0197685112 -0.0288826239 synchronous_release_0
0.056739 -0.0250000004 -0.0151288304 -0.0315613449 synchronous_release_0
0.061664 -0.0250000004 0.0151288304 0.0315613449 synchronous_release_0
0.002849 -0.0250000004 -0.00544060555 0.0345745544 synchronous_release_0
0.042501 -0.0250000004 0.0298493055 0.0182761856 synchronous_release_1
0.042691 -0.0250000004 0.0241053687 0.0253757995 synchronous_release_0
0.07067 -0.0250000004 0.0285156034 -0.0202943431 synchronous_release_0
0.042353 -0.0250000004 0.0318332184 0.0145480654 synchronous_release_1
0.003709 -0.0250000004 0.0134546102 0.0323105782 synchronous_release_1
0.020721 -0.0250000004 -0.024598092 0.0248984712 synchronous_release_0
0.043721 -0.0250000004 -0.00926366259 -0.0337518082 synchronous_release_0
0.052481 -0.0250000004 -0.000252952484 0.000967478703 synchronous_release_0
0.04384 -0.0250000004 -0.0338617546 -0.00885333695 synchronous_release_1
0.061502 -0.0250000004 -0.0159475853 -0.0311556499 synchronous_release_1
0.043007 -0.0250000004 0.0253617445 -0.0241201558 synchronous_release_0
0.042655 -0.0250000004 0.0322673439 -0.0135579689 synchronous_release_0
0.046473 -0.0250000004 -0.0278752174 -0.0211653551 synchronous_release_0
0.053598 -0.0250000004 0.000604724431 -0.000796434783 synchronous_release_0
0.050439 -0.0250000004 -0.0279259957 -0.0210983118 synchronous_release_1
0.042971 -0.0250000004 -0.000899506177 0.000436908043 synchronous_release_1
0.042825 -0.0250000004 -0.0118691598 0.0329260238 synchronous_release_0
0.054017 -0.0250000004 0.034449353 -0.00618401801 synchronous_release_0
0.025242 -0.0250000004 0.0225801932 0.0267420058 synchronous_release_1
0.044153 -0.0250000004 -0.0249672917 -0.0245282356 synchronous_release_0
0.002545 -0.0250000004 0.0285654728 -0.0202240888 synchronous_release_0
0.006085 -0.0250000004 0.00323183826 0.0348504695 synchronous_release_0
0.057833 -0.0250000004 0.0207019186 -0.0282211014 synchronous_release_0
0.002331 -0.0250000004 0.0332678302 0.0108743494 synchronous_release_0
0.024555 -0.0250000004 -0.0332678302 -0.0108743494 synchronous_release_1
0.003212 -0.0250000004 -0.0132385055 -0.0323997218 synchronous_release_0
0.049818 -0.0250000004 0.0214397294 -0.027664743 synchronous_release_0
0.04413 -0.0250000004 0.0346782349 0.00473497884 synchronous_release_1
0.046946 -0.0250000004 0.00443233198 -0.0347182147 synchronous_release_0
0.066309 -0.0250000004 0.0322830219 -0.0135205953 synchronous_release_0
0.044071 -0.0250000004 -0.0125674186 -0.0326658842 synchronous_release_0
0.051978 -0.0250000004 -0.013385465 0.0323392846 synchronous_release_0
0.055316 -0.0250000004 0.013385465 -0.0323392846 synchronous_release_0
0.05418 -0.0250000004 0.000633832626 -0.000773470234 synchronous_release_0
0.042614 -0.0250000004 -0.0308882113 0.0164595992 synchronous_release_0
0.04583 -0.0250000004 0.0296985367 0.018520176 synchronous_release_0
0.043024 -0.0250000004 -0.0243015747 -0.0251879627 synchronous_release_0
0.050934 -0.0250000004 -0.00966262823 0.0336397624 synchronous_release_0
0.046221 -0.0250000004 0.0243015747 0.0251879627 synchronous_release_2
0.003513 -0.0250000004 -0.000638237723 -0.00076983934 synchronous_release_0
0.004429 -0.0250000004 0.0151681766 -0.0315424542 synchronous_release_0
0.009269 -0.0250000004 -0.000942609308 -0.000333897727 synchronous_release_0
0.043666 -0.0250000004 0.0116864205 -0.0329913258 synchronous_release_0
0.04613 -0.0250000004 -0.0344145365 0.00637492589 synchronous_release_0
0.002024 -0.0250000004 0.0298466656 -0.0182804965 synchronous_release_0
0.042622 -0.0250000004 -0.00234705204 -0.0349212163 synchronous_release_0
0.064767 -0.0250000004 -0.0290691344 0.0194932148 synchronous_release_0
0.044416 -0.0250000004 0.0290691344 -0.0194932148 synchronous_release_1
0.010818 -0.0250000004 -0.00197661117 0.0349441413 synchronous_release_0
0.04234 -0.0250000004 0.0292742085 0.0191838661 synchronous_release_1
0.049438 -0.0250000004 0.00632913585 0.0344229871 synchronous_release_0
0.046522 -0.0250000004 0.0121764297 -0.0328136337 synchronous_release_0
0.043622 -0.0250000004 -0.0249167638 0.0245795623 synchronous_release_1
0.027487 -0.0250000004 0.00994201554 -0.0335582527 synchronous_release_0
0.042547 -0.0250000004 0.0340333071 -0.00816908835 synchronous_release_1
0.042336 -0.0250000004 0.0171544003 0.0305078113 synchronous_release_0
0.043842 -0.0250000004 -0.00870650015 -0.0338998061 synchronous_release_0
0.004646 -0.0250000004 0.0184406879 -0.0297479584 synchronous_release_0
0.055166 -0.0250000004 0.0165421437 0.0308440834 synchronous_release_0
0.003131 -0.0250000004 0.0349828316 0.001096125 synchronous_release_2
0.045714 -0.0250000004 0.0346184273 0.00515407533 synchronous_release_1
0.011246 -0.0250000004 0.0312717574 -0.0157186893 synchronous_release_0
0.042617 -0.0250000004 0.0253221561 0.0241617137 synchronous_release_0
0.046768 -0.0250000004 0.0335857359 -0.0098487736 synchronous_release_1
0.0034 -0.0250000004 0.0305600554 0.017061155 synchronous_release_0
0.012696 -0.0250000004 -0.000504634032 -0.0349963619 synchronous_release_0
0.012173 -0.0250000004 -0.025774323 -0.0236787727 synchronous_release_0
0.04299 -0.0250000004 0.025774323 0.0236787727 synchronous_release_0
0.043169 -0.0250000004 0.022604289 -0.0267216414 synchronous_release_0
0.006005 -0.0250000004 0.0250952117 -0.0243973431 synchronous_release_0
0.042832 -0.0250000004 0.0336763248 0.00953441928 synchronous_release_0
0.044734 -0.0250000004 -0.00858111308 -0.0339317624 synchronous_release_0
0.043828 -0.0250000004 0.0342464026 -0.00722384332 synchronous_release_0
0.042456 -0.0250000004 0.0341095318 -0.00784473314 synchronous_release_0
0.006322 -0.0250000004 0.0341379846 -0.00771997474 synchronous_release_0
0.042711 -0.0250000004 0.010383298 -0.0334243492 synchronous_release_0
0.048005 -0.0250000004 0.0237546865 0.0257043745 synchronous_release_0
0.042749 -0.0250000004 -0.012612323 0.0326485729 synchronous_release_0
0.048405 -0.0250000004 0.0130190567 -0.0324885236 synchronous_release_0
0.0427 -0.0250000004 0.0346454151 -0.00496942798 synchronous_release_1
0.043991 -0.0250000004 0.0340729646 -0.00800206753 synchronous_release_0
0.053052 -0.0250000004 0.000228630501 0.000973513274 synchronous_release_1
0.002709 -0.0250000004 0.0243378128 0.0251529495 synchronous_release_0
0.049706 -0.0250000004 0.0339519996 -0.00850068942 synchronous_release_0
0.002058 -0.0250000004 0.0284022672 -0.0204526579 synchronous_release_0
0.010173 -0.0250000004 0.031913655 0.014370756 synchronous_release_0
0.042496 -0.0250000004 -0.00351138772 -0.0348234139 synchronous_release_0
0.003421 -0.0250000004 0.0209439772 0.0280419296 synchronous_release_0
0.053003 -0.0250000004 -0.0138130348 0.0321589811 synchronous_release_0
0.054327 -0.0250000004 -0.0177432737 -0.0301691273 synchronous_release_1
0.003465 -0.0250000004 0.0218136065 -0.0273709074 synchronous_release_0
0.043003 -0.0250000004 5.24569237e-05 0.000998623188 synchronous_release_0
0.048358 -0.0250000004 0.00020796859 0.000978135505 synchronous_release_0
0.074757 -0.0250000004 -0.00787924343 -0.0341015765 synchronous_release_0
0.043266 -0.0250000004 0.00787924343 0.0341015765 synchronous_release_1
0.049808 -0.0250000004 0.0224263564 -0.0268711469 synchronous_release_0
0.062153 -0.0250000004 0.0344842741 0.00598622094 synchronous_release_0
0.068031 -0.0250000004 0.0343769513 -0.00657458904 synchronous_release_0
0.042198 -0.0250000004 0.0280340859 0.0209544751 synchronous_release_0
0.002496 -0.0250000004 -0.00724174528 -0.0342426215 synchronous_release_0
0.042616 -0.0250000004 0.0315613151 0.0151288926 synchronous_release_0
0.050223 -0.0250000004 -0.00267865221 -0.0348973469 synchronous_release_0
0.042686 -0.0250000004 0.000322013673 0.000946735018 synchronous_release_0
0.042577 -0.0250000004 0.0251193253 0.0243725152 synchronous_release_0
0.049742 -0.0250000004 0.0317593119 0.0147087086 synchronous_release_1
0.042377 -0.0250000004 0.0281731705 -0.0207671005 synchronous_release_0
0.002657 -0.0250000004 0.0319137083 0.0143706375 synchronous_release_0
0.042303 -0.0250000004 0.0337118544 0.00940802184 synchronous_release_0
0.047441 -0.0250000004 -0.0250035131 0.0244913114 synchronous_release_0
0.003484 -0.0250000004 0.00167932956 -0.034959689 synchronous_release_0
0.042614 -0.0250000004 0.0311156435 -0.0160255024 synchronous_release_0
0.050463 -0.0250000004 0.000540976758 -0.000841037542 synchronous_release_0
0.004682 -0.0250000004 0.0194910032 -0.0290706174 synchronous_release_1
0.043124 -0.0250000004 0.0213485206 0.0277351883 synchronous_release_0
0.04547 -0.0250000004 0.0290299672 0.0195514962 synchronous_release_0
0.051073 -0.0250000004 -0.00241710875 0.0349164372 synchronous_release_0
0.04482 -0.0250000004 -0.000623366592 -0.000781929723 synchronous_release_0
0.011076 -0.0250000004 -0.00521102549 -0.0346099005 synchronous_release_1
0.046313 -0.0250000004 0.0324002432 0.0132372293 synchronous_release_0
0.049279 -0.0250000004 0.0427023117 -0.0430292061 synchronous_release_0
0.042261 -0.0250000004 0.0315400565 -0.0151731617 synchronous_release_0
0.04917 -0.0250000004 0.0279329186 0.0210891455 synchronous_release_1
0.042591 -0.0250000004 0.0217760635 0.0274007857 synchronous_release_0
0.048285 -0.0250000004 -0.0346178083 0.00515823134 synchronous_release_1
0.043731 -0.0250000004 0.0345063169 0.00585782326 synchronous_release_0
0.050843 -0.0250000004 0.0121801347 0.0328122587 synchronous_release_1
0.045955 -0.0250000004 0.0273971551 0.0217806312 synchronous_release_0
0.062523 -0.0250000004 -0.0325611574 0.0128363167 synchronous_release_0
0.058374 -0.0250000004 0.0325611574 -0.0128363167 synchronous_release_1
0.054857 -0.0250000004 -0.00137136267 0.0349731235 synchronous_release_0
0.042398 -0.0250000004 0.0309732947 -0.0162989268 synchronous_release_1
0.002286 -0.0250000004 -0.0282596116 0.0206493184 synchronous_release_0
0.048295 -0.0250000004 -0.00375302848 -0.0347982008 synchronous_release_0
0.064571 -0.0250000004 -0.00254937461 0.0349070292 synchronous_release_0
0.048191 -0.0250000004 0.0315050614 -0.0152456914 synchronous_release_1
0.043792 -0.0250000004 0.0334519235 0.0102941157 synchronous_release_0
0.050789 -0.0250000004 -0.0334519235 -0.0102941157 synchronous_release_0
0.042649 -0.0250000004 0.0349555146 0.00176408674 synchronous_release_0
0.011285 -0.0250000004 0.0320623125 0.0140359579 synchronous_release_0
0.04607 -0.0250000004 0.0223870455 0.0269039066 synchronous_release_0
0.012355 -0.0250000004 -0.000922547086 -0.000385884534 synchronous_release_0
0.042564 -0.0250000004 0.0135059587 -0.032289148 synchronous_release_0
0.005152 -0.0250000004 -0.0153129569 -0.0314724221 synchronous_release_0
0.042188 -0.0250000004 0.0349123955 0.00247480135 synchronous_release_0
0.04942 -0.0250000004 -0.0195994386 0.0289976207 synchronous_release_0
0.044184 -0.0250000004 0.0153129569 0.0314724221 synchronous_release_1
0.043067 -0.0250000004 0.0339455633 -0.00852635513 synchronous_release_0
0.04469 -0.0250000004 0.0274098933 -0.0217645985 synchronous_release_0
0.004326 -0.0250000004 0.0305110458 -0.0171486466 synchronous_release_1
0.045989 -0.0250000004 0.0301066865 0.0178490175 synchronous_release_1
0.050522 -0.0250000004 -0.0301066865 -0.0178490175 synchronous_release_1
0.043035 -0.0250000004 -0.000351242436 -0.000936284546 synchronous_release_0
0.005989 -0.0250000004 -0.0060533749 0.0344725493 synchronous_release_0
0.010177 -0.0250000004 0.0161153025 0.0310692296 synchronous_release_0
0.042965 -0.0250000004 0.0188490908 -0.0294908761 synchronous_release_0
0.043609 -0.0250000004 -0.0161153025 -0.0310692296 synchronous_release_0
0.062202 -0.0250000004 0.000842596461 0.000538545452 synchronous_release_0
0.042858 -0.0250000004 0.0349643933 0.00157835341 synchronous_release_1
0.048989 -0.0250000004 0.030989219 -0.0162686294 synchronous_release_1
0.042643 -0.0250000004 0.0268556406 -0.0224449229 synchronous_release_0
0.042538 -0.0250000004 0.0340787385 0.00797744209 synchronous_release_0
0.006767 -0.0250000004 0.0336897714 0.0094867961 synchronous_release_0
0.00365 -0.0250000004 0.0258666912 0.0235778346 synchronous_release_0
0.04655 -0.0250000004 -0.0225757468 0.0267457596 synchronous_release_0
0.047314 -0.0250000004 0.000176522583 -0.00098429659 synchronous_release_0
0.042639 -0.0250000004 -0.0235395679 0.0259015201 synchronous_release_0
0.007766 -0.0250000004 0.0338042779 -0.00907032485 synchronous_release_0
0.0427 -0.0250000004 -0.0338042779 0.00907032485 synchronous_release_2
0.045212 -0.0250000004 -0.0164851822 -0.0308745651 synchronous_release_0
0.047852 -0.0250000004 0.0243037377 -0.0251858757 synchronous_release_1
0.04281 -0.0250000004 0.0251512027 -0.024339618 synchronous_release_0
0.042224 -0.0250000004 0.0261036562 0.0233152125 synchronous_release_0
0.052052 -0.0250000004 0.0593470506 0.0123663894 synchronous_release_0
0.003786 -0.0250000004 0.0211595035 -0.0278796595 synchronous_release_0
0.052853 -0.0250000004 -0.000692444565 0.000721471084 synchronous_release_0
0.054854 -0.0250000004 0.0252514879 0.0242355598 synchronous_release_0
0.044324 -0.0250000004 0.0336143544 -0.00975065016 synchronous_release_1
0.002629 -0.0250000004 -0.00085634343 -0.0349895224 synchronous_release_0
0.047898 -0.0250000004 -0.0298736435 0.0182363764 synchronous_release_0
0.059604 -0.0250000004 0.0298736435 -0.0182363764 synchronous_release_0
0.053691 -0.0250000004 -0.0231765184 0.0262268755 synchronous_release_1
0.004775 -0.0250000004 0.0231985177 0.0262074183 synchronous_release_1
0.042961 -0.0250000004 0.0347098826 -0.00449711606 synchronous_release_0
0.023364 -0.0250000004 0.0304354216 -0.0172825089 synchronous_release_1
0.042457 -0.0250000004 0.0315043355 0.0152471913 synchronous_release_0
0.051305 -0.0250000004 -0.000435634037 0.000900123873 synchronous_release_0
0.046019 -0.0250000004 0.0338792125 0.00878629395 synchronous_release_1
0.042906 -0.0250000004 0.0329998763 0.0116622537 synchronous_release_0
0.048368 -0.0250000004 0.00640013016 0.0344098581 synchronous_release_0
0.06321 -0.0250000004 0.0265997462 -0.0227476044 synchronous_release_0
0.002981 -0.0250000004 0.0332229911 -0.0110105796 synchronous_release_0
0.016886 -0.0250000004 -0.00707605386 0.0342772441 synchronous_release_0
0.050168 -0.0250000004 -0.00649813442 -0.0343914851 synchronous_release_0
0.04277 -0.0250000004 0.0240524948 -0.0254259217 synchronous_release_0
0.047884 -0.0250000004 0.0340457415 0.00811711067 synchronous_release_0
0.044345 -0.0250000004 -0.0249768568 0.0245184955 synchronous_release_0
0.058464 -0.0250000004 0.00874521155 0.0338898403 synchronous_release_0
0.005207 -0.0250000004 0.000633837336 0.000773466373 synchronous_release_0
0.044422 -0.0250000004 0.0270713231 -0.0221843068 synchronous_release_0
0.059823 -0.0250000004 0.0327478348 0.0123523001 synchronous_release_0
0.042952 -0.0250000004 0.0166699897 -0.0307751758 synchronous_release_0
0.045226 -0.0250000004 0.0193888797 -0.0291388288 synchronous_release_0
0.013512 -0.0250000004 0.000769881444 0.000638186933 synchronous_release_0
0.042775 -0.0250000004 -0.0345040624 -0.00587108811 synchronous_release_0
0.043252 -0.0250000004 -0.00143702881 -0.0606047436 synchronous_release_1
0.002374 -0.0250000004 0.0238003986 -0.0256620542 synchronous_release_0
0.010832 -0.0250000004 0.0341241902 0.00778072265 synchronous_release_0
0.00234 -0.0250000004 0.033771834 -0.00919038799 synchronous_release_0
0.044603 -0.0250000004 0.034933328 -0.00215930495 synchronous_release_0
0.051999 -0.0250000004 0.0193366769 0.029173497 synchronous_release_0
0.008785 -0.0250000004 0.015596651 -0.0313328019 synchronous_release_1
0.013372 -0.0250000004 0.0321401379 0.0138568226 synchronous_release_0
0.002616 -0.0250000004 -0.00406970854 -0.0347625873 synchronous_release_1
0.005656 -0.0250000004 -0.00486761804 -0.0346598658 synchronous_release_0
0.047146 -0.0250000004 -0.0324501333 -0.013114452 synchronous_release_1
0.060425 -0.0250000004 0.0328656467 -0.0120353341 synchronous_release_1
0.059372 -0.0250000004 -0.00263404355 -0.0349007423 synchronous_release_1
0.043402 -0.0250000004 -0.015536798 -0.0313625239 synchronous_release_0
0.052697 -0.0250000004 0.0349291415 0.00222600015 synchronous_release_0
0.042549 -0.0250000004 0.0225159083 -0.0267961541 synchronous_release_0
0.047942 -0.0250000004 -0.000225788367 0.0349992717 synchronous_release_0
0.059053 -0.0250000004 0.000225788367 -0.0349992717 synchronous_release_0
0.003544 -0.0250000004 0.0348076633 -0.00366422915 synchronous_release_0
0.043921 -0.0250000004 0.0206339769 0.0282708153 synchronous_release_0
0.011985 -0.0250000004 0.0253607919 0.0241211574 synchronous_release_0
0.04234 -0.0250000004 0.033569931 -0.00990251135 synchronous_release_0
0.042762 -0.0250000004 0.000193170719 -0.0349994669 synchronous_release_0
0.045057 -0.0250000004 0.0329848673 0.0117046371 synchronous_release_1
0.051624 -0.0250000004 0.0138274291 -0.0321527946 synchronous_release_0
0.002713 -0.0250000004 0.0249564735 -0.0245392426 synchronous_release_0
0.042732 -0.0250000004 0.0337298443 0.00934331875 synchronous_release_0
0.05061 -0.0250000004 -0.0337298443 -0.00934331875 synchronous_release_0
0.053303 -0.0250000004 -0.00877337075 -0.0338825614 synchronous_release_0
0.010942 -0.0250000004 0.0186949934 -0.0295888023 synchronous_release_0
0.051457 -0.0250000004 0.020400886 0.028439477 synchronous_release_0
0.04211 -0.0250000004 0.0312140937 0.0158328883 synchronous_release_2
0.04382 -0.0250000004 0.027681111 -0.0214185923 synchronous_release_0
0.043066 -0.0250000004 0.0643420361 0.0275699544 synchronous_release_0
0.053103 -0.0250000004 -0.0025040112 0.0349103126 synchronous_release_0
0.002496 -0.0250000004 0.0332403989 0.0109579141 synchronous_release_0
0.009164 -0.0250000004 0.00089870844 0.000438546622 synchronous_release_0
0.044227 -0.0250000004 -0.00742939543 0.0342023988 synchronous_release_0
0.052496 -0.0250000004 0.0259054485 0.0235352446 synchronous_release_1
0.005415 -0.0250000004 -0.0244309452 0.0250625002 synchronous_release_0
0.042576 -0.0250000004 0.0244309452 -0.0250625002 synchronous_release_0
0.045217 -0.0250000004 0.00948928925 0.0336890693 synchronous_release_0
0.045423 -0.0250000004 -0.0322372422 -0.013629388 synchronous_release_0
0.042752 -0.0250000004 0.0349996901 -0.00014729003 synchronous_release_0
0.057959 -0.0250000004 0.0173722881 -0.0303842657 synchronous_release_1
0.012864 -0.0250000004 0.0314255682 0.0154088826 synchronous_release_0
0.00628 -0.0250000004 0.023006936 0.0263757634 synchronous_release_0
0.056518 -0.0250000004 -0.0131938987 -0.0324179123 synchronous_release_0
0.005268 -0.0250000004 0.0196306228 -0.0289765189 synchronous_release_0
0.046602 -0.0250000004 -0.0349097129 -0.0025123586 synchronous_release_0
0.050979 -0.0250000004 -0.0152790901 -0.0314888775 synchronous_release_0
0.04328 -0.0250000004 0.0349097129 0.0025123586 synchronous_release_1
0.042545 -0.0250000004 -0.0138666363 0.0321359051 synchronous_release_0
0.051664 -0.0250000004 0.030888619 -0.016458834 synchronous_release_0
0.003655 -0.0250000004 0.0294115799 0.0189725846 synchronous_release_0
0.052775 -0.0250000004 0.0017249503 -0.0349574677 synchronous_release_0
0.042621 -0.0250000004 0.0311365302 -0.0159848831 synchronous_release_1
0.003764 -0.0250000004 0.0122514708 0.0327856899 synchronous_release_0
0.006304 -0.0250000004 0.0222675049 -0.0270029299 synchronous_release_0
0.013491 -0.0250000004 -0.0222675049 0.0270029299 synchronous_release_0
0.003543 -0.0250000004 0.00047192569 0.000881638329 synchronous_release_0
0.043214 -0.0250000004 0.0122923098 0.0327704 synchronous_release_0
0.049238 -0.0250000004 -0.000936297144 0.000351208852 synchronous_release_0
0.005944 -0.0250000004 0.0348470418 -0.00326858951 synchronous_release_0
0.0582 -0.0250000004 -0.0145928394 0.0318127182 synchronous_release_1
0.044472 -0.0250000004 -0.0215382486 -0.0275881106 synchronous_release_0
0.042788 -0.0250000004 0.0345135201 -0.00581523272 synchronous_release_1
0.046709 -0.0250000004 0.0122206208 -0.0327972015 synchronous_release_1
0.045358 -0.0250000004 -0.00491661093 -0.0346529499 synchronous_release_0
0.062185 -0.0250000004 0.0275520295 -0.0215843849 synchronous_release_0
0.046976 -0.0250000004 0.0209547178 0.0280339045 synchronous_release_1
0.044463 -0.0250000004 0.00970413629 -0.033627812 synchronous_release_1
0.003024 -0.0250000004 0.0345774703 -0.005422043 synchronous_release_1
0.048979 -0.0250000004 0.0219843621 0.0272339461 synchronous_release_1
0.043441 -0.0250000004 0.0252694684 0.0242168116 synchronous_release_0
0.042793 -0.0250000004 0.031669723 0.0149006256 synchronous_release_0
0.045547 -0.0250000004 -0.00293054119 -0.0348770975 synchronous_release_0
0.046553 -0.0250000004 -0.031669723 -0.0149006256 synchronous_release_0
0.058775 -0.0250000004 0.0258086406 -0.0548535693 synchronous_release_0
0.014743 -0.0250000004 -0.0342934578 0.00699705303 synchronous_release_1
0.060806 -0.0250000004 0.0110871032 -0.0331975322 synchronous_release_1
0.047269 -0.0250000004 0.00242368867 0.0349159811 synchronous_release_0
0.050717 -0.0250000004 0.0314499709 0.0153590146 synchronous_release_0
0.004217 -0.0250000004 0.013635491 -0.0322346612 synchronous_release_0
0.044827 -0.0250000004 -0.02109829 -0.0279260122 synchronous_release_1
0.050523 -0.0250000004 0.034733781 -0.00430864902 synchronous_release_1
0.042308 -0.0250000004 0.0242969851 -0.02519239 synchronous_release_0
0.002768 -0.0250000004 0.0244674292 0.0250268837 synchronous_release_0
0.042473 -0.0250000004 0.0339076317 -0.00867597338 synchronous_release_0
0.060126 -0.0250000004 -0.0245478338 0.0249480231 synchronous_release_0
0.042995 -0.0250000004 0.0271623516 -0.0220727582 synchronous_release_0
0.004155 -0.0250000004 0.0310372725 -0.0161767646 synchronous_release_0
0.002489 -0.0250000004 0.0349571689 -0.00173099538 synchronous_release_0
0.007169 -0.0250000004 -0.0159794985 0.031139294 synchronous_release_0
0.045267 -0.0250000004 0.000889694113 0.000456557099 synchronous_release_0
0.048746 -0.0250000004 0.0159794985 -0.031139294 synchronous_release_1
0.003676 -0.0250000004 -0.000298925276 0.000954276521 synchronous_release_0
0.042678 -0.0250000004 0.0348373485 -0.00337033343 synchronous_release_0
0.003644 -0.0250000004 0.0349773408 -0.00125921889 synchronous_release_0
0.047472 -0.0250000004 0.0185791859 0.0296616562 synchronous_release_0
0.007228 -0.0250000004 0.0271602538 0.0220753395 synchronous_release_0
0.012702 -0.0250000004 0.0321611398 -0.0138080081 synchronous_release_0
0.042851 -0.0250000004 0.000986455617 0.000164028399 synchronous_release_0
0.075132 -0.0250000004 0.0327708438 -0.0122911267 synchronous_release_0
0.045406 -0.0250000004 0.0263892377 0.0229914796 synchronous_release_0
0.04312 -0.0250000004 -0.000611920155 0.000790919544 synchronous_release_0
0.043044 -0.0250000004 -0.0101013342 0.0335106408 synchronous_release_0
0.045157 -0.0250000004 -0.000333965155 0.000942585421 synchronous_release_0
0.013003 -0.0250000004 -0.0227874308 -0.0265656356 synchronous_release_0
0.044327 -0.0250000004 0.0116127999 -0.0330173118 synchronous_release_0
0.046414 -0.0250000004 0.0213069033 -0.0277671725 synchronous_release_0
0.005944 -0.0250000004 0.0292657894 -0.0191967073 synchronous_release_0
0.002875 -0.0250000004 0.0205255508 0.0283496343 synchronous_release_0
0.043475 -0.0250000004 -0.0205255508 -0.0283496343 synchronous_release_1
0.052657 -0.0250000004 0.0348142789 -0.00360083129 synchronous_release_1
0.005304 -0.0250000004 0.0284223557 -0.0204247324 synchronous_release_0
0.04373 -0.0250000004 -0.000583563783 -0.000812067307 synchronous_release_1
0.049607 -0.0250000004 -0.0284223557 0.0204247324 synchronous_release_1
0.044221 -0.0250000004 0.0338014521 -0.00908084978 synchronous_release_0
0.045862 -0.0250000004 -0.000259452851 -0.000965755776 synchronous_release_0
0.054523 -0.0250000004 -0.0338014521 0.00908084978 synchronous_release_0
0.044931 -0.0250000004 0.000269735456 0.000962934465 synchronous_release_1
0.043738 -0.0250000004 -0.000888487483 0.000458900853 synchronous_release_0
0.046618 -0.0250000004 0.0160615299 0.0310970619 synchronous_release_0
0.0538 -0.0250000004 0.00848956998 0.0339547817 synchronous_release_0
0.043344 -0.0250000004 -0.0127040226 -0.0326130006 synchronous_release_0
0.053681 -0.0250000004 0.0127040226 0.0326130006 synchronous_release_0
0.006041 -0.0250000004 0.0312807879 -0.0157007105 synchronous_release_0
0.047311 -0.0250000004 0.0271155964 -0.0221301702 synchronous_release_0
0.062321 -0.0250000004 -0.0327230878 -0.0124177103 synchronous_release_0
0.060633 -0.0250000004 0.0327230878 0.0124177103 synchronous_release_1
0.042488 -0.0250000004 0.0265505642 0.0228049894 synchronous_release_0
0.045878 -0.0250000004 0.0330249823 -0.0115909683 synchronous_release_0
0.054014 -0.0250000004 0.00647441811 -0.0343959578 synchronous_release_0
0.045899 -0.0250000004 0.031145768 -0.0159668762 synchronous_release_1
0.042813 -0.0250000004 0.0279245738 -0.0211001938 synchronous_release_0
0.009665 -0.0250000004 0.00779523057 -0.0341208789 synchronous_release_0
0.046888 -0.0250000004 0.0334471633 -0.0103095718 synchronous_release_0
0.004447 -0.0250000004 0.0333455648 -0.0106335935 synchronous_release_0
0.009347 -0.0250000004 0.0258817445 0.0235613094 synchronous_release_0
0.043214 -0.0250000004 -0.00766158925 0.0341511354 synchronous_release_0
0.054401 -0.0250000004 0.0334065455 -0.0104404368 synchronous_release_0
0.002693 -0.0250000004 -0.0346812819 0.00471260897 synchronous_release_0
0.044029 -0.0250000004 -0.0132594019 0.0323911757 synchronous_release_1
0.04393 -0.0250000004 0.0313703296 0.0155210315 synchronous_release_0
0.043696 -0.0250000004 0.019897548 0.028793881 synchronous_release_0
0.044595 -0.0250000004 0.0338625708 -0.0088502147 synchronous_release_1
0.002661 -0.0250000004 0.0294087801 -0.0189769242 synchronous_release_0
0.052328 -0.0250000004 -0.0294087801 0.0189769242 synchronous_release_0
0.049322 -0.0250000004 0.00173010833 0.0349572128 synchronous_release_1
0.048992 -0.0250000004 0.0342304855 0.00729889474 synchronous_release_0
0.044785 -0.0250000004 -0.0230961232 0.0262977013 synchronous_release_1
0.006865 -0.0250000004 0.0246318257 0.0248650993 synchronous_release_0
0.044934 -0.0250000004 0.0338497205 -0.0088992372 synchronous_release_0
0.04705 -0.0250000004 -0.00921789476 0.0337643365 synchronous_release_1
0.050522 -0.0250000004 0.0222883444 -0.0269857315 synchronous_release_0
0.008451 -0.0250000004 -0.0144677052 0.0318698212 synchronous_release_0
0.029156 -0.0250000004 0.0203662222 0.0284643109 synchronous_release_0
0.045715 -0.0250000004 0.0348339274 -0.00340551035 synchronous_release_0
0.003479 -0.0250000004 0.0277151861 -0.0213744815 synchronous_release_0
0.052829 -0.0250000004 0.0213210921 -0.0277562792 synchronous_release_0
0.043893 -0.0250000004 0.0347279868 -0.00435510438 synchronous_release_0
0.042795 -0.0250000004 0.0232880223 0.0261279164 synchronous_release_0
0.047701 -0.0250000004 0.0342714505 -0.00710406068 synchronous_release_1
0.045183 -0.0250000004 0.0104554356 -0.0334018542 synchronous_release_0
0.042833 -0.0250000004 0.0441590159 0.0543137304 synchronous_release_0
0.00294 -0.0250000004 0.0105770509 -0.0333635429 synchronous_release_0
0.049501 -0.0250000004 -0.0105770509 0.0333635429 synchronous_release_0
0.056143 -0.0250000004 -0.0236051503 -0.0258417662 synchronous_release_0
0.042853 -0.0250000004 -0.0183276637 -0.0298177253 synchronous_release_0
0.057661 -0.0250000004 0.0349867395 -0.000963359657 synchronous_release_0
0.002936 -0.0250000004 0.010320417 -0.0334438185 synchronous_release_0
0.042927 -0.0250000004 0.0238029879 0.0256596525 synchronous_release_0
0.044135 -0.0250000004 -0.0054094743 -0.0345794388 synchronous_release_0
0.051826 -0.0250000004 -0.000627841759 -0.000778341009 synchronous_release_0
0.006374 -0.0250000004 0.00487008331 -0.0346595195 synchronous_release_0
0.046412 -0.0250000004 0.0275809827 0.0215473756 synchronous_release_0
0.042722 -0.0250000004 0.0217599533 0.0274135812 synchronous_release_0
0.046834 -0.0250000004 -0.0346208344 0.00513788173 synchronous_release_0
0.043247 -0.0250000004 -0.0203532589 -0.0284735816 synchronous_release_0
0.002394 -0.0250000004 0.0348354745 -0.00338964846 synchronous_release_1
0.042678 -0.0250000004 0.0345707747 0.00546457114 synchronous_release_0
0.055595 -0.0250000004 -0.00077733953 -0.000629081279 synchronous_release_0
0.015304 -0.0250000004 0.0340495686 -0.0081010418 synchronous_release_0
0.043199 -0.0250000004 -0.0227458342 0.0266012599 synchronous_release_0
0.047819 -0.0250000004 -0.0116644497 -0.0329991002 synchronous_release_0
0.042682 -0.0250000004 0.029592294 0.0186894659 synchronous_release_0
0.042657 -0.0250000004 -0.00524463237 -0.0346048238 synchronous_release_0
0.043674 -0.0250000004 0.0273463403 -0.0218443968 synchronous_release_0
0.048699 -0.0250000004 0.0242509648 0.0252366936 synchronous_release_0
0.049205 -0.0250000004 0.0326947694 0.0124920796 synchronous_release_0
0.046909 -0.0250000004 0.033194844 -0.0110951489 synchronous_release_0
0.060205 -0.0250000004 -0.0262061028 -0.0232000038 synchronous_release_1
0.043467 -0.0250000004 0.0167942649 -0.0307075343 synchronous_release_1
0.046026 -0.0250000004 0.0349906373 -0.000809507109 synchronous_release_2
0.043041 -0.0250000004 0.0326247236 -0.0126738869 synchronous_release_0
0.04376 -0.0250000004 -0.00348778612 0.0348257857 synchronous_release_0
0.042441 -0.0250000004 0.0142255209 -0.0319786578 synchronous_release_0
0.045657 -0.0250000004 0.0348070905 -0.00366966641 synchronous_release_0
0.042536 -0.0250000004 0.0222497007 -0.027017602 synchronous_release_0
0.049357 -0.0250000004 0.0200837073 -0.0286643455 synchronous_release_0
0.003594 -0.0250000004 0.0298355456 0.0182986398 synchronous_release_0
0.043106 -0.0250000004 0.0294379516 -0.0189316404 synchronous_release_0
0.048786 -0.0250000004 -0.00167630575 -0.0349598341 synchronous_release_0
0.051686 -0.0250000004 0.0325144034 0.0129542877 synchronous_release_0
0.042544 -0.0250000004 0.00503845944 0.0346354432 synchronous_release_1
0.042336 -0.0250000004 0.0345214585 0.00576792044 synchronous_release_1
0.045146 -0.0250000004 0.0122655636 0.0327804202 synchronous_release_1
0.049503 -0.0250000004 0.0113313302 -0.0331149657 synchronous_release_1
0.004795 -0.0250000004 -0.00600219838 -0.0344814967 synchronous_release_0
0.042702 -0.0250000004 0.0349232435 -0.00231669186 synchronous_release_0
0.006037 -0.0250000004 0.000987660487 -0.000156610225 synchronous_release_0
0.045109 -0.0250000004 0.0271961886 -0.0220310537 synchronous_release_0
0.043412 -0.0250000004 -0.00346093616 0.0348284642 synchronous_release_0
0.012248 -0.0250000004 0.0303517468 -0.0174290409 synchronous_release_0
0.042809 -0.0250000004 0.0302698656 0.0175708633 synchronous_release_0
0.046603 -0.0250000004 -0.0348858209 -0.00282480045 synchronous_release_1
0.043039 -0.0250000004 0.0281893277 -0.0207451634 synchronous_release_1
0.050578 -0.0250000004 0.0320605023 0.0140400922 synchronous_release_1
0.004552 -0.0250000004 0.0349119714 0.00248077727 synchronous_release_0
0.044297 -0.0250000004 -0.0196044018 0.0289942655 synchronous_release_0
0.047576 -0.0250000004 -0.0553425559 -0.0247427061 synchronous_release_0
0.042724 -0.0250000004 0.00438429513 -0.0347243136 synchronous_release_0
0.050807 -0.0250000004 0.0322642853 -0.0135652458 synchronous_release_0
0.002974 -0.0250000004 0.000538809443 -0.000842427673 synchronous_release_0
0.057199 -0.0250000004 0.0310742776 -0.0161055666 synchronous_release_2
0.04807 -0.0250000004 0.0344256106 0.00631485029 synchronous_release_0
0.042876 -0.0250000004 -0.0344256106 -0.00631485029 synchronous_release_1
0.04411 -0.0250000004 0.00332256735 -0.0348419366 synchronous_release_1
0.002645 -0.0250000004 0.000511965107 -0.000859006245 synchronous_release_0
0.042855 -0.0250000004 -0.000485508325 0.0349966324 synchronous_release_0
0.0036 -0.0250000004 0.000890894014 0.000454211246 synchronous_release_0
0.010704 -0.0250000004 0.0158973936 -0.0311812905 synchronous_release_0
0.048003 -0.0250000004 -0.0190550929 -0.029358192 synchronous_release_0
0.002256 -0.0250000004 0.0301280559 0.0178129235 synchronous_release_0
0.009502 -0.0250000004 -0.000362416331 0.0349981236 synchronous_release_0
0.003508 -0.0250000004 0.0297282397 -0.0184724596 synchronous_release_0
0.042891 -0.0250000004 0.00113349944 0.0349816406 synchronous_release_1
0.059765 -0.0250000004 -0.00742524545 -0.0342033 synchronous_release_0
0.011241 -0.0250000004 0.000955632983 0.000294560013 synchronous_release_0
0.006728 -0.0250000004 -0.00194826399 -0.0349457332 synchronous_release_0
0.053707 -0.0250000004 0.00194826399 0.0349457332 synchronous_release_0
0.046316 -0.0250000004 -0.0312380247 -0.0157856205 synchronous_release_1
0.003266 -0.0250000004 0.0119608341 0.0328928328 synchronous_release_0
0.044821 -0.0250000004 0.0331019469 0.0113693056 synchronous_release_0
0.003834 -0.0250000004 0.0334589959 -0.0102711047 synchronous_release_0
0.043398 -0.0250000004 0.0344037837 -0.00643270302 synchronous_release_0
0.053231 -0.0250000004 0.0329643931 0.0117621761 synchronous_release_0
0.050782 -0.0250000004 0.000951883079 -0.000306461424 synchronous_release_0
0.04695 -0.0250000004 0.0153864309 -0.031436567 synchronous_release_1
0.052867 -0.0250000004 -0.034965333 -0.00155739706 synchronous_release_0
0.008682 -0.0250000004 -0.0246608767 -0.0248362872 synchronous_release_0
0.00301 -0.0250000004 0.0274788882 0.0216774238 synchronous_release_0
0.053293 -0.0250000004 0.0348714007 -0.00299756734 synchronous_release_0
0.046635 -0.0250000004 0.0200316698 0.0287007352 synchronous_release_1
0.043081 -0.0250000004 0.0145436393 -0.0588513598 synchronous_release_0
0.045337 -0.0250000004 0.0106268342 0.0333477195 synchronous_release_0
0.056588 -0.0250000004 0.0341933893 0.00747075136 synchronous_release_0
0.003254 -0.0250000004 0.0308067991 0.0166114759 synchronous_release_0
0.02461 -0.0250000004 0.0222043374 -0.0270548961 synchronous_release_0
0.034745 -0.0250000004 0.034532396 0.00570207223 synchronous_release_0
0.037905 -0.0250000004 -0.0222043374 0.0270548961 synchronous_release_0
0.043211 -0.0250000004 -0.0123280586 -0.0327569683 synchronous_release_0
0.046638 -0.0250000004 0.0567367334 -0.0213528238 synchronous_release_0
0.048696 -0.0250000004 0.0123280586 0.0327569683 synchronous_release_1
0.00523 -0.0250000004 0.0343836865 -0.00653927404 synchronous_release_0
0.043497 -0.0250000004 0.0228550207 0.0265075089 synchronous_release_0
0.042807 -0.0250000004 0.0317858086 -0.0146513607 synchronous_release_0
0.003572 -0.0250000004 0.020242749 0.0285522523 synchronous_release_0
0.004338 -0.0250000004 0.0348483503 -0.00325460873 synchronous_release_0
0.054719 -0.0250000004 -0.0106693425 -0.0333341436 synchronous_release_0
0.044507 -0.0250000004 -0.00714831814 -0.0342622467 synchronous_release_0
0.004427 -0.0250000004 -0.00233192626 -0.0349222296 synchronous_release_0
0.009417 -0.0250000004 0.0267313966 0.0225927518 synchronous_release_1
0.050199 -0.0250000004 0.0175264544 0.0302956003 synchronous_release_0
0.005234 -0.0250000004 -0.00915485322 0.033781484 synchronous_release_0
0.00575 -0.0250000004 0.0338330499 -0.00896240655 synchronous_release_0
0.044157 -0.0250000004 0.0246781967 0.0248190775 synchronous_release_0
0.009539 -0.0250000004 -0.00926571871 0.0337512438 synchronous_release_0
0.043481 -0.0250000004 -0.0245965752 -0.0248999697 synchronous_release_0
0.006252 -0.0250000004 0.0166662796 -0.0307771851 synchronous_release_0
0.05235 -0.0250000004 0.0342112427 0.00738856357 synchronous_release_0
0.044034 -0.0250000004 0.0141820181 0.0319979744 synchronous_release_0
0.049568 -0.0250000004 -0.000808027861 -0.000589144275 synchronous_release_0
0.042943 -0.0250000004 0.0348020677 0.00371699924 synchronous_release_1
0.042632 -0.0250000004 -0.0266564684 -0.0226811087 synchronous_release_1
0.049315 -0.0250000004 0.0266564684 0.0226811087 synchronous_release_1
0.002808 -0.0250000004 0.0272094297 -0.0220146982 synchronous_release_0
0.042829 -0.0250000004 0.0185326885 -0.0296907302 synchronous_release_0
0.05677 -0.0250000004 -0.0164465823 -0.0308951441 synchronous_release_1
0.045907 -0.0250000004 -0.0291462771 0.0193776813 synchronous_release_0
0.055466 -0.0250000004 0.0291462771 -0.0193776813 synchronous_release_0
0.007957 -0.0250000004 -0.0031581448 0.0348572248 synchronous_release_0
0.044105 -0.0250000004 0.0286081698 0.020163646 synchronous_release_0
0.056563 -0.0250000004 -0.0317663146 0.0146935788 synchronous_release_0
0.047791 -0.0250000004 -0.000712405042 -0.00070176852 synchronous_release_0
0.042739 -0.0250000004 0.0343537416 -0.00669480701 synchronous_release_0
0.045952 -0.0250000004 0.0229747437 0.0264038094 synchronous_release_0
0.043356 -0.0250000004 0.0281088341 0.0208540991 synchronous_release_1
0.043268 -0.0250000004 0.0309202552 -0.0163993237 synchronous_release_0
0.050285 -0.0250000004 -0.00125789666 0.0349773884 synchronous_release_0
0.042883 -0.0250000004 0.00574548053 0.0697638119 synchronous_release_0
0.042929 -0.0250000004 0.0340851584 0.00794996724 synchronous_release_0
0.053744 -0.0250000004 0.0033785312 -0.0348365545 synchronous_release_0
0.044998 -0.0250000004 0.0284800755 0.0203441711 synchronous_release_1
0.04346 -0.0250000004 0.00180132309 0.0349536155 synchronous_release_0
0.04386 -0.0250000004 0.0311713805 0.0159168162 synchronous_release_2
0.003083 -0.0250000004 0.0185422797 0.0296847412 synchronous_release_0
0.049544 -0.0250000004 3.47347048e-05 0.000999396568 synchronous_release_0
0.057901 -0.0250000004 0.0349788799 -0.00121571467 synchronous_release_1
0.065824 -0.0250000004 -0.00526523223 0.0346016955 synchronous_release_0
0.00491 -0.0250000004 0.00167420678 -0.0349599347 synchronous_release_0
0.025194 -0.0250000004 0.0311132949 -0.0160300617 synchronous_release_0
0.043276 -0.0250000004 -0.000540853512 0.000841116804 synchronous_release_0
0.046621 -0.0250000004 0.0317513452 0.0147258981 synchronous_release_0
0.002983 -0.0250000004 0.000436900662 -0.000899509762 synchronous_release_0
0.003687 -0.0250000004 -0.0150092643 -0.0316183805 synchronous_release_0
0.043478 -0.0250000004 -0.0150092643 -0.0316183805 synchronous_release_0
0.050631 -0.0250000004 0.0348869529 0.00281078607 synchronous_release_0
0.007539 -0.0250000004 0.0314331192 0.0153934731 synchronous_release_0
0.051216 -0.0250000004 0.00238542082 0.0349186163 synchronous_release_0
0.010562 -0.0250000004 -0.00238542082 -0.0349186163 synchronous_release_1
0.00272 -0.0250000004 0.0349990764 -0.000254261123 synchronous_release_0
0.004291 -0.0250000004 0.0314858288 0.0152853716 synchronous_release_0
0.054795 -0.0250000004 0.000436724902 -0.000899595109 synchronous_release_1
0.002939 -0.0250000004 0.0347903204 -0.00382538974 synchronous_release_0
0.044188 -0.0250000004 0.0166799901 -0.0307697568 synchronous_release_0
0.048491 -0.0250000004 0.0349873861 -0.000939583231 synchronous_release_0
0.0424 -0.0250000004 0.0311914358 -0.0158774789 synchronous_release_1
0.051558 -0.0250000004 -0.0293460179 -0.0190738363 synchronous_release_1
0.002879 -0.0250000004 0.0328811719 -0.0119928535 synchronous_release_0
0.013022 -0.0250000004 0.0266648564 0.0226712468 synchronous_release_0
0.043393 -0.0250000004 0.0329663039 -0.0117568197 synchronous_release_1
0.044259 -0.0250000004 -0.0343089236 -0.00692082065 synchronous_release_0
0.006567 -0.0250000004 0.0128793152 0.0325441737 synchronous_release_0
0.060747 -0.0250000004 -0.0342539105 0.00718815798 synchronous_release_0
0.002867 -0.0250000004 -0.000836350061 0.034990006 synchronous_release_0
0.044412 -0.0250000004 0.029884059 0.0182193034 synchronous_release_0
0.012788 -0.0250000004 -0.00418532575 -0.0347488568 synchronous_release_0
0.04697 -0.0250000004 0.0194293436 -0.0291118637 synchronous_release_0
0.005568 -0.0250000004 0.0143550048 0.031920743 synchronous_release_0
0.045535 -0.0250000004 0.00091202123 -0.000410142995 synchronous_release_0
0.043079 -0.0250000004 0.0249062669 -0.0245901987 synchronous_release_0
0.052166 -0.0250000004 -0.0249062669 0.0245901987 synchronous_release_0
0.042344 -0.0250000004 0.0109254097 -0.0332510966 synchronous_release_0
0.043488 -0.0250000004 0.032193672 0.0137319876 synchronous_release_0
0.00591 -0.0250000004 -0.0104160755 0.0334141493 synchronous_release_0
0.042331 -0.0250000004 0.0104160755 -0.0334141493 synchronous_release_0
0.00298 -0.0250000004 -0.000450067033 -0.000892994773 synchronous_release_0
0.00753 -0.0250000004 -0.00198547658 0.0349436387 synchronous_release_0
0.050737 -0.0250000004 -0.0327430848 0.0123648856 synchronous_release_0
0.065598 -0.0250000004 -0.000935180559 0.000354171318 synchronous_release_0
0.044117 -0.0250000004 -0.0238308463 -0.0256337817 synchronous_release_0
0.00341 -0.0250000004 0.0348491239 -0.00324631575 synchronous_release_1
0.004428 -0.0250000004 0.0349388554 -0.00206794136 synchronous_release_0
0.004689 -0.0250000004 -0.014351298 -0.0319224098 synchronous_release_0
0.03688 -0.0250000004 0.0348212668 0.00353261629 synchronous_release_1
0.051596 -0.0250000004 0.0328470473 -0.0120860036 synchronous_release_0
0.045909 -0.0250000004 -0.0164613305 0.0308872886 synchronous_release_0
0.044223 -0.0250000004 0.000929950117 0.000367685709 synchronous_release_0
0.045919 -0.0250000004 -0.021753115 -0.0274190078 synchronous_release_0
0.046798 -0.0250000004 0.0138377218 0.0321483663 synchronous_release_0
0.056177 -0.0250000004 -0.0138377218 -0.0321483663 synchronous_release_0
0.043174 -0.0250000004 0.011464355 -0.0330691482 synchronous_release_0
0.047882 -0.0250000004 0.0343709 -0.00660615142 synchronous_release_0
0.044047 -0.0250000004 0.0219943728 -0.027225862 synchronous_release_0
0.044401 -0.0250000004 0.0316474165 0.0149479441 synchronous_release_0
0.011078 -0.0250000004 -0.000638459877 0.000769655108 synchronous_release_0
0.042769 -0.0250000004 0.0269379288 0.0223460957 synchronous_release_0
0.044792 -0.0250000004 0.0328212509 -0.0121558828 synchronous_release_0
0.045288 -0.0250000004 0.0345809632 -0.00539972065 synchronous_release_0
0.005242 -0.0250000004 0.0333147307 0.0107298052 synchronous_release_0
0.042654 -0.0250000004 -0.0259922284 -0.0234393699 synchronous_release_0
0.046481 -0.0250000004 -0.00730297563 0.0342296151 synchronous_release_0
0.008959 -0.0250000004 -0.0337790661 -0.00916377082 synchronous_release_0
0.054726 -0.0250000004 0.0248255914 -0.0246716439 synchronous_release_0
0.005776 -0.0250000004 0.0221876718 0.0270685651 synchronous_release_0
0.046606 -0.0250000004 -0.034535901 0.0056808049 synchronous_release_0
0.044138 -0.0250000004 0.0298746404 -0.0182347432 synchronous_release_0
0.057094 -0.0250000004 0.0307290711 0.0167548259 synchronous_release_1
0.043809 -0.0250000004 0.0349645435 0.0015750229 synchronous_release_0
0.053435 -0.0250000004 -0.00088764841 0.000460521769 synchronous_release_1
0.044946 -0.0250000004 0.0318410806 0.0145308494 synchronous_release_1
0.043601 -0.0250000004 -0.000449800178 0.0349971096 synchronous_release_0
0.042154 -0.0250000004 0.0314460443 -0.0153670524 synchronous_release_0
0.043598 -0.0250000004 -0.000616102255 0.00078766618 synchronous_release_0
0.05247 -0.0250000004 0.0275683163 0.0215635789 synchronous_release_0
0.047692 -0.0250000004 0.0113190433 0.0331191675 synchronous_release_0
0.042598 -0.0250000004 0.0325192802 -0.0129420406 synchronous_release_0
0.046834 -0.0250000004 0.027467776 0.0216915025 synchronous_release_1
0.042604 -0.0250000004 0.019397298 -0.0291332255 synchronous_release_0
0.060011 -0.0250000004 -0.0155314644 -0.0313651656 synchronous_release_0
0.046497 -0.0250000004 0.0349287624 0.00223194008 synchronous_release_1
0.044504 -0.0250000004 -0.000315919221 -0.000948786091 synchronous_release_0
0.043989 -0.0250000004 0.024453348 0.0250406424 synchronous_release_0
0.007077 -0.0250000004 0.0318497397 0.0145118601 synchronous_release_0
0.04431 -0.0250000004 0.0284925093 -0.0203267536 synchronous_release_1
0.008432 -0.0250000004 0.0189153963 -0.0294483919 synchronous_release_0
0.049682 -0.0250000004 -0.000995188051 -9.79833829e-05 synchronous_release_0
0.046201 -0.0250000004 0.00495157295 0.0346479714 synchronous_release_0
0.061277 -0.0250000004 0.027859239 0.0211863824 synchronous_release_0
0.042652 -0.0250000004 0.0349977902 0.000393298172 synchronous_release_0
0.043658 -0.0250000004 0.0171582889 0.0305056244 synchronous_release_1
0.045011 -0.0250000004 0.0246993958 -0.0247979808 synchronous_release_0
0.051893 -0.0250000004 -0.00912598342 -0.0337892946 synchronous_release_0
0.04775 -0.0250000004 0.0338253792 0.0089913138 synchronous_release_2
0.042715 -0.0250000004 0.0160313685 0.0311126216 synchronous_release_0
0.004883 -0.0250000004 0.0250545677 -0.0244390801 synchronous_release_0
0.015548 -0.0250000004 0.0336468555 0.00963790001 synchronous_release_0
0.043963 -0.0250000004 0.025170094 -0.0243200816 synchronous_release_0
0.054019 -0.0250000004 -0.0140384371 -0.0320612271 synchronous_release_0
0.043154 -0.0250000004 0.0229143206 0.0264562641 synchronous_release_0
0.007077 -0.0250000004 0.023203093 0.0262033676 synchronous_release_0
0.04311 -0.0250000004 0.0110912355 -0.0331961518 synchronous_release_2
0.002324 -0.0250000004 0.0338324705 -0.00896459378 synchronous_release_0
0.043243 -0.0250000004 0.00915266929 -0.0337820758 synchronous_release_1
0.002949 -0.0250000004 0.0272315489 0.0219873314 synchronous_release_0
0.044566 -0.0250000004 0.0314093331 0.0154419491 synchronous_release_0
0.022627 -0.0250000004 -0.00233154635 -0.034922255 synchronous_release_1
0.044006 -0.0250000004 -0.00917197389 0.0337768396 synchronous_release_0
0.003391 -0.0250000004 -0.000965052561 -0.000262056397 synchronous_release_1
0.0481 -0.0250000004 0.00606320943 0.0344708209 synchronous_release_0
0.006697 -0.0250000004 0.0316522864 -0.0149376292 synchronous_release_0
0.044465 -0.0250000004 0.0287625096 0.0199428695 synchronous_release_0
0.046637 -0.0250000004 0.0292083766 -0.0192839502 synchronous_release_0
0.042609 -0.0250000004 0.0347290946 -0.00434626153 synchronous_release_0
0.055815 -0.0250000004 -0.0211285202 -0.0279031474 synchronous_release_0
0.050228 -0.0250000004 -0.000124178901 -0.000992259845 synchronous_release_1
0.043862 -0.0250000004 0.0434902571 -0.0422326596 synchronous_release_0
0.010368 -0.0250000004 0.0128052164 0.0325734007 synchronous_release_0
0.009204 -0.0250000004 0.034656339 0.00489266431 synchronous_release_0
0.043348 -0.0250000004 0.000787626796 0.000616152603 synchronous_release_0
0.042759 -0.0250000004 -0.00615262584 0.0344549734 synchronous_release_0
0.042539 -0.0250000004 -0.0153076133 -0.0314750215 synchronous_release_0
0.042692 -0.0250000004 0.0325999069 0.0127375849 synchronous_release_0
0.044075 -0.0250000004 -0.000988604 0.000150539467 synchronous_release_0
0.055298 -0.0250000004 -0.0346633007 -0.00484309644 synchronous_release_0
0.043935 -0.0250000004 0.034266162 -0.00712952598 synchronous_release_0
0.050718 -0.0250000004 -0.0109587304 0.0332401298 synchronous_release_1
0.044083 -0.0250000004 0.0221089106 0.0271329333 synchronous_release_1
0.047342 -0.0250000004 0.0236681999 0.0257840321 synchronous_release_0
0.074449 -0.0250000004 -0.0236681999 -0.0257840321 synchronous_release_0
0.042378 -0.0250000004 0.0279585427 -0.0210551631 synchronous_release_0
0.051187 -0.0250000004 0.0322135774 0.0136852267 synchronous_release_0
0.002749 -0.0250000004 0.02996821 -0.0180805528 synchronous_release_0
0.042923 -0.0250000004 0.00665426983 -0.0343616166 synchronous_release_0
0.043446 -0.0250000004 0.0349560991 0.00175246556 synchronous_release_1
0.044871 -0.0250000004 0.0216244615 0.0275205862 synchronous_release_0
0.042598 -0.0250000004 0.0325155917 -0.0129513048 synchronous_release_0
0.063183 -0.0250000004 0.00504163686 -0.0346349808 synchronous_release_0
0.05877 -0.0250000004 0.0274739548 0.021683676 synchronous_release_1
0.066864 -0.0250000004 -0.0274739548 -0.021683676 synchronous_release_1
0.046818 -0.0250000004 0.0274135636 0.0217599755 synchronous_release_0
0.002738 -0.0250000004 0.0204637049 -0.028394309 synchronous_release_1
0.045406 -0.0250000004 0.0305697528 -0.0170437735 synchronous_release_0
0.043056 -0.0250000004 -0.017853275 0.030104162 synchronous_release_0
0.070711 -0.0250000004 0.0305510703 -0.0170772394 synchronous_release_1
0.046053 -0.0250000004 0.024663458 -0.0248337238 synchronous_release_1
0.002639 -0.0250000004 0.0312880162 0.0156863011 synchronous_release_0
0.042687 -0.0250000004 -0.00205927291 -0.0349393674 synchronous_release_0
0.068825 -0.0250000004 0.00099826764 -5.88363688e-05 synchronous_release_1
0.07719 -0.0250000004 0.0292287433 -0.0192530664 synchronous_release_2
0.051119 -0.0250000004 0.0125912522 -0.0326567048 synchronous_release_0
0.013873 -0.0250000004 -0.0306200521 -0.0169532419 synchronous_release_0
0.025649 -0.0250000004 -0.000628087853 -0.0349943639 synchronous_release_1
0.059362 -0.0250000004 0.0299919642 -0.018041122 synchronous_release_1
0.046406 -0.0250000004 0.0231574493 -0.0262437143 synchronous_release_0
0.043102 -0.0250000004 0.00964783356 -0.0336440085 synchronous_release_1
0.056843 -0.0250000004 0.0287130861 -0.0200139624 synchronous_release_0
0.050478 -0.0250000004 -0.0287130861 0.0200139624 synchronous_release_1
0.042616 -0.0250000004 0.0125266726 -0.0326815311 synchronous_release_0
0.04815 -0.0250000004 0.000840897895 -0.000541193801 synchronous_release_0
0.045263 -0.0250000004 0.0163098987 0.0309675186 synchronous_release_1
0.052166 -0.0250000004 -0.0349736071 -0.00135897271 synchronous_release_1
0.043843 -0.0250000004 0.0344301058 -0.0062902955 synchronous_release_0
0.01575 -0.0250000004 0.0143175845 0.0319375449 synchronous_release_0
0.027308 -0.0250000004 -0.000995200663 9.78552023e-05 synchronous_release_0
0.044172 -0.0250000004 0.0284529509 -0.0203820898 synchronous_release_0
0.046272 -0.0250000004 0.0218517978 0.0273404267 synchronous_release_0
0.043814 -0.0250000004 -0.000931269296 -0.000364331577 synchronous_release_1
0.00246 -0.0250000004 -0.0280976086 0.0208692211 synchronous_release_0
0.045659 -0.0250000004 0.0293178371 0.019117124 synchronous_release_1
0.007567 -0.0250000004 -0.00796607157 -0.0340813982 synchronous_release_0
0.046799 -0.0250000004 0.0255323209 -0.0239395195 synchronous_release_1
0.004139 -0.0250000004 0.00878349498 0.0338799383 synchronous_release_0
0.04349 -0.0250000004 -0.00878349498 -0.0338799383 synchronous_release_1
