0.070252 -0.0250000004 -0.0180611352 0.0299799165 asynchronous_release_0
0.044827 -0.0250000004 0.014580101 -0.0318185583 asynchronous_release_0
0.0322 -0.0250000004 0.0333756531 0.010538775 asynchronous_release_0
0.051225 -0.0250000004 0.0290507673 -0.0195205768 asynchronous_release_0
0.062279 -0.0250000004 0.00264954111 -0.0348995692 asynchronous_release_0
0.06281 -0.0250000004 -0.000820896547 0.000571076929 asynchronous_release_0
0.074321 -0.0250000004 -0.029575556 0.0187159421 asynchronous_release_0
0.022204 -0.0250000004 0.0184665839 0.0297318899 asynchronous_release_1
0.040816 -0.0250000004 -0.0244666047 0.0250276897 asynchronous_release_0
0.023854 -0.0250000004 0.000987731782 -0.000156159941 asynchronous_release_0
0.07381 -0.0250000004 0.00526672043 -0.034601469 asynchronous_release_0
0.039425 -0.0250000004 0.00785433012 -0.0341073232 asynchronous_release_0
0.058336 -0.0250000004 -0.0171094854 0.0305330233 asynchronous_release_0
0.057521 -0.0250000004 -0.0349882955 -0.000905086356 asynchronous_release_3
0.054631 -0.0250000004 0.0148684862 -0.0316848247 asynchronous_release_1
0.041295 -0.0250000004 0.0307105042 0.0167888335 asynchronous_release_0
0.058755 -0.0250000004 0.0215036497 0.0276150873 asynchronous_release_1
0.045898 -0.0250000004 -0.0020538149 0.0349396887 asynchronous_release_0
0.056046 -0.0250000004 -0.0349995942 0.000168546293 asynchronous_release_0
0.074865 -0.0250000004 0.00504703135 0.0346341952 asynchronous_release_0
0.016758 -0.0250000004 0.00935594604 -0.0337263439 asynchronous_release_0
0.045317 -0.0250000004 -0.00451956772 0.0347069663 asynchronous_release_3
0.07166 -0.0250000004 -0.00486593905 0.0346601015 asynchronous_release_1
0.058645 -0.0250000004 -0.0149240314 -0.0316587 asynchronous_release_0
0.044948 -0.0250000004 0.0343198417 -0.00686647381 asynchronous_release_0
0.066808 -0.0250000004 0.000968968055 0.000247185981 asynchronous_release_0
0.007932 -0.0250000004 0.0334625916 0.0102593841 asynchronous_release_3
0.04011 -0.0250000004 -0.000827379151 -0.000561643785 asynchronous_release_0
0.064707 -0.0250000004 0.0152498315 0.0315030576 asynchronous_release_0
0.037611 -0.0250000004 -0.0345222549 0.00576315134 asynchronous_release_0
0.020152 -0.0250000004 -0.00589164885 0.0345005576 asynchronous_release_0
0.038007 -0.0250000004 -0.00719804511 -0.0342518342 asynchronous_release_0
0.066505 -0.0250000004 -0.0330147638 -0.0116200419 asynchronous_release_0
0.063108 -0.0250000004 -0.0181512105 0.0299254667 asynchronous_release_2
0.020799 -0.0250000004 0.0261554539 0.0232570899 asynchronous_release_0
0.04719 -0.0250000004 0.00706350368 -0.0342798325 asynchronous_release_0
0.072556 -0.0250000004 -0.0261554539 -0.0232570899 asynchronous_release_0
0.043422 -0.0250000004 0.023612762 0.0258348112 asynchronous_release_0
0.077636 -0.0250000004 -0.0348061798 -0.00367829372 asynchronous_release_0
0.010652 -0.0250000004 0.0121631123 -0.0328185725 asynchronous_release_0
0.034433 -0.0250000004 6.40676551e-05 0.000997945557 asynchronous_release_0
0.05875 -0.0250000004 -0.0349518067 0.001836086 asynchronous_release_0
0.034487 -0.0250000004 -0.0349836967 -0.00106815858 asynchronous_release_0
0.06829 -0.0250000004 0.022889279 0.0264779324 asynchronous_release_0
0.020749 -0.0250000004 -0.0312517313 -0.0157584673 asynchronous_release_0
0.047877 -0.0250000004 0.0292730986 -0.0191855596 asynchronous_release_0
0.062989 -0.0250000004 0.0207211617 -0.0282069754 asynchronous_release_0
0.054608 -0.0250000004 -0.0331587067 0.0112026859 asynchronous_release_0
0.068858 -0.0250000004 -0.0340156067 -0.00824248135 asynchronous_release_0
0.065706 -0.0250000004 0.0186095766 0.0296425987 asynchronous_release_0
0.079121 -0.0250000004 0.0335695399 0.00990383712 asynchronous_release_0
0.058329 -0.0250000004 -0.0344288615 -0.00629710192 asynchronous_release_0
0.073542 -0.0250000004 0.022667881 -0.0266677178 asynchronous_release_0
0.056688 -0.0250000004 0.0343763104 0.00657793925 asynchronous_release_0
0.026198 -0.0250000004 -0.0322673439 0.0135579689 asynchronous_release_0
0.056551 -0.0250000004 0.0314161865 0.0154280014 asynchronous_release_1
0.053677 -0.0250000004 -0.00903562695 -0.033813569 asynchronous_release_0
0.055231 -0.0250000004 0.000770054696 -0.000637977872 asynchronous_release_0
0.055275 -0.0250000004 -0.0292486629 -0.0192227917 asynchronous_release_0
0.078007 -0.0250000004 -0.000549222619 0.000835676083 asynchronous_release_3
0.051539 -0.0250000004 0.0333935801 -0.0104818321 asynchronous_release_0
0.0742 -0.0250000004 0.00921127255 0.0337661437 asynchronous_release_0
0.0613 -0.0250000004 -0.0346107044 -0.00520568366 asynchronous_release_0
0.078187 -0.0250000004 -0.0158858898 0.0311871529 asynchronous_release_0
0.056353 -0.0250000004 0.0255932099 -0.0238744132 asynchronous_release_0
0.018214 -0.0250000004 -0.00854755472 0.0339402314 asynchronous_release_0
0.071069 -0.0250000004 0.0321728459 0.0137807106 asynchronous_release_0
0.071674 -0.0250000004 0.0346178083 -0.00515823134 asynchronous_release_4
0.064566 -0.0250000004 0.00514374857 0.0346199632 asynchronous_release_0
0.031952 -0.0250000004 -0.0286408872 -0.0201171464 asynchronous_release_0
0.054554 -0.0250000004 -0.000250619017 0.0349991027 asynchronous_release_0
0.078255 -0.0250000004 -0.0238003986 0.0256620542 asynchronous_release_0
0.040417 -0.0250000004 0.00600991831 -0.034480152 asynchronous_release_0
0.049035 -0.0250000004 -0.000765604403 -0.000643311665 asynchronous_release_0
0.015658 -0.0250000004 -0.0304231526 0.0173040974 asynchronous_release_0
0.042238 -0.0250000004 0.0142305161 -0.0319764352 asynchronous_release_2
0.054071 -0.0250000004 -0.000972104821 -0.000234546832 asynchronous_release_2
0.01612 -0.0250000004 0.0296980778 0.0185209118 asynchronous_release_1
0.052012 -0.0250000004 0.0349999383 6.57267711e-05 asynchronous_release_0
0.075126 -0.0250000004 0.000456710945 0.000889615149 asynchronous_release_0
0.050727 -0.0250000004 0.000815546534 -0.000578691499 asynchronous_release_0
0.045759 -0.0250000004 0.0202542025 0.0285441287 asynchronous_release_2
0.064311 -0.0250000004 -0.0131228804 0.0324467257 asynchronous_release_0
0.011611 -0.0250000004 0.00966875718 0.0336380013 asynchronous_release_0
0.067623 -0.0250000004 0.00470675195 -0.0346820773 asynchronous_release_0
0.021523 -0.0250000004 -0.0266180256 0.022726212 asynchronous_release_0
0.07154 -0.0250000004 -0.00347715926 -0.0348268483 asynchronous_release_0
0.072534 -0.0250000004 0.0251609186 -0.0243295741 asynchronous_release_0
0.03583 -0.0250000004 0.000549702906 -0.000835360231 asynchronous_release_0
0.055504 -0.0250000004 -0.00560749134 -0.0345478804 asynchronous_release_0
0.078383 -0.0250000004 -0.000775910435 0.000630843085 asynchronous_release_0
0.058849 -0.0250000004 -0.0240404923 -0.0254372705 asynchronous_release_1
0.074424 -0.0250000004 0.0325909727 0.012760427 asynchronous_release_0
0.046132 -0.0250000004 0.034364643 0.0066386228 asynchronous_release_0
0.066215 -0.0250000004 0.014750692 0.0317398344 asynchronous_release_0
0.045918 -0.0250000004 0.0157311027 0.0312655147 asynchronous_release_0
0.063694 -0.0250000004 0.0349422813 0.0020092228 asynchronous_release_0
0.049116 -0.0250000004 0.0236538514 -0.0257971959 asynchronous_release_0
0.038599 -0.0250000004 0.0288980368 0.0197459735 asynchronous_release_1
0.054872 -0.0250000004 0.0303451108 -0.0174405921 asynchronous_release_0
0.067183 -0.0250000004 0.0223231297 -0.0269569634 asynchronous_release_0
0.046067 -0.0250000004 -0.00503375559 0.0346361272 asynchronous_release_0
0.041928 -0.0250000004 -0.0200316698 -0.0287007352 asynchronous_release_0
0.047954 -0.0250000004 0.00344092747 -0.0348304467 asynchronous_release_4
0.032701 -0.0250000004 -0.00101743942 -0.0349852085 asynchronous_release_0
0.055322 -0.0250000004 0.0290775749 -0.0194806222 asynchronous_release_0
0.070771 -0.0250000004 -0.0175264544 -0.0302956003 asynchronous_release_0
0.047505 -0.0250000004 0.0165881246 -0.030819379 asynchronous_release_2
0.041814 -0.0250000004 -0.0107069376 -0.0333220871 asynchronous_release_0
0.056519 -0.0250000004 -0.0206200496 0.0282809751 asynchronous_release_0
0.07912 -0.0250000004 -0.0272094297 0.0220146982 asynchronous_release_1
0.055943 -0.0250000004 -0.0212974435 0.0277744289 asynchronous_release_0
0.058204 -0.0250000004 -0.0256941295 -0.0237657676 asynchronous_release_0
0.058685 -0.0250000004 0.0231480683 -0.0262519891 asynchronous_release_3
0.04915 -0.0250000004 -0.0221481562 0.0271009073 asynchronous_release_0
0.057609 -0.0250000004 -0.01461317 0.0318033844 asynchronous_release_0
0.06919 -0.0250000004 0.020922441 -0.0280580017 asynchronous_release_0
0.049062 -0.0250000004 -0.0349508073 -0.00185501234 asynchronous_release_0
0.070118 -0.0250000004 0.000154277733 0.00098802752 asynchronous_release_0
0.077591 -0.0250000004 0.0342839432 0.00704352444 asynchronous_release_0
0.061085 -0.0250000004 -0.0298746404 0.0182347432 asynchronous_release_1
0.064355 -0.0250000004 0.0188462816 -0.0294926715 asynchronous_release_0
0.022696 -0.0250000004 0.0232244461 -0.0261844439 asynchronous_release_0
0.077016 -0.0250000004 -0.0325192802 0.0129420406 asynchronous_release_0
0.01885 -0.0250000004 -0.00863758038 -0.0339174322 asynchronous_release_0
0.068586 -0.0250000004 -0.000969069491 0.000246788011 asynchronous_release_0
0.068599 -0.0250000004 -0.00915266929 0.0337820758 asynchronous_release_0
0.077123 -0.0250000004 -0.0313045791 -0.0156532211 asynchronous_release_3
0.061353 -0.0250000004 -0.0318706145 -0.0144659577 asynchronous_release_3
0.049233 -0.0250000004 0.0329151952 -0.0118991564 asynchronous_release_0
0.075108 -0.0250000004 -0.024004727 0.0254710243 asynchronous_release_0
0.054158 -0.0250000004 -0.00087181345 0.000489838044 asynchronous_release_0
0.062909 -0.0250000004 0.0300648583 0.0179193833 asynchronous_release_0
0.053643 -0.0250000004 -0.024663458 0.0248337238 asynchronous_release_0
0.007986 -0.0250000004 -0.0220396999 -0.0271891822 asynchronous_release_0
0.006512 -0.0250000004 0.0176165458 -0.030243302 asynchronous_release_0
0.053804 -0.0250000004 -0.0344588856 -0.00613067749 asynchronous_release_0
