0.217047 -0.0250000004 0.009628544 -0.033649534 asynchronous_release_0
0.5831 -0.0250000004 0.0339556233 -0.00848620331 asynchronous_release_0
0.454835 -0.0250000004 -0.00884202449 -0.0599734825 asynchronous_release_0
0.55347 -0.0250000004 0.0346257063 -0.00510494522 asynchronous_release_0
0.567014 -0.0250000004 0.0217338654 0.0274342686 asynchronous_release_0
0.467137 -0.0250000004 -0.0345152519 0.00580494474 asynchronous_release_0
0.256964 -0.0250000004 0.0122599491 0.0327825205 asynchronous_release_0
0.545918 -0.0250000004 -0.0345204701 -0.00577383288 asynchronous_release_0
0.396175 -0.0250000004 -0.00697339291 0.0342982768 asynchronous_release_0
0.192484 -0.0250000004 -0.00514007364 0.034620509 asynchronous_release_0
0.517035 -0.0250000004 0.0274122035 0.0217616888 asynchronous_release_0
0.32802 -0.0250000004 0.0342797218 0.00706404064 asynchronous_release_0
0.508713 -0.0250000004 -0.0232574996 0.0261550896 asynchronous_release_0
0.11356 -0.0250000004 0.00039245288 0.000919772111 asynchronous_release_0
0.185812 -0.0250000004 -0.0279916077 -0.0210111851 asynchronous_release_0
0.280323 -0.0250000004 0.0042004162 -0.0347470359 asynchronous_release_0
0.566947 -0.0250000004 0.0321920239 -0.0137358508 asynchronous_release_0
0.38851 -0.0250000004 0.000205664806 0.000978622495 asynchronous_release_0
0.44827 -0.0250000004 -0.0284737086 -0.0203530813 asynchronous_release_0
0.586513 -0.0250000004 -0.0603368484 -0.00587066694 asynchronous_release_1
0.496981 -0.0250000004 -0.0262009222 -0.0232058543 asynchronous_release_0
0.54163 -0.0250000004 0.0132864736 -0.0323800806 asynchronous_release_0
0.236935 -0.0250000004 0.0269007132 -0.0223908828 asynchronous_release_0
0.519609 -0.0250000004 0.0328414299 0.0121012596 asynchronous_release_1
0.234142 -0.0250000004 0.024818677 -0.0246785994 asynchronous_release_0
0.422894 -0.0250000004 -0.0280326749 -0.0209563627 asynchronous_release_0
0.446 -0.0250000004 0.0319200883 -0.0143564607 asynchronous_release_1
0.29909 -0.0250000004 -0.0298974955 -0.018197246 asynchronous_release_1
0.118092 -0.0250000004 -0.000849849952 0.000527024724 asynchronous_release_0
0.430772 -0.0250000004 -0.0349826403 0.00110221382 asynchronous_release_0
0.560662 -0.0250000004 -0.0574203842 0.0194396369 asynchronous_release_0
0.125642 -0.0250000004 -0.0115348537 0.0330446236 asynchronous_release_0
0.438428 -0.0250000004 -0.0218606655 0.0273333369 asynchronous_release_0
0.380207 -0.0250000004 0.0338866234 -0.00875766829 asynchronous_release_0
0.322599 -0.0250000004 0.0241326611 -0.0253498455 asynchronous_release_0
0.529608 -0.0250000004 0.0340199408 0.0082245748 asynchronous_release_0
0.297679 -0.0250000004 0.0181705794 -0.02991371 asynchronous_release_0
0.129666 -0.0250000004 0.029044136 -0.0195304419 asynchronous_release_0
0.462949 -0.0250000004 0.0314359269 0.0153877387 asynchronous_release_0
0.320628 -0.0250000004 -0.018860125 0.0294838207 asynchronous_release_0
0.317091 -0.0250000004 0.0078921105 0.034098601 asynchronous_release_0
0.465475 -0.0250000004 -0.03347631 -0.0102145323 asynchronous_release_0
0.424031 -0.0250000004 0.0223043426 -0.0269725101 asynchronous_release_0
0.459849 -0.0250000004 0.0345110503 0.00582987221 asynchronous_release_0
0.440791 -0.0250000004 0.0104255731 0.0334111871 asynchronous_release_0
0.552696 -0.0250000004 0.000587072065 0.000809534675 asynchronous_release_0
0.373638 -0.0250000004 0.000292391314 -0.000956298761 asynchronous_release_0
0.469927 -0.0250000004 0.0590683256 -0.0136357217 asynchronous_release_0
0.390533 -0.0250000004 0.0349430039 0.00199661744 asynchronous_release_0
0.548872 -0.0250000004 0.0192006234 -0.0292632203 asynchronous_release_0
0.530658 -0.0250000004 0.0603493963 -0.00574024118 asynchronous_release_0
0.280579 -0.0250000004 0.0277984494 -0.0212660813 asynchronous_release_0
0.541492 -0.0250000004 -0.0111901543 -0.0331629378 asynchronous_release_0
0.263989 -0.0250000004 0.0114390949 0.0330778945 asynchronous_release_0
0.277335 -0.0250000004 -0.0349999534 5.71264017e-05 asynchronous_release_0
0.330732 -0.0250000004 0.0175494496 0.0302822856 asynchronous_release_0
0.401626 -0.0250000004 -0.0174505038 0.030339412 asynchronous_release_0
0.32934 -0.0250000004 -0.0136401522 -0.0322326891 asynchronous_release_0
0.16491 -0.0250000004 -0.019237204 -0.0292391857 asynchronous_release_0
0.388339 -0.0250000004 0.019237204 0.0292391857 asynchronous_release_0
0.587305 -0.0250000004 -0.0331098755 -0.0113461952 asynchronous_release_0
0.323863 -0.0250000004 0.026381031 -0.0230008957 asynchronous_release_1
0.189834 -0.0250000004 0.0428911898 -0.0553203926 asynchronous_release_0
0.210809 -0.0250000004 0.000973644249 0.000228072086 asynchronous_release_0
0.588956 -0.0250000004 -0.000494426083 -0.0349965076 asynchronous_release_0
0.491004 -0.0250000004 -0.0132211722 0.0591624932 asynchronous_release_0
0.533593 -0.0250000004 0.0518325914 -0.0314385507 asynchronous_release_0
0.447906 -0.0250000004 -0.000998201827 5.99425717e-05 asynchronous_release_0
0.155571 -0.0250000004 -0.0146296223 -0.0317958197 asynchronous_release_1
0.232171 -0.0250000004 -0.0190416503 0.0293669126 asynchronous_release_0
0.139517 -0.0250000004 0.0163833127 0.0309287417 asynchronous_release_0
0.231173 -0.0250000004 0.0349928594 -0.000706959624 asynchronous_release_0
0.435968 -0.0250000004 -2.01988464e-05 -0.000999795982 asynchronous_release_0
0.543665 -0.0250000004 -0.0349928594 0.000706959624 asynchronous_release_0
0.273784 -0.0250000004 -0.000394103977 0.00091906586 asynchronous_release_0
0.463353 -0.0250000004 -0.0321673051 -0.0137936392 asynchronous_release_0
0.29705 -0.0250000004 0.00492924715 -0.0346511547 asynchronous_release_0
0.328782 -0.0250000004 0.0275441567 0.0215944306 asynchronous_release_0
0.580991 -0.0250000004 -0.0600175605 -0.00853770651 asynchronous_release_0
0.226424 -0.0250000004 -0.0324734038 0.0130567241 asynchronous_release_1
0.558708 -0.0250000004 0.0349998888 8.82156147e-05 asynchronous_release_0
0.554666 -0.0250000004 0.0287531954 -0.0199562961 asynchronous_release_0
0.588709 -0.0250000004 0.0633185142 0.0298456993 asynchronous_release_0
0.226812 -0.0250000004 -0.0315205273 0.0152136898 asynchronous_release_0
0.452869 -0.0250000004 -0.00258482176 0.0349044223 asynchronous_release_0
0.518436 -0.0250000004 -0.0289357055 -0.0196907325 asynchronous_release_0
0.536047 -0.0250000004 -0.0341053491 0.0501181121 asynchronous_release_0
0.485747 -0.0250000004 -0.0321095523 -0.0139275501 asynchronous_release_1
0.354471 -0.0250000004 -0.00987097778 -0.0335792168 asynchronous_release_0
0.178817 -0.0250000004 0.0310209514 -0.0162080403 asynchronous_release_0
0.190588 -0.0250000004 0.00275346118 0.0348915241 asynchronous_release_0
0.260588 -0.0250000004 -0.0288402156 0.0198303294 asynchronous_release_0
0.314645 -0.0250000004 -0.0260867544 0.0547218534 asynchronous_release_0
0.274772 -0.0250000004 -0.0554267154 0.0245535989 asynchronous_release_0
0.405366 -0.0250000004 0.00907202676 0.0599391219 asynchronous_release_0
0.429749 -0.0250000004 -0.0103404483 0.0334376304 asynchronous_release_1
0.174228 -0.0250000004 0.034405182 -0.00642522019 asynchronous_release_0
0.450975 -0.0250000004 0.046043369 -0.0394335919 asynchronous_release_0
0.537616 -0.0250000004 0.0349778344 0.00124543055 asynchronous_release_1
0.494533 -0.0250000004 -0.016009673 -0.0584695679 asynchronous_release_0
0.215546 -0.0250000004 0.033762727 -0.00922378791 asynchronous_release_0
0.531965 -0.0250000004 0.000454868468 -0.000890558632 asynchronous_release_0
0.513188 -0.0250000004 0.0604672175 0.00432615421 asynchronous_release_0
0.198905 -0.0250000004 0.0657806094 0.0239355684 asynchronous_release_0
0.430751 -0.0250000004 0.0268095575 -0.0224999473 asynchronous_release_1
0.311297 -0.0250000004 -0.0326066638 0.0127202781 asynchronous_release_0
0.346551 -0.0250000004 0.00528724795 -0.0345983382 asynchronous_release_0
0.503721 -0.0250000004 -0.0273194159 -0.0218780602 asynchronous_release_3
0.153384 -0.0250000004 -0.00220174664 -0.0349306787 asynchronous_release_0
0.168767 -0.0250000004 -0.0291499818 0.0193721079 asynchronous_release_0
0.573053 -0.0250000004 0.0262814962 -0.054628591 asynchronous_release_0
0.203943 -0.0250000004 0.028910664 -0.0197274811 asynchronous_release_2
0.347083 -0.0250000004 0.00415121182 0.0347529487 asynchronous_release_0
0.261725 -0.0250000004 -0.000599186549 -0.000800609442 asynchronous_release_1
0.147356 -0.0250000004 -0.0304849582 0.0171949795 asynchronous_release_0
0.166154 -0.0250000004 -0.000508664529 0.000860964806 asynchronous_release_0
0.188746 -0.0250000004 0.000351190028 -0.034998238 asynchronous_release_0
0.425817 -0.0250000004 0.000351190028 -0.034998238 asynchronous_release_1
0.341012 -0.0250000004 -0.0322895712 -0.0135049469 asynchronous_release_0
0.418372 -0.0250000004 0.0122351258 0.0327917931 asynchronous_release_0
0.534536 -0.0250000004 -0.0200127176 0.0572231695 asynchronous_release_0
0.117111 -0.0250000004 -0.0122102878 0.0328010499 asynchronous_release_0
0.318574 -0.0250000004 0.0223013985 0.0269749444 asynchronous_release_0
0.565484 -0.0250000004 -0.0086611155 0.0339114299 asynchronous_release_1
0.232096 -0.0250000004 0.00298893824 -0.0348721414 asynchronous_release_0
0.528497 -0.0250000004 0.0347002691 0.00457070301 asynchronous_release_0
0.331936 -0.0250000004 0.0236758892 0.0257769717 asynchronous_release_0
0.473389 -0.0250000004 0.0377991035 -0.0473943855 asynchronous_release_0
0.422325 -0.0250000004 0.0325545106 0.0128531645 asynchronous_release_0
0.449808 -0.0250000004 -0.0274084223 0.021766451 asynchronous_release_0
0.260665 -0.0250000004 0.00659984309 0.0343721118 asynchronous_release_0
0.323578 -0.0250000004 0.0396668867 0.045842536 asynchronous_release_0
0.390423 -0.0250000004 0.0194065615 0.0291270556 asynchronous_release_0
0.500145 -0.0250000004 0.0349280509 -0.00224304743 asynchronous_release_0
0.237501 -0.0250000004 0.0289713624 -0.0196382321 asynchronous_release_0
0.437362 -0.0250000004 0.0321785037 0.0137674944 asynchronous_release_0
0.524642 -0.0250000004 -0.0275182784 0.0216273983 asynchronous_release_0
0.472271 -0.0250000004 -0.020931202 0.0280514667 asynchronous_release_0
0.10701 -0.0250000004 0.026842719 -0.0224603748 asynchronous_release_0
0.432602 -0.0250000004 -0.000641724995 -0.000766934828 asynchronous_release_0
0.292799 -0.0250000004 0.0200780328 -0.0286683205 asynchronous_release_0
0.305272 -0.0250000004 0.0280369129 -0.0209506925 asynchronous_release_0
0.436677 -0.0250000004 -0.00516099966 -0.0346173957 asynchronous_release_0
0.455605 -0.0250000004 0.0091078011 -0.0337942001 asynchronous_release_0
0.328896 -0.0250000004 -0.000908539604 0.000417798741 asynchronous_release_0
0.463483 -0.0250000004 0.0146229559 0.0317988861 asynchronous_release_0
0.406274 -0.0250000004 0.0202271653 -0.0285632944 asynchronous_release_2
0.438118 -0.0250000004 0.0262575007 -0.0231418162 asynchronous_release_0
0.524992 -0.0250000004 -0.0331701511 -0.0111687545 asynchronous_release_0
0.342621 -0.0250000004 0.0301732713 -0.0177362257 asynchronous_release_0
0.437623 -0.0250000004 0.000805153933 0.000593065885 asynchronous_release_0
0.576722 -0.0250000004 0.0140262786 0.0320665481 asynchronous_release_0
0.459186 -0.0250000004 0.000511650601 0.000859193612 asynchronous_release_0
0.113386 -0.0250000004 -0.000472696454 -0.0349968078 asynchronous_release_1
0.347864 -0.0250000004 0.0293345988 0.0190913937 asynchronous_release_0
0.162111 -0.0250000004 0.00808493612 0.0340533964 asynchronous_release_0
0.329642 -0.0250000004 0.0335335744 0.0100249381 asynchronous_release_0
0.437044 -0.0250000004 -0.026410112 0.0229674984 asynchronous_release_0
0.223132 -0.0250000004 0.033881677 -0.00877678558 asynchronous_release_0
0.515668 -0.0250000004 0.0133438989 -0.0323564578 asynchronous_release_0
0.522954 -0.0250000004 0.0346934639 -0.00462207348 asynchronous_release_0
0.527997 -0.0250000004 0.000792410981 -0.000609987571 asynchronous_release_0
0.220442 -0.0250000004 0.0108791623 -0.0332662566 asynchronous_release_0
0.512683 -0.0250000004 -0.000964652727 -0.000263524413 asynchronous_release_0
0.124794 -0.0250000004 0.0169717921 0.0306097741 asynchronous_release_0
0.347598 -0.0250000004 -0.0349947381 -0.000606883942 asynchronous_release_1
0.214723 -0.0250000004 0.0025035866 -0.0349103431 asynchronous_release_0
0.510539 -0.0250000004 -0.000997438374 -7.15310456e-05 asynchronous_release_0
0.38368 -0.0250000004 0.0330610679 -0.0114876365 asynchronous_release_0
0.52801 -0.0250000004 0.0344510473 0.006174572 asynchronous_release_0
0.439439 -0.0250000004 0.0130215255 0.0324875341 asynchronous_release_0
0.476277 -0.0250000004 0.026043051 0.0649750682 asynchronous_release_0
0.308093 -0.0250000004 -0.0222512197 0.027016351 asynchronous_release_0
0.356631 -0.0250000004 0.0345224561 0.00576194602 asynchronous_release_0
0.327514 -0.0250000004 -0.0195970385 0.0289992428 asynchronous_release_0
0.40937 -0.0250000004 0.0195970385 -0.0289992428 asynchronous_release_0
0.590975 -0.0250000004 -0.0190843878 -0.0293391571 asynchronous_release_0
0.519879 -0.0250000004 0.0331166195 0.0113264959 asynchronous_release_1
0.413907 -0.0250000004 -0.00032361417 0.00094618913 asynchronous_release_2
0.500349 -0.0250000004 -0.00857348678 -0.0339336901 asynchronous_release_0
0.359329 -0.0250000004 -0.000667908194 -0.0349936265 asynchronous_release_0
0.436514 -0.0250000004 0.0612786473 0.0338367756 asynchronous_release_0
0.505929 -0.0250000004 -0.000483382509 0.000875409247 asynchronous_release_3
0.532313 -0.0250000004 -0.0188968152 0.0294603186 asynchronous_release_0
0.563885 -0.0250000004 0.0346783625 -0.00473404395 asynchronous_release_0
0.535315 -0.0250000004 0.00163646342 0.0349617217 asynchronous_release_0
0.430305 -0.0250000004 0.0109595327 -0.0332398653 asynchronous_release_0
0.475789 -0.0250000004 0.0233068014 0.0261111664 asynchronous_release_0
0.313058 -0.0250000004 -0.0264985939 -0.0228653563 asynchronous_release_0
0.533248 -0.0250000004 0.00208683782 -0.0349377319 asynchronous_release_0
0.569828 -0.0250000004 0.0339255463 -0.00860565562 asynchronous_release_0
0.401582 -0.0250000004 0.0302210103 0.0176547595 asynchronous_release_0
0.242112 -0.0250000004 -0.00594716623 -0.0344910309 asynchronous_release_0
0.251283 -0.0250000004 0.0328436921 0.0120951184 asynchronous_release_0
0.311705 -0.0250000004 -0.0268965259 0.0223959125 asynchronous_release_0
0.44118 -0.0250000004 0.0161693785 0.0310411211 asynchronous_release_0
0.55398 -0.0250000004 0.0343489661 0.0067192655 asynchronous_release_0
0.303677 -0.0250000004 -0.0289812948 0.0196235713 asynchronous_release_0
0.325651 -0.0250000004 -0.00986725725 0.0335803102 asynchronous_release_0
0.439616 -0.0250000004 -0.000553906312 -0.000832579004 asynchronous_release_0
0.580584 -0.0250000004 0.0313595254 0.0155428494 asynchronous_release_0
0.452582 -0.0250000004 -0.0331740926 -0.0111570416 asynchronous_release_1
0.296168 -0.0250000004 -0.034680184 -0.00472068159 asynchronous_release_0
0.564896 -0.0250000004 -0.0330155181 -0.0116178983 asynchronous_release_0
0.340799 -0.0250000004 0.0201201306 -0.0286387909 asynchronous_release_0
0.428106 -0.0250000004 8.87185368e-05 -0.000996056736 asynchronous_release_0
0.519662 -0.0250000004 0.0348619858 0.00310514879 asynchronous_release_0
0.145731 -0.0250000004 -0.0282497161 -0.0206628542 asynchronous_release_0
0.092176 -0.0250000004 -0.000987165143 -0.000159702791 asynchronous_release_0
0.356043 -0.0250000004 0.0271270544 0.0221161236 asynchronous_release_0
0.410262 -0.0250000004 -0.0198520581 0.028825263 asynchronous_release_1
0.272226 -0.0250000004 0.0343978282 -0.00646447355 asynchronous_release_0
0.312701 -0.0250000004 0.0116005158 -0.0330216298 asynchronous_release_1
0.352442 -0.0250000004 0.0276230826 -0.0214933782 asynchronous_release_0
0.275025 -0.0250000004 8.01896272e-05 -0.000996779626 asynchronous_release_0
0.485064 -0.0250000004 -0.0348872869 -0.00280663695 asynchronous_release_0
0.285468 -0.0250000004 0.0289345812 0.0196923846 asynchronous_release_0
0.34301 -0.0250000004 0.0260905896 -0.0233298335 asynchronous_release_0
0.439721 -0.0250000004 -0.00715893368 -0.0342600302 asynchronous_release_0
0.158989 -0.0250000004 -0.0278435692 -0.0212069719 asynchronous_release_0
0.459127 -0.0250000004 0.000385992922 0.000922501742 asynchronous_release_0
0.307251 -0.0250000004 0.0348961342 -0.0026944049 asynchronous_release_0
0.476717 -0.0250000004 0.0338024285 0.00907721469 asynchronous_release_0
0.372586 -0.0250000004 -0.0029519974 0.034875288 asynchronous_release_0
0.46539 -0.0250000004 -0.0106299039 -0.0333467411 asynchronous_release_0
0.164147 -0.0250000004 -0.000984253672 0.000176761729 asynchronous_release_0
0.454879 -0.0250000004 -0.0267402737 0.0225822444 asynchronous_release_0
0.219007 -0.0250000004 0.00371281001 0.0348025149 asynchronous_release_0
0.514814 -0.0250000004 0.031996267 0.0141858696 asynchronous_release_0
0.552159 -0.0250000004 -0.031996267 -0.0141858696 asynchronous_release_0
0.393351 -0.0250000004 0.0179988037 0.0300173794 asynchronous_release_0
0.204298 -0.0250000004 0.0319695995 0.0142458664 asynchronous_release_1
0.220167 -0.0250000004 0.0333530566 0.0106100714 asynchronous_release_0
0.349545 -0.0250000004 0.000778892696 -0.000627157211 asynchronous_release_0
0.521714 -0.0250000004 0.0325366221 -0.0128983807 asynchronous_release_0
0.216429 -0.0250000004 -0.031813063 0.0145920876 asynchronous_release_0
0.479174 -0.0250000004 0.031813063 -0.0145920876 asynchronous_release_0
0.572717 -0.0250000004 0.018368502 0.0297925852 asynchronous_release_0
0.264375 -0.0250000004 0.0249786761 0.0245166421 asynchronous_release_1
0.344143 -0.0250000004 0.0268062205 -0.0225039228 asynchronous_release_0
0.452188 -0.0250000004 0.00608585859 0.0344668293 asynchronous_release_0
0.20862 -0.0250000004 -0.00858058461 -0.033931896 asynchronous_release_0
0.147724 -0.0250000004 0.034654115 0.0049083924 asynchronous_release_0
0.279392 -0.0250000004 -0.02157785 0.0275571477 asynchronous_release_0
0.353584 -0.0250000004 0.02157785 -0.0275571477 asynchronous_release_0
0.205174 -0.0250000004 -0.0321486481 -0.0621809008 asynchronous_release_0
0.360627 -0.0250000004 -0.051036606 -0.0327149026 asynchronous_release_0
0.401367 -0.0250000004 0.0137388483 -0.0321907447 asynchronous_release_0
0.246823 -0.0250000004 -0.0349538463 0.00179683778 asynchronous_release_0
0.511124 -0.0250000004 -0.015920816 0.0311693378 asynchronous_release_0
0.130206 -0.0250000004 -0.00097708815 0.000212835025 asynchronous_release_0
0.185329 -0.0250000004 -0.00738347962 -0.0342123403 asynchronous_release_0
0.479994 -0.0250000004 -0.0333204956 -0.0107118892 asynchronous_release_0
0.306837 -0.0250000004 0.00738347962 0.0342123403 asynchronous_release_3
0.328617 -0.0250000004 -0.000947999336 -0.000318272303 asynchronous_release_0
0.417326 -0.0250000004 0.0343044681 -0.00694287189 asynchronous_release_0
0.243988 -0.0250000004 -0.0349985812 0.000315144479 asynchronous_release_0
0.538441 -0.0250000004 0.0349659059 0.00154448236 asynchronous_release_0
0.159917 -0.0250000004 -0.0269343648 0.0223503914 asynchronous_release_0
0.594763 -0.0250000004 -0.0328231891 -0.0121506484 asynchronous_release_0
0.323961 -0.0250000004 0.000899945568 -0.000436002264 asynchronous_release_0
0.468116 -0.0250000004 0.00438803149 -0.0604627586 asynchronous_release_0
0.300984 -0.0250000004 -0.0333737703 0.0105447359 asynchronous_release_0
0.450457 -0.0250000004 -0.000300835351 0.000953676094 asynchronous_release_0
0.566203 -0.0250000004 -0.0258079186 0.0236421517 asynchronous_release_0
0.596308 -0.0250000004 0.0141085992 0.0320304141 asynchronous_release_0
0.178414 -0.0250000004 -0.0087596034 -0.0338861232 asynchronous_release_0
0.303654 -0.0250000004 0.0175192068 0.0677722465 asynchronous_release_4
0.33803 -0.0250000004 0.0337445776 0.00928996685 asynchronous_release_0
0.358256 -0.0250000004 0.0298751096 0.0527491974 asynchronous_release_1
0.281098 -0.0250000004 0.0334542375 -0.0102865929 asynchronous_release_0
0.508128 -0.0250000004 -0.0184703819 0.0297295306 asynchronous_release_0
0.522542 -0.0250000004 -0.0265182307 -0.0228425795 asynchronous_release_0
0.425882 -0.0250000004 0.0345959543 0.00530282439 asynchronous_release_0
0.502804 -0.0250000004 -0.0127055965 -0.0326123875 asynchronous_release_0
0.314815 -0.0250000004 0.0258636248 -0.0235811983 asynchronous_release_0
0.335572 -0.0250000004 0.000987898536 0.000155101521 asynchronous_release_0
0.438395 -0.0250000004 0.0380869129 -0.0471634081 asynchronous_release_0
0.41063 -0.0250000004 -0.000853353899 0.000521332066 asynchronous_release_0
0.527857 -0.0250000004 -0.0349892266 0.000868345235 asynchronous_release_1
0.147514 -0.0250000004 -0.0145318111 0.0318406418 asynchronous_release_0
0.436118 -0.0250000004 -0.00577708804 -0.0603458802 asynchronous_release_0
0.332611 -0.0250000004 0.0152117611 0.0315214581 asynchronous_release_0
0.526697 -0.0250000004 0.0349042641 0.00258695751 asynchronous_release_0
0.427639 -0.0250000004 -0.0255966497 -0.0238707252 asynchronous_release_0
0.117431 -0.0250000004 0.0137502496 0.0321858764 asynchronous_release_0
0.511442 -0.0250000004 -0.000787905352 -0.000615796359 asynchronous_release_0
0.544016 -0.0250000004 0.0346585481 0.00487699152 asynchronous_release_0
0.400465 -0.0250000004 0.00197511609 -0.0349442258 asynchronous_release_0
0.506329 -0.0250000004 0.0341874219 -0.00749801179 asynchronous_release_0
0.435355 -0.0250000004 -0.00236070167 -0.0349202962 asynchronous_release_0
0.535916 -0.0250000004 0.0290615128 -0.0195045757 asynchronous_release_0
0.41063 -0.0250000004 0.0090078789 0.0338209716 asynchronous_release_0
0.540069 -0.0250000004 0.03379376 0.00910943382 asynchronous_release_0
0.20652 -0.0250000004 0.0143356005 -0.0319294623 asynchronous_release_0
0.225507 -0.0250000004 -0.0369513064 -0.0594525101 asynchronous_release_0
0.440979 -0.0250000004 0.0165058654 -0.0308635125 asynchronous_release_0
0.282161 -0.0250000004 -0.0138127452 0.0321591055 asynchronous_release_0
0.597007 -0.0250000004 0.0302838224 0.0175467974 asynchronous_release_0
0.398032 -0.0250000004 0.0349999252 -7.23705646e-05 asynchronous_release_0
0.527182 -0.0250000004 0.0174372878 -0.0303470096 asynchronous_release_0
0.393405 -0.0250000004 -0.0232665599 -0.0261470303 asynchronous_release_0
0.450812 -0.0250000004 -0.0342772724 0.00707591676 asynchronous_release_0
0.317352 -0.0250000004 0.004384452 -0.0347242938 asynchronous_release_0
0.484041 -0.0250000004 -0.000604548392 0.000796568416 asynchronous_release_0
0.533427 -0.0250000004 0.0322643466 -0.0135651001 asynchronous_release_0
0.546051 -0.0250000004 -0.0413207711 -0.0565030431 asynchronous_release_0
0.149278 -0.0250000004 -0.0141363426 0.0320181795 asynchronous_release_1
0.34237 -0.0250000004 0.026087261 -0.0233335555 asynchronous_release_0
0.127234 -0.0250000004 -0.0111778755 0.0331670786 asynchronous_release_4
0.403485 -0.0250000004 -0.034929484 -0.0022206193 asynchronous_release_0
0.2926 -0.0250000004 -0.0206972751 -0.0569791436 asynchronous_release_0
0.454065 -0.0250000004 0.0331185331 -0.0113208994 asynchronous_release_0
0.320772 -0.0250000004 -0.00675508014 0.0343419407 asynchronous_release_1
0.19995 -0.0250000004 0.000854790118 0.000518973848 asynchronous_release_0
0.54857 -0.0250000004 0.051818897 0.0314611175 asynchronous_release_0
0.467074 -0.0250000004 0.0178842195 -0.0300857889 asynchronous_release_1
0.326919 -0.0250000004 0.000997327459 7.30612047e-05 asynchronous_release_1
0.254825 -0.0250000004 -0.00601869088 -0.0344786218 asynchronous_release_0
0.21705 -0.0250000004 0.01916174 0.0292886961 asynchronous_release_0
0.307993 -0.0250000004 0.0157838849 -0.0312389017 asynchronous_release_0
0.314078 -0.0250000004 0.0507295098 -0.0331891072 asynchronous_release_4
0.125257 -0.0250000004 -0.0340234278 0.00821013773 asynchronous_release_0
0.268978 -0.0250000004 0.0337932732 -0.0091112396 asynchronous_release_0
0.214181 -0.0250000004 0.0310900969 0.0160750078 asynchronous_release_0
0.555515 -0.0250000004 -0.012001483 0.0328780231 asynchronous_release_0
0.314478 -0.0250000004 0.0349776739 -0.00124993049 asynchronous_release_0
0.283526 -0.0250000004 -0.0217946793 0.027385981 asynchronous_release_1
0.328298 -0.0250000004 -0.0346142949 -0.00518175541 asynchronous_release_1
0.491158 -0.0250000004 -0.000848813872 0.000528691792 asynchronous_release_0
0.503164 -0.0250000004 -0.000663485265 0.00074818935 asynchronous_release_3
0.246974 -0.0250000004 -0.00503695611 0.0346356619 asynchronous_release_1
0.3107 -0.0250000004 0.0340919852 -0.00792064031 asynchronous_release_0
0.265144 -0.0250000004 -0.00677440791 0.0343381333 asynchronous_release_0
0.277562 -0.0250000004 0.0263504918 0.023035876 asynchronous_release_0
0.509832 -0.0250000004 0.0331248997 -0.0113022573 asynchronous_release_0
0.217943 -0.0250000004 -0.0171365311 -0.0305178522 asynchronous_release_0
0.415015 -0.0250000004 0.0132550713 0.0591549075 asynchronous_release_0
0.421412 -0.0250000004 -0.0683062036 0.015305638 asynchronous_release_0
0.462905 -0.0250000004 -0.0341531018 0.00765281901 asynchronous_release_0
0.329801 -0.0250000004 0.00160340031 -0.0349632537 asynchronous_release_0
0.38919 -0.0250000004 0.0294773657 0.0188702122 asynchronous_release_0
0.57999 -0.0250000004 -0.0338371943 -0.00894674701 asynchronous_release_0
0.330547 -0.0250000004 -0.000965064096 0.000262013913 asynchronous_release_1
0.536477 -0.0250000004 -0.0163769555 -0.0309321084 asynchronous_release_0
0.418515 -0.0250000004 0.00069250714 -0.000721411021 asynchronous_release_0
0.174345 -0.0250000004 0.000412012504 -0.000911178191 asynchronous_release_0
0.432292 -0.0250000004 0.00345715301 0.03482884 asynchronous_release_0
0.382508 -0.0250000004 -0.0214366756 0.0276671094 asynchronous_release_0
0.567726 -0.0250000004 0.0323592851 0.0133370412 asynchronous_release_0
0.215022 -0.0250000004 0.00087424465 -0.000485485625 asynchronous_release_0
0.318101 -0.0250000004 0.0346460227 -0.00496519022 asynchronous_release_0
0.323032 -0.0250000004 -0.0130230305 0.0324869309 asynchronous_release_0
0.240259 -0.0250000004 0.0157660298 -0.0312479168 asynchronous_release_0
0.424921 -0.0250000004 0.0191784749 0.0292777407 asynchronous_release_0
0.447581 -0.0250000004 0.033518792 0.0100742535 asynchronous_release_0
0.321833 -0.0250000004 0.0294110098 -0.0189734684 asynchronous_release_0
0.551372 -0.0250000004 0.018021601 -0.030003698 asynchronous_release_0
0.26791 -0.0250000004 -0.000682387952 0.000730990207 asynchronous_release_0
0.337539 -0.0250000004 -0.0255846573 -0.0238835783 asynchronous_release_0
0.464547 -0.0250000004 -0.0452852247 -0.0533783516 asynchronous_release_0
0.521116 -0.0250000004 0.0516400318 0.0317538519 asynchronous_release_0
0.41582 -0.0250000004 -0.0600737911 -0.00813262692 asynchronous_release_0
0.437002 -0.0250000004 -0.0227459791 -0.026601136 asynchronous_release_0
0.355516 -0.0250000004 0.0259979085 -0.0234330697 asynchronous_release_0
0.116898 -0.0250000004 0.0147903268 0.0317213845 asynchronous_release_0
0.445856 -0.0250000004 0.0107644322 -0.0333035584 asynchronous_release_0
0.145976 -0.0250000004 -0.027129963 0.0221125555 asynchronous_release_0
0.32947 -0.0250000004 0.00558505328 0.0345515149 asynchronous_release_0
0.491816 -0.0250000004 -0.000987186139 0.000159572951 asynchronous_release_0
0.257898 -0.0250000004 -0.0339995611 0.00830842031 asynchronous_release_0
0.323882 -0.0250000004 -0.0372390918 0.0478356566 asynchronous_release_0
0.513645 -0.0250000004 -0.00481058131 0.0346678281 asynchronous_release_1
0.55172 -0.0250000004 -0.0035655267 0.0348179123 asynchronous_release_0
0.326359 -0.0250000004 0.0132161839 0.0324088334 asynchronous_release_0
0.59141 -0.0250000004 -0.0349001171 -0.00264231432 asynchronous_release_0
0.506103 -0.0250000004 0.054638487 -0.0262609165 asynchronous_release_4
0.389013 -0.0250000004 0.0326206818 -0.0126842863 asynchronous_release_0
0.429703 -0.0250000004 0.00532542678 -0.0345924823 asynchronous_release_0
0.207032 -0.0250000004 0.00647708829 -0.034395455 asynchronous_release_0
0.347329 -0.0250000004 0.0118609347 -0.0329289877 asynchronous_release_0
0.382536 -0.0250000004 0.0048024374 0.0346689572 asynchronous_release_0
0.30244 -0.0250000004 -0.0106362864 -0.0333447059 asynchronous_release_0
0.455145 -0.0250000004 -0.0213209511 0.0277563874 asynchronous_release_0
0.52236 -0.0250000004 -0.0133772611 -0.032342679 asynchronous_release_1
0.176733 -0.0250000004 -0.0263708332 -0.023012587 asynchronous_release_0
0.464694 -0.0250000004 -0.000323757656 -0.000946140043 asynchronous_release_0
0.522152 -0.0250000004 0.022381772 0.0269082939 asynchronous_release_0
0.313332 -0.0250000004 -0.0344941521 0.0059290362 asynchronous_release_1
0.529852 -0.0250000004 -0.0202956963 -0.0285146403 asynchronous_release_1
0.248434 -0.0250000004 0.0155667193 -0.0313476834 asynchronous_release_0
0.413202 -0.0250000004 -0.000833000457 0.0005532723 asynchronous_release_0
0.127451 -0.0250000004 0.0317955423 0.0146302252 asynchronous_release_0
0.530293 -0.0250000004 0.000986731553 0.000162360226 asynchronous_release_0
0.567937 -0.0250000004 -0.000533537464 -0.000845776433 asynchronous_release_1
0.435401 -0.0250000004 0.0273338511 0.0218600225 asynchronous_release_0
0.555176 -0.0250000004 0.0230034099 -0.0263788388 asynchronous_release_1
0.243244 -0.0250000004 0.0349420364 -0.00201347686 asynchronous_release_0
0.373522 -0.0250000004 -0.0349420364 0.00201347686 asynchronous_release_0
0.530719 -0.0250000004 0.00126406913 -0.0349771658 asynchronous_release_0
0.549456 -0.0250000004 -0.0069375389 -0.034305547 asynchronous_release_0
0.411438 -0.0250000004 0.0153910854 0.0314342884 asynchronous_release_0
0.338151 -0.0250000004 0.0349850391 0.00102324907 asynchronous_release_0
0.211992 -0.0250000004 -0.0283112535 0.0205784578 asynchronous_release_0
0.102889 -0.0250000004 0.031977094 0.0142290358 asynchronous_release_2
0.536437 -0.0250000004 -0.0496387754 -0.0493557695 asynchronous_release_0
0.315303 -0.0250000004 -0.0245157897 -0.0249795127 asynchronous_release_0
0.55374 -0.0250000004 -0.0594701461 -0.0117601755 asynchronous_release_0
0.507652 -0.0250000004 -0.0171879773 0.0304889067 asynchronous_release_0
0.241074 -0.0250000004 0.0253883342 -0.0240921665 asynchronous_release_0
0.335781 -0.0250000004 -0.0335585953 -0.00994085911 asynchronous_release_0
0.411367 -0.0250000004 -0.00817026114 -0.0340330256 asynchronous_release_0
0.477684 -0.0250000004 0.0214751414 0.0276372629 asynchronous_release_0
0.483513 -0.0250000004 -0.0214751414 -0.0276372629 asynchronous_release_1
0.235391 -0.0250000004 -0.0132321733 -0.0324023084 asynchronous_release_0
0.216525 -0.0250000004 -0.00335661254 0.0348386732 asynchronous_release_0
0.167001 -0.0250000004 -0.0341486187 -0.00767279882 asynchronous_release_0
0.517891 -0.0250000004 -0.023719148 0.0257371719 asynchronous_release_0
0.261014 -0.0250000004 0.0349672604 -0.0015135053 asynchronous_release_0
0.455805 -0.0250000004 0.0323457923 -0.062078577 asynchronous_release_0
0.578923 -0.0250000004 -0.000886836814 -0.000462082748 asynchronous_release_0
0.307457 -0.0250000004 0.00410825571 -0.0347580528 asynchronous_release_0
0.357805 -0.0250000004 0.0280472289 0.0209368802 asynchronous_release_0
0.365786 -0.0250000004 0.0287539192 0.0638217215 asynchronous_release_0
0.286659 -0.0250000004 -0.000312291409 -0.000949986356 asynchronous_release_0
0.564426 -0.0250000004 0.0293011125 -0.0191427481 asynchronous_release_0
0.443477 -0.0250000004 0.0172940066 -0.0304288898 asynchronous_release_0
0.208512 -0.0250000004 0.0296466705 -0.0186030892 asynchronous_release_0
0.243935 -0.0250000004 -0.0292207127 -0.0192652524 asynchronous_release_0
0.51844 -0.0250000004 0.0292207127 0.0192652524 asynchronous_release_0
0.276074 -0.0250000004 -0.000670786571 0.00074165044 asynchronous_release_0
0.19991 -0.0250000004 -0.00820181237 0.0340254357 asynchronous_release_0
0.394471 -0.0250000004 -0.0164036247 0.0680508714 asynchronous_release_0
0.518143 -0.0250000004 0.0335677979 -0.00990973998 asynchronous_release_0
0.565088 -0.0250000004 -0.0325468885 -0.0128724531 asynchronous_release_0
0.246144 -0.0250000004 0.0191122966 -0.0293209843 asynchronous_release_0
0.331384 -0.0250000004 0.0182856867 0.0298434861 asynchronous_release_1
0.53517 -0.0250000004 -0.0167023737 0.0307576123 asynchronous_release_1
0.522484 -0.0250000004 0.0332823225 -0.0108299128 asynchronous_release_0
0.226557 -0.0250000004 -0.000361428928 -0.000932399662 asynchronous_release_0
0.542488 -0.0250000004 -0.0326339882 0.0126500125 asynchronous_release_0
0.560612 -0.0250000004 0.0467605362 0.0385804646 asynchronous_release_0
0.414425 -0.0250000004 0.000936823897 -0.000349801352 asynchronous_release_1
0.129252 -0.0250000004 -0.0333778658 0.0105317651 asynchronous_release_0
0.399152 -0.0250000004 0.034058482 -0.00806348595 asynchronous_release_0
0.507212 -0.0250000004 0.0344803843 -0.00600858526 asynchronous_release_0
0.546578 -0.0250000004 0.0290379909 -0.0195395774 asynchronous_release_0
0.504569 -0.0250000004 0.0604787567 -0.00416172833 asynchronous_release_2
0.589106 -0.0250000004 0.00745987497 0.0341957639 asynchronous_release_0
0.414949 -0.0250000004 0.000707575365 -0.000706637886 asynchronous_release_0
0.227436 -0.0250000004 0.0038977306 -0.03478229 asynchronous_release_0
0.347627 -0.0250000004 -0.000993779714 -0.000111363731 asynchronous_release_0
0.428618 -0.0250000004 0.0281734814 0.0207666787 asynchronous_release_0
0.516272 -0.0250000004 0.0305271956 0.017119881 asynchronous_release_0
0.210966 -0.0250000004 -0.0137414258 -0.0321896446 asynchronous_release_0
0.427695 -0.0250000004 -0.0557540999 0.0238008477 asynchronous_release_0
0.306589 -0.0250000004 -0.0310255225 0.0161992887 asynchronous_release_0
0.221275 -0.0250000004 0.00344506903 -0.0348300373 asynchronous_release_0
0.29979 -0.0250000004 -0.000401567542 0.00091582941 asynchronous_release_0
0.248603 -0.0250000004 0.0573529339 0.0196377435 asynchronous_release_0
0.21984 -0.0250000004 -0.00409013044 -0.0347601903 asynchronous_release_0
0.415353 -0.0250000004 0.0324451735 -0.0131267176 asynchronous_release_2
0.324061 -0.0250000004 -0.0344036389 0.00643347723 asynchronous_release_0
0.357507 -0.0250000004 0.0116302647 -0.0330111639 asynchronous_release_0
0.512999 -0.0250000004 -0.000943176111 -0.000332293278 asynchronous_release_1
0.317666 -0.0250000004 0.0575069218 0.0191821256 asynchronous_release_0
0.586834 -0.0250000004 0.0232160582 0.0261918812 asynchronous_release_0
0.420107 -0.0250000004 0.000450477002 0.0349971009 asynchronous_release_0
0.503979 -0.0250000004 0.0300831399 -0.017888675 asynchronous_release_0
0.329875 -0.0250000004 0.0450437069 -0.04057172 asynchronous_release_0
0.450689 -0.0250000004 0.0670850728 0.0199898227 asynchronous_release_0
0.209441 -0.0250000004 0.0269835283 -0.0222910116 asynchronous_release_0
0.11396 -0.0250000004 0.0201543084 0.0286147488 asynchronous_release_0
0.43536 -0.0250000004 0.0348582536 -0.00314676869 asynchronous_release_0
0.403688 -0.0250000004 -0.0147039452 0.0317615175 asynchronous_release_1
0.420938 -0.0250000004 0.0349987359 -0.00029747006 asynchronous_release_0
0.353689 -0.0250000004 -0.0543413591 -0.0268703684 asynchronous_release_0
0.234393 -0.0250000004 0.014827844 -0.0317038648 asynchronous_release_0
0.328638 -0.0250000004 -0.0200424303 -0.028693222 asynchronous_release_0
0.426069 -0.0250000004 -0.018813432 0.0295136371 asynchronous_release_0
0.421186 -0.0250000004 -0.0162412493 -0.0310035776 asynchronous_release_0
0.383069 -0.0250000004 0.03304222 -0.0115417372 asynchronous_release_0
0.586284 -0.0250000004 -0.0265165476 -0.0228445333 asynchronous_release_0
0.322828 -0.0250000004 0.0127912581 -0.0325788845 asynchronous_release_0
0.444249 -0.0250000004 -0.0127912581 0.0325788845 asynchronous_release_0
0.496475 -0.0250000004 -0.0218185126 -0.0273669967 asynchronous_release_1
0.307935 -0.0250000004 -0.0299762759 0.018067177 asynchronous_release_0
0.247619 -0.0250000004 -0.0212779221 0.027789387 asynchronous_release_0
0.595366 -0.0250000004 -0.0134273541 -0.0323219146 asynchronous_release_0
0.451849 -0.0250000004 -0.0258042705 0.0236461333 asynchronous_release_0
0.549732 -0.0250000004 0.000300688204 -0.000953722498 asynchronous_release_0
0.558081 -0.0250000004 0.0121706019 -0.0328157957 asynchronous_release_0
0.573195 -0.0250000004 0.0204466502 0.0284065925 asynchronous_release_0
0.379264 -0.0250000004 -0.0220769111 0.0271589763 asynchronous_release_0
0.103431 -0.0250000004 0.0339796271 0.00838957352 asynchronous_release_0
0.506702 -0.0250000004 -0.0349764285 -0.00128430765 asynchronous_release_0
0.564062 -0.0250000004 0.000883789414 -0.000467884892 asynchronous_release_0
0.374604 -0.0250000004 -0.0317799767 0.0146640062 asynchronous_release_0
0.198438 -0.0250000004 0.0322189147 -0.0136726566 asynchronous_release_0
0.332457 -0.0250000004 -0.0279503253 -0.0210660703 asynchronous_release_0
0.407264 -0.0250000004 0.0279503253 0.0210660703 asynchronous_release_0
0.512603 -0.0250000004 0.000390647331 0.000920540419 asynchronous_release_0
0.559143 -0.0250000004 -0.00426858937 0.0347387269 asynchronous_release_0
0.304553 -0.0250000004 0.034624845 -0.00511078329 asynchronous_release_0
0.222249 -0.0250000004 0.0205641776 -0.0283216278 asynchronous_release_0
0.413397 -0.0250000004 0.0348093379 0.00364828629 asynchronous_release_0
0.456176 -0.0250000004 0.0142451604 0.0319699141 asynchronous_release_0
0.422504 -0.0250000004 -0.0344103446 0.0499091994 asynchronous_release_0
0.488281 -0.0250000004 -0.0197203458 -0.0289155315 asynchronous_release_0
0.317051 -0.0250000004 0.0337752761 -0.00917772965 asynchronous_release_0
0.487291 -0.0250000004 -0.0248357851 -0.0246613823 asynchronous_release_0
0.259487 -0.0250000004 0.0217504507 -0.0274211213 asynchronous_release_0
0.427177 -0.0250000004 0.0128721623 0.0325470035 asynchronous_release_0
0.228693 -0.0250000004 -0.0306718436 -0.0168593598 asynchronous_release_0
0.118189 -0.0250000004 -0.0154253728 -0.0314174772 asynchronous_release_0
0.313281 -0.0250000004 0.0349210198 0.00234997388 asynchronous_release_1
0.281589 -0.0250000004 -0.0196922091 0.0289347006 asynchronous_release_0
0.428804 -0.0250000004 -0.0288425336 -0.0198269578 asynchronous_release_0
0.170635 -0.0250000004 -0.0171803386 0.0304932118 asynchronous_release_0
0.309471 -0.0250000004 -0.011881387 0.0329216136 asynchronous_release_0
0.332302 -0.0250000004 0.0344516472 -0.00617122382 asynchronous_release_0
0.347438 -0.0250000004 0.0133409553 0.0323576716 asynchronous_release_0
0.489507 -0.0250000004 0.0346930433 0.00462522966 asynchronous_release_0
0.306146 -0.0250000004 -0.0174367584 0.0303473139 asynchronous_release_0
0.363803 -0.0250000004 -0.00167083418 0.034960096 asynchronous_release_0
0.389346 -0.0250000004 0.023836164 -0.025628837 asynchronous_release_0
0.513565 -0.0250000004 -0.0341133059 -0.00782830509 asynchronous_release_0
0.595018 -0.0250000004 -0.000535159532 -0.000844751014 asynchronous_release_0
0.514349 -0.0250000004 0.0295662855 -0.0187305836 asynchronous_release_4
0.309303 -0.0250000004 0.034924176 -0.00230259154 asynchronous_release_0
0.435041 -0.0250000004 -0.0317807335 -0.014662366 asynchronous_release_0
0.561993 -0.0250000004 0.0245990891 -0.0248974861 asynchronous_release_0
0.444894 -0.0250000004 0.0277463917 0.0213339577 asynchronous_release_0
0.538171 -0.0250000004 -0.0231438382 -0.0560300165 asynchronous_release_0
0.22982 -0.0250000004 0.0321143945 0.0139163812 asynchronous_release_0
0.457982 -0.0250000004 0.00400525756 0.0347700721 asynchronous_release_0
0.201763 -0.0250000004 0.0144932617 -0.0318582072 asynchronous_release_0
0.119166 -0.0250000004 0.000884600159 0.000466350253 asynchronous_release_0
0.126479 -0.0250000004 0.0205498266 0.0283320424 asynchronous_release_1
0.503841 -0.0250000004 0.0118161063 0.0329451003 asynchronous_release_0
0.515148 -0.0250000004 0.000938455234 0.00034540089 asynchronous_release_0
0.527071 -0.0250000004 0.022400897 0.0268923747 asynchronous_release_0
0.305987 -0.0250000004 -0.00561021809 0.0345474377 asynchronous_release_4
0.295837 -0.0250000004 0.0281827358 0.0207541177 asynchronous_release_0
0.401293 -0.0250000004 0.0159734405 0.0311424019 asynchronous_release_0
0.209443 -0.0250000004 0.0196124391 0.0289888295 asynchronous_release_0
0.154083 -0.0250000004 -0.00278864065 -0.03488873 asynchronous_release_0
0.356785 -0.0250000004 0.000996820858 -7.96754471e-05 asynchronous_release_0
0.208197 -0.0250000004 -0.0332187932 -0.0507100757 asynchronous_release_0
0.062041 -0.0250000004 0.000565956685 0.000824434977 asynchronous_release_0
0.517696 -0.0250000004 0.0315822624 0.0150851152 asynchronous_release_0
0.266608 -0.0250000004 0.00143902953 0.0349704045 asynchronous_release_0
0.35284 -0.0250000004 -0.0270228472 -0.02224333 asynchronous_release_0
0.319592 -0.0250000004 0.0235345873 -0.0259060456 asynchronous_release_0
0.353764 -0.0250000004 -4.23450248e-05 0.000999103047 asynchronous_release_0
0.412371 -0.0250000004 -0.016200788 -0.0310247396 asynchronous_release_0
0.09082 -0.0250000004 -0.000487181289 -0.00087330086 asynchronous_release_0
0.193213 -0.0250000004 -0.0224625327 0.0268409132 asynchronous_release_0
0.26527 -0.0250000004 0.0120136464 0.0328735806 asynchronous_release_0
0.519849 -0.0250000004 -0.0344761791 -0.00603266734 asynchronous_release_0
0.332722 -0.0250000004 -0.00692860841 0.0343073518 asynchronous_release_1
0.35639 -0.0250000004 -0.0304495657 0.0172575766 asynchronous_release_0
0.403874 -0.0250000004 0.0304495657 -0.0172575766 asynchronous_release_0
0.267002 -0.0250000004 0.0151410598 0.0315554798 asynchronous_release_0
0.360807 -0.0250000004 0.0133632348 0.0323484769 asynchronous_release_0
0.253159 -0.0250000004 5.09228752e-05 -0.000998702589 asynchronous_release_0
0.321713 -0.0250000004 0.0208488682 -0.0281127141 asynchronous_release_0
0.326145 -0.0250000004 0.0347707587 0.00399929244 asynchronous_release_0
0.382238 -0.0250000004 0.0486926492 0.036111299 asynchronous_release_0
0.130161 -0.0250000004 0.0228362424 -0.0265236881 asynchronous_release_0
0.408826 -0.0250000004 -0.023104133 -0.0660772203 asynchronous_release_0
0.251697 -0.0250000004 0.000408475124 0.000912769452 asynchronous_release_0
0.415595 -0.0250000004 -0.0303121958 0.0174977366 asynchronous_release_0
0.304633 -0.0250000004 -0.00718814643 0.0342539129 asynchronous_release_0
0.372078 -0.0250000004 -0.0217340307 -0.0274341377 asynchronous_release_0
0.115083 -0.0250000004 -0.0175647211 -0.0302734302 asynchronous_release_0
0.433744 -0.0250000004 -0.0349999201 7.47795855e-05 asynchronous_release_0
0.308626 -0.0250000004 -0.00225725717 -0.0349271354 asynchronous_release_0
0.51371 -0.0250000004 0.0268619008 -0.0543455452 asynchronous_release_0
0.528018 -0.0250000004 0.0313764152 0.0155087257 asynchronous_release_0
0.11716 -0.0250000004 0.00225725717 0.0349271354 asynchronous_release_1
0.2088 -0.0250000004 0.034265952 -0.00713053505 asynchronous_release_0
0.304241 -0.0250000004 0.000745997641 -0.000665948586 asynchronous_release_0
0.30571 -0.0250000004 -0.0299372239 -0.0181318126 asynchronous_release_0
0.513338 -0.0250000004 -0.0207029896 -0.0282203158 asynchronous_release_0
0.450786 -0.0250000004 -0.000171308009 -0.000985217522 asynchronous_release_0
0.359889 -0.0250000004 0.0272251046 -0.0219953104 asynchronous_release_0
0.130741 -0.0250000004 -0.00437883022 0.0347250032 asynchronous_release_0
0.565703 -0.0250000004 -0.0235044896 -0.055879683 asynchronous_release_0
0.243539 -0.0250000004 0.0348251658 0.00349397054 asynchronous_release_0
0.57593 -0.0250000004 -0.000811785513 -0.000583955718 asynchronous_release_0
0.450868 -0.0250000004 0.0266883903 0.0226435382 asynchronous_release_0
0.522786 -0.0250000004 -0.000983845517 -0.000179019546 asynchronous_release_0
0.537741 -0.0250000004 -0.00626568412 0.0344345931 asynchronous_release_0
0.540773 -0.0250000004 0.000936044427 -0.000351881841 asynchronous_release_0
0.435363 -0.0250000004 -0.0080894533 -0.0340523236 asynchronous_release_0
0.221937 -0.0250000004 -0.0177064541 0.0301907516 asynchronous_release_0
0.245557 -0.0250000004 -0.0349991849 -0.000238863227 asynchronous_release_0
0.473606 -0.0250000004 -0.0299615679 0.0180915575 asynchronous_release_0
0.357282 -0.0250000004 -0.004849437 -0.0346624142 asynchronous_release_0
0.365445 -0.0250000004 0.0324432498 0.0131314715 asynchronous_release_0
0.178631 -0.0250000004 0.0310017095 -0.0162448149 asynchronous_release_0
0.380822 -0.0250000004 -0.0310017095 0.0162448149 asynchronous_release_0
0.565678 -0.0250000004 -0.00143243239 0.0349706754 asynchronous_release_0
0.36785 -0.0250000004 0.0331034554 0.0113649128 asynchronous_release_0
0.428904 -0.0250000004 -0.0331034554 -0.0113649128 asynchronous_release_0
0.46756 -0.0250000004 0.0268869693 0.0224073845 asynchronous_release_0
0.491094 -0.0250000004 0.0328488489 -0.0120811062 asynchronous_release_0
0.197928 -0.0250000004 0.000912860341 0.000408271965 asynchronous_release_0
0.25903 -0.0250000004 0.018550506 0.0296796012 asynchronous_release_0
0.511662 -0.0250000004 0.0253762094 0.0550549543 asynchronous_release_0
0.356768 -0.0250000004 0.0556177153 0.0241178305 asynchronous_release_0
0.343431 -0.0250000004 -0.0129439049 0.0325185382 asynchronous_release_0
0.547812 -0.0250000004 0.021923257 0.0272831597 asynchronous_release_0
0.594406 -0.0250000004 -0.0404257201 0.0571468385 asynchronous_release_0
0.396263 -0.0250000004 -0.0349992815 -0.00022427145 asynchronous_release_0
0.418466 -0.0250000004 0.052693147 -0.0299738597 asynchronous_release_0
0.248705 -0.0250000004 0.0223702094 0.0269179073 asynchronous_release_0
0.344943 -0.0250000004 -0.0121264869 0.0328321232 asynchronous_release_0
0.160964 -0.0250000004 0.0317602876 -0.0147066017 asynchronous_release_0
0.475029 -0.0250000004 -0.0349041407 0.0495651184 asynchronous_release_0
0.487296 -0.0250000004 0.0031438531 -0.0348585167 asynchronous_release_0
0.193017 -0.0250000004 -0.000650472159 -0.000759530099 asynchronous_release_0
0.132265 -0.0250000004 0.0104294982 -0.0334099621 asynchronous_release_0
0.578189 -0.0250000004 -0.0237191268 -0.0257371914 asynchronous_release_0
0.152577 -0.0250000004 0.00863112371 0.0339190758 asynchronous_release_1
0.308749 -0.0250000004 -0.0138518275 -0.0321422911 asynchronous_release_0
0.412486 -0.0250000004 0.000116431744 -0.000993198696 asynchronous_release_0
0.532182 -0.0250000004 -0.032880063 0.0119958934 asynchronous_release_0
0.165541 -0.0250000004 0.00767130305 0.0341489547 asynchronous_release_0
0.542539 -0.0250000004 0.0334095138 0.010430934 asynchronous_release_1
0.514676 -0.0250000004 -0.0283130544 0.02057598 asynchronous_release_0
0.29207 -0.0250000004 0.00311285793 0.0348612982 asynchronous_release_0
0.31335 -0.0250000004 0.0162617051 0.0583999739 asynchronous_release_0
0.534956 -0.0250000004 0.0249894729 0.024505637 asynchronous_release_0
0.248351 -0.0250000004 -0.0280328454 -0.0209561347 asynchronous_release_0
0.358725 -0.0250000004 0.060197813 0.00715704579 asynchronous_release_0
0.482972 -0.0250000004 -0.0321649677 0.0137990889 asynchronous_release_0
0.408067 -0.0250000004 0.0218005792 0.0273812846 asynchronous_release_0
0.574761 -0.0250000004 -0.0027654841 0.0605586666 asynchronous_release_0
0.347892 -0.0250000004 -0.0296122327 -0.0186578583 asynchronous_release_0
0.237499 -0.0250000004 0.033022476 0.0115981067 asynchronous_release_0
0.463144 -0.0250000004 -0.0334634245 -0.0102566671 asynchronous_release_0
0.437685 -0.0250000004 -0.0264572882 -0.0229131382 asynchronous_release_0
0.364054 -0.0250000004 -0.0235551477 0.0258873524 asynchronous_release_0
0.125863 -0.0250000004 -0.010641531 -0.0333430325 asynchronous_release_1
0.551324 -0.0250000004 0.00717801334 0.0601953165 asynchronous_release_0
0.216126 -0.0250000004 0.0231292833 -0.0262685412 asynchronous_release_0
0.489557 -0.0250000004 0.0235738958 -0.0258702809 asynchronous_release_0
0.394212 -0.0250000004 0.0346786484 0.00473194916 asynchronous_release_0
0.516847 -0.0250000004 0.000790474741 0.00061249464 asynchronous_release_0
0.275994 -0.0250000004 0.0349347094 -0.00213683913 asynchronous_release_0
0.321469 -0.0250000004 0.0193179117 0.0291859262 asynchronous_release_0
0.590555 -0.0250000004 0.0349347094 -0.00213683913 asynchronous_release_0
0.544902 -0.0250000004 -0.0146488653 -0.0317869587 asynchronous_release_0
0.37184 -0.0250000004 -0.00315596557 0.0348574222 asynchronous_release_0
0.351355 -0.0250000004 -0.0126641884 0.0592842166 asynchronous_release_0
0.413614 -0.0250000004 0.0234459734 -0.025986272 asynchronous_release_0
0.317086 -0.0250000004 -0.0349483794 0.00190020389 asynchronous_release_0
0.514252 -0.0250000004 0.0191198146 0.0293160825 asynchronous_release_0
0.259556 -0.0250000004 0.0299357864 0.0181341857 asynchronous_release_0
0.286961 -0.0250000004 0.0306725587 -0.0168580587 asynchronous_release_0
0.562657 -0.0250000004 0.0272036438 0.0220218474 asynchronous_release_0
0.585117 -0.0250000004 0.0326733012 -0.0125481229 asynchronous_release_0
0.367658 -0.0250000004 0.0175339472 0.0302912644 asynchronous_release_0
0.513024 -0.0250000004 0.0350678943 0.0605825287 asynchronous_release_1
0.345174 -0.0250000004 -0.0123509178 -0.0327483561 asynchronous_release_0
0.551855 -0.0250000004 0.0123509178 0.0327483561 asynchronous_release_0
0.135654 -0.0250000004 0.0348627744 -0.00309628154 asynchronous_release_0
0.326838 -0.0250000004 -0.000999221042 3.94627501e-05 asynchronous_release_0
0.411882 -0.0250000004 -0.0317277253 0.0147767198 asynchronous_release_0
0.488722 -0.0250000004 0.00306684794 -0.034865376 asynchronous_release_0
0.357436 -0.0250000004 0.000647024634 -0.000762469096 asynchronous_release_0
0.463117 -0.0250000004 0.0329551011 -0.0117881852 asynchronous_release_0
0.552408 -0.0250000004 -0.0329551011 0.0117881852 asynchronous_release_0
0.264055 -0.0250000004 0.00243712614 0.0349150457 asynchronous_release_0
0.380972 -0.0250000004 -0.0282543584 0.0206565058 asynchronous_release_0
0.56511 -0.0250000004 -0.00752375923 -0.0695944901 asynchronous_release_0
0.130532 -0.0250000004 0.0282543584 -0.0206565058 asynchronous_release_1
0.426033 -0.0250000004 0.0348928952 0.00273603076 asynchronous_release_0
0.310155 -0.0250000004 0.018043077 0.0299907881 asynchronous_release_0
0.3245 -0.0250000004 -0.0589295396 -0.0142235497 asynchronous_release_0
0.345531 -0.0250000004 -0.0188581115 0.0294851086 asynchronous_release_0
0.346044 -0.0250000004 0.0262790263 0.0231173696 asynchronous_release_0
0.466057 -0.0250000004 0.00688071618 -0.0343169892 asynchronous_release_0
0.429983 -0.0250000004 0.0130363995 -0.0324815685 asynchronous_release_0
0.171649 -0.0250000004 0.0282583565 -0.0206510361 asynchronous_release_0
0.142805 -0.0250000004 0.0292254131 -0.0192581212 asynchronous_release_0
0.483851 -0.0250000004 -0.0312907287 -0.0156808896 asynchronous_release_0
0.225141 -0.0250000004 0.0221981302 -0.0270599892 asynchronous_release_0
0.291567 -0.0250000004 -0.0221981302 0.0270599892 asynchronous_release_0
0.111576 -0.0250000004 0.0317322777 -0.0147669413 asynchronous_release_0
0.226873 -0.0250000004 0.00307759253 -0.0348644292 asynchronous_release_0
0.319951 -0.0250000004 0.00359051536 -0.0348153443 asynchronous_release_0
0.351673 -0.0250000004 -0.0562105042 0.0227019651 asynchronous_release_1
0.193924 -0.0250000004 0.0447105063 -0.0409386202 asynchronous_release_0
0.487499 -0.0250000004 0.000953603472 0.000301065471 asynchronous_release_0
0.567691 -0.0250000004 -0.000731353445 0.000681998636 asynchronous_release_0
0.418684 -0.0250000004 -0.000777050242 -0.000629438576 asynchronous_release_0
0.327863 -0.0250000004 -0.00210693534 0.0349365256 asynchronous_release_0
0.364232 -0.0250000004 -0.00350201339 0.0605205412 asynchronous_release_0
0.169903 -0.0250000004 0.000644733209 0.000764407672 asynchronous_release_0
0.484135 -0.0250000004 0.0390848736 0.0463397524 asynchronous_release_0
0.523002 -0.0250000004 0.0267542685 -0.0225656623 asynchronous_release_0
0.517765 -0.0250000004 0.0340376565 -0.00815094722 asynchronous_release_0
0.252331 -0.0250000004 0.0072643218 -0.0342378391 asynchronous_release_0
0.107549 -0.0250000004 0.0260186776 0.0234100068 asynchronous_release_1
0.525322 -0.0250000004 -0.00977498994 0.0336072845 asynchronous_release_0
0.417982 -0.0250000004 0.000922898815 0.0349878301 asynchronous_release_0
0.591244 -0.0250000004 0.022089641 -0.0271486235 asynchronous_release_0
0.358739 -0.0250000004 -0.0328229886 0.01215119 asynchronous_release_0
0.533925 -0.0250000004 0.0336477578 0.00963474951 asynchronous_release_0
0.207998 -0.0250000004 0.0146420893 0.0317900805 asynchronous_release_0
0.561426 -0.0250000004 0.0494941513 0.0350046994 asynchronous_release_0
0.17249 -0.0250000004 -0.000999929493 -1.18747608e-05 asynchronous_release_0
0.21969 -0.0250000004 0.0344302709 -0.00628939155 asynchronous_release_0
0.425968 -0.0250000004 -0.0117683626 0.032962185 asynchronous_release_0
0.534782 -0.0250000004 -0.0105095208 0.0333848764 asynchronous_release_0
0.412745 -0.0250000004 -0.0341669115 0.00759092618 asynchronous_release_1
0.347186 -0.0250000004 -0.0347547816 0.00413583789 asynchronous_release_0
0.224613 -0.0250000004 0.0158209053 -0.031220169 asynchronous_release_0
0.431291 -0.0250000004 0.054074919 0.0274026119 asynchronous_release_0
0.51485 -0.0250000004 0.0349479122 -0.00190877858 asynchronous_release_0
0.313719 -0.0250000004 -0.00354177624 -0.0348203363 asynchronous_release_0
0.115494 -0.0250000004 -0.0322352597 0.0136340761 asynchronous_release_0
0.520531 -0.0250000004 0.00431017364 -0.0347335919 asynchronous_release_0
0.547342 -0.0250000004 -0.0161945779 0.0310279817 asynchronous_release_0
0.392196 -0.0250000004 -0.0300063141 -0.018017245 asynchronous_release_0
0.060724 -0.0250000004 -0.0324950271 0.0130028157 asynchronous_release_0
0.282304 -0.0250000004 -0.0333494213 0.0106214924 asynchronous_release_0
0.518076 -0.0250000004 0.0592226142 0.0129492073 asynchronous_release_0
0.59843 -0.0250000004 0.00747622835 -0.0341921922 asynchronous_release_0
0.220697 -0.0250000004 0.027228538 -0.02199106 asynchronous_release_1
0.418711 -0.0250000004 -0.0296061661 0.0186674831 asynchronous_release_0
0.557583 -0.0250000004 0.0279566614 0.0641749568 asynchronous_release_0
0.59094 -0.0250000004 -0.0207994061 0.0281493287 asynchronous_release_0
0.268018 -0.0250000004 -0.0632591091 -0.0299714049 asynchronous_release_0
0.294269 -0.0250000004 0.0316295546 0.0149857025 asynchronous_release_0
0.401766 -0.0250000004 0.00283677826 0.034884849 asynchronous_release_0
0.410618 -0.0250000004 0.025955998 -0.0547839955 asynchronous_release_0
0.168077 -0.0250000004 -0.0332405323 0.0109575094 asynchronous_release_0
0.34322 -0.0250000004 0.0261097476 0.0233083907 asynchronous_release_0
0.444279 -0.0250000004 0.0162957491 -0.0309749667 asynchronous_release_0
0.529691 -0.0250000004 -0.0023814843 -0.0605749827 asynchronous_release_0
0.526858 -0.0250000004 -0.000408801503 0.000912623324 asynchronous_release_0
0.209708 -0.0250000004 0.0344439892 0.00621382397 asynchronous_release_0
0.440362 -0.0250000004 -0.0348237163 0.00350838784 asynchronous_release_0
0.393756 -0.0250000004 -0.0172899492 0.0304311954 asynchronous_release_0
0.41207 -0.0250000004 0.0172899492 -0.0304311954 asynchronous_release_0
0.511777 -0.0250000004 0.0527083766 0.0299470705 asynchronous_release_0
0.574897 -0.0250000004 0.034481617 -0.00600150738 asynchronous_release_1
0.56761 -0.0250000004 0.0276085958 -0.0215119836 asynchronous_release_0
0.325364 -0.0250000004 -0.0127685298 -0.032587799 asynchronous_release_0
0.141598 -0.0250000004 -0.00493370817 0.0346505198 asynchronous_release_0
0.171202 -0.0250000004 0.0275413763 0.0215979765 asynchronous_release_0
0.215516 -0.0250000004 0.00493370817 -0.0346505198 asynchronous_release_0
0.311253 -0.0250000004 -0.0242962408 0.0251931078 asynchronous_release_0
0.466097 -0.0250000004 0.0485924816 -0.0503862157 asynchronous_release_0
0.546339 -0.0250000004 0.000336646707 -0.000941631029 asynchronous_release_0
0.297296 -0.0250000004 0.000470954295 -0.000882157612 asynchronous_release_0
0.34418 -0.0250000004 -0.0305708207 -0.0170418579 asynchronous_release_0
0.250046 -0.0250000004 -0.0247392905 0.0247581806 asynchronous_release_0
0.39939 -0.0250000004 0.0247392905 -0.0247581806 asynchronous_release_0
0.465709 -0.0250000004 -0.0152798154 -0.0314885256 asynchronous_release_0
0.520501 -0.0250000004 0.0266960532 0.0226345034 asynchronous_release_0
0.37937 -0.0250000004 0.0223272153 0.0269535797 asynchronous_release_0
0.57359 -0.0250000004 -0.0121788771 0.0328127255 asynchronous_release_0
0.39237 -0.0250000004 0.0695103387 0.00826515622 asynchronous_release_0
0.570033 -0.0250000004 0.0209565023 -0.0280325705 asynchronous_release_0
0.514395 -0.0250000004 -0.000627091541 0.000778945569 asynchronous_release_0
0.148178 -0.0250000004 0.000674719221 0.000738074504 asynchronous_release_0
0.144843 -0.0250000004 0.00833155021 -0.0339939005 asynchronous_release_0
0.573565 -0.0250000004 0.0215130381 0.0276077741 asynchronous_release_0
0.597092 -0.0250000004 -0.0163807761 0.0309300853 asynchronous_release_0
0.445396 -0.0250000004 -0.0197800715 0.0288747082 asynchronous_release_0
0.318316 -0.0250000004 0.0156101833 0.0313260622 asynchronous_release_0
0.390233 -0.0250000004 -0.000894950373 0.0349885562 asynchronous_release_0
0.581732 -0.0250000004 -0.0307484537 0.0167192283 asynchronous_release_0
0.154093 -0.0250000004 0.0320508707 -0.0140620655 asynchronous_release_0
0.59267 -0.0250000004 -0.0238849237 0.0255834012 asynchronous_release_0
0.524344 -0.0250000004 0.00782805689 0.0341133629 asynchronous_release_0
0.156956 -0.0250000004 0.0207205155 0.0282074501 asynchronous_release_0
0.41319 -0.0250000004 -0.0232659766 -0.0261475492 asynchronous_release_0
0.318937 -0.0250000004 0.0339227823 0.00861654475 asynchronous_release_0
0.253486 -0.0250000004 -0.000995988997 -8.94757931e-05 asynchronous_release_0
0.307324 -0.0250000004 0.0317551384 -0.0147177166 asynchronous_release_0
0.594832 -0.0250000004 -0.0254918329 -0.0550015132 asynchronous_release_0
0.112407 -0.0250000004 -0.0270203813 0.0222463254 asynchronous_release_0
0.418385 -0.0250000004 -0.0655521472 -0.0245543478 asynchronous_release_0
0.206008 -0.0250000004 0.023065636 0.0263244456 asynchronous_release_0
0.314899 -0.0250000004 -0.0112648206 0.0331376495 asynchronous_release_0
0.330587 -0.0250000004 -0.0315049749 0.0152458701 asynchronous_release_0
0.147326 -0.0250000004 -0.0339625328 -0.00845850848 asynchronous_release_0
0.53553 -0.0250000004 1.89006882e-07 0.035 asynchronous_release_0
0.450835 -0.0250000004 -0.0579031224 0.0179507218 asynchronous_release_0
0.091545 -0.0250000004 0.0212397787 -0.0278185514 asynchronous_release_0
0.450058 -0.0250000004 -0.0212397787 0.0278185514 asynchronous_release_1
0.418246 -0.0250000004 -0.000611569547 -0.000791190679 asynchronous_release_0
0.577102 -0.0250000004 0.00955267151 0.0336711519 asynchronous_release_0
0.148254 -0.0250000004 -0.0576559301 0.018729488 asynchronous_release_0
0.225427 -0.0250000004 -0.010813475 -0.0332876668 asynchronous_release_0
0.254225 -0.0250000004 0.0323112597 0.0134529735 asynchronous_release_1
0.578684 -0.0250000004 0.0200287682 -0.0287027602 asynchronous_release_0
0.430199 -0.0250000004 -0.00090169756 0.000432367332 asynchronous_release_0
0.188864 -0.0250000004 -0.000925092195 0.000379742585 asynchronous_release_0
0.41803 -0.0250000004 0.0213948717 -0.0276994488 asynchronous_release_1
0.385206 -0.0250000004 -0.0539903082 -0.027568943 asynchronous_release_0
0.222157 -0.0250000004 0.000624660256 -0.0606185599 asynchronous_release_0
0.34361 -0.0250000004 -1.03042219e-05 0.00099994691 asynchronous_release_0
0.487746 -0.0250000004 -0.00509905979 -0.0346265735 asynchronous_release_0
0.53667 -0.0250000004 0.00509905979 0.0346265735 asynchronous_release_0
0.592211 -0.0250000004 0.0274379624 -0.021729202 asynchronous_release_0
0.218054 -0.0250000004 -0.0333776785 -0.0105323587 asynchronous_release_0
0.505934 -0.0250000004 0.019347388 -0.0574515324 asynchronous_release_0
0.513081 -0.0250000004 0.0179174597 0.0300660047 asynchronous_release_0
0.359083 -0.0250000004 0.0349968985 0.000465932077 asynchronous_release_0
0.448922 -0.0250000004 -0.0170949403 -0.0305411692 asynchronous_release_0
0.344372 -0.0250000004 -0.013223423 0.0324058804 asynchronous_release_0
0.510369 -0.0250000004 0.0239250999 0.0255458332 asynchronous_release_0
0.570835 -0.0250000004 -0.0340858905 0.00794682774 asynchronous_release_0
0.253218 -0.0250000004 0.0349940534 -0.000645155137 asynchronous_release_0
0.407961 -0.0250000004 -0.016938306 0.0306283168 asynchronous_release_0
0.518856 -0.0250000004 0.0180557474 0.0299831617 asynchronous_release_0
0.558648 -0.0250000004 -0.0180557474 -0.0299831617 asynchronous_release_0
0.260112 -0.0250000004 -0.0297444358 -0.0184463692 asynchronous_release_0
0.325733 -0.0250000004 0.0308472423 -0.0165362525 asynchronous_release_0
0.575341 -0.0250000004 0.0297444358 0.0184463692 asynchronous_release_0
0.530308 -0.0250000004 -0.0258418359 0.023605074 asynchronous_release_0
0.433654 -0.0250000004 -0.0317070171 0.0148211021 asynchronous_release_0
0.322817 -0.0250000004 0.0137058731 0.0322047985 asynchronous_release_0
0.542744 -0.0250000004 0.0210372371 -0.0279720335 asynchronous_release_0
0.243986 -0.0250000004 0.0346506267 -0.00493295736 asynchronous_release_0
0.487608 -0.0250000004 0.00854413278 0.060016646 asynchronous_release_0
0.231749 -0.0250000004 0.0349560269 0.00175390528 asynchronous_release_0
0.469476 -0.0250000004 0.0220335367 -0.0271941769 asynchronous_release_0
0.562828 -0.0250000004 0.00658768697 0.0343744437 asynchronous_release_0
0.537642 -0.0250000004 -0.0220607053 -0.0271721416 asynchronous_release_0
0.323673 -0.0250000004 -0.0276325933 -0.0539577593 asynchronous_release_0
0.56259 -0.0250000004 0.0329124936 -0.0509094074 asynchronous_release_0
0.222781 -0.0250000004 0.0311525269 -0.0159536852 asynchronous_release_3
0.241975 -0.0250000004 -0.00642832082 0.0344046028 asynchronous_release_0
0.491168 -0.0250000004 0.0327128976 -0.0124445301 asynchronous_release_0
0.567479 -0.0250000004 0.027133728 0.0221079353 asynchronous_release_0
0.591518 -0.0250000004 0.00335746179 0.0348385914 asynchronous_release_0
0.465562 -0.0250000004 0.058420556 0.0161876074 asynchronous_release_0
0.579011 -0.0250000004 -0.0107142828 0.0333197261 asynchronous_release_0
0.316082 -0.0250000004 0.0541465083 0.0272608811 asynchronous_release_0
0.519845 -0.0250000004 -0.0192037156 -0.0292611911 asynchronous_release_0
0.388447 -0.0250000004 -0.0404333595 0.0451679471 asynchronous_release_0
0.414232 -0.0250000004 -0.0281623953 0.0207817104 asynchronous_release_0
0.310477 -0.0250000004 0.0251124076 0.0243796428 asynchronous_release_1
0.429227 -0.0250000004 9.57598185e-05 -0.000995404469 asynchronous_release_0
0.140699 -0.0250000004 0.02465243 0.0248446713 asynchronous_release_0
0.429749 -0.0250000004 -0.0327898858 0.0122402366 asynchronous_release_0
0.454161 -0.0250000004 -0.0302247285 0.0176483934 asynchronous_release_0
0.50388 -0.0250000004 -0.0303963212 -0.017351186 asynchronous_release_0
0.529707 -0.0250000004 0.0300531357 -0.0526479727 asynchronous_release_2
0.219294 -0.0250000004 -0.000792885758 -0.0349910179 asynchronous_release_0
0.513823 -0.0250000004 0.0306995533 0.0168088497 asynchronous_release_0
0.590145 -0.0250000004 -0.00517846613 -0.0346147871 asynchronous_release_0
0.350223 -0.0250000004 0.0324887173 -0.0511808875 asynchronous_release_0
0.440097 -0.0250000004 -0.000463193113 -0.000886257378 asynchronous_release_0
0.459011 -0.0250000004 0.0310190082 -0.0162117589 asynchronous_release_0
0.473627 -0.0250000004 0.0231384009 -0.0262605104 asynchronous_release_0
0.574409 -0.0250000004 -0.0231384009 0.0262605104 asynchronous_release_0
0.526019 -0.0250000004 0.0337730997 0.00918573567 asynchronous_release_0
0.514908 -0.0250000004 -0.0148716662 -0.0587693249 asynchronous_release_0
0.323512 -0.0250000004 -0.0208887932 0.0280830611 asynchronous_release_1
0.303289 -0.0250000004 0.0347650409 0.00404869499 asynchronous_release_2
0.121325 -0.0250000004 0.0122414004 -0.0327894513 asynchronous_release_0
0.356468 -0.0250000004 0.000165524625 0.000986205657 asynchronous_release_0
0.574575 -0.0250000004 -0.0341741506 0.00755826926 asynchronous_release_0
0.312318 -0.0250000004 0.0277394765 0.0213429484 asynchronous_release_0
0.52492 -0.0250000004 -0.0163992288 0.0309203056 asynchronous_release_0
0.320251 -0.0250000004 0.0209642605 0.028026769 asynchronous_release_0
0.425387 -0.0250000004 -0.0137897637 0.0321689667 asynchronous_release_0
0.275531 -0.0250000004 0.000517779323 0.0349961699 asynchronous_release_0
0.480743 -0.0250000004 0.0305664618 0.0170496749 asynchronous_release_0
0.248612 -0.0250000004 -0.0189726379 -0.0294115455 asynchronous_release_0
0.375588 -0.0250000004 0.0159848267 -0.0311365592 asynchronous_release_0
0.027275 -0.0250000004 0.0275965902 0.0215273828 asynchronous_release_0
0.596928 -0.0250000004 -0.0320380101 0.0140913415 asynchronous_release_0
0.333128 -0.0250000004 0.0349924926 -0.000724886637 asynchronous_release_0
0.465958 -0.0250000004 -0.034843889 0.0033020292 asynchronous_release_0
0.301481 -0.0250000004 -0.00175180183 -0.0349561324 asynchronous_release_0
0.544291 -0.0250000004 -0.0293969977 0.0189951711 asynchronous_release_1
0.38776 -0.0250000004 -0.000907166587 -0.000420771652 asynchronous_release_0
0.226041 -0.0250000004 0.0538973171 0.027750301 asynchronous_release_0
0.186647 -0.0250000004 -0.000526575587 -0.000850128315 asynchronous_release_0
0.426794 -0.0250000004 -0.0261848135 -0.0232240294 asynchronous_release_0
0.37582 -0.0250000004 -0.00720698451 0.0342499544 asynchronous_release_0
0.364257 -0.0250000004 0.000273140965 0.000961974019 asynchronous_release_0
0.562932 -0.0250000004 -0.0238357646 0.0256292085 asynchronous_release_0
0.275315 -0.0250000004 0.0349894875 0.000857767697 asynchronous_release_0
0.229669 -0.0250000004 0.0104200309 0.033412916 asynchronous_release_0
0.534613 -0.0250000004 -0.0104200309 -0.033412916 asynchronous_release_0
0.378219 -0.0250000004 0.0123797538 -0.0327374662 asynchronous_release_0
0.148034 -0.0250000004 0.0318338269 -0.0145467339 asynchronous_release_0
0.368677 -0.0250000004 -0.00731463365 -0.0342271257 asynchronous_release_0
0.317054 -0.0250000004 0.0596572518 -0.0107709008 asynchronous_release_0
0.380901 -0.0250000004 0.0267193347 -0.0226070156 asynchronous_release_0
0.443837 -0.0250000004 0.00621858247 0.0344431304 asynchronous_release_0
0.493418 -0.0250000004 -0.0303099245 0.0175016707 asynchronous_release_0
0.168619 -0.0250000004 -0.0113190004 0.0331191822 asynchronous_release_0
0.555962 -0.0250000004 -0.0343415533 0.00675704922 asynchronous_release_0
0.274941 -0.0250000004 -0.00294888596 0.0348755512 asynchronous_release_0
0.33551 -0.0250000004 0.034723083 -0.00439403083 asynchronous_release_1
0.2979 -0.0250000004 0.0110595154 0.033206733 asynchronous_release_0
0.234456 -0.0250000004 0.0348931787 0.00273241323 asynchronous_release_0
0.37773 -0.0250000004 -0.0150802501 -0.0315845858 asynchronous_release_0
0.361373 -0.0250000004 -0.0328946346 -0.0617895057 asynchronous_release_0
0.545514 -0.0250000004 -0.000882707224 0.000469923352 asynchronous_release_0
0.557221 -0.0250000004 -0.0164473173 -0.0308947528 asynchronous_release_0
0.264209 -0.0250000004 -0.0154576558 -0.0314016063 asynchronous_release_0
0.311267 -0.0250000004 6.61165876e-05 -0.000997811905 asynchronous_release_0
0.501804 -0.0250000004 0.0268871728 -0.0224071403 asynchronous_release_0
0.369602 -0.0250000004 0.0312764727 0.0157093048 asynchronous_release_0
0.352882 -0.0250000004 -0.00203357928 -0.0349408723 asynchronous_release_1
0.307935 -0.0250000004 0.0120594062 -0.0328568216 asynchronous_release_0
0.539619 -0.0250000004 0.000170990248 0.000985272721 asynchronous_release_0
0.463233 -0.0250000004 0.0271322421 -0.0221097589 asynchronous_release_0
0.144504 -0.0250000004 -0.0275425222 0.0215965153 asynchronous_release_0
0.323186 -0.0250000004 0.0234936669 -0.0259431612 asynchronous_release_0
0.52343 -0.0250000004 -0.0449348734 -0.0406922248 asynchronous_release_0
0.121974 -0.0250000004 0.0299388148 -0.0181291856 asynchronous_release_0
0.53467 -0.0250000004 -0.0159520875 -0.031153345 asynchronous_release_0
0.478065 -0.0250000004 -0.0284164169 0.0204329942 asynchronous_release_0
0.265169 -0.0250000004 0.00927578581 0.0337484784 asynchronous_release_0
0.46377 -0.0250000004 -0.0338649326 -0.00884117307 asynchronous_release_0
0.541364 -0.0250000004 -0.0346510347 -0.00493009078 asynchronous_release_0
0.559039 -0.0250000004 -0.00144763418 -0.0349700494 asynchronous_release_0
0.174008 -0.0250000004 0.00401823768 0.0347685744 asynchronous_release_0
0.352364 -0.0250000004 -0.0294525478 -0.0189089245 asynchronous_release_0
0.178557 -0.0250000004 0.0308593658 -0.016513617 asynchronous_release_0
0.138199 -0.0250000004 0.00274426518 0.0348922485 asynchronous_release_0
0.547597 -0.0250000004 0.028845441 -0.0198227276 asynchronous_release_0
