0.137498 -0.0250000004 0.0270547088 -0.0222045656 asynchronous_release_1
0.126868 -0.0250000004 -0.0240418655 -0.0254359727 asynchronous_release_0
0.15789 -0.0250000004 0.000482676604 0.000875798662 asynchronous_release_0
0.194956 -0.0250000004 -0.0257091813 0.0237494841 asynchronous_release_0
0.146603 -0.0250000004 -0.00096852321 -0.000248923264 asynchronous_release_0
0.120989 -0.0250000004 0.000324038637 -0.000946043848 asynchronous_release_0
0.130282 -0.0250000004 0.016977252 -0.0306067463 asynchronous_release_0
0.012309 -0.0250000004 0.0346733733 0.00477044938 asynchronous_release_0
0.068458 -0.0250000004 -0.000976313244 -0.000216361847 asynchronous_release_0
0.122837 -0.0250000004 0.000434719864 0.000900565733 asynchronous_release_0
0.102988 -0.0250000004 -0.0630396013 0.0304303905 asynchronous_release_1
0.110452 -0.0250000004 -0.00258315474 0.0349045457 asynchronous_release_1
0.144283 -0.0250000004 -0.0137791778 0.0321735025 asynchronous_release_0
0.141049 -0.0250000004 -0.00885038384 -0.0338625266 asynchronous_release_0
0.131646 -0.0250000004 0.000379611526 -0.000925145983 asynchronous_release_0
0.108077 -0.0250000004 0.034895958 -0.00269668543 asynchronous_release_0
0.047899 -0.0250000004 0.0348503299 0.00323334258 asynchronous_release_0
0.173583 -0.0250000004 0.0202253218 -0.0285645998 asynchronous_release_0
0.125947 -0.0250000004 0.000540024323 -0.000841649411 asynchronous_release_0
0.170962 -0.0250000004 -0.0338831937 0.00877092834 asynchronous_release_0
0.192344 -0.0250000004 0.0093457501 -0.0337291707 asynchronous_release_0
0.178861 -0.0250000004 -0.0346257593 0.00510458569 asynchronous_release_0
0.180366 -0.0250000004 -0.0344588974 -0.00613061083 asynchronous_release_0
0.106945 -0.0250000004 0.028919383 0.0197146973 asynchronous_release_1
0.166376 -0.0250000004 -0.00548383056 -0.0345677249 asynchronous_release_0
0.07123 -0.0250000004 -0.0154726345 -0.0313942285 asynchronous_release_0
0.102438 -0.0250000004 0.000902060653 0.00043160929 asynchronous_release_2
0.118255 -0.0250000004 0.0152233572 0.0315158594 asynchronous_release_0
0.171107 -0.0250000004 0.0320948156 0.0139614759 asynchronous_release_0
0.113375 -0.0250000004 0.0312386331 0.0157844164 asynchronous_release_0
0.174806 -0.0250000004 -0.0165646888 -0.0308319815 asynchronous_release_0
0.085494 -0.0250000004 -0.0349342466 0.00214439177 asynchronous_release_0
0.132469 -0.0250000004 0.0315197917 -0.0152152138 asynchronous_release_0
0.196571 -0.0250000004 0.0143554389 0.0319205478 asynchronous_release_0
0.106533 -0.0250000004 -0.0203125821 0.0285026141 asynchronous_release_0
0.084231 -0.0250000004 -0.0239747914 -0.0254992035 asynchronous_release_0
0.171873 -0.0250000004 -0.000958287757 -0.000285805135 asynchronous_release_0
0.181728 -0.0250000004 -0.0166710626 0.0307745946 asynchronous_release_0
0.128508 -0.0250000004 -0.000647699006 -0.0349940064 asynchronous_release_0
0.159433 -0.0250000004 -0.032939992 -0.0118303394 asynchronous_release_0
0.041593 -0.0250000004 -0.0303069161 0.0175068797 asynchronous_release_0
0.130729 -0.0250000004 0.0223414839 0.0269417538 asynchronous_release_0
0.105538 -0.0250000004 -0.00134995051 0.0349739565 asynchronous_release_0
0.167273 -0.0250000004 -0.00093668407 -0.000350175602 asynchronous_release_1
0.116107 -0.0250000004 -0.03262373 0.0126764442 asynchronous_release_0
0.115352 -0.0250000004 0.0301928138 -0.0177029374 asynchronous_release_1
0.125686 -0.0250000004 0.00604526535 -0.0344739723 asynchronous_release_0
0.146827 -0.0250000004 -0.000931788972 0.00036300043 asynchronous_release_0
0.127234 -0.0250000004 0.0341525734 0.00765517651 asynchronous_release_0
0.115291 -0.0250000004 -0.0329138763 -0.0119028043 asynchronous_release_0
0.185393 -0.0250000004 0.0238898484 -0.0255788027 asynchronous_release_0
0.017587 -0.0250000004 0.0282097886 0.0207173316 asynchronous_release_4
0.117809 -0.0250000004 0.0348104091 -0.00363805111 asynchronous_release_0
0.165466 -0.0250000004 -0.00043971699 0.000898136387 asynchronous_release_0
0.173175 -0.0250000004 0.0135394069 -0.0322751369 asynchronous_release_0
0.127802 -0.0250000004 -0.000492774481 0.000870157061 asynchronous_release_0
0.120791 -0.0250000004 -0.0327172559 0.0124330675 asynchronous_release_1
0.114002 -0.0250000004 -0.0131851778 0.0324214603 asynchronous_release_0
0.13255 -0.0250000004 -0.0345733804 0.00544806066 asynchronous_release_0
0.18528 -0.0250000004 -0.0211484744 0.0278880267 asynchronous_release_0
0.186809 -0.0250000004 0.0291949521 -0.0193042683 asynchronous_release_0
0.144043 -0.0250000004 0.0267977397 0.0225140211 asynchronous_release_0
0.181132 -0.0250000004 -0.0183006482 -0.0298343137 asynchronous_release_0
0.057462 -0.0250000004 0.0319485596 -0.0142929893 asynchronous_release_0
0.198945 -0.0250000004 -0.0292740789 0.0191840638 asynchronous_release_0
0.13937 -0.0250000004 -0.0221168449 -0.0664141941 asynchronous_release_0
0.136762 -0.0250000004 0.000569424281 0.0349953676 asynchronous_release_0
0.121956 -0.0250000004 0.00302099617 0.0348693789 asynchronous_release_0
0.156923 -0.0250000004 -0.0176793409 -0.0302066368 asynchronous_release_0
0.130307 -0.0250000004 0.0346877559 0.00466471776 asynchronous_release_0
0.108651 -0.0250000004 0.00817976807 -0.0340307419 asynchronous_release_4
0.038103 -0.0250000004 -0.00156165832 0.034965143 asynchronous_release_0
0.156794 -0.0250000004 0.000538143065 -0.000842853512 asynchronous_release_0
0.056533 -0.0250000004 0.0340418619 -0.00813336564 asynchronous_release_0
0.140506 -0.0250000004 -0.000408141789 -0.00091291855 asynchronous_release_1
0.125764 -0.0250000004 -0.00446993708 -0.0347133931 asynchronous_release_0
0.18169 -0.0250000004 0.0281823278 -0.0207546718 asynchronous_release_0
0.090202 -0.0250000004 0.0110990956 0.0331935246 asynchronous_release_0
0.190965 -0.0250000004 -0.0343239532 -0.00684589207 asynchronous_release_0
0.037753 -0.0250000004 0.000996165137 8.7492965e-05 asynchronous_release_0
0.143275 -0.0250000004 -0.0188944082 -0.0294618624 asynchronous_release_0
0.138953 -0.0250000004 -0.0315510903 0.0151502046 asynchronous_release_0
0.175995 -0.0250000004 0.00083844124 -0.000544992006 asynchronous_release_0
0.082509 -0.0250000004 0.000605666458 -0.000795718633 asynchronous_release_0
0.03596 -0.0250000004 -0.00473439169 0.0346783151 asynchronous_release_0
0.156434 -0.0250000004 0.00210572722 0.0349365985 asynchronous_release_0
0.042212 -0.0250000004 0.0004652471 0.000885180849 asynchronous_release_0
0.130117 -0.0250000004 -0.0280436839 0.0209416282 asynchronous_release_0
0.14286 -0.0250000004 -0.0348620317 0.00310463275 asynchronous_release_0
0.050334 -0.0250000004 -0.0301014795 -0.0178577976 asynchronous_release_0
0.181796 -0.0250000004 -0.000290351722 -0.000956919995 asynchronous_release_0
0.103859 -0.0250000004 0.030144048 -0.0177858475 asynchronous_release_0
0.165708 -0.0250000004 -0.0347691007 0.00401368143 asynchronous_release_0
0.105483 -0.0250000004 -0.026596205 -0.0227517445 asynchronous_release_0
0.18957 -0.0250000004 0.0182899327 -0.0298408841 asynchronous_release_0
0.073269 -0.0250000004 -0.0203876617 -0.0284489587 asynchronous_release_0
0.108577 -0.0250000004 -0.0338152085 0.00902948931 asynchronous_release_0
0.168207 -0.0250000004 0.0338152085 -0.00902948931 asynchronous_release_0
0.181713 -0.0250000004 -0.0337342768 -0.00932730221 asynchronous_release_0
0.162581 -0.0250000004 0.033291639 0.0108012395 asynchronous_release_0
0.157338 -0.0250000004 -0.0188500574 -0.0294902583 asynchronous_release_0
0.147305 -0.0250000004 0.0344187503 -0.00635213574 asynchronous_release_0
0.012439 -0.0250000004 -0.0546102282 -0.043791814 asynchronous_release_0
0.163463 -0.0250000004 -0.0273051141 -0.021895907 asynchronous_release_0
0.047444 -0.0250000004 0.0109400802 -0.0332462726 asynchronous_release_0
0.153452 -0.0250000004 0.0140691996 -0.0320477398 asynchronous_release_0
0.047352 -0.0250000004 -0.0129955418 -0.0324979368 asynchronous_release_0
0.124617 -0.0250000004 0.0216462679 -0.0275034377 asynchronous_release_1
0.174829 -0.0250000004 -0.0184006478 0.0297727419 asynchronous_release_0
0.185089 -0.0250000004 0.000308951054 -0.0349986364 asynchronous_release_0
0.082091 -0.0250000004 0.0157646721 -0.0312486018 asynchronous_release_0
0.162579 -0.0250000004 -0.0207086657 -0.0282161508 asynchronous_release_0
0.06298 -0.0250000004 0.0300404728 -0.0179602337 asynchronous_release_0
0.124053 -0.0250000004 0.0210639928 0.0279518909 asynchronous_release_0
0.172304 -0.0250000004 0.0183340925 0.0298137729 asynchronous_release_0
0.190929 -0.0250000004 0.0345895379 -0.00534451759 asynchronous_release_0
0.046477 -0.0250000004 0.0315775002 0.0150950813 asynchronous_release_0
0.17681 -0.0250000004 0.0317602876 -0.0147066017 asynchronous_release_0
0.196879 -0.0250000004 0.0152905572 -0.0314833108 asynchronous_release_0
0.11362 -0.0250000004 0.0265835534 -0.0227665256 asynchronous_release_0
0.035578 -0.0250000004 -0.0286885507 0.0200491161 asynchronous_release_0
0.141842 -0.0250000004 -0.00294863864 0.0348755721 asynchronous_release_0
0.027665 -0.0250000004 -0.0337633277 -0.009221589 asynchronous_release_0
0.176885 -0.0250000004 0.0337633277 0.009221589 asynchronous_release_0
0.183184 -0.0250000004 -0.0342086111 -0.0074007384 asynchronous_release_0
0.106106 -0.0250000004 0.0276864107 -0.0214117412 asynchronous_release_0
0.052988 -0.0250000004 0.0295872596 -0.0186974348 asynchronous_release_0
0.172614 -0.0250000004 -0.00139882371 -0.0349720359 asynchronous_release_0
0.145653 -0.0250000004 -0.0165644039 0.0308321346 asynchronous_release_0
0.149265 -0.0250000004 0.0227962 0.0265581111 asynchronous_release_0
0.179244 -0.0250000004 -0.0255145918 0.023958414 asynchronous_release_0
0.135212 -0.0250000004 0.00589013117 0.0345008167 asynchronous_release_0
0.049243 -0.0250000004 0.0296690901 0.0185673125 asynchronous_release_0
0.198147 -0.0250000004 0.00124521927 -0.034977842 asynchronous_release_0
0.158924 -0.0250000004 -4.01327167e-05 -0.000999194358 asynchronous_release_0
0.174902 -0.0250000004 -0.000811453895 0.000584416441 asynchronous_release_0
0.077587 -0.0250000004 0.0283844077 -0.0204774364 asynchronous_release_0
0.134836 -0.0250000004 0.0319261839 0.0143429 asynchronous_release_0
0.146417 -0.0250000004 -0.0335031181 -0.0614617041 asynchronous_release_0
0.068425 -0.0250000004 0.00114775715 -0.0349811757 asynchronous_release_0
0.158028 -0.0250000004 0.0113201294 0.0331187963 asynchronous_release_0
0.080224 -0.0250000004 0.0300534511 -0.0179385083 asynchronous_release_0
0.176321 -0.0250000004 0.0340553634 0.00807664693 asynchronous_release_0
0.060001 -0.0250000004 0.0148746044 0.031681953 asynchronous_release_0
0.049271 -0.0250000004 0.0270737019 0.0221814036 asynchronous_release_0
0.073757 -0.0250000004 0.0120720322 0.0328521847 asynchronous_release_0
0.12512 -0.0250000004 0.0009934252 -0.000114483064 asynchronous_release_0
0.150646 -0.0250000004 0.000954846165 0.000297100658 asynchronous_release_0
0.175395 -0.0250000004 0.0342721968 -0.00710045965 asynchronous_release_0
0.127919 -0.0250000004 -0.0346544029 -0.00490635939 asynchronous_release_0
0.166439 -0.0250000004 -0.0347114615 -0.0044849122 asynchronous_release_0
0.115404 -0.0250000004 -0.0118578503 0.0329300985 asynchronous_release_1
0.194181 -0.0250000004 -0.0185275295 -0.0296939497 asynchronous_release_1
0.191426 -0.0250000004 0.012818499 -0.0592510429 asynchronous_release_0
0.131313 -0.0250000004 -0.000152645037 0.00098828108 asynchronous_release_0
0.150694 -0.0250000004 0.0345898378 0.00534257628 asynchronous_release_0
0.160846 -0.0250000004 -0.0289526414 -0.0196658221 asynchronous_release_1
0.178705 -0.0250000004 0.0202803996 -0.0285255217 asynchronous_release_0
0.160435 -0.0250000004 -0.0341198644 -0.00779967027 asynchronous_release_0
0.118419 -0.0250000004 0.0293925601 0.0190020371 asynchronous_release_0
0.056641 -0.0250000004 0.00771670771 0.0341387232 asynchronous_release_1
0.113461 -0.0250000004 3.47681459e-05 0.000999395405 asynchronous_release_0
0.163228 -0.0250000004 -0.0349788392 0.00121688511 asynchronous_release_0
0.180799 -0.0250000004 -0.0303800238 -0.0173797053 asynchronous_release_0
0.041785 -0.0250000004 0.0344838704 -0.00598854618 asynchronous_release_0
0.110675 -0.0250000004 0.0281381115 0.0208145786 asynchronous_release_0
0.130083 -0.0250000004 0.00395689806 -0.0347756087 asynchronous_release_0
0.17119 -0.0250000004 -0.0526396566 0.0300676996 asynchronous_release_0
0.119222 -0.0250000004 0.032479341 0.0130419481 asynchronous_release_0
0.037103 -0.0250000004 -0.000788936603 -0.000614474602 asynchronous_release_0
0.08456 -0.0250000004 0.0144172889 -0.0318926603 asynchronous_release_0
0.155042 -0.0250000004 -0.0218518484 -0.0273403863 asynchronous_release_1
0.177091 -0.0250000004 -0.0213565279 0.027729023 asynchronous_release_0
0.160895 -0.0250000004 0.000367581979 0.000929991123 asynchronous_release_0
0.100617 -0.0250000004 -0.0344166692 -0.00636340175 asynchronous_release_0
0.171373 -0.0250000004 -0.0290364817 0.01954182 asynchronous_release_0
0.147401 -0.0250000004 -0.014100765 -0.0320338638 asynchronous_release_0
0.172043 -0.0250000004 -0.0298912737 0.0182074643 asynchronous_release_0
